0.37416388938436285
0.8759736192587297
0.06347953551448882
0.22217238403391093
0.269790603837464
0.9364166713494342
0.06359107210300863
0.2222940904321149
0.269972087291535
0.9360827240452636
0.06427961989538744
0.2209465345076751
0.7727058092132211
0.18054312051390298
0.9424476067943033
0.04660420014988631
0.10964785615215078
0.13369859356316738
0.9659309054259211
0.034801515663275495
0.6137257731461432
0.38922036497388035
0.5798959414823912
0.9943552334152628
0.007098785659763962
0.008724578394321725
0.5283838191535324
0.7848891933972482
0.2385483006364666
0.2645607521117199
0.8917217905109283
0.12072871450800449
0.12933708861237392
0.4516946631774772
0.548704568616813
0.3223891694797203
0.9994529346586205
0.0005263199273031205
0.5018235112074763
0.7520792213326786
0.13227679493138567
0.44584839857998304
0.5603733712341636
0.8146965337509755
0.2258308096206747
0.274293120513903
0.9111976067943033
0.12472920014988631
0.12527285615215078
0.4383860935631674
0.5323371554259211
0.8629265156632755
0.13716327311703935
0.45562661506119184
0.5623178163077682
0.8127146085316781
0.21901284850900993
0.26653707821969874
0.9307275692408439
0.07004544336814433
0.2268295506364666
0.2782326271117199
0.9092999155109283
0.11389277700800449
0.14056755736237392
0.4531595069274772
0.554808084241813
0.3165297944797203
0.9828513721586205
0.01712788242730312
0.5569992924574763
0.8201944557076786
0.22663714649388567
0.27757447279873304
0.9084568673279136
0.1170952153916005
0.6329047842591535
0.46498220739886165
0.5336875359062105
0.8667030771321151
0.13307009736308828
0.4657145847741049
0.5342979098204523
0.8638954487687442
0.14057742716977373
0.45317185737076215
0.5547599473502487
0.8166466077382211
0.23266803420847282
0.2674628575623501
0.931710211414611
0.06957724888343364
0.22729837096994743
0.27844656308298
0.9101091305201408
0.1133289058925584
0.1387424687272869
0.4543448020995129
0.5583501512592193
0.3165302110137418
0.9828510446823202
0.017127092491136864
0.5569997470302042
0.32019613578449935
0.9766369024873711
0.02757364112767391
0.5334582964424044
0.8670925934857223
0.13290645281085745
0.46498852569493465
0.533683959627524
0.8667033155506942
0.13307093182811514
0.4657144655648153
0.5342974925879389
0.8638956871873233
0.14057826163480058
0.4531717381614726
0.5547595301177353
0.8166468461568002
0.23266886867349967
0.26746273835306056
0.9317097941820975
0.06957796413917094
0.22729705966776237
0.27844930489663966
0.9101037064974662
0.11333951551932842
0.13873638905351982
0.45431947012548335
0.5583787018840667
0.3165605199756101
0.9828969402587973
0.01710462154005654
0.5569005052966531
0.32024551823269576
0.9766293923021294
0.027566428965656087
0.5334773103240877
0.8670961995667312
0.13292016187915578
0.46497451860341243
0.5336605350021273
0.8667301674431656
0.13316397467860952
0.46570761103066616
0.5342695678118616
0.8639843490964267
0.14039982022950426
0.45330435849609785
0.5551168897654861
0.8169319649750832
0.23424614168470725
0.2657519062340725
0.9301297644560691
0.06694054801482707
0.23420036531751975
0.26586634715204127
0.9299352148955222
0.0672647972824052
0.2334736654884182
0.2663431843102444
0.9314076880400535
0.06850838859099895
0.22799957491224632
0.28078372080926783
0.9065482596342918
0.11029601295012981
0.1338330576545559
0.46836990912561305
0.5316272357886191
0.3599513192893937
0.8847379455692135
0.09181883235578425
0.7197804803436156
0.26910960499662906
0.9340649856603704
0.06495803923462518
0.726375136844581
0.2736247767461464
0.9104450950981118
0.1240091954532545
0.6259877423290163
0.9409449388331268
0.03543368080863729
0.12401496220263653
0.6259847993496805
0.9409465369826648
0.035432874283287674
0.12401491470518522
0.6259848789777607
0.9409463574702386
0.03543299384182319
0.12401527215843089
0.6259847002511378
0.4409464468481019
0.5354329491383396
0.8740152870595921
0.1259847225737758
0.4409464059572201
0.5354330327827483
0.8740151225647423
0.12598505622008815
0.44094572981703095
0.5354343729559332
0.8740124375617597
0.12599042343208566
0.44093500517192297
0.5354558376129717
0.8739695103431586
0.12601523887133226
0.4410379571199883
0.5355245916580316
0.37360312056262046
0.8769311238429509
0.06448084537987597
0.7256200163101312
0.27403666090685874
0.9120015431544743
0.1231241864443291
0.6262166349624749
0.44116617750842124
0.5352925587794743
0.8734903973818291
0.1265218107146211
0.43976236900198273
0.5390462207142264
0.8672037766373251
0.12896321626612917
0.451236978842644
0.5480794252362102
0.8239908871764783
0.24627278133993968
0.25238445357535966
0.8823689523560461
0.07066451094578952
0.24695933709153906
0.2530178723100107
0.879610568517819
0.07790361429215409
0.734550603752723
0.2582440074766055
0.9028764073154889
0.09752069463138469
0.6446629854326602
0.4985041302861646
0.5014958693063818
0.7523058536753524
0.1327000971068628
0.4454035339585971
0.5588079085573554
0.8147142534435261
0.22649595310213044
0.2735054662625771
0.910378395812586
0.12331873262883164
0.6268651197606232
0.43956400791648775
0.5382222500047646
0.868119301769184
0.1299397720140405
0.45270182957756333
0.5473469833377749
0.8208171119040344
0.24785959819564596
0.2521404658618849
0.8821244577411562
0.0712755908316467
0.7470799694710877
0.25344795326236635
0.8791814189753495
0.07713496548240073
0.7353612201695796
0.2612604518653825
0.9026189217693172
0.09666620989446528
0.6474705988948699
0.4927057755412534
0.505646274832543
0.7639024961099494
0.14185547485249117
0.4960014847747516
0.5039986437186599
0.7638102253258694
0.14208578859688714
0.4956095239322167
0.5041645832825452
0.7645426475501154
0.1417195769608952
0.49573159564170055
0.5043476859573275
0.7642069597786758
0.14240621129283682
0.4943812002602499
0.5070828462485224
0.7586737600213382
0.15338959457585588
0.4724101952451747
0.5197773033287376
0.81140805609175
0.18854572012787685
0.2849100190505851
0.9885274808329996
0.01453332498203963
0.016671166813466698
0.0583467592659872
0.5666537547949702
0.9832804528123233
0.016676894447300583
0.058335312380222604
0.5666613855864853
0.9833033402974252
0.016695968282874674
0.05824948151712306
0.566887406486785
0.4829156716587022
0.5173475662595592
0.8067791541398037
0.19482031260849908
0.28955468742060475
0.9978162266779691
0.0020918780064675957
0.5073199319595005
0.25830484891775995
0.9040669355890714
0.09584152002935298
0.647945051867282
0.4926800263347104
0.5056291086948477
0.7638109433755744
0.14208435668842867
0.49561238565365784
0.5041588610038161
0.7645540912926663
0.1416966894757934
0.4957468530337792
0.5043934651184827
0.7641611778235529
0.14233755791792646
0.49426675189170055
0.5072773734573275
0.7583475847786758
0.15412496129283682
0.4709437002602499
0.5227078462485224
0.8055487600213382
0.19245209457585588
0.2966289452451747
0.9846210533287376
0.00867368109175004
0.5283894701569807
0.2849100190214813
0.9885274807456881
0.014533325011143461
0.5166711668425705
0.3083467591786757
0.9416537549695931
0.04578045246307738
0.6104268951748963
0.3864603118272498
0.5900988843641244
0.9715845906466711
0.02255534363212064
0.055319793726084754
0.5683522487524897
0.982427391136298
0.01661514403531328
0.058121927751926705
0.5667075195815414
0.9833413084561471
0.01664557255571708
0.05821370382909663
0.566783433634555
0.48299814586061984
0.5175503654754721
0.8066626745567191
0.1943899433244951
0.28961749278823845
0.9980297544971108
0.00196940780733712
0.5068929161352571
0.25836587219964713
0.9042805499047972
0.09571940518799238
0.6475179174449295
0.992740871530259
0.005843050254043192
0.013688155013369396
0.516658542532241
0.3081705590011552
0.9418782065040432
0.045426436263369396
0.611140964407241
0.3849527855636552
0.5930622885352932
0.9697123249352444
0.01661276613594964
0.05813241211581044
0.5666836567688733
0.9833899223303888
0.016609904414508492
0.05813384402426891
0.5666829387191683
0.9833902855461929
0.01660971442470327
0.05813391107949428
0.5666830504778773
0.9833900955563877
0.01661003293702379
0.058133193029789254
0.5666844823863357
0.9833872338349465
0.01661575533216819
0.058121748763369396
0.566707370657241
0.4833414574386552
0.5166462729102932
0.8082133014977444
0.19178366457344964
0.29549813477206044
0.9863003559876233
0.0097876274085138
0.5303275558107998
0.28180480340961367
0.9863110822043382
0.009782268229173496
0.5303302275424358
0.28180343855638057
0.9863119120127521
0.009781837958144024
0.5303301828389522
0.2818033715011552
0.9863118002540432
0.009781905013369396
0.530330417532241
0.2818033715011552
0.9863118002540432
0.009781905013369396
0.530330417532241
0.2818033715011552
0.9863118002540432
0.009781905013369396
0.530330417532241
0.2818033715011552
0.9863118002540432
0.009781905013369396
0.530330417532241
0.2818033715011552
0.9863118002540432
0.009781905013369396
0.530330417532241
0.2818033715011552
0.9863118002540432
0.009781905013369396
0.530330417532241
0.2818033715011552
0.9863118002540432
0.009781905013369396
0.530330417532241
0.2818033715011552
0.9863118002540432
0.009781905013369396
0.530330417532241
0.2818033715011552
0.9863118002540432
0.009781905013369396
0.530330417532241
0.2818033715011552
0.9863118002540432
0.009781905013369396
0.530330417532241
0.2818033715011552
0.9863118002540432
0.009781905013369396
0.530330417532241
0.2818033715011552
0.9863118002540432
0.009781905013369396
0.530330417532241
0.2818033715011552
0.9863118002540432
0.009781905013369396
0.530330417532241
0.2818033715011552
0.9863118002540432
0.009781905013369396
0.530330417532241
0.2818033715011552
0.9863118002540432
0.009781905013369396
0.530330417532241
0.2818033715011552
0.9863118002540432
0.009781905013369396
0.530330417532241
0.2818033715011552
0.9863118002540432
0.009781905013369396
0.530330417532241
0.2818033715011552
0.9863118002540432
0.009781905013369396
0.530330417532241
0.2818033715011552
0.9863118002540432
0.009781905013369396
0.530330417532241
0.2818033715011552
0.9863118002540432
0.009781905013369396
0.530330417532241
0.2818033715011552
0.9863118002540432
0.009781905013369396
0.530330417532241
0.2818033715011552
0.9863118002540432
0.009781905013369396
0.530330417532241
0.2818033715011552
0.9863118002540432
0.009781905013369396
0.530330417532241
0.2818033715011552
0.9863118002540432
0.009781905013369396
0.530330417532241
0.2818033715011552
0.9863118002540432
0.009781905013369396
0.530330417532241
0.2818033715011552
0.9863118002540432
0.009781905013369396
0.530330417532241
0.2818033715011552
0.9863118002540432
0.009781905013369396
0.530330417532241
0.2818033715011552
0.9863118002540432
0.009781905013369396
0.530330417532241
0.2818033715011552
0.9863118002540432
0.009781905013369396
0.530330417532241
0.2818033715011552
0.9863118002540432
0.009781905013369396
0.530330417532241
0.2818033715011552
0.9863118002540432
0.009781905013369396
0.530330417532241
0.2818033715011552
0.9863118002540432
0.009781905013369396
0.530330417532241
0.2818033715011552
0.9863118002540432
0.009781905013369396
0.530330417532241
0.2818033715011552
0.9863118002540432
0.009781905013369396
0.530330417532241
0.2818033715011552
0.9863118002540432
0.009781905013369396
0.530330417532241
0.2818033715011552
0.9863118002540432
0.009781905013369396
0.530330417532241
0.2818033715011552
0.9863118002540432
0.009781905013369396
0.530330417532241
0.2818033715011552
0.9863118002540432
0.009781905013369396
0.530330417532241
0.2818033715011552
0.9863118002540432
0.009781905013369396
0.530330417532241
0.2818033715011552
0.9863118002540432
0.009781905013369396
0.530330417532241
0.2818033715011552
0.9863118002540432
0.009781905013369396
0.530330417532241
0.2818033715011552
0.9863118002540432
0.009781905013369396
0.530330417532241
0.2818033715011552
0.9863118002540432
0.009781905013369396
0.530330417532241
0.2818033715011552
0.9863118002540432
0.009781905013369396
0.530330417532241
0.2818033715011552
0.9863118002540432
0.009781905013369396
0.530330417532241
0.2818033715011552
0.9863118002540432
0.009781905013369396
0.530330417532241
0.2818033715011552
0.9863118002540432
0.009781905013369396
0.530330417532241
0.2818033715011552
0.9863118002540432
0.009781905013369396
0.530330417532241
0.2818033715011552
0.9863118002540432
0.009781905013369396
0.530330417532241
0.2818033715011552
0.9863118002540432
0.009781905013369396
0.530330417532241
0.2818033715011552
0.9863118002540432
0.009781905013369396
0.530330417532241
0.2818033715011552
0.9863118002540432
0.009781905013369396
0.530330417532241
0.2818033715011552
0.9863118002540432
0.009781905013369396
0.530330417532241
0.2818033715011552
0.9863118002540432
0.009781905013369396
0.530330417532241
0.2818033715011552
0.9863118002540432
0.009781905013369396
0.530330417532241
0.2818033715011552
0.9863118002540432
0.009781905013369396
0.530330417532241
0.2818033715011552
0.9863118002540432
0.009781905013369396
0.530330417532241
0.2818033715011552
0.9863118002540432
0.009781905013369396
0.530330417532241
0.2818033715011552
0.9863118002540432
0.009781905013369396
0.530330417532241
0.2818033715011552
0.9863118002540432
0.009781905013369396
0.530330417532241
0.2818033715011552
0.9863118002540432
0.009781905013369396
0.530330417532241
0.2818033715011552
0.9863118002540432
0.009781905013369396
0.530330417532241
0.2818033715011552
0.9863118002540432
0.009781905013369396
0.530330417532241
0.2818033715011552
0.9863118002540432
0.009781905013369396
0.530330417532241
0.2818033715011552
0.9863118002540432
0.009781905013369396
0.530330417532241
0.2818033715011552
0.9863118002540432
0.009781905013369396
0.530330417532241
0.2818033715011552
0.9863118002540432
0.009781905013369396
0.530330417532241
0.2818033715011552
0.9863118002540432
0.009781905013369396
0.530330417532241
0.2818033715011552
0.9863118002540432
0.009781905013369396
0.530330417532241
0.2818033715011552
0.9863118002540432
0.009781905013369396
0.530330417532241
0.2818033715011552
0.9863118002540432
0.009781905013369396
0.530330417532241
0.2818033715011552
0.9863118002540432
0.009781905013369396
0.530330417532241
0.2818033715011552
0.9863118002540432
0.009781905013369396
0.530330417532241
0.2818033715011552
0.9863118002540432
0.009781905013369396
0.530330417532241
0.2818033715011552
0.9863118002540432
0.009781905013369396
0.530330417532241
0.2818033715011552
0.9863118002540432
0.009781905013369396
0.530330417532241
0.2818033715011552
0.9863118002540432
0.009781905013369396
0.530330417532241
0.2818033715011552
0.9863118002540432
0.009781905013369396
0.530330417532241
0.2818033715011552
0.9863118002540432
0.009781905013369396
0.530330417532241
0.2818033715011552
0.9863118002540432
0.009781905013369396
0.530330417532241
0.2818033715011552
0.9863118002540432
0.009781905013369396
0.530330417532241
0.2818033715011552
0.9863118002540432
0.009781905013369396
0.530330417532241
0.2818033715011552
0.9863118002540432
0.009781905013369396
0.530330417532241
0.2818033715011552
0.9863118002540432
0.009781905013369396
0.530330417532241
0.2818033715011552
0.9863118002540432
0.009781905013369396
0.530330417532241
0.2818033715011552
0.9863118002540432
0.009781905013369396
0.530330417532241
0.2818033715011552
0.9863118002540432
0.009781905013369396
0.530330417532241
0.2818033715011552
0.9863118002540432
0.009781905013369396
0.530330417532241
0.2818033715011552
0.9863118002540432
0.009781905013369396
0.530330417532241
0.2818033715011552
0.9863118002540432
0.009781905013369396
0.530330417532241
0.2818033715011552
0.9863118002540432
0.009781905013369396
0.530330417532241
0.2818033715011552
0.9863118002540432
0.009781905013369396
0.530330417532241
0.2818033715011552
0.9863118002540432
0.009781905013369396
0.530330417532241
0.2818033715011552
0.9863118002540432
0.009781905013369396
0.530330417532241
0.2818033715011552
0.9863118002540432
0.009781905013369396
0.530330417532241
0.2818033715011552
0.9863118002540432
0.009781905013369396
0.530330417532241
0.2818033715011552
0.9863118002540432
0.009781905013369396
0.530330417532241
0.2818033715011552
0.9863118002540432
0.009781905013369396
0.530330417532241
0.2818033715011552
0.9863118002540432
0.009781905013369396
0.530330417532241
0.2818033715011552
0.9863118002540432
0.009781905013369396
0.530330417532241
0.2818033715011552
0.9863118002540432
0.009781905013369396
0.530330417532241
0.2818033715011552
0.9863118002540432
0.009781905013369396
0.530330417532241
0.2818033715011552
0.9863118002540432
0.009781905013369396
0.530330417532241
0.2818033715011552
0.9863118002540432
0.009781905013369396
0.530330417532241
0.2818033715011552
0.9863118002540432
0.009781905013369396
0.530330417532241
0.2818033715011552
0.9863118002540432
0.009781905013369396
0.530330417532241
0.2818033715011552
0.9863118002540432
0.009781905013369396
0.530330417532241
0.2818033715011552
0.9863118002540432
0.009781905013369396
0.530330417532241
0.2818033715011552
0.9863118002540432
0.009781905013369396
0.530330417532241
0.2818033715011552
0.9863118002540432
0.009781905013369396
0.530330417532241
0.2818033715011552
0.9863118002540432
0.009781905013369396
0.530330417532241
0.2818033715011552
0.9863118002540432
0.009781905013369396
0.530330417532241
0.2818033715011552
0.9863118002540432
0.009781905013369396
0.530330417532241
0.2818033715011552
0.9863118002540432
0.009781905013369396
0.530330417532241
0.2818033715011552
0.9863118002540432
0.009781905013369396
0.530330417532241
0.2818033715011552
0.9863118002540432
0.009781905013369396
0.530330417532241
0.2818033715011552
0.9863118002540432
0.009781905013369396
0.530330417532241
0.2818033715011552
0.9863118002540432
0.009781905013369396
0.530330417532241
0.2818033715011552
0.9863118002540432
0.009781905013369396
0.530330417532241
0.2818033715011552
0.9863118002540432
0.009781905013369396
0.530330417532241
0.2818033715011552
0.9863118002540432
0.009781905013369396
0.530330417532241
0.2818033715011552
0.9863118002540432
0.009781905013369396
0.530330417532241
0.2818033715011552
0.9863118002540432
0.009781905013369396
0.530330417532241
0.2818033715011552
0.9863118002540432
0.009781905013369396
0.530330417532241
0.2818033715011552
0.9863118002540432
0.009781905013369396
0.530330417532241
0.2818033715011552
0.9863118002540432
0.009781905013369396
0.530330417532241
0.2818033715011552
0.9863118002540432
0.009781905013369396
0.530330417532241
0.2818033715011552
0.9863118002540432
0.009781905013369396
0.530330417532241
0.2818033715011552
0.9863118002540432
0.009781905013369396
0.530330417532241
0.2818033715011552
0.9863118002540432
0.009781905013369396
0.530330417532241
0.2818033715011552
0.9863118002540432
0.009781905013369396
0.530330417532241
0.2818033715011552
0.9863118002540432
0.009781905013369396
0.530330417532241
0.2818033715011552
0.9863118002540432
0.009781905013369396
0.530330417532241
0.2818033715011552
0.9863118002540432
0.009781905013369396
0.530330417532241
0.2818033715011552
0.9863118002540432
0.009781905013369396
0.530330417532241
0.2818033715011552
0.9863118002540432
0.009781905013369396
0.530330417532241
0.2818033715011552
0.9863118002540432
0.009781905013369396
0.530330417532241
0.2818033715011552
0.9863118002540432
0.009781905013369396
0.530330417532241
0.2818033715011552
0.9863118002540432
0.009781905013369396
0.530330417532241
0.2818033715011552
0.9863118002540432
0.009781905013369396
0.530330417532241
0.2818033715011552
0.9863118002540432
0.009781905013369396
0.530330417532241
0.2818033715011552
0.9863118002540432
0.009781905013369396
0.530330417532241
0.2818033715011552
0.9863118002540432
0.009781905013369396
0.530330417532241
0.2818033715011552
0.9863118002540432
0.009781905013369396
0.530330417532241
0.2818033715011552
0.9863118002540432
0.009781905013369396
0.530330417532241
0.2818033715011552
0.9863118002540432
0.009781905013369396
0.530330417532241
0.2818033715011552
0.9863118002540432
0.009781905013369396
0.530330417532241
0.2818033715011552
0.9863118002540432
0.009781905013369396
0.530330417532241
0.2818033715011552
0.9863118002540432
0.009781905013369396
0.530330417532241
0.2818033715011552
0.9863118002540432
0.009781905013369396
0.530330417532241
0.2818033715011552
0.9863118002540432
0.009781905013369396
0.530330417532241
0.2818033715011552
0.9863118002540432
0.009781905013369396
0.530330417532241
0.2818033715011552
0.9863118002540432
0.009781905013369396
0.530330417532241
0.2818033715011552
0.9863118002540432
0.009781905013369396
0.530330417532241
0.2818033715011552
0.9863118002540432
0.009781905013369396
0.530330417532241
0.2818033715011552
0.9863118002540432
0.009781905013369396
0.530330417532241
0.2818033715011552
0.9863118002540432
0.009781905013369396
0.530330417532241
0.2818033715011552
0.9863118002540432
0.009781905013369396
0.530330417532241
0.2818033715011552
0.9863118002540432
0.009781905013369396
0.530330417532241
0.2818033715011552
0.9863118002540432
0.009781905013369396
0.530330417532241
0.2818033715011552
0.9863118002540432
0.009781905013369396
0.530330417532241
0.2818033715011552
0.9863118002540432
0.009781905013369396
0.530330417532241
0.2818033715011552
0.9863118002540432
0.009781905013369396
0.530330417532241
0.2818033715011552
0.9863118002540432
0.009781905013369396
0.530330417532241
0.2818033715011552
0.9863118002540432
0.009781905013369396
0.530330417532241
0.2818033715011552
0.9863118002540432
0.009781905013369396
0.530330417532241
0.2818033715011552
0.9863118002540432
0.009781905013369396
0.530330417532241
0.2818033715011552
0.9863118002540432
0.009781905013369396
0.530330417532241
0.2818033715011552
0.9863118002540432
0.009781905013369396
0.530330417532241
0.2818033715011552
0.9863118002540432
0.009781905013369396
0.530330417532241
0.2818033715011552
0.9863118002540432
0.009781905013369396
0.530330417532241
0.2818033715011552
0.9863118002540432
0.009781905013369396
0.530330417532241
0.2818033715011552
0.9863118002540432
0.009781905013369396
0.530330417532241
0.2818033715011552
0.9863118002540432
0.009781905013369396
0.530330417532241
0.2818033715011552
0.9863118002540432
0.009781905013369396
0.530330417532241
0.2818033715011552
0.9863118002540432
0.009781905013369396
0.530330417532241
0.2818033715011552
0.9863118002540432
0.009781905013369396
0.530330417532241
0.2818033715011552
0.9863118002540432
0.009781905013369396
0.530330417532241
0.2818033715011552
0.9863118002540432
0.009781905013369396
0.530330417532241
0.2818033715011552
0.9863118002540432
0.009781905013369396
0.530330417532241
0.2818033715011552
0.9863118002540432
0.009781905013369396
0.530330417532241
0.2818033715011552
0.9863118002540432
0.009781905013369396
0.530330417532241
0.2818033715011552
0.9863118002540432
0.009781905013369396
0.530330417532241
0.2818033715011552
0.9863118002540432
0.009781905013369396
0.530330417532241
0.2818033715011552
0.9863118002540432
0.009781905013369396
0.530330417532241
0.2818033715011552
0.9863118002540432
0.009781905013369396
0.530330417532241
0.2818033715011552
0.9863118002540432
0.009781905013369396
0.530330417532241
0.2818033715011552
0.9863118002540432
0.009781905013369396
0.530330417532241
0.2818033715011552
0.9863118002540432
0.009781905013369396
0.530330417532241
0.2818033715011552
0.9863118002540432
0.009781905013369396
0.530330417532241
0.2818033715011552
0.9863118002540432
0.009781905013369396
0.530330417532241
0.2818033715011552
0.9863118002540432
0.009781905013369396
0.530330417532241
0.2818033715011552
0.9863118002540432
0.009781905013369396
0.530330417532241
0.2818033715011552
0.9863118002540432
0.009781905013369396
0.530330417532241
0.2818033715011552
0.9863118002540432
0.009781905013369396
0.530330417532241
0.2818033715011552
0.9863118002540432
0.009781905013369396
0.530330417532241
0.2818033715011552
0.9863118002540432
0.009781905013369396
0.530330417532241
0.2818033715011552
0.9863118002540432
0.009781905013369396
0.530330417532241
0.2818033715011552
0.9863118002540432
0.009781905013369396
0.530330417532241
0.2818033715011552
0.9863118002540432
0.009781905013369396
0.530330417532241
0.2818033715011552
0.9863118002540432
0.009781905013369396
0.530330417532241
0.2818033715011552
0.9863118002540432
0.009781905013369396
0.530330417532241
0.2818033715011552
0.9863118002540432
0.009781905013369396
0.530330417532241
0.2818033715011552
0.9863118002540432
0.009781905013369396
0.530330417532241
0.2818033715011552
0.9863118002540432
0.009781905013369396
0.530330417532241
0.2818033715011552
0.9863118002540432
0.009781905013369396
0.530330417532241
0.2818033715011552
0.9863118002540432
0.009781905013369396
0.530330417532241
0.2818033715011552
0.9863118002540432
0.009781905013369396
0.530330417532241
0.2818033715011552
0.9863118002540432
0.009781905013369396
0.530330417532241
0.2818033715011552
0.9863118002540432
0.009781905013369396
0.530330417532241
0.2818033715011552
0.9863118002540432
0.009781905013369396
0.530330417532241
0.2818033715011552
0.9863118002540432
0.009781905013369396
0.530330417532241
0.2818033715011552
0.9863118002540432
0.009781905013369396
0.530330417532241
0.2818033715011552
0.9863118002540432
0.009781905013369396
0.530330417532241
0.2818033715011552
0.9863118002540432
0.009781905013369396
0.530330417532241
0.2818033715011552
0.9863118002540432
0.009781905013369396
0.530330417532241
0.2818033715011552
0.9863118002540432
0.009781905013369396
0.530330417532241
0.2818033715011552
0.9863118002540432
0.009781905013369396
0.530330417532241
0.2818033715011552
0.9863118002540432
0.009781905013369396
0.530330417532241
0.2818033715011552
0.9863118002540432
0.009781905013369396
0.530330417532241
0.2818033715011552
0.9863118002540432
0.009781905013369396
0.530330417532241
0.2818033715011552
0.9863118002540432
0.009781905013369396
0.530330417532241
0.2818033715011552
0.9863118002540432
0.009781905013369396
0.530330417532241
0.2818033715011552
0.9863118002540432
0.009781905013369396
0.530330417532241
0.2818033715011552
0.9863118002540432
0.009781905013369396
0.530330417532241
0.2818033715011552
0.9863118002540432
0.009781905013369396
0.530330417532241
0.2818033715011552
0.9863118002540432
0.009781905013369396
0.530330417532241
0.2818033715011552
0.9863118002540432
0.009781905013369396
0.530330417532241
0.2818033715011552
0.9863118002540432
0.009781905013369396
0.530330417532241
0.2818033715011552
0.9863118002540432
0.009781905013369396
0.530330417532241
0.2818033715011552
0.9863118002540432
0.009781905013369396
0.530330417532241
0.2818033715011552
0.9863118002540432
0.009781905013369396
0.530330417532241
0.2818033715011552
0.9863118002540432
0.009781905013369396
0.530330417532241
0.2818033715011552
0.9863118002540432
0.009781905013369396
0.530330417532241
0.2818033715011552
0.9863118002540432
0.009781905013369396
0.530330417532241
0.2818033715011552
0.9863118002540432
0.009781905013369396
0.530330417532241
0.2818033715011552
0.9863118002540432
0.009781905013369396
0.530330417532241
0.2818033715011552
0.9863118002540432
0.009781905013369396
0.530330417532241
0.2818033715011552
0.9863118002540432
0.009781905013369396
0.530330417532241
0.2818033715011552
0.9863118002540432
0.009781905013369396
0.530330417532241
0.2818033715011552
0.9863118002540432
0.009781905013369396
0.530330417532241
0.2818033715011552
0.9863118002540432
0.009781905013369396
0.530330417532241
0.2818033715011552
0.9863118002540432
0.009781905013369396
0.530330417532241
0.2818033715011552
0.9863118002540432
0.009781905013369396
0.530330417532241
0.2818033715011552
0.9863118002540432
0.009781905013369396
0.530330417532241
0.2818033715011552
0.9863118002540432
0.009781905013369396
0.530330417532241
0.2818033715011552
0.9863118002540432
0.009781905013369396
0.530330417532241
0.2818033715011552
0.9863118002540432
0.009781905013369396
0.530330417532241
0.2818033715011552
0.9863118002540432
0.009781905013369396
0.530330417532241
0.2818033715011552
0.9863118002540432
0.009781905013369396
0.530330417532241
0.2818033715011552
0.9863118002540432
0.009781905013369396
0.530330417532241
0.2818033715011552
0.9863118002540432
0.009781905013369396
0.530330417532241
0.2818033715011552
0.9863118002540432
0.009781905013369396
0.530330417532241
0.2818033715011552
0.9863118002540432
0.009781905013369396
0.530330417532241
0.2818033715011552
0.9863118002540432
0.009781905013369396
0.530330417532241
0.2818033715011552
0.9863118002540432
0.009781905013369396
0.530330417532241
0.2818033715011552
0.9863118002540432
0.009781905013369396
0.530330417532241
0.2818033715011552
0.9863118002540432
0.009781905013369396
0.530330417532241
0.2818033715011552
0.9863118002540432
0.009781905013369396
0.530330417532241
0.2818033715011552
0.9863118002540432
0.009781905013369396
0.530330417532241
0.2818033715011552
0.9863118002540432
0.009781905013369396
0.530330417532241
0.2818033715011552
0.9863118002540432
0.009781905013369396
0.530330417532241
0.2818033715011552
0.9863118002540432
0.009781905013369396
0.530330417532241
0.2818033715011552
0.9863118002540432
0.009781905013369396
0.530330417532241
0.2818033715011552
0.9863118002540432
0.009781905013369396
0.530330417532241
0.2818033715011552
0.9863118002540432
0.009781905013369396
0.530330417532241
0.2818033715011552
0.9863118002540432
0.009781905013369396
0.530330417532241
0.2818033715011552
0.9863118002540432
0.009781905013369396
0.530330417532241
0.2818033715011552
0.9863118002540432
0.009781905013369396
0.530330417532241
0.2818033715011552
0.9863118002540432
0.009781905013369396
0.530330417532241
0.2818033715011552
0.9863118002540432
0.009781905013369396
0.530330417532241
0.2818033715011552
0.9863118002540432
0.009781905013369396
0.530330417532241
0.2818033715011552
0.9863118002540432
0.009781905013369396
0.530330417532241
0.2818033715011552
0.9863118002540432
0.009781905013369396
0.530330417532241
0.2818033715011552
0.9863118002540432
0.009781905013369396
0.530330417532241
0.2818033715011552
0.9863118002540432
0.009781905013369396
0.530330417532241
0.2818033715011552
0.9863118002540432
0.009781905013369396
0.530330417532241
0.2818033715011552
0.9863118002540432
0.009781905013369396
0.530330417532241
0.2818033715011552
0.9863118002540432
0.009781905013369396
0.530330417532241
0.2818033715011552
0.9863118002540432
0.009781905013369396
0.530330417532241
0.2818033715011552
0.9863118002540432
0.009781905013369396
0.530330417532241
0.2818033715011552
0.9863118002540432
0.009781905013369396
0.530330417532241
0.2818033715011552
0.9863118002540432
0.009781905013369396
0.530330417532241
0.2818033715011552
0.9863118002540432
0.009781905013369396
0.530330417532241
0.2818033715011552
0.9863118002540432
0.009781905013369396
0.530330417532241
0.2818033715011552
0.9863118002540432
0.009781905013369396
0.530330417532241
0.2818033715011552
0.9863118002540432
0.009781905013369396
0.530330417532241
0.2818033715011552
0.9863118002540432
0.009781905013369396
0.530330417532241
0.2818033715011552
0.9863118002540432
0.009781905013369396
0.530330417532241
0.2818033715011552
0.9863118002540432
0.009781905013369396
0.530330417532241
0.2818033715011552
0.9863118002540432
0.009781905013369396
0.530330417532241
0.2818033715011552
0.9863118002540432
0.009781905013369396
0.530330417532241
0.2818033715011552
0.9863118002540432
0.009781905013369396
0.530330417532241
0.2818033715011552
0.9863118002540432
0.009781905013369396
0.530330417532241
0.2818033715011552
0.9863118002540432
0.009781905013369396
0.530330417532241
0.2818033715011552
0.9863118002540432
0.009781905013369396
0.530330417532241
0.2818033715011552
0.9863118002540432
0.009781905013369396
0.530330417532241
0.2818033715011552
0.9863118002540432
0.009781905013369396
0.530330417532241
0.2818033715011552
0.9863118002540432
0.009781905013369396
0.530330417532241
0.2818033715011552
0.9863118002540432
0.009781905013369396
0.530330417532241
0.2818033715011552
0.9863118002540432
0.009781905013369396
0.530330417532241
0.2818033715011552
0.9863118002540432
0.009781905013369396
0.530330417532241
0.2818033715011552
0.9863118002540432
0.009781905013369396
0.530330417532241
0.2818033715011552
0.9863118002540432
0.009781905013369396
0.530330417532241
0.2818033715011552
0.9863118002540432
0.009781905013369396
0.530330417532241
0.2818033715011552
0.9863118002540432
0.009781905013369396
0.530330417532241
0.2818033715011552
0.9863118002540432
0.009781905013369396
0.530330417532241
0.2818033715011552
0.9863118002540432
0.009781905013369396
0.530330417532241
0.2818033715011552
0.9863118002540432
0.009781905013369396
0.530330417532241
0.2818033715011552
0.9863118002540432
0.009781905013369396
0.530330417532241
0.2818033715011552
0.9863118002540432
0.009781905013369396
0.530330417532241
0.2818033715011552
0.9863118002540432
0.009781905013369396
0.530330417532241
0.2818033715011552
0.9863118002540432
0.009781905013369396
0.530330417532241
0.2818033715011552
0.9863118002540432
0.009781905013369396
0.530330417532241
0.2818033715011552
0.9863118002540432
0.009781905013369396
0.530330417532241
0.2818033715011552
0.9863118002540432
0.009781905013369396
0.530330417532241
0.2818033715011552
0.9863118002540432
0.009781905013369396
0.530330417532241
0.2818033715011552
0.9863118002540432
0.009781905013369396
0.530330417532241
0.2818033715011552
0.9863118002540432
0.009781905013369396
0.530330417532241
0.2818033715011552
0.9863118002540432
0.009781905013369396
0.530330417532241
0.2818033715011552
0.9863118002540432
0.009781905013369396
0.530330417532241
0.2818033715011552
0.9863118002540432
0.009781905013369396
0.530330417532241
0.2818033715011552
0.9863118002540432
0.009781905013369396
0.530330417532241
0.2818033715011552
0.9863118002540432
0.009781905013369396
0.530330417532241
0.2818033715011552
0.9863118002540432
0.009781905013369396
0.530330417532241
0.2818033715011552
0.9863118002540432
0.009781905013369396
0.530330417532241
0.2818033715011552
0.9863118002540432
0.009781905013369396
0.530330417532241
0.2818033715011552
0.9863118002540432
0.009781905013369396
0.530330417532241
0.2818033715011552
0.9863118002540432
0.009781905013369396
0.530330417532241
0.2818033715011552
0.9863118002540432
0.009781905013369396
0.530330417532241
0.2818033715011552
0.9863118002540432
0.009781905013369396
0.530330417532241
0.2818033715011552
0.9863118002540432
0.009781905013369396
0.530330417532241
0.2818033715011552
0.9863118002540432
0.009781905013369396
0.530330417532241
0.2818033715011552
0.9863118002540432
0.009781905013369396
0.530330417532241
0.2818033715011552
0.9863118002540432
0.009781905013369396
0.530330417532241
0.2818033715011552
0.9863118002540432
0.009781905013369396
0.530330417532241
0.2818033715011552
0.9863118002540432
0.009781905013369396
0.530330417532241
0.2818033715011552
0.9863118002540432
0.009781905013369396
0.530330417532241
0.2818033715011552
0.9863118002540432
0.009781905013369396
0.530330417532241
0.2818033715011552
0.9863118002540432
0.009781905013369396
0.530330417532241
0.2818033715011552
0.9863118002540432
0.009781905013369396
0.530330417532241
0.2818033715011552
0.9863118002540432
0.009781905013369396
0.530330417532241
0.2818033715011552
0.9863118002540432
0.009781905013369396
0.530330417532241
0.2818033715011552
0.9863118002540432
0.009781905013369396
0.530330417532241
0.2818033715011552
0.9863118002540432
0.009781905013369396
0.530330417532241
0.2818033715011552
0.9863118002540432
0.009781905013369396
0.530330417532241
0.2818033715011552
0.9863118002540432
0.009781905013369396
0.530330417532241
0.2818033715011552
0.9863118002540432
0.009781905013369396
0.530330417532241
0.2818033715011552
0.9863118002540432
0.009781905013369396
0.530330417532241
0.2818033715011552
0.9863118002540432
0.009781905013369396
0.530330417532241
0.2818033715011552
0.9863118002540432
0.009781905013369396
0.530330417532241
0.2818033715011552
0.9863118002540432
0.009781905013369396
0.530330417532241
0.2818033715011552
0.9863118002540432
0.009781905013369396
0.530330417532241
0.2818033715011552
0.9863118002540432
0.009781905013369396
0.530330417532241
0.2818033715011552
0.9863118002540432
0.009781905013369396
0.530330417532241
0.2818033715011552
0.9863118002540432
0.009781905013369396
0.530330417532241
0.2818033715011552
0.9863118002540432
0.009781905013369396
0.530330417532241
0.2818033715011552
0.9863118002540432
0.009781905013369396
0.530330417532241
0.2818033715011552
0.9863118002540432
0.009781905013369396
0.530330417532241
0.2818033715011552
0.9863118002540432
0.009781905013369396
0.530330417532241
0.2818033715011552
0.9863118002540432
0.009781905013369396
0.530330417532241
0.2818033715011552
0.9863118002540432
0.009781905013369396
0.530330417532241
0.2818033715011552
0.9863118002540432
0.009781905013369396
0.530330417532241
0.2818033715011552
0.9863118002540432
0.009781905013369396
0.530330417532241
0.2818033715011552
0.9863118002540432
0.009781905013369396
0.530330417532241
0.2818033715011552
0.9863118002540432
0.009781905013369396
0.530330417532241
0.2818033715011552
0.9863118002540432
0.009781905013369396
0.530330417532241
0.2818033715011552
0.9863118002540432
0.009781905013369396
0.530330417532241
0.2818033715011552
0.9863118002540432
0.009781905013369396
0.530330417532241
0.2818033715011552
0.9863118002540432
0.009781905013369396
0.530330417532241
0.2818033715011552
0.9863118002540432
0.009781905013369396
0.530330417532241
0.2818033715011552
0.9863118002540432
0.009781905013369396
0.530330417532241
0.2818033715011552
0.9863118002540432
0.009781905013369396
0.530330417532241
0.2818033715011552
0.9863118002540432
0.009781905013369396
0.530330417532241
0.2818033715011552
0.9863118002540432
0.009781905013369396
0.530330417532241
0.2818033715011552
0.9863118002540432
0.009781905013369396
0.530330417532241
0.2818033715011552
0.9863118002540432
0.009781905013369396
0.530330417532241
0.2818033715011552
0.9863118002540432
0.009781905013369396
0.530330417532241
0.2818033715011552
0.9863118002540432
0.009781905013369396
0.530330417532241
0.2818033715011552
0.9863118002540432
0.009781905013369396
0.530330417532241
0.2818033715011552
0.9863118002540432
0.009781905013369396
0.530330417532241
0.2818033715011552
0.9863118002540432
0.009781905013369396
0.530330417532241
0.2818033715011552
0.9863118002540432
0.009781905013369396
0.530330417532241
0.2818033715011552
0.9863118002540432
0.009781905013369396
0.530330417532241
0.2818033715011552
0.9863118002540432
0.009781905013369396
0.530330417532241
0.2818033715011552
0.9863118002540432
0.009781905013369396
0.530330417532241
0.2818033715011552
0.9863118002540432
0.009781905013369396
0.530330417532241
0.2818033715011552
0.9863118002540432
0.009781905013369396
0.530330417532241
0.2818033715011552
0.9863118002540432
0.009781905013369396
0.530330417532241
0.2818033715011552
0.9863118002540432
0.009781905013369396
0.530330417532241
0.2818033715011552
0.9863118002540432
0.009781905013369396
0.530330417532241
0.2818033715011552
0.9863118002540432
0.009781905013369396
0.530330417532241
0.2818033715011552
0.9863118002540432
0.009781905013369396
0.530330417532241
0.2818033715011552
0.9863118002540432
0.009781905013369396
0.530330417532241
0.2818033715011552
0.9863118002540432
0.009781905013369396
0.530330417532241
0.2818033715011552
0.9863118002540432
0.009781905013369396
0.530330417532241
0.2818033715011552
0.9863118002540432
0.009781905013369396
0.530330417532241
0.2818033715011552
0.9863118002540432
0.009781905013369396
0.530330417532241
0.2818033715011552
0.9863118002540432
0.009781905013369396
0.530330417532241
0.2818033715011552
0.9863118002540432
0.009781905013369396
0.530330417532241
0.2818033715011552
0.9863118002540432
0.009781905013369396
0.530330417532241
0.2818033715011552
0.9863118002540432
0.009781905013369396
0.530330417532241
0.2818033715011552
0.9863118002540432
0.009781905013369396
0.530330417532241
0.2818033715011552
0.9863118002540432
0.009781905013369396
0.530330417532241
0.2818033715011552
0.9863118002540432
0.009781905013369396
0.530330417532241
0.2818033715011552
0.9863118002540432
0.009781905013369396
0.530330417532241
0.2818033715011552
0.9863118002540432
0.009781905013369396
0.530330417532241
0.2818033715011552
0.9863118002540432
0.009781905013369396
0.530330417532241
0.2818033715011552
0.9863118002540432
0.009781905013369396
0.530330417532241
0.2818033715011552
0.9863118002540432
0.009781905013369396
0.530330417532241
0.2818033715011552
0.9863118002540432
0.009781905013369396
0.530330417532241
0.2818033715011552
0.9863118002540432
0.009781905013369396
0.530330417532241
0.2818033715011552
0.9863118002540432
0.009781905013369396
0.530330417532241
0.2818033715011552
0.9863118002540432
0.009781905013369396
0.530330417532241
0.2818033715011552
0.9863118002540432
0.009781905013369396
0.530330417532241
0.2818033715011552
0.9863118002540432
0.009781905013369396
0.530330417532241
0.2818033715011552
0.9863118002540432
0.009781905013369396
0.530330417532241
0.2818033715011552
0.9863118002540432
0.009781905013369396
0.530330417532241
0.2818033715011552
0.9863118002540432
0.009781905013369396
0.530330417532241
0.2818033715011552
0.9863118002540432
0.009781905013369396
0.530330417532241
0.2818033715011552
0.9863118002540432
0.009781905013369396
0.530330417532241
0.2818033715011552
0.9863118002540432
0.009781905013369396
0.530330417532241
0.2818033715011552
0.9863118002540432
0.009781905013369396
0.530330417532241
0.2818033715011552
0.9863118002540432
0.009781905013369396
0.530330417532241
0.2818033715011552
0.9863118002540432
0.009781905013369396
0.530330417532241
0.2818033715011552
0.9863118002540432
0.009781905013369396
0.530330417532241
0.2818033715011552
0.9863118002540432
0.009781905013369396
0.530330417532241
0.2818033715011552
0.9863118002540432
0.009781905013369396
0.530330417532241
0.2818033715011552
0.9863118002540432
0.009781905013369396
0.530330417532241
0.2818033715011552
0.9863118002540432
0.009781905013369396
0.530330417532241
0.2818033715011552
0.9863118002540432
0.009781905013369396
0.530330417532241
0.2818033715011552
0.9863118002540432
0.009781905013369396
0.530330417532241
0.2818033715011552
0.9863118002540432
0.009781905013369396
0.530330417532241
0.2818033715011552
0.9863118002540432
0.009781905013369396
0.530330417532241
0.2818033715011552
0.9863118002540432
0.009781905013369396
0.530330417532241
0.2818033715011552
0.9863118002540432
0.009781905013369396
0.530330417532241
0.2818033715011552
0.9863118002540432
0.009781905013369396
0.530330417532241
0.2818033715011552
0.9863118002540432
0.009781905013369396
0.530330417532241
0.2818033715011552
0.9863118002540432
0.009781905013369396
0.530330417532241
0.2818033715011552
0.9863118002540432
0.009781905013369396
0.530330417532241
0.2818033715011552
0.9863118002540432
0.009781905013369396
0.530330417532241
0.2818033715011552
0.9863118002540432
0.009781905013369396
0.530330417532241
0.2818033715011552
0.9863118002540432
0.009781905013369396
0.530330417532241
0.2818033715011552
0.9863118002540432
0.009781905013369396
0.530330417532241
0.2818033715011552
0.9863118002540432
0.009781905013369396
0.530330417532241
0.2818033715011552
0.9863118002540432
0.009781905013369396
0.530330417532241
0.2818033715011552
0.9863118002540432
0.009781905013369396
0.530330417532241
0.2818033715011552
0.9863118002540432
0.009781905013369396
0.530330417532241
0.2818033715011552
0.9863118002540432
0.009781905013369396
0.530330417532241
0.2818033715011552
0.9863118002540432
0.009781905013369396
0.530330417532241
0.2818033715011552
0.9863118002540432
0.009781905013369396
0.530330417532241
0.2818033715011552
0.9863118002540432
0.009781905013369396
0.530330417532241
0.2818033715011552
0.9863118002540432
0.009781905013369396
0.530330417532241
0.2818033715011552
0.9863118002540432
0.009781905013369396
0.530330417532241
0.2818033715011552
0.9863118002540432
0.009781905013369396
0.530330417532241
0.2818033715011552
0.9863118002540432
0.009781905013369396
0.530330417532241
0.2818033715011552
0.9863118002540432
0.009781905013369396
0.530330417532241
0.2818033715011552
0.9863118002540432
0.009781905013369396
0.530330417532241
0.2818033715011552
0.9863118002540432
0.009781905013369396
0.530330417532241
0.2818033715011552
0.9863118002540432
0.009781905013369396
0.530330417532241
0.2818033715011552
0.9863118002540432
0.009781905013369396
0.530330417532241
0.2818033715011552
0.9863118002540432
0.009781905013369396
0.530330417532241
0.2818033715011552
0.9863118002540432
0.009781905013369396
0.530330417532241
0.2818033715011552
0.9863118002540432
0.009781905013369396
0.530330417532241
0.2818033715011552
0.9863118002540432
0.009781905013369396
0.530330417532241
0.2818033715011552
0.9863118002540432
0.009781905013369396
0.530330417532241
0.2818033715011552
0.9863118002540432
0.009781905013369396
0.530330417532241
0.2818033715011552
0.9863118002540432
0.009781905013369396
0.530330417532241
0.2818033715011552
0.9863118002540432
0.009781905013369396
0.530330417532241
0.2818033715011552
0.9863118002540432
0.009781905013369396
0.530330417532241
0.2818033715011552
0.9863118002540432
0.009781905013369396
0.530330417532241
0.2818033715011552
0.9863118002540432
0.009781905013369396
0.530330417532241
0.2818033715011552
0.9863118002540432
0.009781905013369396
0.530330417532241
0.2818033715011552
0.9863118002540432
0.009781905013369396
0.530330417532241
0.2818033715011552
0.9863118002540432
0.009781905013369396
0.530330417532241
0.2818033715011552
0.9863118002540432
0.009781905013369396
0.530330417532241
0.2818033715011552
0.9863118002540432
0.009781905013369396
0.530330417532241
0.2818033715011552
0.9863118002540432
0.009781905013369396
0.530330417532241
0.2818033715011552
0.9863118002540432
0.009781905013369396
0.530330417532241
0.2818033715011552
0.9863118002540432
0.009781905013369396
0.530330417532241
0.2818033715011552
0.9863118002540432
0.009781905013369396
0.530330417532241
0.2818033715011552
0.9863118002540432
0.009781905013369396
0.530330417532241
0.2818033715011552
0.9863118002540432
0.009781905013369396
0.530330417532241
0.2818033715011552
0.9863118002540432
0.009781905013369396
0.530330417532241
0.2818033715011552
0.9863118002540432
0.009781905013369396
0.530330417532241
0.2818033715011552
0.9863118002540432
0.009781905013369396
0.530330417532241
0.2818033715011552
0.9863118002540432
0.009781905013369396
0.530330417532241
0.2818033715011552
0.9863118002540432
0.009781905013369396
0.530330417532241
0.2818033715011552
0.9863118002540432
0.009781905013369396
0.530330417532241
0.2818033715011552
0.9863118002540432
0.009781905013369396
0.530330417532241
0.2818033715011552
0.9863118002540432
0.009781905013369396
0.530330417532241
0.2818033715011552
0.9863118002540432
0.009781905013369396
0.530330417532241
0.2818033715011552
0.9863118002540432
0.009781905013369396
0.530330417532241
0.2818033715011552
0.9863118002540432
0.009781905013369396
0.530330417532241
0.2818033715011552
0.9863118002540432
0.009781905013369396
0.530330417532241
0.2818033715011552
0.9863118002540432
0.009781905013369396
0.530330417532241
0.2818033715011552
0.9863118002540432
0.009781905013369396
0.530330417532241
0.2818033715011552
0.9863118002540432
0.009781905013369396
0.530330417532241
0.2818033715011552
0.9863118002540432
0.009781905013369396
0.530330417532241
0.2818033715011552
0.9863118002540432
0.009781905013369396
0.530330417532241
0.2818033715011552
0.9863118002540432
0.009781905013369396
0.530330417532241
0.2818033715011552
0.9863118002540432
0.009781905013369396
0.530330417532241
0.2818033715011552
0.9863118002540432
0.009781905013369396
0.530330417532241
0.2818033715011552
0.9863118002540432
0.009781905013369396
0.530330417532241
0.2818033715011552
0.9863118002540432
0.009781905013369396
0.530330417532241
0.2818033715011552
0.9863118002540432
0.009781905013369396
0.530330417532241
0.2818033715011552
0.9863118002540432
0.009781905013369396
0.530330417532241
0.2818033715011552
0.9863118002540432
0.009781905013369396
0.530330417532241
0.2818033715011552
0.9863118002540432
0.009781905013369396
0.530330417532241
0.2818033715011552
0.9863118002540432
0.009781905013369396
0.530330417532241
0.2818033715011552
0.9863118002540432
0.009781905013369396
0.530330417532241
0.2818033715011552
0.9863118002540432
0.009781905013369396
0.530330417532241
0.2818033715011552
0.9863118002540432
0.009781905013369396
0.530330417532241
0.2818033715011552
0.9863118002540432
0.009781905013369396
0.530330417532241
0.2818033715011552
0.9863118002540432
0.009781905013369396
0.530330417532241
0.2818033715011552
0.9863118002540432
0.009781905013369396
0.530330417532241
0.2818033715011552
0.9863118002540432
0.009781905013369396
0.530330417532241
0.2818033715011552
0.9863118002540432
0.009781905013369396
0.530330417532241
0.2818033715011552
0.9863118002540432
0.009781905013369396
0.530330417532241
0.2818033715011552
0.9863118002540432
0.009781905013369396
0.530330417532241
0.2818033715011552
0.9863118002540432
0.009781905013369396
0.530330417532241
0.2818033715011552
0.9863118002540432
0.009781905013369396
0.530330417532241
0.2818033715011552
0.9863118002540432
0.009781905013369396
0.530330417532241
0.2818033715011552
0.9863118002540432
0.009781905013369396
0.530330417532241
0.2818033715011552
0.9863118002540432
0.009781905013369396
0.530330417532241
0.2818033715011552
0.9863118002540432
0.009781905013369396
0.530330417532241
0.2818033715011552
0.9863118002540432
0.009781905013369396
0.530330417532241
0.2818033715011552
0.9863118002540432
0.009781905013369396
0.530330417532241
0.2818033715011552
0.9863118002540432
0.009781905013369396
0.530330417532241
0.2818033715011552
0.9863118002540432
0.009781905013369396
0.530330417532241
0.2818033715011552
0.9863118002540432
0.009781905013369396
0.530330417532241
0.2818033715011552
0.9863118002540432
0.009781905013369396
0.530330417532241
0.2818033715011552
0.9863118002540432
0.009781905013369396
0.530330417532241
0.2818033715011552
0.9863118002540432
0.009781905013369396
0.530330417532241
0.2818033715011552
0.9863118002540432
0.009781905013369396
0.530330417532241
0.2818033715011552
0.9863118002540432
0.009781905013369396
0.530330417532241
0.2818033715011552
0.9863118002540432
0.009781905013369396
0.530330417532241
0.2818033715011552
0.9863118002540432
0.009781905013369396
0.530330417532241
0.2818033715011552
0.9863118002540432
0.009781905013369396
0.530330417532241
0.2818033715011552
0.9863118002540432
0.009781905013369396
0.530330417532241
0.2818033715011552
0.9863118002540432
0.009781905013369396
0.530330417532241
0.2818033715011552
0.9863118002540432
0.009781905013369396
0.530330417532241
0.2818033715011552
0.9863118002540432
0.009781905013369396
0.530330417532241
0.2818033715011552
0.9863118002540432
0.009781905013369396
0.530330417532241
0.2818033715011552
0.9863118002540432
0.009781905013369396
0.530330417532241
0.2818033715011552
0.9863118002540432
0.009781905013369396
0.530330417532241
0.2818033715011552
0.9863118002540432
0.009781905013369396
0.530330417532241
0.2818033715011552
0.9863118002540432
0.009781905013369396
0.530330417532241
0.2818033715011552
0.9863118002540432
0.009781905013369396
0.530330417532241
0.2818033715011552
0.9863118002540432
0.009781905013369396
0.530330417532241
0.2818033715011552
0.9863118002540432
0.009781905013369396
0.530330417532241
0.2818033715011552
0.9863118002540432
0.009781905013369396
0.530330417532241
0.2818033715011552
0.9863118002540432
0.009781905013369396
0.530330417532241
0.2818033715011552
0.9863118002540432
0.009781905013369396
0.530330417532241
0.2818033715011552
0.9863118002540432
0.009781905013369396
0.530330417532241
0.2818033715011552
0.9863118002540432
0.009781905013369396
0.530330417532241
0.2818033715011552
0.9863118002540432
0.009781905013369396
0.530330417532241
0.2818033715011552
0.9863118002540432
0.009781905013369396
0.530330417532241
0.2818033715011552
0.9863118002540432
0.009781905013369396
0.530330417532241
0.2818033715011552
0.9863118002540432
0.009781905013369396
0.530330417532241
0.2818033715011552
0.9863118002540432
0.009781905013369396
0.530330417532241
0.2818033715011552
0.9863118002540432
0.009781905013369396
0.530330417532241
0.2818033715011552
0.9863118002540432
0.009781905013369396
0.530330417532241
0.2818033715011552
0.9863118002540432
0.009781905013369396
0.530330417532241
0.2818033715011552
0.9863118002540432
0.009781905013369396
0.530330417532241
0.2818033715011552
0.9863118002540432
0.009781905013369396
0.530330417532241
0.2818033715011552
0.9863118002540432
0.009781905013369396
0.530330417532241
0.2818033715011552
0.9863118002540432
0.009781905013369396
0.530330417532241
0.2818033715011552
0.9863118002540432
0.009781905013369396
0.530330417532241
0.2818033715011552
0.9863118002540432
0.009781905013369396
0.530330417532241
0.2818033715011552
0.9863118002540432
0.009781905013369396
0.530330417532241
0.2818033715011552
0.9863118002540432
0.009781905013369396
0.530330417532241
0.2818033715011552
0.9863118002540432
0.009781905013369396
0.530330417532241
0.2818033715011552
0.9863118002540432
0.009781905013369396
0.530330417532241
0.2818033715011552
0.9863118002540432
0.009781905013369396
0.530330417532241
0.2818033715011552
0.9863118002540432
0.009781905013369396
0.530330417532241
0.2818033715011552
0.9863118002540432
0.009781905013369396
0.530330417532241
0.2818033715011552
0.9863118002540432
0.009781905013369396
0.530330417532241
0.2818033715011552
0.9863118002540432
0.009781905013369396
0.530330417532241
0.2818033715011552
0.9863118002540432
0.009781905013369396
0.530330417532241
0.2818033715011552
0.9863118002540432
0.009781905013369396
0.530330417532241
0.2818033715011552
0.9863118002540432
0.009781905013369396
0.530330417532241
0.2818033715011552
0.9863118002540432
0.009781905013369396
0.530330417532241
0.2818033715011552
0.9863118002540432
0.009781905013369396
0.530330417532241
0.2818033715011552
0.9863118002540432
0.009781905013369396
0.530330417532241
0.2818033715011552
0.9863118002540432
0.009781905013369396
0.530330417532241
0.2818033715011552
0.9863118002540432
0.009781905013369396
0.530330417532241
0.2818033715011552
0.9863118002540432
0.009781905013369396
0.530330417532241
0.2818033715011552
0.9863118002540432
0.009781905013369396
0.530330417532241
0.2818033715011552
0.9863118002540432
0.009781905013369396
0.530330417532241
0.2818033715011552
0.9863118002540432
0.009781905013369396
0.530330417532241
0.2818033715011552
0.9863118002540432
0.009781905013369396
0.530330417532241
0.2818033715011552
0.9863118002540432
0.009781905013369396
0.530330417532241
0.2818033715011552
0.9863118002540432
0.009781905013369396
0.530330417532241
0.2818033715011552
0.9863118002540432
0.009781905013369396
0.530330417532241
0.2818033715011552
0.9863118002540432
0.009781905013369396
0.530330417532241
0.2818033715011552
0.9863118002540432
0.009781905013369396
0.530330417532241
0.2818033715011552
0.9863118002540432
0.009781905013369396
0.530330417532241
0.2818033715011552
0.9863118002540432
0.009781905013369396
0.530330417532241
0.2818033715011552
0.9863118002540432
0.009781905013369396
0.530330417532241
0.2818033715011552
0.9863118002540432
0.009781905013369396
0.530330417532241
0.2818033715011552
0.9863118002540432
0.009781905013369396
0.530330417532241
0.2818033715011552
0.9863118002540432
0.009781905013369396
0.530330417532241
0.2818033715011552
0.9863118002540432
0.009781905013369396
0.530330417532241
0.2818033715011552
0.9863118002540432
0.009781905013369396
0.530330417532241
0.2818033715011552
0.9863118002540432
0.009781905013369396
0.530330417532241
0.2818033715011552
0.9863118002540432
0.009781905013369396
0.530330417532241
0.2818033715011552
0.9863118002540432
0.009781905013369396
0.530330417532241
0.2818033715011552
0.9863118002540432
0.009781905013369396
0.530330417532241
0.2818033715011552
0.9863118002540432
0.009781905013369396
0.530330417532241
0.2818033715011552
0.9863118002540432
0.009781905013369396
0.530330417532241
0.2818033715011552
0.9863118002540432
0.009781905013369396
0.530330417532241
0.2818033715011552
0.9863118002540432
0.009781905013369396
0.530330417532241
0.2818033715011552
0.9863118002540432
0.009781905013369396
0.530330417532241
0.2818033715011552
0.9863118002540432
0.009781905013369396
0.530330417532241
0.2818033715011552
0.9863118002540432
0.009781905013369396
0.530330417532241
0.2818033715011552
0.9863118002540432
0.009781905013369396
0.530330417532241
0.2818033715011552
0.9863118002540432
0.009781905013369396
0.530330417532241
0.2818033715011552
0.9863118002540432
0.009781905013369396
0.530330417532241
0.2818033715011552
0.9863118002540432
0.009781905013369396
0.530330417532241
0.2818033715011552
0.9863118002540432
0.009781905013369396
0.530330417532241
0.2818033715011552
0.9863118002540432
0.009781905013369396
0.530330417532241
0.2818033715011552
0.9863118002540432
0.009781905013369396
0.530330417532241
0.2818033715011552
0.9863118002540432
0.009781905013369396
0.530330417532241
0.2818033715011552
0.9863118002540432
0.009781905013369396
0.530330417532241
0.2818033715011552
0.9863118002540432
0.009781905013369396
0.530330417532241
0.2818033715011552
0.9863118002540432
0.009781905013369396
0.530330417532241
0.2818033715011552
0.9863118002540432
0.009781905013369396
0.530330417532241
0.2818033715011552
0.9863118002540432
0.009781905013369396
0.530330417532241
0.2818033715011552
0.9863118002540432
0.009781905013369396
0.530330417532241
0.2818033715011552
0.9863118002540432
0.009781905013369396
0.530330417532241
0.2818033715011552
0.9863118002540432
0.009781905013369396
0.530330417532241
0.2818033715011552
0.9863118002540432
0.009781905013369396
0.530330417532241
0.2818033715011552
0.9863118002540432
0.009781905013369396
0.530330417532241
0.2818033715011552
0.9863118002540432
0.009781905013369396
0.530330417532241
0.2818033715011552
0.9863118002540432
0.009781905013369396
0.530330417532241
0.2818033715011552
0.9863118002540432
0.009781905013369396
0.530330417532241
0.2818033715011552
0.9863118002540432
0.009781905013369396
0.530330417532241
0.2818033715011552
0.9863118002540432
0.009781905013369396
0.530330417532241
0.2818033715011552
0.9863118002540432
0.009781905013369396
0.530330417532241
0.2818033715011552
0.9863118002540432
0.009781905013369396
0.530330417532241
0.2818033715011552
0.9863118002540432
0.009781905013369396
0.530330417532241
0.2818033715011552
0.9863118002540432
0.009781905013369396
0.530330417532241
0.2818033715011552
0.9863118002540432
0.009781905013369396
0.530330417532241
0.2818033715011552
0.9863118002540432
0.009781905013369396
0.530330417532241
0.2818033715011552
0.9863118002540432
0.009781905013369396
0.530330417532241
0.2818033715011552
0.9863118002540432
0.009781905013369396
0.530330417532241
0.2818033715011552
0.9863118002540432
0.009781905013369396
0.530330417532241
0.2818033715011552
0.9863118002540432
0.009781905013369396
0.530330417532241
0.2818033715011552
0.9863118002540432
0.009781905013369396
0.530330417532241
0.2818033715011552
0.9863118002540432
0.009781905013369396
0.530330417532241
0.2818033715011552
0.9863118002540432
0.009781905013369396
0.530330417532241
0.2818033715011552
0.9863118002540432
0.009781905013369396
0.530330417532241
0.2818033715011552
0.9863118002540432
0.009781905013369396
0.530330417532241
0.2818033715011552
0.9863118002540432
0.009781905013369396
0.530330417532241
0.2818033715011552
0.9863118002540432
0.009781905013369396
0.530330417532241
0.2818033715011552
0.9863118002540432
0.009781905013369396
0.530330417532241
0.2818033715011552
0.9863118002540432
0.009781905013369396
0.530330417532241
0.2818033715011552
0.9863118002540432
0.009781905013369396
0.530330417532241
0.2818033715011552
0.9863118002540432
0.009781905013369396
0.530330417532241
0.2818033715011552
0.9863118002540432
0.009781905013369396
0.530330417532241
0.2818033715011552
0.9863118002540432
0.009781905013369396
0.530330417532241
0.2818033715011552
0.9863118002540432
0.009781905013369396
0.530330417532241
0.2818033715011552
0.9863118002540432
0.009781905013369396
0.530330417532241
0.2818033715011552
0.9863118002540432
0.009781905013369396
0.530330417532241
0.2818033715011552
0.9863118002540432
0.009781905013369396
0.530330417532241
0.2818033715011552
0.9863118002540432
0.009781905013369396
0.530330417532241
0.2818033715011552
0.9863118002540432
0.009781905013369396
0.530330417532241
0.2818033715011552
0.9863118002540432
0.009781905013369396
0.530330417532241
0.2818033715011552
0.9863118002540432
0.009781905013369396
0.530330417532241
0.2818033715011552
0.9863118002540432
0.009781905013369396
0.530330417532241
0.2818033715011552
0.9863118002540432
0.009781905013369396
0.530330417532241
0.2818033715011552
0.9863118002540432
0.009781905013369396
0.530330417532241
0.2818033715011552
0.9863118002540432
0.009781905013369396
0.530330417532241
0.2818033715011552
0.9863118002540432
0.009781905013369396
0.530330417532241
0.2818033715011552
0.9863118002540432
0.009781905013369396
0.530330417532241
0.2818033715011552
0.9863118002540432
0.009781905013369396
0.530330417532241
0.2818033715011552
0.9863118002540432
0.009781905013369396
0.530330417532241
0.2818033715011552
0.9863118002540432
0.009781905013369396
0.530330417532241
0.2818033715011552
0.9863118002540432
0.009781905013369396
0.530330417532241
0.2818033715011552
0.9863118002540432
0.009781905013369396
0.530330417532241
0.2818033715011552
0.9863118002540432
0.009781905013369396
0.530330417532241
0.2818033715011552
0.9863118002540432
0.009781905013369396
0.530330417532241
0.2818033715011552
0.9863118002540432
0.009781905013369396
0.530330417532241
0.2818033715011552
0.9863118002540432
0.009781905013369396
0.530330417532241
0.2818033715011552
0.9863118002540432
0.009781905013369396
0.530330417532241
0.2818033715011552
0.9863118002540432
0.009781905013369396
0.530330417532241
0.2818033715011552
0.9863118002540432
0.009781905013369396
0.530330417532241
0.2818033715011552
0.9863118002540432
0.009781905013369396
0.530330417532241
0.2818033715011552
0.9863118002540432
0.009781905013369396
0.530330417532241
0.2818033715011552
0.9863118002540432
0.009781905013369396
0.530330417532241
0.2818033715011552
0.9863118002540432
0.009781905013369396
0.530330417532241
0.2818033715011552
0.9863118002540432
0.009781905013369396
0.530330417532241
0.2818033715011552
0.9863118002540432
0.009781905013369396
0.530330417532241
0.2818033715011552
0.9863118002540432
0.009781905013369396
0.530330417532241
0.2818033715011552
0.9863118002540432
0.009781905013369396
0.530330417532241
0.2818033715011552
0.9863118002540432
0.009781905013369396
0.530330417532241
0.2818033715011552
0.9863118002540432
0.009781905013369396
0.530330417532241
0.2818033715011552
0.9863118002540432
0.009781905013369396
0.530330417532241
0.2818033715011552
0.9863118002540432
0.009781905013369396
0.530330417532241
0.2818033715011552
0.9863118002540432
0.009781905013369396
0.530330417532241
0.2818033715011552
0.9863118002540432
0.009781905013369396
0.530330417532241
0.2818033715011552
0.9863118002540432
0.009781905013369396
0.530330417532241
0.2818033715011552
0.9863118002540432
0.009781905013369396
0.530330417532241
0.2818033715011552
0.9863118002540432
0.009781905013369396
0.530330417532241
0.2818033715011552
0.9863118002540432
0.009781905013369396
0.530330417532241
0.2818033715011552
0.9863118002540432
0.009781905013369396
0.530330417532241
0.2818033715011552
0.9863118002540432
0.009781905013369396
0.530330417532241
0.2818033715011552
0.9863118002540432
0.009781905013369396
0.530330417532241
0.2818033715011552
0.9863118002540432
0.009781905013369396
0.530330417532241
0.2818033715011552
0.9863118002540432
0.009781905013369396
0.530330417532241
0.2818033715011552
0.9863118002540432
0.009781905013369396
0.530330417532241
0.2818033715011552
0.9863118002540432
0.009781905013369396
0.530330417532241
0.2818033715011552
0.9863118002540432
0.009781905013369396
0.530330417532241
0.2818033715011552
0.9863118002540432
0.009781905013369396
0.530330417532241
0.2818033715011552
0.9863118002540432
0.009781905013369396
0.530330417532241
0.2818033715011552
0.9863118002540432
0.009781905013369396
0.530330417532241
0.2818033715011552
0.9863118002540432
0.009781905013369396
0.530330417532241
0.2818033715011552
0.9863118002540432
0.009781905013369396
0.530330417532241
0.2818033715011552
0.9863118002540432
0.009781905013369396
0.530330417532241
0.2818033715011552
0.9863118002540432
0.009781905013369396
0.530330417532241
0.2818033715011552
0.9863118002540432
0.009781905013369396
0.530330417532241
0.2818033715011552
0.9863118002540432
0.009781905013369396
0.530330417532241
0.2818033715011552
0.9863118002540432
0.009781905013369396
0.530330417532241
0.2818033715011552
0.9863118002540432
0.009781905013369396
0.530330417532241
0.2818033715011552
0.9863118002540432
0.009781905013369396
0.530330417532241
0.2818033715011552
0.9863118002540432
0.009781905013369396
0.530330417532241
0.2818033715011552
0.9863118002540432
0.009781905013369396
0.530330417532241
0.2818033715011552
0.9863118002540432
0.009781905013369396
0.530330417532241
0.2818033715011552
0.9863118002540432
0.009781905013369396
0.530330417532241
0.2818033715011552
0.9863118002540432
0.009781905013369396
0.530330417532241
0.2818033715011552
0.9863118002540432
0.009781905013369396
0.530330417532241
0.2818033715011552
0.9863118002540432
0.009781905013369396
0.530330417532241
0.2818033715011552
0.9863118002540432
0.009781905013369396
0.530330417532241
0.2818033715011552
0.9863118002540432
0.009781905013369396
0.530330417532241
0.2818033715011552
0.9863118002540432
0.009781905013369396
0.530330417532241
0.2818033715011552
0.9863118002540432
0.009781905013369396
0.530330417532241
0.2818033715011552
0.9863118002540432
0.009781905013369396
0.530330417532241
0.2818033715011552
0.9863118002540432
0.009781905013369396
0.530330417532241
0.2818033715011552
0.9863118002540432
0.009781905013369396
0.530330417532241
0.2818033715011552
0.9863118002540432
0.009781905013369396
0.530330417532241
0.2818033715011552
0.9863118002540432
0.009781905013369396
0.530330417532241
0.2818033715011552
0.9863118002540432
0.009781905013369396
0.530330417532241
0.2818033715011552
0.9863118002540432
0.009781905013369396
0.530330417532241
0.2818033715011552
0.9863118002540432
0.009781905013369396
0.530330417532241
0.2818033715011552
0.9863118002540432
0.009781905013369396
0.530330417532241
0.2818033715011552
0.9863118002540432
0.009781905013369396
0.530330417532241
0.2818033715011552
0.9863118002540432
0.009781905013369396
0.530330417532241
0.2818033715011552
0.9863118002540432
0.009781905013369396
0.530330417532241
0.2818033715011552
0.9863118002540432
0.009781905013369396
0.530330417532241
0.2818033715011552
0.9863118002540432
0.009781905013369396
0.530330417532241
0.2818033715011552
0.9863118002540432
0.009781905013369396
0.530330417532241
0.2818033715011552
0.9863118002540432
0.009781905013369396
0.530330417532241
0.2818033715011552
0.9863118002540432
0.009781905013369396
0.530330417532241
0.2818033715011552
0.9863118002540432
0.009781905013369396
0.530330417532241
0.2818033715011552
0.9863118002540432
0.009781905013369396
0.530330417532241
0.2818033715011552
0.9863118002540432
0.009781905013369396
0.530330417532241
0.2818033715011552
0.9863118002540432
0.009781905013369396
0.530330417532241
0.2818033715011552
0.9863118002540432
0.009781905013369396
0.530330417532241
0.2818033715011552
0.9863118002540432
0.009781905013369396
0.530330417532241
0.2818033715011552
0.9863118002540432
0.009781905013369396
0.530330417532241
0.2818033715011552
0.9863118002540432
0.009781905013369396
0.530330417532241
0.2818033715011552
0.9863118002540432
0.009781905013369396
0.530330417532241
0.2818033715011552
0.9863118002540432
0.009781905013369396
0.530330417532241
0.2818033715011552
0.9863118002540432
0.009781905013369396
0.530330417532241
0.2818033715011552
0.9863118002540432
0.009781905013369396
0.530330417532241
0.2818033715011552
0.9863118002540432
0.009781905013369396
0.530330417532241
0.2818033715011552
0.9863118002540432
0.009781905013369396
0.530330417532241
0.2818033715011552
0.9863118002540432
0.009781905013369396
0.530330417532241
0.2818033715011552
0.9863118002540432
0.009781905013369396
0.530330417532241
0.2818033715011552
0.9863118002540432
0.009781905013369396
0.530330417532241
0.2818033715011552
0.9863118002540432
0.009781905013369396
0.530330417532241
0.2818033715011552
0.9863118002540432
0.009781905013369396
0.530330417532241
0.2818033715011552
0.9863118002540432
0.009781905013369396
0.530330417532241
0.2818033715011552
0.9863118002540432
0.009781905013369396
0.530330417532241
0.2818033715011552
0.9863118002540432
0.009781905013369396
0.530330417532241
0.2818033715011552
0.9863118002540432
0.009781905013369396
0.530330417532241
0.2818033715011552
0.9863118002540432
0.009781905013369396
0.530330417532241
0.2818033715011552
0.9863118002540432
0.009781905013369396
0.530330417532241
0.2818033715011552
0.9863118002540432
0.009781905013369396
0.530330417532241
0.2818033715011552
0.9863118002540432
0.009781905013369396
0.530330417532241
0.2818033715011552
0.9863118002540432
0.009781905013369396
0.530330417532241
0.2818033715011552
0.9863118002540432
0.009781905013369396
0.530330417532241
0.2818033715011552
0.9863118002540432
0.009781905013369396
0.530330417532241
0.2818033715011552
0.9863118002540432
0.009781905013369396
0.530330417532241
0.2818033715011552
0.9863118002540432
0.009781905013369396
0.530330417532241
0.2818033715011552
0.9863118002540432
0.009781905013369396
0.530330417532241
0.2818033715011552
0.9863118002540432
0.009781905013369396
0.530330417532241
0.2818033715011552
0.9863118002540432
0.009781905013369396
0.530330417532241
0.2818033715011552
0.9863118002540432
0.009781905013369396
0.530330417532241
0.2818033715011552
0.9863118002540432
0.009781905013369396
0.530330417532241
0.2818033715011552
0.9863118002540432
0.009781905013369396
0.530330417532241
0.2818033715011552
0.9863118002540432
0.009781905013369396
0.530330417532241
0.2818033715011552
0.9863118002540432
0.009781905013369396
0.530330417532241
0.2818033715011552
0.9863118002540432
0.009781905013369396
0.530330417532241
0.2818033715011552
0.9863118002540432
0.009781905013369396
0.530330417532241
0.2818033715011552
0.9863118002540432
0.009781905013369396
0.530330417532241
0.2818033715011552
0.9863118002540432
0.009781905013369396
0.530330417532241
0.2818033715011552
0.9863118002540432
0.009781905013369396
0.530330417532241
0.2818033715011552
0.9863118002540432
0.009781905013369396
0.530330417532241
0.2818033715011552
0.9863118002540432
0.009781905013369396
0.530330417532241
0.2818033715011552
0.9863118002540432
0.009781905013369396
0.530330417532241
0.2818033715011552
0.9863118002540432
0.009781905013369396
0.530330417532241
0.2818033715011552
0.9863118002540432
0.009781905013369396
0.530330417532241
0.2818033715011552
0.9863118002540432
0.009781905013369396
0.530330417532241
0.2818033715011552
0.9863118002540432
0.009781905013369396
0.530330417532241
0.2818033715011552
0.9863118002540432
0.009781905013369396
0.530330417532241
0.2818033715011552
0.9863118002540432
0.009781905013369396
0.530330417532241
0.2818033715011552
0.9863118002540432
0.009781905013369396
0.530330417532241
0.2818033715011552
0.9863118002540432
0.009781905013369396
0.530330417532241
0.2818033715011552
0.9863118002540432
0.009781905013369396
0.530330417532241
0.2818033715011552
0.9863118002540432
0.009781905013369396
0.530330417532241
0.2818033715011552
0.9863118002540432
0.009781905013369396
0.530330417532241
0.2818033715011552
0.9863118002540432
0.009781905013369396
0.530330417532241
0.2818033715011552
0.9863118002540432
0.009781905013369396
0.530330417532241
0.2818033715011552
0.9863118002540432
0.009781905013369396
0.530330417532241
0.2818033715011552
0.9863118002540432
0.009781905013369396
0.530330417532241
0.2818033715011552
0.9863118002540432
0.009781905013369396
0.530330417532241
0.2818033715011552
0.9863118002540432
0.009781905013369396
0.530330417532241
0.2818033715011552
0.9863118002540432
0.009781905013369396
0.530330417532241
0.2818033715011552
0.9863118002540432
0.009781905013369396
0.530330417532241
0.2818033715011552
0.9863118002540432
0.009781905013369396
0.530330417532241
0.2818033715011552
0.9863118002540432
0.009781905013369396
0.530330417532241
0.2818033715011552
0.9863118002540432
0.009781905013369396
0.530330417532241
0.2818033715011552
0.9863118002540432
0.009781905013369396
0.530330417532241
0.2818033715011552
0.9863118002540432
0.009781905013369396
0.530330417532241
0.2818033715011552
0.9863118002540432
0.009781905013369396
0.530330417532241
0.2818033715011552
0.9863118002540432
0.009781905013369396
0.530330417532241
0.2818033715011552
0.9863118002540432
0.009781905013369396
0.530330417532241
0.2818033715011552
0.9863118002540432
0.009781905013369396
0.530330417532241
0.2818033715011552
0.9863118002540432
0.009781905013369396
0.530330417532241
0.2818033715011552
0.9863118002540432
0.009781905013369396
0.530330417532241
0.2818033715011552
0.9863118002540432
0.009781905013369396
0.530330417532241
0.2818033715011552
0.9863118002540432
0.009781905013369396
0.530330417532241
0.2818033715011552
0.9863118002540432
0.009781905013369396
0.530330417532241
0.2818033715011552
0.9863118002540432
0.009781905013369396
0.530330417532241
0.2818033715011552
0.9863118002540432
0.009781905013369396
0.530330417532241
0.2818033715011552
0.9863118002540432
0.009781905013369396
0.530330417532241
0.2818033715011552
0.9863118002540432
0.009781905013369396
0.530330417532241
0.2818033715011552
0.9863118002540432
0.009781905013369396
0.530330417532241
0.2818033715011552
0.9863118002540432
0.009781905013369396
0.530330417532241
0.2818033715011552
0.9863118002540432
0.009781905013369396
0.530330417532241
0.2818033715011552
0.9863118002540432
0.009781905013369396
0.530330417532241
0.2818033715011552
0.9863118002540432
0.009781905013369396
0.530330417532241
0.2818033715011552
0.9863118002540432
0.009781905013369396
0.530330417532241
0.2818033715011552
0.9863118002540432
0.009781905013369396
0.530330417532241
0.2818033715011552
0.9863118002540432
0.009781905013369396
0.530330417532241
0.2818033715011552
0.9863118002540432
0.009781905013369396
0.530330417532241
0.2818033715011552
0.9863118002540432
0.009781905013369396
0.530330417532241
0.2818033715011552
0.9863118002540432
0.009781905013369396
0.530330417532241
0.2818033715011552
0.9863118002540432
0.009781905013369396
0.530330417532241
0.2818033715011552
0.9863118002540432
0.009781905013369396
0.530330417532241
0.2818033715011552
0.9863118002540432
0.009781905013369396
0.530330417532241
0.2818033715011552
0.9863118002540432
0.009781905013369396
0.530330417532241
0.2818033715011552
0.9863118002540432
0.009781905013369396
0.530330417532241
0.2818033715011552
0.9863118002540432
0.009781905013369396
0.530330417532241
0.2818033715011552
0.9863118002540432
0.009781905013369396
0.530330417532241
0.2818033715011552
0.9863118002540432
0.009781905013369396
0.530330417532241
0.2818033715011552
0.9863118002540432
0.009781905013369396
0.530330417532241
0.2818033715011552
0.9863118002540432
0.009781905013369396
0.530330417532241
0.2818033715011552
0.9863118002540432
0.009781905013369396
0.530330417532241
0.2818033715011552
0.9863118002540432
0.009781905013369396
0.530330417532241
0.2818033715011552
0.9863118002540432
0.009781905013369396
0.530330417532241
0.2818033715011552
0.9863118002540432
0.009781905013369396
0.530330417532241
0.2818033715011552
0.9863118002540432
0.009781905013369396
0.530330417532241
0.2818033715011552
0.9863118002540432
0.009781905013369396
0.530330417532241
0.2818033715011552
0.9863118002540432
0.009781905013369396
0.530330417532241
0.2818033715011552
0.9863118002540432
0.009781905013369396
0.530330417532241
0.2818033715011552
0.9863118002540432
0.009781905013369396
0.530330417532241
0.2818033715011552
0.9863118002540432
0.009781905013369396
0.530330417532241
0.2818033715011552
0.9863118002540432
0.009781905013369396
0.530330417532241
0.2818033715011552
0.9863118002540432
0.009781905013369396
0.530330417532241
0.2818033715011552
0.9863118002540432
0.009781905013369396
0.530330417532241
0.2818033715011552
0.9863118002540432
0.009781905013369396
0.530330417532241
0.2818033715011552
0.9863118002540432
0.009781905013369396
0.530330417532241
0.2818033715011552
0.9863118002540432
0.009781905013369396
0.530330417532241
0.2818033715011552
0.9863118002540432
0.009781905013369396
0.530330417532241
0.2818033715011552
0.9863118002540432
0.009781905013369396
0.530330417532241
0.2818033715011552
0.9863118002540432
0.009781905013369396
0.530330417532241
0.2818033715011552
0.9863118002540432
0.009781905013369396
0.530330417532241
0.2818033715011552
0.9863118002540432
0.009781905013369396
0.530330417532241
0.2818033715011552
0.9863118002540432
0.009781905013369396
0.530330417532241
0.2818033715011552
0.9863118002540432
0.009781905013369396
0.530330417532241
0.2818033715011552
0.9863118002540432
0.009781905013369396
0.530330417532241
0.2818033715011552
0.9863118002540432
0.009781905013369396
0.530330417532241
0.2818033715011552
0.9863118002540432
0.009781905013369396
0.530330417532241
0.2818033715011552
0.9863118002540432
0.009781905013369396
0.530330417532241
0.2818033715011552
0.9863118002540432
0.009781905013369396
0.530330417532241
0.2818033715011552
0.9863118002540432
0.009781905013369396
0.530330417532241
0.2818033715011552
0.9863118002540432
0.009781905013369396
0.530330417532241
0.2818033715011552
0.9863118002540432
0.009781905013369396
0.530330417532241
0.2818033715011552
0.9863118002540432
0.009781905013369396
0.530330417532241
0.2818033715011552
0.9863118002540432
0.009781905013369396
0.530330417532241
0.2818033715011552
0.9863118002540432
0.009781905013369396
0.530330417532241
0.2818033715011552
0.9863118002540432
0.009781905013369396
0.530330417532241
0.2818033715011552
0.9863118002540432
0.009781905013369396
0.530330417532241
0.2818033715011552
0.9863118002540432
0.009781905013369396
0.530330417532241
0.2818033715011552
0.9863118002540432
0.009781905013369396
0.530330417532241
0.2818033715011552
0.9863118002540432
0.009781905013369396
0.530330417532241
0.2818033715011552
0.9863118002540432
0.009781905013369396
0.530330417532241
0.2818033715011552
0.9863118002540432
0.009781905013369396
0.530330417532241
0.2818033715011552
0.9863118002540432
0.009781905013369396
0.530330417532241
0.2818033715011552
0.9863118002540432
0.009781905013369396
0.530330417532241
0.2818033715011552
0.9863118002540432
0.009781905013369396
0.530330417532241
0.2818033715011552
0.9863118002540432
0.009781905013369396
0.530330417532241
0.2818033715011552
0.9863118002540432
0.009781905013369396
0.530330417532241
0.2818033715011552
0.9863118002540432
0.009781905013369396
0.530330417532241
0.2818033715011552
0.9863118002540432
0.009781905013369396
0.530330417532241
0.2818033715011552
0.9863118002540432
0.009781905013369396
0.530330417532241
0.2818033715011552
0.9863118002540432
0.009781905013369396
0.530330417532241
0.2818033715011552
0.9863118002540432
0.009781905013369396
0.530330417532241
0.2818033715011552
0.9863118002540432
0.009781905013369396
0.530330417532241
0.2818033715011552
0.9863118002540432
0.009781905013369396
0.530330417532241
0.2818033715011552
0.9863118002540432
0.009781905013369396
0.530330417532241
0.2818033715011552
0.9863118002540432
0.009781905013369396
0.530330417532241
0.2818033715011552
0.9863118002540432
0.009781905013369396
0.530330417532241
0.2818033715011552
0.9863118002540432
0.009781905013369396
0.530330417532241
0.2818033715011552
0.9863118002540432
0.009781905013369396
0.530330417532241
0.2818033715011552
0.9863118002540432
0.009781905013369396
0.530330417532241
0.2818033715011552
0.9863118002540432
0.009781905013369396
0.530330417532241
0.2818033715011552
0.9863118002540432
0.009781905013369396
0.530330417532241
0.2818033715011552
0.9863118002540432
0.009781905013369396
0.530330417532241
0.2818033715011552
0.9863118002540432
0.009781905013369396
0.530330417532241
0.2818033715011552
0.9863118002540432
0.009781905013369396
0.530330417532241
0.2818033715011552
0.9863118002540432
0.009781905013369396
0.530330417532241
0.2818033715011552
0.9863118002540432
0.009781905013369396
0.530330417532241
0.2818033715011552
0.9863118002540432
0.009781905013369396
0.530330417532241
0.2818033715011552
0.9863118002540432
0.009781905013369396
0.530330417532241
0.2818033715011552
0.9863118002540432
0.009781905013369396
0.530330417532241
0.2818033715011552
0.9863118002540432
0.009781905013369396
0.530330417532241
0.2818033715011552
0.9863118002540432
0.009781905013369396
0.530330417532241
0.2818033715011552
0.9863118002540432
0.009781905013369396
0.530330417532241
0.2818033715011552
0.9863118002540432
0.009781905013369396
0.530330417532241
0.2818033715011552
0.9863118002540432
0.009781905013369396
0.530330417532241
0.2818033715011552
0.9863118002540432
0.009781905013369396
0.530330417532241
0.2818033715011552
0.9863118002540432
0.009781905013369396
0.530330417532241
0.2818033715011552
0.9863118002540432
0.009781905013369396
0.530330417532241
0.2818033715011552
0.9863118002540432
0.009781905013369396
0.530330417532241
0.2818033715011552
0.9863118002540432
0.009781905013369396
0.530330417532241
0.2818033715011552
0.9863118002540432
0.009781905013369396
0.530330417532241
0.2818033715011552
0.9863118002540432
0.009781905013369396
0.530330417532241
0.2818033715011552
0.9863118002540432
0.009781905013369396
0.530330417532241
0.2818033715011552
0.9863118002540432
0.009781905013369396
0.530330417532241
0.2818033715011552
0.9863118002540432
0.009781905013369396
0.530330417532241
0.2818033715011552
0.9863118002540432
0.009781905013369396
0.530330417532241
0.2818033715011552
0.9863118002540432
0.009781905013369396
0.530330417532241
0.2818033715011552
0.9863118002540432
0.009781905013369396
0.530330417532241
0.2818033715011552
0.9863118002540432
0.009781905013369396
0.530330417532241
0.2818033715011552
0.9863118002540432
0.009781905013369396
0.530330417532241
0.2818033715011552
0.9863118002540432
0.009781905013369396
0.530330417532241
0.2818033715011552
0.9863118002540432
0.009781905013369396
0.530330417532241
0.2818033715011552
0.9863118002540432
0.009781905013369396
0.530330417532241
0.2818033715011552
0.9863118002540432
0.009781905013369396
0.530330417532241
0.2818033715011552
0.9863118002540432
0.009781905013369396
0.530330417532241
0.2818033715011552
0.9863118002540432
0.009781905013369396
0.530330417532241
0.2818033715011552
0.9863118002540432
0.009781905013369396
0.530330417532241
0.2818033715011552
0.9863118002540432
0.009781905013369396
0.530330417532241
0.2818033715011552
0.9863118002540432
0.009781905013369396
0.530330417532241
0.2818033715011552
0.9863118002540432
0.009781905013369396
0.530330417532241
0.2818033715011552
0.9863118002540432
0.009781905013369396
0.530330417532241
0.2818033715011552
0.9863118002540432
0.009781905013369396
0.530330417532241
0.2818033715011552
0.9863118002540432
0.009781905013369396
0.530330417532241
0.2818033715011552
0.9863118002540432
0.009781905013369396
0.530330417532241
0.2818033715011552
0.9863118002540432
0.009781905013369396
0.530330417532241
0.2818033715011552
0.9863118002540432
0.009781905013369396
0.530330417532241
0.2818033715011552
0.9863118002540432
0.009781905013369396
0.530330417532241
0.2818033715011552
0.9863118002540432
0.009781905013369396
0.530330417532241
0.2818033715011552
0.9863118002540432
0.009781905013369396
0.530330417532241
0.2818033715011552
0.9863118002540432
0.009781905013369396
0.530330417532241
0.2818033715011552
0.9863118002540432
0.009781905013369396
0.530330417532241
0.2818033715011552
0.9863118002540432
0.009781905013369396
0.530330417532241
0.2818033715011552
0.9863118002540432
0.009781905013369396
0.530330417532241
0.2818033715011552
0.9863118002540432
0.009781905013369396
0.530330417532241
0.2818033715011552
0.9863118002540432
0.009781905013369396
0.530330417532241
0.2818033715011552
0.9863118002540432
0.009781905013369396
0.530330417532241
0.2818033715011552
0.9863118002540432
0.009781905013369396
0.530330417532241
0.2818033715011552
0.9863118002540432
0.009781905013369396
0.530330417532241
0.2818033715011552
0.9863118002540432
0.009781905013369396
0.530330417532241
0.2818033715011552
0.9863118002540432
0.009781905013369396
0.530330417532241
0.2818033715011552
0.9863118002540432
0.009781905013369396
0.530330417532241
0.2818033715011552
0.9863118002540432
0.009781905013369396
0.530330417532241
0.2818033715011552
0.9863118002540432
0.009781905013369396
0.530330417532241
0.2818033715011552
0.9863118002540432
0.009781905013369396
0.530330417532241
0.2818033715011552
0.9863118002540432
0.009781905013369396
0.530330417532241
0.2818033715011552
0.9863118002540432
0.009781905013369396
0.530330417532241
0.2818033715011552
0.9863118002540432
0.009781905013369396
0.530330417532241
0.2818033715011552
0.9863118002540432
0.009781905013369396
0.530330417532241
0.2818033715011552
0.9863118002540432
0.009781905013369396
0.530330417532241
0.2818033715011552
0.9863118002540432
0.009781905013369396
0.530330417532241
0.2818033715011552
0.9863118002540432
0.009781905013369396
0.530330417532241
0.2818033715011552
0.9863118002540432
0.009781905013369396
0.530330417532241
0.2818033715011552
0.9863118002540432
0.009781905013369396
0.530330417532241
0.2818033715011552
0.9863118002540432
0.009781905013369396
0.530330417532241
0.2818033715011552
0.9863118002540432
0.009781905013369396
0.530330417532241
0.2818033715011552
0.9863118002540432
0.009781905013369396
0.530330417532241
0.2818033715011552
0.9863118002540432
0.009781905013369396
0.530330417532241
0.2818033715011552
0.9863118002540432
0.009781905013369396
0.530330417532241
0.2818033715011552
0.9863118002540432
0.009781905013369396
0.530330417532241
0.2818033715011552
0.9863118002540432
0.009781905013369396
0.530330417532241
0.2818033715011552
0.9863118002540432
0.009781905013369396
0.530330417532241
0.2818033715011552
0.9863118002540432
0.009781905013369396
0.530330417532241
0.2818033715011552
0.9863118002540432
0.009781905013369396
0.530330417532241
0.2818033715011552
0.9863118002540432
0.009781905013369396
0.530330417532241
0.2818033715011552
0.9863118002540432
0.009781905013369396
0.530330417532241
0.2818033715011552
0.9863118002540432
0.009781905013369396
0.530330417532241
0.2818033715011552
0.9863118002540432
0.009781905013369396
0.530330417532241
0.2818033715011552
0.9863118002540432
0.009781905013369396
0.530330417532241
0.2818033715011552
0.9863118002540432
0.009781905013369396
0.530330417532241
0.2818033715011552
0.9863118002540432
0.009781905013369396
0.530330417532241
0.2818033715011552
0.9863118002540432
0.009781905013369396
0.530330417532241
0.2818033715011552
0.9863118002540432
0.009781905013369396
0.530330417532241
0.2818033715011552
0.9863118002540432
0.009781905013369396
0.530330417532241
0.2818033715011552
0.9863118002540432
0.009781905013369396
0.530330417532241
0.2818033715011552
0.9863118002540432
0.009781905013369396
0.530330417532241
0.2818033715011552
0.9863118002540432
0.009781905013369396
0.530330417532241
0.2818033715011552
0.9863118002540432
0.009781905013369396
0.530330417532241
0.2818033715011552
0.9863118002540432
0.009781905013369396
0.530330417532241
0.2818033715011552
0.9863118002540432
0.009781905013369396
0.530330417532241
0.2818033715011552
0.9863118002540432
0.009781905013369396
0.530330417532241
0.2818033715011552
0.9863118002540432
0.009781905013369396
0.530330417532241
0.2818033715011552
0.9863118002540432
0.009781905013369396
0.530330417532241
0.2818033715011552
0.9863118002540432
0.009781905013369396
0.530330417532241
0.2818033715011552
0.9863118002540432
0.009781905013369396
0.530330417532241
0.2818033715011552
0.9863118002540432
0.009781905013369396
0.530330417532241
0.2818033715011552
0.9863118002540432
0.009781905013369396
0.530330417532241
0.2818033715011552
0.9863118002540432
0.009781905013369396
0.530330417532241
0.2818033715011552
0.9863118002540432
0.009781905013369396
0.530330417532241
0.2818033715011552
0.9863118002540432
0.009781905013369396
0.530330417532241
0.2818033715011552
0.9863118002540432
0.009781905013369396
0.530330417532241
0.2818033715011552
0.9863118002540432
0.009781905013369396
0.530330417532241
0.2818033715011552
0.9863118002540432
0.009781905013369396
0.530330417532241
0.2818033715011552
0.9863118002540432
0.009781905013369396
0.530330417532241
0.2818033715011552
0.9863118002540432
0.009781905013369396
0.530330417532241
0.2818033715011552
0.9863118002540432
0.009781905013369396
0.530330417532241
0.2818033715011552
0.9863118002540432
0.009781905013369396
0.530330417532241
0.2818033715011552
0.9863118002540432
0.009781905013369396
0.530330417532241
0.2818033715011552
0.9863118002540432
0.009781905013369396
0.530330417532241
0.2818033715011552
0.9863118002540432
0.009781905013369396
0.530330417532241
0.2818033715011552
0.9863118002540432
0.009781905013369396
0.530330417532241
0.2818033715011552
0.9863118002540432
0.009781905013369396
0.530330417532241
0.2818033715011552
0.9863118002540432
0.009781905013369396
0.530330417532241
0.2818033715011552
0.9863118002540432
0.009781905013369396
0.530330417532241
0.2818033715011552
0.9863118002540432
0.009781905013369396
0.530330417532241
0.2818033715011552
0.9863118002540432
0.009781905013369396
0.530330417532241
0.2818033715011552
0.9863118002540432
0.009781905013369396
0.530330417532241
0.2818033715011552
0.9863118002540432
0.009781905013369396
0.530330417532241
0.2818033715011552
0.9863118002540432
0.009781905013369396
0.530330417532241
0.2818033715011552
0.9863118002540432
0.009781905013369396
0.530330417532241
0.2818033715011552
0.9863118002540432
0.009781905013369396
0.530330417532241
0.2818033715011552
0.9863118002540432
0.009781905013369396
0.530330417532241
0.2818033715011552
0.9863118002540432
0.009781905013369396
0.530330417532241
0.2818033715011552
0.9863118002540432
0.009781905013369396
0.530330417532241
0.2818033715011552
0.9863118002540432
0.009781905013369396
0.530330417532241
0.2818033715011552
0.9863118002540432
0.009781905013369396
0.530330417532241
0.2818033715011552
0.9863118002540432
0.009781905013369396
0.530330417532241
0.2818033715011552
0.9863118002540432
0.009781905013369396
0.530330417532241
0.2818033715011552
0.9863118002540432
0.009781905013369396
0.530330417532241
0.2818033715011552
0.9863118002540432
0.009781905013369396
0.530330417532241
0.2818033715011552
0.9863118002540432
0.009781905013369396
0.530330417532241
0.2818033715011552
0.9863118002540432
0.009781905013369396
0.530330417532241
0.2818033715011552
0.9863118002540432
0.009781905013369396
0.530330417532241
0.2818033715011552
0.9863118002540432
0.009781905013369396
0.530330417532241
0.2818033715011552
0.9863118002540432
0.009781905013369396
0.530330417532241
0.2818033715011552
0.9863118002540432
0.009781905013369396
0.530330417532241
0.2818033715011552
0.9863118002540432
0.009781905013369396
0.530330417532241
0.2818033715011552
0.9863118002540432
0.009781905013369396
0.530330417532241
0.2818033715011552
0.9863118002540432
0.009781905013369396
0.530330417532241
0.2818033715011552
0.9863118002540432
0.009781905013369396
0.530330417532241
0.2818033715011552
0.9863118002540432
0.009781905013369396
0.530330417532241
0.2818033715011552
0.9863118002540432
0.009781905013369396
0.530330417532241
0.2818033715011552
0.9863118002540432
0.009781905013369396
0.530330417532241
0.2818033715011552
0.9863118002540432
0.009781905013369396
0.530330417532241
0.2818033715011552
0.9863118002540432
0.009781905013369396
0.530330417532241
0.2818033715011552
0.9863118002540432
0.009781905013369396
0.530330417532241
0.2818033715011552
0.9863118002540432
0.009781905013369396
0.530330417532241
0.2818033715011552
0.9863118002540432
0.009781905013369396
0.530330417532241
0.2818033715011552
0.9863118002540432
0.009781905013369396
0.530330417532241
0.2818033715011552
0.9863118002540432
0.009781905013369396
0.530330417532241
0.2818033715011552
0.9863118002540432
0.009781905013369396
0.530330417532241
0.2818033715011552
0.9863118002540432
0.009781905013369396
0.530330417532241
0.2818033715011552
0.9863118002540432
0.009781905013369396
0.530330417532241
0.2818033715011552
0.9863118002540432
0.009781905013369396
0.530330417532241
0.2818033715011552
0.9863118002540432
0.009781905013369396
0.530330417532241
0.2818033715011552
0.9863118002540432
0.009781905013369396
0.530330417532241
0.2818033715011552
0.9863118002540432
0.009781905013369396
0.530330417532241
0.2818033715011552
0.9863118002540432
0.009781905013369396
0.530330417532241
0.2818033715011552
0.9863118002540432
0.009781905013369396
0.530330417532241
0.2818033715011552
0.9863118002540432
0.009781905013369396
0.530330417532241
0.2818033715011552
0.9863118002540432
0.009781905013369396
0.530330417532241
0.2818033715011552
0.9863118002540432
0.009781905013369396
0.530330417532241
0.2818033715011552
0.9863118002540432
0.009781905013369396
0.530330417532241
0.2818033715011552
0.9863118002540432
0.009781905013369396
0.530330417532241
0.2818033715011552
0.9863118002540432
0.009781905013369396
0.530330417532241
0.2818033715011552
0.9863118002540432
0.009781905013369396
0.530330417532241
0.2818033715011552
0.9863118002540432
0.009781905013369396
0.530330417532241
0.2818033715011552
0.9863118002540432
0.009781905013369396
0.530330417532241
0.2818033715011552
0.9863118002540432
0.009781905013369396
0.530330417532241
0.2818033715011552
0.9863118002540432
0.009781905013369396
0.530330417532241
0.2818033715011552
0.9863118002540432
0.009781905013369396
0.530330417532241
0.2818033715011552
0.9863118002540432
0.009781905013369396
0.530330417532241
0.2818033715011552
0.9863118002540432
0.009781905013369396
0.530330417532241
0.2818033715011552
0.9863118002540432
0.009781905013369396
0.530330417532241
0.2818033715011552
0.9863118002540432
0.009781905013369396
0.530330417532241
0.2818033715011552
0.9863118002540432
0.009781905013369396
0.530330417532241
0.2818033715011552
0.9863118002540432
0.009781905013369396
0.530330417532241
0.2818033715011552
0.9863118002540432
0.009781905013369396
0.530330417532241
0.2818033715011552
0.9863118002540432
0.009781905013369396
0.530330417532241
0.2818033715011552
0.9863118002540432
0.009781905013369396
0.530330417532241
0.2818033715011552
0.9863118002540432
0.009781905013369396
0.530330417532241
0.2818033715011552
0.9863118002540432
0.009781905013369396
0.530330417532241
0.2818033715011552
0.9863118002540432
0.009781905013369396
0.530330417532241
0.2818033715011552
0.9863118002540432
0.009781905013369396
0.530330417532241
0.2818033715011552
0.9863118002540432
0.009781905013369396
0.530330417532241
0.2818033715011552
0.9863118002540432
0.009781905013369396
0.530330417532241
0.2818033715011552
0.9863118002540432
0.009781905013369396
0.530330417532241
0.2818033715011552
0.9863118002540432
0.009781905013369396
0.530330417532241
0.2818033715011552
0.9863118002540432
0.009781905013369396
0.530330417532241
0.2818033715011552
0.9863118002540432
0.009781905013369396
0.530330417532241
0.2818033715011552
0.9863118002540432
0.009781905013369396
0.530330417532241
0.2818033715011552
0.9863118002540432
0.009781905013369396
0.530330417532241
0.2818033715011552
0.9863118002540432
0.009781905013369396
0.530330417532241
0.2818033715011552
0.9863118002540432
0.009781905013369396
0.530330417532241
0.2818033715011552
0.9863118002540432
0.009781905013369396
0.530330417532241
0.2818033715011552
0.9863118002540432
0.009781905013369396
0.530330417532241
0.2818033715011552
0.9863118002540432
0.009781905013369396
0.530330417532241
0.2818033715011552
0.9863118002540432
0.009781905013369396
0.530330417532241
0.2818033715011552
0.9863118002540432
0.009781905013369396
0.530330417532241
0.2818033715011552
0.9863118002540432
0.009781905013369396
0.530330417532241
0.2818033715011552
0.9863118002540432
0.009781905013369396
0.530330417532241
0.2818033715011552
0.9863118002540432
0.009781905013369396
0.530330417532241
0.2818033715011552
0.9863118002540432
0.009781905013369396
0.530330417532241
0.2818033715011552
0.9863118002540432
0.009781905013369396
0.530330417532241
0.2818033715011552
0.9863118002540432
0.009781905013369396
0.530330417532241
0.2818033715011552
0.9863118002540432
0.009781905013369396
0.530330417532241
0.2818033715011552
0.9863118002540432
0.009781905013369396
0.530330417532241
0.2818033715011552
0.9863118002540432
0.009781905013369396
0.530330417532241
0.2818033715011552
0.9863118002540432
0.009781905013369396
0.530330417532241
0.2818033715011552
0.9863118002540432
0.009781905013369396
0.530330417532241
0.2818033715011552
0.9863118002540432
0.009781905013369396
0.530330417532241
0.2818033715011552
0.9863118002540432
0.009781905013369396
0.530330417532241
0.2818033715011552
0.9863118002540432
0.009781905013369396
0.530330417532241
0.2818033715011552
0.9863118002540432
0.009781905013369396
0.530330417532241
0.2818033715011552
