0.01414213562373095
0.0282842712474619
0.042426406871192854
0.0565685424949238
0.07071067811865475
0.08485281374238571
0.09899494936611666
0.1131370849898476
0.12727922061357855
0.1414213562373095
0.15556349186104046
0.16970562748477142
0.18384776310850237
0.19798989873223333
0.21213203435596426
0.2262741699796952
0.2404163056034262
0.25455844122715715
0.26870057685088816
0.2828427124746191
0.2969848480983501
0.3111269837220811
0.32526911934581204
0.339411254969543
0.35355339059327395
0.36769552621700496
0.3818376618407359
0.3959797974644669
0.4101219330881979
0.42426406871192884
0.4384062043356598
0.4525483399593908
0.46669047558312177
0.4808326112068527
0.49497474683058373
0.5091168824543147
0.5232590180780456
0.5374011537017767
0.5515432893255076
0.5656854249492386
0.5798275605729696
0.5939696961967005
0.6081118318204315
0.6222539674441625
0.6363961030678934
0.6505382386916244
0.6646803743153554
0.6788225099390863
0.6929646455628173
0.7071067811865483
0.7212489168102793
0.7353910524340103
0.7495331880577413
0.7636753236814722
0.7778174593052032
0.7919595949289342
0.8061017305526651
0.8202438661763961
0.8343860018001271
0.848528137423858
0.862670273047589
0.87681240867132
0.8909545442950509
0.905096679918782
0.919238815542513
0.9333809511662439
0.9475230867899749
0.9616652224137059
0.9758073580374368
0.9899494936611678
0.004091629284898772
0.018233764908629723
0.032375900532360675
0.046518036156091624
0.06066017177982257
0.07480230740355352
0.08894444302728448
0.10308657865101543
0.11722871427474638
0.13137084989847733
0.1455129855222083
0.15965512114593924
0.17379725676967017
0.18793939239340113
0.20208152801713208
0.216223663640863
0.230365799264594
0.24450793488832495
0.25865007051205596
0.2727922061357869
0.2869343417595179
0.30107647738324883
0.31521861300697984
0.3293607486307108
0.34350288425444175
0.35764501987817277
0.3717871555019037
0.3859292911256347
0.4000714267493657
0.41421356237309664
0.4283556979968276
0.4424978336205586
0.45663996924428957
0.4707821048680205
0.48492424049175153
0.4990663761154825
0.5132085117392134
0.5273506473629445
0.5414927829866754
0.5556349186104064
0.5697770542341374
0.5839191898578683
0.5980613254815993
0.6122034611053303
0.6263455967290612
0.6404877323527922
0.6546298679765232
0.6687720036002541
0.6829141392239851
0.6970562748477162
0.711198410471447
0.7253405460951781
0.7394826817189091
0.75362481734264
0.767766952966371
0.781909088590102
0.7960512242138329
0.8101933598375639
0.8243354954612949
0.8384776310850258
0.8526197667087568
0.8667619023324878
0.8809040379562187
0.8950461735799498
0.9091883092036808
0.9233304448274117
0.9374725804511427
0.9516147160748737
0.9657568516986046
0.9798989873223356
0.9940411229460666
0.008183258569797545
0.022325394193528497
0.036467529817259446
0.050609665440990395
0.06475180106472135
0.07889393668845229
0.09303607231218325
0.1071782079359142
0.12132034355964515
0.13546247918337612
0.14960461480710704
0.163746750430838
0.17788888605456896
0.1920310216782999
0.20617315730203087
0.2203152929257618
0.23445742854949275
0.24859956417322374
0.2627416997969547
0.2768838354206857
0.29102597104441663
0.30516810666814764
0.3193102422918786
0.33345237791560955
0.34759451353934057
0.3617366491630715
0.3758787847868025
0.3900209204105335
0.40416305603426445
0.4183051916579954
0.4324473272817264
0.44658946290545737
0.4607315985291883
0.47487373415291934
0.4890158697766503
0.5031580054003812
0.5173001410241123
0.5314422766478432
0.5455844122715742
0.5597265478953052
0.5738686835190361
0.5880108191427671
0.6021529547664981
0.616295090390229
0.63043722601396
0.644579361637691
0.6587214972614219
0.6728636328851529
0.687005768508884
0.7011479041326149
0.7152900397563459
0.7294321753800769
0.7435743110038078
0.7577164466275388
0.7718585822512698
0.7860007178750007
0.8001428534987317
0.8142849891224627
0.8284271247461936
0.8425692603699246
0.8567113959936556
0.8708535316173865
0.8849956672411176
0.8991378028648486
0.9132799384885795
0.9274220741123105
0.9415642097360415
0.9557063453597724
0.9698484809835034
0.9839906166072344
0.9981327522309653
0.012274887854696317
0.026417023478427268
0.04055915910215822
0.05470129472588917
0.06884343034962012
0.08298556597335108
0.09712770159708202
0.11126983722081298
0.12541197284454392
0.13955410846827487
0.15369624409200583
0.16783837971573679
0.18198051533946774
0.19612265096319867
0.21026478658692963
0.22440692221066055
0.23854905783439154
0.2526911934581225
0.2668333290818535
0.28097546470558443
0.29511760032931544
0.3092597359530464
0.32340187157677736
0.33754400720050837
0.3516861428242393
0.3658282784479703
0.3799704140717013
0.39411254969543225
0.4082546853191632
0.4223968209428942
0.43653895656662517
0.4506810921903561
0.46482322781408714
0.4789653634378181
0.49310749906154905
0.5072496346852801
0.521391770309011
0.535533905932742
0.549676041556473
0.5638181771802039
0.5779603128039349
0.5921024484276659
0.6062445840513968
0.6203867196751278
0.6345288552988588
0.6486709909225897
0.6628131265463207
0.6769552621700518
0.6910973977937827
0.7052395334175137
0.7193816690412447
0.7335238046649756
0.7476659402887066
0.7618080759124376
0.7759502115361685
0.7900923471598995
0.8042344827836305
0.8183766184073614
0.8325187540310924
0.8466608896548234
0.8608030252785543
0.8749451609022854
0.8890872965260164
0.9032294321497473
0.9173715677734783
0.9315137033972093
0.9456558390209402
0.9597979746446712
0.9739401102684022
0.9880822458921331
0.0022243815158641154
0.016366517139595065
0.030508652763326018
0.04465078838705697
0.05879292401078792
0.07293505963451886
0.08707719525824982
0.10121933088198078
0.11536146650571172
0.12950360212944267
0.14364573775317363
0.15778787337690459
0.17193000900063551
0.18607214462436647
0.20021428024809743
0.21435641587182835
0.22849855149555934
0.2426406871192903
0.2567828227430213
0.27092495836675223
0.28506709399048324
0.2992092296142142
0.31335136523794516
0.32749350086167617
0.3416356364854071
0.3557777721091381
0.3699199077328691
0.38406204335660005
0.398204178980331
0.412346314604062
0.42648845022779297
0.4406305858515239
0.45477272147525494
0.4689148570989859
0.48305699272271685
0.49719912834644786
0.5113412639701788
0.5254833995939098
0.5396255352176408
0.5537676708413717
0.5679098064651027
0.5820519420888337
0.5961940777125646
0.6103362133362956
0.6244783489600266
0.6386204845837575
0.6527626202074885
0.6669047558312196
0.6810468914549505
0.6951890270786815
0.7093311627024125
0.7234732983261434
0.7376154339498744
0.7517575695736054
0.7658997051973363
0.7800418408210673
0.7941839764447983
0.8083261120685292
0.8224682476922602
0.8366103833159912
0.8507525189397221
0.8648946545634532
0.8790367901871842
0.8931789258109151
0.9073210614346461
0.9214631970583771
0.935605332682108
0.949747468305839
0.96388960392957
0.9780317395533009
0.9921738751770319
0.006316010800762888
0.02045814642449384
0.03460028204822479
0.048742417671955744
0.0628845532956867
0.07702668891941765
0.09116882454314859
0.10531096016687955
0.11945309579061049
0.13359523141434146
0.1477373670380724
0.16187950266180334
0.1760216382855343
0.19016377390926525
0.2043059095329962
0.21844804515672714
0.2325901807804581
0.24673231640418908
0.26087445202792003
0.27501658765165105
0.289158723275382
0.30330085889911296
0.31744299452284397
0.3315851301465749
0.3457272657703059
0.3598694013940369
0.37401153701776785
0.3881536726414988
0.4022958082652298
0.41643794388896077
0.4305800795126917
0.4447222151364227
0.4588643507601537
0.47300648638388465
0.4871486220076156
0.5012907576313466
0.5154328932550776
0.5295750288788086
0.5437171645025395
0.5578593001262705
0.5720014357500015
0.5861435713737324
0.6002857069974634
0.6144278426211944
0.6285699782449253
0.6427121138686563
0.6568542494923874
0.6709963851161183
0.6851385207398493
0.6992806563635803
0.7134227919873112
0.7275649276110422
0.7417070632347732
0.7558491988585041
0.7699913344822351
0.7841334701059661
0.798275605729697
0.812417741353428
0.826559876977159
0.84070201260089
0.854844148224621
0.868986283848352
0.8831284194720829
0.8972705550958139
0.9114126907195449
0.9255548263432758
0.9396969619670068
0.9538390975907378
0.9679812332144687
0.9821233688381997
0.9962655044619307
0.01040764008566166
0.02454977570939261
0.03869191133312356
0.052834046956854515
0.06697618258058546
0.08111831820431642
0.09526045382804736
0.10940258945177832
0.12354472507550927
0.13768686069924022
0.15182899632297117
0.16597113194670213
0.18011326757043308
0.194255403194164
0.20839753881789497
0.2225396744416259
0.23668181006535688
0.25082394568908783
0.26496608131281885
0.2791082169365498
0.29325035256028076
0.30739248818401177
0.3215346238077427
0.3356767594314737
0.3498188950552047
0.36396103067893565
0.3781031663026666
0.39224530192639756
0.40638743755012857
0.4205295731738595
0.4346717087975905
0.4488138444213215
0.46295598004505245
0.4770981156687834
0.4912402512925144
0.5053823869162454
0.5195245225399764
0.5336666581637073
0.5478087937874383
0.5619509294111693
0.5760930650349002
0.5902352006586312
0.6043773362823622
0.6185194719060931
0.6326616075298241
0.6468037431535552
0.6609458787772861
0.6750880144010171
0.6892301500247481
0.703372285648479
0.71751442127221
0.731656556895941
0.7457986925196719
0.7599408281434029
0.7740829637671339
0.7882250993908648
0.8023672350145958
0.8165093706383268
0.8306515062620577
0.8447936418857888
0.8589357775095198
0.8730779131332507
0.8872200487569817
0.9013621843807127
0.9155043200044436
0.9296464556281746
0.9437885912519056
0.9579307268756365
0.9720728624993675
0.9862149981230984
0.00035713374682945867
0.01449926937056041
0.02864140499429136
0.04278354061802231
0.056925676241753265
0.07106781186548422
0.08520994748921516
0.09935208311294612
0.11349421873667706
0.12763635436040802
0.14177848998413897
0.15592062560786993
0.17006276123160088
0.1842048968553318
0.19834703247906277
0.2124891681027937
0.22663130372652468
0.24077343935025564
0.25491557497398665
0.2690577105977176
0.28319984622144856
0.29734198184517957
0.3114841174689105
0.3256262530926415
0.33976838871637244
0.35391052434010345
0.3680526599638344
0.38219479558756536
0.3963369312112964
0.41047906683502733
0.4246212024587583
0.4387633380824893
0.45290547370622025
0.4670476093299512
0.4811897449536822
0.4953318805774132
0.5094740162011442
0.5236161518248751
0.5377582874486061
0.5519004230723371
0.566042558696068
0.580184694319799
0.59432682994353
0.6084689655672609
0.622611101190992
0.636753236814723
0.6508953724384539
0.6650375080621849
0.6791796436859159
0.6933217793096468
0.7074639149333778
0.7216060505571088
0.7357481861808397
0.7498903218045707
0.7640324574283017
0.7781745930520326
0.7923167286757636
0.8064588642994946
0.8206009999232255
0.8347431355469566
0.8488852711706876
0.8630274067944185
0.8771695424181495
0.8913116780418805
0.9054538136656114
0.9195959492893424
0.9337380849130733
0.9478802205368043
0.9620223561605353
0.9761644917842662
0.9903066274079972
0.004448763031728231
0.01859089865545918
0.03273303427919013
0.046875169902921086
0.061017305526652035
0.07515944115038299
0.08930157677411393
0.10344371239784489
0.11758584802157585
0.1317279836453068
0.14587011926903773
0.16001225489276868
0.17415439051649964
0.1882965261402306
0.20243866176396155
0.21658079738769248
0.23072293301142344
0.24486506863515442
0.2590072042588854
0.27314933988261636
0.2872914755063473
0.3014336111300783
0.3155757467538093
0.32971788237754024
0.34386001800127125
0.3580021536250022
0.37214428924873316
0.3862864248724642
0.40042856049619513
0.4145706961199261
0.4287128317436571
0.44285496736738805
0.456997102991119
0.47113923861485
0.485281374238581
0.49942350986231193
0.5135656454860429
0.5277077811097739
0.5418499167335049
0.5559920523572358
0.5701341879809668
0.5842763236046978
0.5984184592284287
0.6125605948521597
0.6267027304758908
0.6408448660996217
0.6549870017233527
0.6691291373470837
0.6832712729708146
0.6974134085945456
0.7115555442182766
0.7256976798420075
0.7398398154657385
0.7539819510894695
0.7681240867132004
0.7822662223369314
0.7964083579606624
0.8105504935843934
0.8246926292081244
0.8388347648318554
0.8529769004555863
0.8671190360793173
0.8812611717030482
0.8954033073267792
0.9095454429505102
0.9236875785742411
0.9378297141979721
0.9519718498217031
0.966113985445434
0.980256121069165
0.994398256692896
0.008540392316627003
0.022682527940357956
0.03682466356408891
0.05096679918781986
0.0651089348115508
0.07925107043528176
0.0933932060590127
0.10753534168274366
0.12167747730647462
0.13581961293020556
0.1499617485539365
0.16410388417766747
0.17824601980139843
0.19238815542512935
0.2065302910488603
0.22067242667259124
0.23481456229632222
0.2489566979200532
0.26309883354378416
0.2772409691675151
0.29138310479124613
0.3055252404149771
0.31966737603870804
0.33380951166243905
0.34795164728617
0.36209378290990096
0.376235918533632
0.39037805415736293
0.4045201897810939
0.4186623254048249
0.43280446102855585
0.4469465966522868
0.4610887322760178
0.4752308678997488
0.48937300352347973
0.5035151391472107
0.5176572747709417
0.5317994103946727
0.5459415460184036
0.5600836816421346
0.5742258172658656
0.5883679528895965
0.6025100885133275
0.6166522241370586
0.6307943597607895
0.6449364953845205
0.6590786310082515
0.6732207666319824
0.6873629022557134
0.7015050378794444
0.7156471735031753
0.7297893091269063
0.7439314447506373
0.7580735803743682
0.7722157159980992
0.7863578516218303
0.8004999872455612
0.8146421228692922
0.8287842584930231
0.8429263941167541
0.8570685297404851
0.871210665364216
0.885352800987947
0.899494936611678
0.9136370722354089
0.9277792078591399
0.9419213434828709
0.9560634791066018
0.9702056147303328
0.9843477503540639
0.9984898859777948
0.012632021601525776
0.026774157225256726
0.04091629284898768
0.05505842847271863
0.06920056409644958
0.08334269972018053
0.09748483534391149
0.11162697096764243
0.1257691065913734
0.13991124221510434
0.1540533778388353
0.16819551346256623
0.18233764908629718
0.19647978471002814
0.2106219203337591
0.22476405595749002
0.23890619158122098
0.25304832720495196
0.2671904628286829
0.28133259845241393
0.2954747340761449
0.30961686969987584
0.32375900532360685
0.3379011409473378
0.35204327657106876
0.3661854121947998
0.38032754781853073
0.3944696834422617
0.4086118190659927
0.42275395468972365
0.4368960903134546
0.4510382259371856
0.4651803615609166
0.47932249718464753
0.49346463280837854
0.5076067684321095
0.5217489040558405
0.5358910396795714
0.5500331753033024
0.5641753109270334
0.5783174465507643
0.5924595821744953
0.6066017177982264
0.6207438534219573
0.6348859890456883
0.6490281246694193
0.6631702602931502
0.6773123959168812
0.6914545315406122
0.7055966671643431
0.7197388027880741
0.7338809384118051
0.748023074035536
0.762165209659267
0.7763073452829979
0.790449480906729
0.80459161653046
0.8187337521541909
0.8328758877779219
0.8470180234016529
0.8611601590253838
0.8753022946491148
0.8894444302728458
0.9035865658965767
0.9177287015203077
0.9318708371440387
0.9460129727677696
0.9601551083915006
0.9742972440152317
0.9884393796389626
0.0025815152626935743
0.016723650886424524
0.030865786510155476
0.04500792213388643
0.05915005775761738
0.07329219338134833
0.08743432900507928
0.10157646462881023
0.11571860025254119
0.12986073587627214
0.14400287150000307
0.15814500712373403
0.17228714274746498
0.18642927837119594
0.2005714139949269
0.21471354961865782
0.22885568524238878
0.24299782086611976
0.2571399564898507
0.27128209211358173
0.2854242277373127
0.29956636336104364
0.31370849898477465
0.3278506346085056
0.34199277023223656
0.3561349058559676
0.37027704147969853
0.3844191771034295
0.3985613127271605
0.41270344835089146
0.4268455839746224
0.4409877195983534
0.4551298552220844
0.46927199084581533
0.4834141264695463
0.4975562620932773
0.5116983977170083
0.5258405333407392
0.5399826689644702
0.5541248045882012
0.5682669402119321
0.5824090758356631
0.5965512114593942
0.6106933470831251
0.6248354827068561
0.6389776183305871
0.653119753954318
0.667261889578049
0.6814040252017799
0.6955461608255109
0.7096882964492419
0.7238304320729728
0.7379725676967038
0.7521147033204348
0.7662568389441657
0.7803989745678968
0.7945411101916278
0.8086832458153587
0.8228253814390897
0.8369675170628207
0.8511096526865516
0.8652517883102826
0.8793939239340136
0.8935360595577445
0.9076781951814755
0.9218203308052065
0.9359624664289374
0.9501046020526684
0.9642467376763995
0.9783888733001304
0.9925310089238614
0.006673144547592346
0.020815280171323298
0.03495741579505425
0.0490995514187852
0.06324168704251615
0.0773838226662471
0.09152595828997805
0.105668093913709
0.11981022953743996
0.1339523651611709
0.14809450078490186
0.1622366364086328
0.17637877203236377
0.19052090765609472
0.20466304327982565
0.21880517890355658
0.23294731452728756
0.24708945015101855
0.26123158577474953
0.2753737213984805
0.28951585702221144
0.30365799264594245
0.3178001282696734
0.33194226389340437
0.3460843995171354
0.36022653514086633
0.3743686707645973
0.3885108063883283
0.40265294201205926
0.4167950776357902
0.43093721325952117
0.4450793488832522
0.45922148450698314
0.4733636201307141
0.4875057557544451
0.5016478913781761
0.515790027001907
0.529932162625638
0.544074298249369
0.5582164338730999
0.572358569496831
0.586500705120562
0.6006428407442929
0.6147849763680239
0.6289271119917548
0.6430692476154858
0.6572113832392168
0.6713535188629477
0.6854956544866787
0.6996377901104097
0.7137799257341406
0.7279220613578716
0.7420641969816026
0.7562063326053335
0.7703484682290646
0.7844906038527956
0.7986327394765265
0.8127748751002575
0.8269170107239885
0.8410591463477194
0.8552012819714504
0.8693434175951814
0.8834855532189123
0.8976276888426433
0.9117698244663743
0.9259119600901052
0.9400540957138362
0.9541962313375673
0.9683383669612982
0.9824805025850292
0.9966226382087602
0.01076477383249112
0.02490690945622207
0.03904904507995302
0.05319118070368397
0.06733331632741492
0.08147545195114587
0.09561758757487683
0.10975972319860777
0.12390185882233873
0.13804399444606968
0.15218613006980064
0.16632826569353157
0.18047040131726252
0.19461253694099348
0.20875467256472444
0.22289680818845536
0.23703894381218635
0.25118107943591733
0.2653232150596483
0.27946535068337924
0.29360748630711025
0.3077496219308412
0.32189175755457217
0.3360338931783032
0.35017602880203413
0.3643181644257651
0.37846030004949605
0.39260243567322706
0.406744571296958
0.42088670692068897
0.43502884254442
0.44917097816815094
0.4633131137918819
0.4774552494156129
0.49159738503934386
0.5057395206630748
0.5198816562868058
0.5340237919105368
0.5481659275342677
0.5623080631579987
0.5764501987817297
0.5905923344054607
0.6047344700291917
0.6188766056529226
0.6330187412766536
0.6471608769003846
0.6613030125241155
0.6754451481478465
0.6895872837715775
0.7037294193953084
0.7178715550190394
0.7320136906427704
0.7461558262665013
0.7602979618902324
0.7744400975139634
0.7885822331376943
0.8027243687614253
0.8168665043851563
0.8310086400088872
0.8451507756326182
0.8592929112563492
0.8734350468800801
0.8875771825038111
0.9017193181275421
0.915861453751273
0.930003589375004
0.9441457249987351
0.958287860622466
0.972429996246197
0.986572131869928
0.0007142674936589173
0.014856403117389868
0.02899853874112082
0.04314067436485177
0.05728280998858272
0.07142494561231368
0.08556708123604462
0.09970921685977557
0.11385135248350653
0.12799348810723749
0.14213562373096844
0.15627775935469937
0.17041989497843033
0.18456203060216128
0.19870416622589224
0.21284630184962317
0.22698843747335412
0.2411305730970851
0.2552727087208161
0.26941484434454704
0.28355697996827806
0.297699115592009
0.31184125121573997
0.3259833868394709
0.34012552246320193
0.3542676580869329
0.36840979371066385
0.38255192933439486
0.3966940649581258
0.41083620058185677
0.4249783362055878
0.43912047182931874
0.4532626074530497
0.4674047430767807
0.48154687870051166
0.4956890143242426
0.5098311499479736
0.5239732855717045
0.5381154211954355
0.5522575568191666
0.5663996924428975
0.5805418280666285
0.5946839636903595
0.6088260993140904
0.6229682349378214
0.6371103705615524
0.6512525061852833
0.6653946418090143
0.6795367774327453
0.6936789130564762
0.7078210486802072
0.7219631843039382
0.7361053199276691
0.7502474555514002
0.7643895911751312
0.7785317267988621
0.7926738624225931
0.8068159980463241
0.820958133670055
0.835100269293786
0.849242404917517
0.8633845405412479
0.8775266761649789
0.8916688117887099
0.9058109474124408
0.9199530830361718
0.9340952186599029
0.9482373542836338
0.9623794899073648
0.9765216255310958
0.9906637611548267
0.004805896778557689
0.01894803240228864
0.03309016802601959
0.04723230364975054
0.06137443927348149
0.07551657489721245
0.0896587105209434
0.10380084614467434
0.1179429817684053
0.13208511739213624
0.1462272530158672
0.16036938863959815
0.1745115242633291
0.18865365988706007
0.202795795510791
0.21693793113452192
0.2310800667582529
0.2452222023819839
0.25936433800571485
0.2735064736294458
0.2876486092531768
0.30179074487690777
0.3159328805006387
0.33007501612436974
0.3442171517481007
0.35835928737183165
0.37250142299556266
0.3866435586192936
0.40078569424302457
0.4149278298667556
0.42906996549048654
0.4432121011142175
0.4573542367379485
0.47149637236167946
0.4856385079854104
0.49978064360914143
0.5139227792328723
0.5280649148566033
0.5422070504803344
0.5563491861040653
0.5704913217277963
0.5846334573515273
0.5987755929752582
0.6129177285989892
0.6270598642227202
0.6412019998464511
0.6553441354701821
0.6694862710939131
0.683628406717644
0.697770542341375
0.711912677965106
0.726054813588837
0.740196949212568
0.754339084836299
0.7684812204600299
0.7826233560837609
0.7967654917074919
0.8109076273312228
0.8250497629549538
0.8391918985786848
0.8533340342024157
0.8674761698261467
0.8816183054498777
0.8957604410736086
0.9099025766973396
0.9240447123210707
0.9381868479448016
0.9523289835685326
0.9664711191922636
0.9806132548159945
0.9947553904397255
0.008897526063456462
0.023039661687187414
0.03718179731091836
0.05132393293464931
0.06546606855838026
0.07960820418211122
0.09375033980584217
0.10789247542957311
0.12203461105330407
0.13617674667703503
0.15031888230076598
0.1644610179244969
0.17860315354822787
0.19274528917195882
0.20688742479568978
0.2210295604194207
0.2351716960431517
0.24931383166688265
0.2634559672906136
0.2775981029143446
0.29174023853807557
0.3058823741618065
0.32002450978553754
0.3341666454092685
0.34830878103299945
0.36245091665673046
0.3765930522804614
0.39073518790419237
0.4048773235279234
0.41901945915165434
0.4331615947753853
0.4473037303991163
0.46144586602284726
0.4755880016465782
0.48973013727030923
0.5038722728940401
0.5180144085177711
0.5321565441415022
0.546298679765233
0.5604408153889641
0.5745829510126951
0.588725086636426
0.602867222260157
0.617009357883888
0.6311514935076189
0.6452936291313499
0.6594357647550809
0.6735779003788118
0.6877200360025428
0.7018621716262738
0.7160043072500047
0.7301464428737358
0.7442885784974668
0.7584307141211977
0.7725728497449287
0.7867149853686597
0.8008571209923906
0.8149992566161216
0.8291413922398526
0.8432835278635835
0.8574256634873145
0.8715677991110455
0.8857099347347764
0.8998520703585074
0.9139942059822385
0.9281363416059694
0.9422784772297004
0.9564206128534314
0.9705627484771623
0.9847048841008933
0.9988470197246243
0.012989155348355234
0.027131290972086185
0.041273426595817134
0.05541556221954809
0.06955769784327903
0.08369983346700999
0.09784196909074094
0.11198410471447189
0.12612624033820286
0.14026837596193378
0.15441051158566474
0.1685526472093957
0.18269478283312665
0.1968369184568576
0.21097905408058854
0.22512118970431946
0.23926332532805045
0.2534054609517814
0.2675475965755124
0.28168973219924337
0.2958318678229743
0.30997400344670534
0.3241161390704363
0.33825827469416725
0.35240041031789826
0.3665425459416292
0.3806846815653602
0.3948268171890912
0.40896895281282214
0.4231110884365531
0.4372532240602841
0.45139535968401506
0.465537495307746
0.47967963093147703
0.493821766555208
0.5079639021789389
0.52210603780267
0.5362481734264009
0.5503903090501319
0.5645324446738629
0.5786745802975938
0.5928167159213248
0.6069588515450558
0.6211009871687867
0.6352431227925177
0.6493852584162487
0.6635273940399796
0.6776695296637106
0.6918116652874416
0.7059538009111725
0.7200959365349036
0.7342380721586346
0.7483802077823655
0.7625223434060965
0.7766644790298275
0.7908066146535584
0.8049487502772894
0.8190908859010204
0.8332330215247513
0.8473751571484823
0.8615172927722133
0.8756594283959442
0.8898015640196753
0.9039436996434063
0.9180858352671372
0.9322279708908682
0.9463701065145992
0.9605122421383301
0.9746543777620611
0.9887965133857921
0.0029386490095230327
0.017080784633253986
0.031222920256984935
0.045365055880715884
0.05950719150444684
0.07364932712817779
0.08779146275190874
0.10193359837563969
0.11607573399937064
0.13021786962310158
0.14436000524683254
0.1585021408705635
0.17264427649429445
0.1867864121180254
0.20092854774175634
0.21507068336548726
0.22921281898921825
0.24335495461294923
0.2574970902366802
0.27163922586041117
0.2857813614841421
0.29992349710787314
0.3140656327316041
0.32820776835533505
0.34234990397906606
0.356492039602797
0.370634175226528
0.384776310850259
0.39891844647398994
0.4130605820977209
0.4272027177214519
0.44134485334518286
0.4554869889689138
0.4696291245926448
0.4837712602163758
0.49791339584010674
0.5120555314638378
0.5261976670875687
0.5403398027112997
0.5544819383350307
0.5686240739587616
0.5827662095824926
0.5969083452062236
0.6110504808299545
0.6251926164536855
0.6393347520774165
0.6534768877011474
0.6676190233248784
0.6817611589486094
0.6959032945723403
0.7100454301960714
0.7241875658198024
0.7383297014435333
0.7524718370672643
0.7666139726909953
0.7807561083147262
0.7948982439384572
0.8090403795621882
0.8231825151859191
0.8373246508096501
0.8514667864333811
0.865608922057112
0.879751057680843
0.8938931933045741
0.908035328928305
0.922177464552036
0.936319600175767
0.9504617357994979
0.9646038714232289
0.9787460070469599
0.9928881426706908
0.0070302782944218056
0.021172413918152756
0.035314549541883705
0.04945668516561466
0.0635988207893456
0.07774095641307656
0.09188309203680751
0.10602522766053846
0.12016736328426941
0.13430949890800037
0.14845163453173132
0.16259377015546225
0.1767359057791932
0.19087804140292416
0.20502017702665512
0.21916231265038605
0.23330444827411703
0.247446583897848
0.26158871952157897
0.2757308551453099
0.28987299076904094
0.3040151263927719
0.31815726201650285
0.33229939764023386
0.3464415332639648
0.3605836688876958
0.3747258045114268
0.38886794013515774
0.4030100757588887
0.41715221138261965
0.43129434700635066
0.4454364826300816
0.4595786182538126
0.4737207538775436
0.48786288950127454
0.5020050251250056
0.5161471607487365
0.5302892963724675
0.5444314319961985
0.5585735676199294
0.5727157032436604
0.5868578388673914
0.6009999744911223
0.6151421101148533
0.6292842457385843
0.6434263813623152
0.6575685169860462
0.6717106526097772
0.6858527882335081
0.6999949238572392
0.7141370594809702
0.7282791951047011
0.7424213307284321
0.7565634663521631
0.770705601975894
0.784847737599625
0.798989873223356
0.8131320088470869
0.8272741444708179
0.8414162800945489
0.8555584157182798
0.8697005513420109
0.8838426869657419
0.8979848225894728
0.9121269582132038
0.9262690938369348
0.9404112294606657
0.9545533650843967
0.9686955007081277
0.9828376363318586
0.9969797719555896
0.011121907579320578
0.025264043203051527
0.03940617882678248
0.05354831445051343
0.06769045007424439
0.08183258569797533
0.09597472132170629
0.11011685694543724
0.12425899256916818
0.13840112819289913
0.15254326381663008
0.16668539944036104
0.180827535064092
0.19496967068782295
0.2091118063115539
0.22325394193528483
0.2373960775590158
0.2515382131827468
0.26568034880647773
0.27982248443020874
0.2939646200539397
0.30810675567767065
0.32224889130140166
0.3363910269251326
0.3505331625488636
0.36467529817259453
0.37881743379632554
0.3929595694200565
0.40710170504378745
0.42124384066751847
0.4353859762912494
0.4495281119149804
0.4636702475387114
0.47781238316244234
0.4919545187861733
0.5060966544099043
0.5202387900336353
0.5343809256573663
0.5485230612810972
0.5626651969048282
0.5768073325285592
0.5909494681522901
0.6050916037760211
0.6192337393997521
0.633375875023483
0.647518010647214
0.661660146270945
0.675802281894676
0.689944417518407
0.704086553142138
0.7182286887658689
0.7323708243895999
0.7465129600133309
0.7606550956370618
0.7747972312607928
0.7889393668845238
0.8030815025082547
0.8172236381319857
0.8313657737557167
0.8455079093794476
0.8596500450031787
0.8737921806269097
0.8879343162506406
0.9020764518743716
0.9162185874981026
0.9303607231218335
0.9445028587455645
0.9586449943692954
0.9727871299930264
0.9869292656167574
0.001071401240488376
0.015213536864219328
0.029355672487950277
0.043497808111681226
0.05763994373541218
0.07178207935914313
0.08592421498287409
0.10006635060660503
0.11420848623033598
0.12835062185406693
0.14249275747779788
0.15663489310152884
0.1707770287252598
0.18491916434899075
0.19906129997272168
0.2132034355964526
0.2273455712201836
0.24148770684391457
0.25562984246764553
0.26977197809137654
0.2839141137151075
0.29805624933883845
0.3121983849625694
0.3263405205863004
0.3404826562100314
0.35462479183376233
0.36876692745749334
0.3829090630812243
0.39705119870495525
0.41119333432868627
0.4253354699524172
0.4394776055761482
0.4536197411998792
0.46776187682361015
0.4819040124473411
0.4960461480710721
0.5101882836948031
0.5243304193185341
0.538472554942265
0.552614690565996
0.566756826189727
0.5808989618134579
0.5950410974371889
0.6091832330609199
0.6233253686846508
0.6374675043083818
0.6516096399321128
0.6657517755558437
0.6798939111795748
0.6940360468033058
0.7081781824270367
0.7223203180507677
0.7364624536744987
0.7506045892982296
0.7647467249219606
0.7788888605456916
0.7930309961694225
0.8071731317931535
0.8213152674168845
0.8354574030406154
0.8495995386643465
0.8637416742880775
0.8778838099118084
0.8920259455355394
0.9061680811592703
0.9203102167830013
0.9344523524067323
0.9485944880304632
0.9627366236541942
0.9768787592779252
0.9910208949016561
0.005163030525387149
0.0193051661491181
0.03344730177284905
0.04758943739658
0.06173157302031095
0.0758737086440419
0.09001584426777286
0.1041579798915038
0.11830011551523475
0.1324422511389657
0.14658438676269667
0.16072652238642762
0.17486865801015855
0.1890107936338895
0.20315292925762046
0.2172950648813514
0.23143720050508237
0.24557933612881333
0.2597214717525443
0.2738636073762753
0.28800574300000625
0.3021478786237372
0.3162900142474682
0.3304321498711992
0.34457428549493013
0.35871642111866114
0.3728585567423921
0.38700069236612306
0.40114282798985407
0.415284963613585
0.429427099237316
0.443569234861047
0.45771137048477795
0.4718535061085089
0.4859956417322399
0.5001377773559709
0.5142799129797019
0.5284220486034328
0.5425641842271638
0.5567063198508948
0.5708484554746257
0.5849905910983567
0.5991327267220877
0.6132748623458186
0.6274169979695496
0.6415591335932807
0.6557012692170116
0.6698434048407426
0.6839855404644736
0.6981276760882045
0.7122698117119355
0.7264119473356665
0.7405540829593974
0.7546962185831284
0.7688383542068594
0.7829804898305903
0.7971226254543213
0.8112647610780523
0.8254068967017832
0.8395490323255143
0.8536911679492452
0.8678333035729762
0.8819754391967072
0.8961175748204381
0.9102597104441691
0.9244018460679001
0.938543981691631
0.952686117315362
0.966828252939093
0.9809703885628239
0.9951125241865549
0.00925465981028592
0.023396795434016873
0.037538931057747825
0.051681066681478774
0.06582320230520973
0.07996533792894067
0.09410747355267163
0.10824960917640258
0.12239174480013353
0.13653388042386447
0.15067601604759542
0.16481815167132638
0.17896028729505734
0.1931024229187883
0.20724455854251925
0.22138669416625018
0.23552882978998113
0.24967096541371211
0.2638131010374431
0.27795523666117405
0.292097372284905
0.306239507908636
0.320381643532367
0.33452377915609793
0.34866591477982894
0.3628080504035599
0.37695018602729086
0.39109232165102187
0.4052344572747528
0.4193765928984838
0.4335187285222148
0.44766086414594575
0.4618029997696767
0.4759451353934077
0.49008727101713867
0.5042294066408697
0.5183715422646006
0.5325136778883316
0.5466558135120626
0.5607979491357935
0.5749400847595245
0.5890822203832555
0.6032243560069864
0.6173664916307174
0.6315086272544485
0.6456507628781794
0.6597928985019104
0.6739350341256414
0.6880771697493723
0.7022193053731033
0.7163614409968343
0.7305035766205652
0.7446457122442962
0.7587878478680272
0.7729299834917581
0.7870721191154891
0.80121425473922
0.815356390362951
0.8294985259866821
0.843640661610413
0.857782797234144
0.871924932857875
0.8860670684816059
0.9002092041053369
0.9143513397290679
0.9284934753527988
0.9426356109765298
0.9567777466002608
0.9709198822239917
0.9850620178477227
0.9992041534714537
0.013346289095184692
0.027488424718915643
0.041630560342646596
0.055772695966377545
0.0699148315901085
0.08405696721383944
0.0981991028375704
0.11234123846130135
0.1264833740850323
0.14062550970876325
0.1547676453324942
0.16890978095622516
0.1830519165799561
0.19719405220368705
0.211336187827418
0.22547832345114893
0.23962045907487992
0.2537625946986109
0.26790473032234186
0.2820468659460728
0.2961890015698038
0.3103311371935348
0.32447327281726573
0.33861540844099675
0.3527575440647277
0.36689967968845866
0.38104181531218967
0.3951839509359206
0.4093260865596516
0.4234682221833826
0.43761035780711355
0.4517524934308445
0.4658946290545755
0.48003676467830647
0.4941789003020374
0.5083210359257684
0.5224631715494994
0.5366053071732304
0.5507474427969613
0.5648895784206923
0.5790317140444233
0.5931738496681542
0.6073159852918852
0.6214581209156163
0.6356002565393472
0.6497423921630782
0.6638845277868092
0.6780266634105401
0.6921687990342711
0.706310934658002
0.720453070281733
0.734595205905464
0.7487373415291949
0.7628794771529259
0.7770216127766569
0.7911637484003878
0.8053058840241188
0.8194480196478499
0.8335901552715808
0.8477322908953118
0.8618744265190428
0.8760165621427737
0.8901586977665047
0.9043008333902357
0.9184429690139666
0.9325851046376976
0.9467272402614286
0.9608693758851595
0.9750115115088905
0.9891536471326215
0.0032957827563524916
0.017437918380083444
0.031580054003814396
0.045722189627545345
0.059864325251276294
0.07400646087500724
0.0881485964987382
0.10229073212246916
0.1164328677462001
0.13057500336993105
0.144717138993662
0.15885927461739296
0.1730014102411239
0.18714354586485485
0.2012856814885858
0.21542781711231673
0.22956995273604772
0.24371208835977867
0.25785422398350966
0.2719963596072406
0.2861384952309716
0.3002806308547026
0.31442276647843354
0.32856490210216455
0.3427070377258955
0.35684917334962646
0.37099130897335747
0.3851334445970884
0.3992755802208194
0.4134177158445504
0.42755985146828135
0.4417019870920123
0.45584412271574326
0.46998625833947427
0.48412839396320523
0.4982705295869362
0.5124126652106672
0.5265548008343982
0.5406969364581291
0.5548390720818601
0.5689812077055911
0.583123343329322
0.597265478953053
0.611407614576784
0.625549750200515
0.639691885824246
0.6538340214479769
0.6679761570717079
0.6821182926954389
0.6962604283191698
0.7104025639429008
0.7245446995666318
0.7386868351903627
0.7528289708140937
0.7669711064378247
0.7811132420615556
0.7952553776852866
0.8093975133090177
0.8235396489327486
0.8376817845564796
0.8518239201802106
0.8659660558039415
0.8801081914276725
0.8942503270514035
0.9083924626751344
0.9225345982988654
0.9366767339225964
0.9508188695463273
0.9649610051700583
0.9791031407937894
0.9932452764175203
0.007387412041251264
0.021529547664982215
0.03567168328871317
0.049813818912444116
0.06395595453617507
0.07809809015990601
0.09224022578363697
0.10638236140736793
0.12052449703109887
0.1346666326548298
0.14880876827856077
0.16295090390229172
0.17709303952602268
0.19123517514975363
0.2053773107734846
0.21951944639721552
0.23366158202094647
0.24780371764467746
0.2619458532684084
0.2760879888921394
0.2902301245158704
0.30437226013960134
0.31851439576333235
0.3326565313870633
0.34679866701079426
0.36094080263452527
0.3750829382582562
0.3892250738819872
0.40336720950571814
0.41750934512944915
0.4316514807531801
0.44579361637691106
0.4599357520006421
0.47407788762437303
0.488220023248104
0.502362158871835
0.516504294495566
0.5306464301192969
0.5447885657430279
0.5589307013667589
0.5730728369904898
0.5872149726142208
0.6013571082379517
0.6154992438616828
0.6296413794854138
0.6437835151091447
0.6579256507328757
0.6720677863566067
0.6862099219803376
0.7003520576040686
0.7144941932277996
0.7286363288515305
0.7427784644752615
0.7569206000989925
0.7710627357227234
0.7852048713464544
0.7993470069701855
0.8134891425939164
0.8276312782176474
0.8417734138413784
0.8559155494651093
0.8700576850888403
0.8841998207125713
0.8983419563363022
0.9124840919600332
0.9266262275837642
0.9407683632074951
0.9549104988312261
0.9690526344549572
0.983194770078688
0.9973369057024191
0.011479041326150036
0.02562117694988099
0.03976331257361194
0.05390544819734289
0.06804758382107384
0.08218971944480478
0.09633185506853574
0.1104739906922667
0.12461612631599764
0.1387582619397286
0.15290039756345955
0.1670425331871905
0.18118466881092146
0.1953268044346524
0.20946894005838335
0.22361107568211427
0.23775321130584526
0.2518953469295762
0.2660374825533072
0.2801796181770382
0.29432175380076914
0.30846388942450015
0.3226060250482311
0.33674816067196206
0.350890296295693
0.365032431919424
0.379174567543155
0.39331670316688594
0.40745883879061695
0.4216009744143479
0.43574311003807886
0.4498852456618099
0.46402738128554083
0.4781695169092718
0.4923116525330028
0.5064537881567338
0.5205959237804647
0.5347380594041957
0.5488801950279266
0.5630223306516576
0.5771644662753886
0.5913066018991195
0.6054487375228506
0.6195908731465816
0.6337330087703125
0.6478751443940435
0.6620172800177745
0.6761594156415054
0.6903015512652364
0.7044436868889674
0.7185858225126983
0.7327279581364293
0.7468700937601603
0.7610122293838912
0.7751543650076222
0.7892965006313533
0.8034386362550842
0.8175807718788152
0.8317229075025462
0.8458650431262771
0.8600071787500081
0.8741493143737391
0.88829144999747
0.902433585621201
0.916575721244932
0.9307178568686629
0.9448599924923939
0.959002128116125
0.9731442637398559
0.9872863993635869
0.0014285349873178347
0.015570670611048786
0.029712806234779735
0.04385494185851069
0.05799707748224164
0.07213921310597259
0.08628134872970354
0.1004234843534345
0.11456561997716544
0.1287077556008964
0.14284989122462735
0.1569920268483583
0.17113416247208924
0.1852762980958202
0.19941843371955115
0.21356056934328208
0.22770270496701306
0.24184484059074401
0.255986976214475
0.270129111838206
0.28427124746193694
0.2984133830856679
0.3125555187093989
0.32669765433312986
0.3408397899568608
0.35498192558059183
0.3691240612043228
0.38326619682805374
0.39740833245178475
0.4115504680755157
0.42569260369924666
0.4398347393229777
0.45397687494670863
0.4681190105704396
0.4822611461941706
0.49640328181790155
0.5105454174416325
0.5246875530653635
0.5388296886890944
0.5529718243128254
0.5671139599365564
0.5812560955602873
0.5953982311840184
0.6095403668077494
0.6236825024314803
0.6378246380552113
0.6519667736789423
0.6661089093026732
0.6802510449264042
0.6943931805501352
0.7085353161738661
0.7226774517975971
0.7368195874213281
0.750961723045059
0.76510385866879
0.7792459942925211
0.793388129916252
0.807530265539983
0.821672401163714
0.8358145367874449
0.8499566724111759
0.8640988080349069
0.8782409436586378
0.8923830792823688
0.9065252149060998
0.9206673505298307
0.9348094861535617
0.9489516217772928
0.9630937574010237
0.9772358930247547
0.9913780286484857
0.005520164272216607
0.019662299895947557
0.03380443551967851
0.04794657114340946
0.062088706767140414
0.07623084239087136
0.09037297801460231
0.10451511363833327
0.11865724926206421
0.13279938488579518
0.1469415205095261
0.16108365613325706
0.17522579175698802
0.18936792738071898
0.20351006300444993
0.21765219862818086
0.23179433425191182
0.2459364698756428
0.2600786054993738
0.27422074112310474
0.2883628767468357
0.3025050123705667
0.31664714799429766
0.3307892836180286
0.34493141924175963
0.3590735548654906
0.37321569048922154
0.38735782611295255
0.4014999617366835
0.41564209736041446
0.4297842329841455
0.44392636860787643
0.4580685042316074
0.4722106398553384
0.48635277547906935
0.5004949111028003
0.5146370467265313
0.5287791823502622
0.5429213179739932
0.5570634535977242
0.5712055892214551
0.5853477248451862
0.5994898604689172
0.6136319960926481
0.6277741317163791
0.6419162673401101
0.656058402963841
0.670200538587572
0.684342674211303
0.6984848098350339
0.7126269454587649
0.7267690810824959
0.7409112167062268
0.7550533523299578
0.7691954879536889
0.7833376235774198
0.7974797592011508
0.8116218948248818
0.8257640304486127
0.8399061660723437
0.8540483016960747
0.8681904373198056
0.8823325729435366
0.8964747085672676
0.9106168441909985
0.9247589798147295
0.9389011154384606
0.9530432510621915
0.9671853866859225
0.9813275223096535
0.9954696579333844
0.009611793557115379
0.02375392918084633
0.03789606480457728
0.052038200428308236
0.06618033605203918
0.08032247167577014
0.09446460729950108
0.10860674292323204
0.12274887854696298
0.13689101417069394
0.1510331497944249
0.16517528541815585
0.1793174210418868
0.19345955666561773
0.2076016922893487
0.22174382791307962
0.2358859635368106
0.2500280991605416
0.26417023478427254
0.2783123704080035
0.2924545060317345
0.30659664165546546
0.3207387772791964
0.33488091290292743
0.3490230485266584
0.36316518415038934
0.37730731977412035
0.3914494553978513
0.40559159102158227
0.4197337266453133
0.43387586226904423
0.4480179978927752
0.4621601335165062
0.47630226914023716
0.4904444047639681
0.5045865403876991
0.51872867601143
0.532870811635161
0.547012947258892
0.561155082882623
0.575297218506354
0.589439354130085
0.6035814897538159
0.6177236253775469
0.6318657610012779
0.6460078966250088
0.6601500322487398
0.6742921678724708
0.6884343034962017
0.7025764391199327
0.7167185747436637
0.7308607103673946
0.7450028459911257
0.7591449816148567
0.7732871172385876
0.7874292528623186
0.8015713884860496
0.8157135241097805
0.8298556597335115
0.8439977953572425
0.8581399309809734
0.8722820666047044
0.8864242022284354
0.9005663378521663
0.9147084734758973
0.9288506090996284
0.9429927447233593
0.9571348803470903
0.9712770159708213
0.9854191515945522
0.9995612872182832
0.013703422842014151
0.0278455584657451
0.04198769408947605
0.056129829713207006
0.07027196533693796
0.08441410096066891
0.09855623658439985
0.11269837220813081
0.12684050783186177
0.14098264345559272
0.15512477907932365
0.1692669147030546
0.18340905032678556
0.19755118595051652
0.21169332157424747
0.2258354571979784
0.23997759282170936
0.25411972844544034
0.2682618640691713
0.2824039996929023
0.29654613531663326
0.3106882709403642
0.32483040656409523
0.3389725421878262
0.35311467781155714
0.36725681343528815
0.3813989490590191
0.39554108468275007
0.4096832203064811
0.42382535593021203
0.437967491553943
0.452109627177674
0.46625176280140496
0.4803938984251359
0.49453603404886687
0.5086781696725978
0.5228203052963288
0.5369624409200598
0.5511045765437907
0.5652467121675218
0.5793888477912528
0.5935309834149837
0.6076731190387147
0.6218152546624457
0.6359573902861766
0.6500995259099076
0.6642416615336386
0.6783837971573695
0.6925259327811005
0.7066680684048315
0.7208102040285624
0.7349523396522935
0.7490944752760245
0.7632366108997554
0.7773787465234864
0.7915208821472174
0.8056630177709483
0.8198051533946793
0.8339472890184103
0.8480894246421412
0.8622315602658722
0.8763736958896032
0.8905158315133341
0.9046579671370651
0.9188001027607962
0.9329422383845271
0.9470843740082581
0.9612265096319891
0.97536864525572
0.989510780879451
0.00365291650318195
0.017795052126912903
0.03193718775064385
0.0460793233743748
0.060221458998105756
0.07436359462183671
0.08850573024556765
0.10264786586929861
0.11679000149302955
0.13093213711676052
0.14507427274049145
0.1592164083642224
0.17335854398795336
0.18750067961168432
0.20164281523541527
0.2157849508591462
0.22992708648287716
0.24406922210660814
0.2582113577303391
0.2723534933540701
0.28649562897780106
0.300637764601532
0.31477990022526303
0.328922035848994
0.34306417147272494
0.35720630709645596
0.3713484427201869
0.38549057834391787
0.3996327139676489
0.41377484959137983
0.4279169852151108
0.44205912083884175
0.45620125646257276
0.4703433920863037
0.48448552771003467
0.4986276633337657
0.5127697989574966
0.5269119345812276
0.5410540702049585
0.5551962058286896
0.5693383414524206
0.5834804770761515
0.5976226126998825
0.6117647483236135
0.6259068839473444
0.6400490195710754
0.6541911551948064
0.6683332908185373
0.6824754264422683
0.6966175620659993
0.7107596976897302
0.7249018333134613
0.7390439689371923
0.7531861045609232
0.7673282401846542
0.7814703758083852
0.7956125114321161
0.8097546470558471
0.8238967826795781
0.838038918303309
0.85218105392704
0.866323189550771
0.8804653251745019
0.894607460798233
0.908749596421964
0.9228917320456949
0.9370338676694259
0.9511760032931569
0.9653181389168878
0.9794602745406188
0.9936024101643498
0.0077445457880807225
0.021886681411811673
0.03602881703554262
0.05017095265927358
0.06431308828300453
0.07845522390673548
0.09259735953046642
0.10673949515419738
0.12088163077792834
0.13502376640165928
0.14916590202539023
0.1633080376491212
0.17745017327285215
0.19159230889658307
0.20573444452031403
0.21987658014404496
0.23401871576777594
0.24816085139150693
0.2623029870152379
0.27644512263896887
0.2905872582626998
0.30472939388643083
0.3188715295101618
0.33301366513389274
0.34715580075762376
0.3612979363813547
0.37544007200508567
0.3895822076288166
0.40372434325254763
0.4178664788762786
0.43200861450000955
0.44615075012374056
0.4602928857474715
0.47443502137120247
0.4885771569949335
0.5027192926186644
0.5168614282423954
0.5310035638661263
0.5451456994898574
0.5592878351135884
0.5734299707373193
0.5875721063610503
0.6017142419847813
0.6158563776085122
0.6299985132322432
0.6441406488559742
0.6582827844797051
0.6724249201034361
0.6865670557271671
0.700709191350898
0.714851326974629
0.7289934625983601
0.743135598222091
0.757277733845822
0.771419869469553
0.7855620050932839
0.7997041407170149
0.8138462763407459
0.8279884119644768
0.8421305475882078
0.8562726832119388
0.8704148188356697
0.8845569544594007
0.8986990900831318
0.9128412257068627
0.9269833613305937
0.9411254969543247
0.9552676325780556
0.9694097682017866
0.9835519038255175
0.9976940394492485
0.011836175072979495
0.025978310696710447
0.0401204463204414
0.05426258194417235
0.0684047175679033
0.08254685319163425
0.0966889888153652
0.11083112443909615
0.12497326006282711
0.13911539568655806
0.153257531310289
0.16739966693401995
0.1815418025577509
0.19568393818148186
0.20982607380521281
0.22396820942894374
0.2381103450526747
0.2522524806764057
0.26639461630013667
0.2805367519238676
0.29467888754759863
0.3088210231713296
0.32296315879506055
0.3371052944187915
0.3512474300425225
0.36538956566625347
0.3795317012899844
0.39367383691371544
0.4078159725374464
0.42195810816117735
0.43610024378490836
0.4502423794086393
0.46438451503237027
0.4785266506561013
0.49266878627983224
0.5068109219035632
0.5209530575272941
0.5350951931510252
0.5492373287747562
0.5633794643984871
0.5775216000222181
0.5916637356459491
0.60580587126968
0.619948006893411
0.634090142517142
0.6482322781408729
0.6623744137646039
0.6765165493883349
0.6906586850120658
0.7048008206357969
0.7189429562595279
0.7330850918832588
0.7472272275069898
0.7613693631307208
0.7755114987544517
0.7896536343781827
0.8037957700019137
0.8179379056256446
0.8320800412493756
0.8462221768731066
0.8603643124968375
0.8745064481205685
0.8886485837442996
0.9027907193680305
0.9169328549917615
0.9310749906154924
0.9452171262392234
0.9593592618629544
0.9735013974866853
0.9876435331104163
0.0017856687341472935
0.015927804357878245
0.030069939981609197
0.04421207560534015
0.0583542112290711
0.07249634685280205
0.086638482476533
0.10078061810026395
0.11492275372399491
0.12906488934772586
0.1432070249714568
0.15734916059518775
0.1714912962189187
0.18563343184264966
0.19977556746638062
0.21391770309011154
0.2280598387138425
0.24220197433757348
0.25634410996130447
0.2704862455850354
0.2846283812087664
0.2987705168324974
0.31291265245622835
0.3270547880799593
0.3411969237036903
0.35533905932742127
0.3694811949511522
0.38362333057488324
0.3977654661986142
0.41190760182234515
0.42604973744607616
0.4401918730698071
0.45433400869353807
0.4684761443172691
0.48261827994100004
0.496760415564731
0.510902551188462
0.525044686812193
0.539186822435924
0.5533289580596549
0.5674710936833859
0.5816132293071169
0.5957553649308478
0.6098975005545788
0.6240396361783098
0.6381817718020407
0.6523239074257717
0.6664660430495027
0.6806081786732336
0.6947503142969647
0.7088924499206957
0.7230345855444266
0.7371767211681576
0.7513188567918886
0.7654609924156195
0.7796031280393505
0.7937452636630815
0.8078873992868124
0.8220295349105434
0.8361716705342744
0.8503138061580053
0.8644559417817363
0.8785980774054672
0.8927402130291983
0.9068823486529293
0.9210244842766602
0.9351666199003912
0.9493087555241222
0.9634508911478531
0.9775930267715841
0.9917351623953151
0.0058772980190460655
0.020019433642777015
0.03416156926650797
0.04830370489023892
0.06244584051396987
0.07658797613770083
0.09073011176143177
0.10487224738516272
0.11901438300889368
0.13315651863262462
0.14729865425635558
0.16144078988008653
0.1755829255038175
0.18972506112754842
0.20386719675127937
0.2180093323750103
0.23215146799874128
0.24629360362247227
0.2604357392462032
0.2745778748699342
0.2887200104936652
0.30286214611739615
0.3170042817411271
0.3311464173648581
0.34528855298858907
0.35943068861232
0.37357282423605104
0.387714959859782
0.40185709548351295
0.41599923110724396
0.4301413667309749
0.4442835023547059
0.4584256379784369
0.47256777360216784
0.4867099092258988
0.5008520448496298
0.5149941804733608
0.5291363160970918
0.5432784517208227
0.5574205873445537
0.5715627229682847
0.5857048585920156
0.5998469942157466
0.6139891298394776
0.6281312654632085
0.6422734010869395
0.6564155367106705
0.6705576723344014
0.6846998079581325
0.6988419435818635
0.7129840792055944
0.7271262148293254
0.7412683504530564
0.7554104860767873
0.7695526217005183
0.7836947573242492
0.7978368929479802
0.8119790285717112
0.8261211641954421
0.8402632998191731
0.8544054354429041
0.868547571066635
0.8826897066903661
0.8968318423140971
0.910973977937828
0.925116113561559
0.93925824918529
0.9534003848090209
0.9675425204327519
0.9816846560564829
0.9958267916802138
0.009968927303944839
0.02411106292767579
0.03825319855140674
0.05239533417513769
0.06653746979886864
0.0806796054225996
0.09482174104633054
0.1089638766700615
0.12310601229379245
0.1372481479175234
0.15139028354125436
0.1655324191649853
0.17967455478871625
0.1938166904124472
0.20795882603617816
0.22210096165990909
0.23624309728364004
0.250385232907371
0.264527368531102
0.278669504154833
0.29281163977856395
0.3069537754022949
0.3210959110260259
0.33523804664975687
0.3493801822734878
0.36352231789721884
0.3776644535209498
0.39180658914468075
0.40594872476841176
0.4200908603921427
0.4342329960158737
0.4483751316396047
0.46251726726333564
0.4766594028870666
0.4908015385107976
0.5049436741345286
0.5190858097582596
0.5332279453819905
0.5473700810057215
0.5615122166294525
0.5756543522531834
0.5897964878769144
0.6039386235006454
0.6180807591243763
0.6322228947481073
0.6463650303718383
0.6605071659955692
0.6746493016193003
0.6887914372430313
0.7029335728667622
0.7170757084904932
0.7312178441142241
0.7453599797379551
0.7595021153616861
0.773644250985417
0.787786386609148
0.801928522232879
0.8160706578566099
0.8302127934803409
0.844354929104072
0.8584970647278028
0.8726392003515339
0.8867813359752649
0.9009234715989958
0.9150656072227268
0.9292077428464578
0.9433498784701887
0.9574920140939197
0.9716341497176507
0.9857762853413816
0.9999184209651126
0.014060556588843611
0.02820269221257456
0.04234482783630551
0.05648696346003646
0.07062909908376741
0.08477123470749837
0.09891337033122932
0.11305550595496026
0.1271976415786912
0.14133977720242216
0.15548191282615312
0.16962404844988407
0.18376618407361503
0.19790831969734599
0.2120504553210769
0.22619259094480784
0.24033472656853883
0.2544768621922698
0.2686189978160008
0.28276113343973175
0.2969032690634627
0.3110454046871937
0.32518754031092467
0.33932967593465563
0.35347181155838664
0.3676139471821176
0.38175608280584855
0.39589821842957956
0.4100403540533105
0.4241824896770415
0.4383246253007725
0.45246676092450344
0.4666088965482344
0.48075103217196535
0.49489316779569636
0.5090353034194274
0.5231774390431583
0.5373195746668893
0.5514617102906203
0.5656038459143512
0.5797459815380822
0.5938881171618132
0.6080302527855441
0.6221723884092751
0.6363145240330061
0.650456659656737
0.6645987952804681
0.678740930904199
0.69288306652793
0.707025202151661
0.7211673377753919
0.7353094733991229
0.7494516090228539
0.7635937446465848
0.7777358802703158
0.7918780158940468
0.8060201515177777
0.8201622871415087
0.8343044227652398
0.8484465583889707
0.8625886940127017
0.8767308296364327
0.8908729652601636
0.9050151008838946
0.9191572365076256
0.9332993721313565
0.9474415077550875
0.9615836433788185
0.9757257790025494
0.9898679146262804
0.0040100502500114085
0.01815218587374236
0.03229432149747331
0.04643645712120426
0.06057859274493521
0.07472072836866617
0.08886286399239711
0.10300499961612807
0.11714713523985902
0.13128927086358996
0.14543140648732092
0.15957354211105187
0.17371567773478283
0.18785781335851376
0.20199994898224471
0.21614208460597564
0.23028422022970663
0.2444263558534376
0.2585684914771686
0.27271062710089955
0.2868527627246305
0.3009948983483615
0.3151370339720925
0.32927916959582343
0.34342130521955444
0.3575634408432854
0.37170557646701635
0.38584771209074736
0.3999898477144783
0.4141319833382093
0.42827411896194023
0.44241625458567124
0.4565583902094022
0.47070052583313315
0.48484266145686417
0.4989847970805951
0.5131269327043261
0.5272690683280571
0.5414112039517881
0.555553339575519
0.56969547519925
0.583837610822981
0.5979797464467119
0.6121218820704429
0.6262640176941738
0.6404061533179048
0.6545482889416359
0.6686904245653668
0.6828325601890978
0.6969746958128288
0.7111168314365597
0.7252589670602907
0.7394011026840217
0.7535432383077526
0.7676853739314836
0.7818275095552146
0.7959696451789455
0.8101117808026765
0.8242539164264076
0.8383960520501385
0.8525381876738695
0.8666803232976005
0.8808224589213314
0.8949645945450624
0.9091067301687934
0.9232488657925243
0.9373910014162553
0.9515331370399863
0.9656752726637172
0.9798174082874482
0.9939595439111792
0.008101679534910181
0.02224381515864113
0.036385950782372084
0.05052808640610303
0.06467022202983398
0.07881235765356494
0.0929544932772959
0.10709662890102684
0.12123876452475779
0.13538090014848875
0.1495230357722197
0.16366517139595063
0.1778073070196816
0.19194944264341254
0.2060915782671435
0.22023371389087443
0.2343758495146054
0.24851798513833637
0.26266012076206735
0.2768022563857983
0.2909443920095293
0.3050865276332603
0.31922866325699123
0.33337079888072224
0.3475129345044532
0.36165507012818415
0.3757972057519151
0.3899393413756461
0.4040814769993771
0.41822361262310803
0.43236574824683904
0.44650788387057
0.46065001949430096
0.47479215511803197
0.4889342907417629
0.5030764263654939
0.5172185619892249
0.5313606976129559
0.5455028332366868
0.5596449688604178
0.5737871044841487
0.5879292401078797
0.6020713757316107
0.6162135113553416
0.6303556469790726
0.6444977826028037
0.6586399182265346
0.6727820538502656
0.6869241894739966
0.7010663250977275
0.7152084607214585
0.7293505963451895
0.7434927319689204
0.7576348675926514
0.7717770032163824
0.7859191388401133
0.8000612744638443
0.8142034100875754
0.8283455457113063
0.8424876813350373
0.8566298169587683
0.8707719525824992
0.8849140882062302
0.8990562238299612
0.9131983594536921
0.9273404950774231
0.9414826307011541
0.955624766324885
0.969766901948616
0.983909037572347
0.998051173196078
0.012193308819808953
0.026335444443539906
0.040477580067270855
0.054619715691001804
0.06876185131473275
0.08290398693846371
0.09704612256219466
0.1111882581859256
0.12533039380965655
0.1394725294333875
0.15361466505711846
0.16775680068084942
0.18189893630458037
0.19604107192831133
0.21018320755204226
0.22432534317577318
0.23846747879950417
0.25260961442323515
0.2667517500469661
0.28089388567069706
0.2950360212944281
0.30917815691815903
0.32332029254189
0.337462428165621
0.35160456378935195
0.3657466994130829
0.3798888350368139
0.3940309706605449
0.40817310628427583
0.42231524190800684
0.4364573775317378
0.45059951315546876
0.46474164877919977
0.4788837844029307
0.4930259200266617
0.5071680556503927
0.5213101912741236
0.5354523268978546
0.5495944625215856
0.5637365981453165
0.5778787337690475
0.5920208693927785
0.6061630050165094
0.6203051406402404
0.6344472762639715
0.6485894118877024
0.6627315475114334
0.6768736831351644
0.6910158187588953
0.7051579543826263
0.7193000900063573
0.7334422256300882
0.7475843612538192
0.7617264968775502
0.7758686325012811
0.7900107681250121
0.8041529037487432
0.818295039372474
0.8324371749962051
0.8465793106199361
0.860721446243667
0.874863581867398
0.889005717491129
0.9031478531148599
0.9172899887385909
0.9314321243623219
0.9455742599860528
0.9597163956097838
0.9738585312335148
0.9880006668572457
0.002142802480976752
0.016284938104707703
0.030427073728438656
0.044569209352169604
0.05871134497590055
0.07285348059963151
0.08699561622336245
0.10113775184709341
0.11527988747082436
0.1294220230945553
0.14356415871828626
0.15770629434201722
0.17184842996574817
0.18599056558947913
0.20013270121321006
0.21427483683694099
0.22841697246067197
0.24255910808440295
0.2567012437081339
0.27084337933186486
0.2849855149555959
0.29912765057932683
0.3132697862030578
0.3274119218267888
0.34155405745051975
0.3556961930742507
0.3698383286979817
0.3839804643217127
0.39812259994544363
0.41226473556917465
0.4264068711929056
0.44054900681663656
0.45469114244036757
0.4688332780640985
0.4829754136878295
0.4971175493115605
0.5112596849352914
0.5254018205590224
0.5395439561827534
0.5536860918064843
0.5678282274302153
0.5819703630539463
0.5961124986776772
0.6102546343014082
0.6243967699251393
0.6385389055488702
0.6526810411726012
0.6668231767963322
0.6809653124200631
0.6951074480437941
0.7092495836675251
0.723391719291256
0.737533854914987
0.751675990538718
0.7658181261624489
0.7799602617861799
0.794102397409911
0.8082445330336419
0.8223866686573729
0.8365288042811039
0.8506709399048348
0.8648130755285658
0.8789552111522968
0.8930973467760277
0.9072394823997587
0.9213816180234897
0.9355237536472206
0.9496658892709516
0.9638080248946826
0.9779501605184135
0.9920922961421446
0.006234431765875525
0.020376567389606474
0.034518703013337426
0.048660838637068375
0.06280297426079932
0.07694510988453028
0.09108724550826124
0.10522938113199218
0.11937151675572313
0.1335136523794541
0.14765578800318505
0.16179792362691597
0.17594005925064693
0.19008219487437789
0.20422433049810884
0.21836646612183977
0.23250860174557075
0.2466507373693017
0.26079287299303267
0.2749350086167637
0.28907714424049463
0.3032192798642256
0.3173614154879566
0.33150355111168756
0.3456456867354185
0.3597878223591495
0.3739299579828805
0.38807209360661143
0.40221422923034245
0.4163563648540734
0.43049850047780436
0.44464063610153537
0.4587827717252663
0.4729249073489973
0.4870670429727283
0.5012091785964592
0.5153513142201902
0.5294934498439212
0.5436355854676521
0.5577777210913831
0.5719198567151141
0.586061992338845
0.600204127962576
0.6143462635863071
0.628488399210038
0.642630534833769
0.6567726704575
0.6709148060812309
0.6850569417049619
0.6991990773286929
0.7133412129524238
0.7274833485761548
0.7416254841998858
0.7557676198236167
0.7699097554473477
0.7840518910710788
0.7981940266948097
0.8123361623185407
0.8264782979422717
0.8406204335660026
0.8547625691897336
0.8689047048134646
0.8830468404371955
0.8971889760609265
0.9113311116846575
0.9254732473083884
0.9396153829321194
0.9537575185558504
0.9678996541795813
0.9820417898033124
0.9961839254270434
0.010326061050774297
0.024468196674505248
0.0386103322982362
0.05275246792196715
0.0668946035456981
0.08103673916942905
0.09517887479316
0.10932101041689095
0.1234631460406219
0.13760528166435285
0.1517474172880838
0.16588955291181476
0.18003168853554571
0.19417382415927667
0.2083159597830076
0.22245809540673853
0.2366002310304695
0.25074236665420047
0.2648845022779315
0.27902663790166243
0.2931687735253934
0.3073109091491244
0.32145304477285536
0.3355951803965863
0.3497373160203173
0.3638794516440483
0.37802158726777924
0.39216372289151025
0.4063058585152412
0.42044799413897216
0.43459012976270317
0.4487322653864341
0.4628744010101651
0.4770165366338961
0.49115867225762705
0.505300807881358
0.519442943505089
0.5335850791288199
0.5477272147525509
0.5618693503762819
0.5760114860000128
0.5901536216237439
0.6042957572474749
0.6184378928712058
0.6325800284949368
0.6467221641186678
0.6608642997423987
0.6750064353661297
0.6891485709898607
0.7032907066135916
0.7174328422373226
0.7315749778610536
0.7457171134847845
0.7598592491085155
0.7740013847322466
0.7881435203559775
0.8022856559797085
0.8164277916034395
0.8305699272271704
0.8447120628509014
0.8588541984746324
0.8729963340983633
0.8871384697220943
0.9012806053458253
0.9154227409695562
0.9295648765932872
0.9437070122170182
0.9578491478407491
0.9719912834644802
0.9861334190882112
0.0002755547119420953
0.014417690335673047
0.028559825959403998
0.04270196158313495
0.0568440972068659
0.07098623283059685
0.08512836845432781
0.09927050407805875
0.1134126397017897
0.12755477532552065
0.1416969109492516
0.15583904657298256
0.16998118219671352
0.18412331782044447
0.1982654534441754
0.21240758906790633
0.2265497246916373
0.2406918603153683
0.2548339959390993
0.26897613156283023
0.2831182671865612
0.2972604028102922
0.31140253843402316
0.3255446740577541
0.3396868096814851
0.3538289453052161
0.36797108092894704
0.38211321655267805
0.396255352176409
0.41039748780013996
0.42453962342387097
0.4386817590476019
0.4528238946713329
0.46696603029506384
0.48110816591879485
0.4952503015425258
0.5093924371662568
0.5235345727899877
0.5376767084137187
0.5518188440374497
0.5659609796611806
0.5801031152849117
0.5942452509086427
0.6083873865323736
0.6225295221561046
0.6366716577798356
0.6508137934035665
0.6649559290272975
0.6790980646510285
0.6932402002747594
0.7073823358984904
0.7215244715222214
0.7356666071459523
0.7498087427696833
0.7639508783934144
0.7780930140171453
0.7922351496408763
0.8063772852646073
0.8205194208883382
0.8346615565120692
0.8488036921358002
0.8629458277595311
0.8770879633832621
0.8912300990069931
0.905372234630724
0.919514370254455
0.933656505878186
0.947798641501917
0.961940777125648
0.976082912749379
0.9902250483731099
0.004367183996840868
0.01850931962057182
0.03265145524430277
0.04679359086803372
0.06093572649176467
0.07507786211549562
0.08921999773922658
0.10336213336295752
0.11750426898668848
0.13164640461041943
0.1457885402341504
0.15993067585788132
0.17407281148161227
0.18821494710534323
0.20235708272907418
0.2164992183528051
0.2306413539765361
0.24478348960026705
0.25892562522399803
0.273067760847729
0.28720989647146
0.30135203209519096
0.3154941677189219
0.3296363033426529
0.3437784389663839
0.35792057459011484
0.37206271021384585
0.3862048458375768
0.40034698146130776
0.4144891170850387
0.4286312527087697
0.4427733883325007
0.45691552395623164
0.47105765957996265
0.4851997952036936
0.49934193082742456
0.5134840664511555
0.5276262020748865
0.5417683376986175
0.5559104733223484
0.5700526089460795
0.5841947445698105
0.5983368801935414
0.6124790158172724
0.6266211514410034
0.6407632870647343
0.6549054226884653
0.6690475583121963
0.6831896939359272
0.6973318295596582
0.7114739651833892
0.7256161008071201
0.7397582364308511
0.7539003720545822
0.7680425076783131
0.7821846433020441
0.7963267789257751
0.810468914549506
0.824611050173237
0.838753185796968
0.8528953214206989
0.8670374570444299
0.8811795926681609
0.8953217282918918
0.9094638639156228
0.9236059995393539
0.9377481351630848
0.9518902707868158
0.9660324064105468
0.9801745420342777
0.9943166776580087
0.00845881328173964
0.02260094890547059
0.03674308452920154
0.050885220152932495
0.06502735577666345
0.07916949140039439
0.09331162702412535
0.10745376264785629
0.12159589827158725
0.1357380338953182
0.14988016951904914
0.1640223051427801
0.17816444076651106
0.192306576390242
0.20644871201397294
0.22059084763770387
0.23473298326143485
0.24887511888516584
0.2630172545088968
0.2771593901326278
0.29130152575635876
0.3054436613800897
0.3195857970038207
0.3337279326275517
0.34787006825128264
0.3620122038750136
0.3761543394987446
0.39029647512247556
0.4044386107462065
0.41858074636993753
0.4327228819936685
0.44686501761739944
0.46100715324113045
0.4751492888648614
0.48929142448859236
0.5034335601123233
0.5175756957360543
0.5317178313597853
0.5458599669835162
0.5600021026072473
0.5741442382309783
0.5882863738547092
0.6024285094784402
0.6165706451021712
0.6307127807259021
0.6448549163496331
0.6589970519733641
0.673139187597095
0.687281323220826
0.701423458844557
0.7155655944682879
0.729707730092019
0.74384986571575
0.7579920013394809
0.7721341369632119
0.7862762725869429
0.8004184082106738
0.8145605438344048
0.8287026794581358
0.8428448150818667
0.8569869507055977
0.8711290863293287
0.8852712219530596
0.8994133575767906
0.9135554932005217
0.9276976288242526
0.9418397644479836
0.9559819000717145
0.9701240356954455
0.9842661713191765
0.9984083069429074
0.012550442566638412
0.026692578190369364
0.04083471381410032
0.054976849437831266
0.06911898506156222
0.08326112068529316
0.09740325630902412
0.11154539193275508
0.12568752755648602
0.13982966318021697
0.15397179880394793
0.16811393442767888
0.1822560700514098
0.19639820567514077
0.21054034129887172
0.22468247692260265
0.23882461254633364
0.2529667481700646
0.26710888379379555
0.28125101941752656
0.2953931550412575
0.30953529066498847
0.3236774262887195
0.33781956191245044
0.3519616975361814
0.3661038331599124
0.38024596878364336
0.3943881044073743
0.40853024003110533
0.4226723756548363
0.43681451127856724
0.45095664690229825
0.4650987825260292
0.47924091814976016
0.4933830537734912
0.5075251893972221
0.5216673250209531
0.535809460644684
0.549951596268415
0.5640937318921461
0.578235867515877
0.592378003139608
0.606520138763339
0.6206622743870699
0.6348044100108009
0.6489465456345319
0.6630886812582628
0.6772308168819938
0.6913729525057248
0.7055150881294557
0.7196572237531867
0.7337993593769178
0.7479414950006487
0.7620836306243797
0.7762257662481107
0.7903679018718416
0.8045100374955726
0.8186521731193036
0.8327943087430345
0.8469364443667655
0.8610785799904965
0.8752207156142274
0.8893628512379584
0.9035049868616893
0.9176471224854204
0.9317892581091514
0.9459313937328823
0.9600735293566133
0.9742156649803443
0.9883578006040752
0.002499936227806211
0.01664207185153716
0.030784207475268114
0.044926343098999066
0.059068478722730015
0.07321061434646096
0.08735274997019192
0.10149488559392286
0.11563702121765382
0.12977915684138477
0.14392129246511573
0.15806342808884666
0.17220556371257761
0.18634769933630857
0.20048983496003953
0.21463197058377045
0.22877410620750144
0.2429162418312324
0.25705837745496335
0.27120051307869436
0.2853426487024253
0.2994847843261563
0.3136269199498873
0.32776905557361824
0.3419111911973492
0.3560533268210802
0.37019546244481116
0.3843375980685421
0.39847973369227313
0.4126218693160041
0.42676400493973504
0.44090614056346605
0.455048276187197
0.46919041181092797
0.483332547434659
0.49747468305838993
0.5116168186821209
0.5257589543058518
0.5399010899295829
0.5540432255533139
0.5681853611770448
0.5823274968007758
0.5964696324245068
0.6106117680482377
0.6247539036719687
0.6388960392956997
0.6530381749194306
0.6671803105431616
0.6813224461668926
0.6954645817906235
0.7096067174143545
0.7237488530380856
0.7378909886618165
0.7520331242855475
0.7661752599092785
0.7803173955330094
0.7944595311567404
0.8086016667804713
0.8227438024042023
0.8368859380279333
0.8510280736516642
0.8651702092753952
0.8793123448991262
0.8934544805228571
0.9075966161465882
0.9217387517703192
0.9358808873940501
0.9500230230177811
0.9641651586415121
0.978307294265243
0.992449429888974
0.006591565512704983
0.020733701136435936
0.03487583676016689
0.04901797238389784
0.06316010800762879
0.07730224363135973
0.09144437925509069
0.10558651487882165
0.11972865050255259
0.13387078612628353
0.1480129217500145
0.16215505737374544
0.1762971929974764
0.19043932862120735
0.2045814642449383
0.21872359986866924
0.2328657354924002
0.24700787111613118
0.26115000673986216
0.2752921423635931
0.2894342779873241
0.3035764136110551
0.31771854923478604
0.331860684858517
0.346002820482248
0.36014495610597896
0.3742870917297099
0.38842922735344093
0.4025713629771719
0.41671349860090284
0.43085563422463385
0.4449977698483648
0.45913990547209577
0.4732820410958268
0.48742417671955773
0.5015663123432887
0.5157084479670196
0.5298505835907507
0.5439927192144817
0.5581348548382126
0.5722769904619436
0.5864191260856746
0.6005612617094055
0.6147033973331365
0.6288455329568675
0.6429876685805984
0.6571298042043294
0.6712719398280604
0.6854140754517913
0.6995562110755223
0.7136983466992534
0.7278404823229843
0.7419826179467153
0.7561247535704462
0.7702668891941772
0.7844090248179082
0.7985511604416391
0.8126932960653701
0.8268354316891011
0.840977567312832
0.855119702936563
0.869261838560294
0.8834039741840249
0.897546109807756
0.911688245431487
0.9258303810552179
0.9399725166789489
0.9541146523026799
0.9682567879264108
0.9823989235501418
0.9965410591738728
0.010683194797603756
0.024825330421334706
0.03896746604506566
0.05310960166879661
0.06725173729252756
0.0813938729162585
0.09553600853998946
0.10967814416372042
0.12382027978745136
0.13796241541118232
0.15210455103491327
0.16624668665864423
0.18038882228237516
0.1945309579061061
0.20867309352983707
0.222815229153568
0.23695736477729898
0.25109950040102996
0.2652416360247609
0.2793837716484919
0.2935259072722229
0.30766804289595384
0.3218101785196848
0.3359523141434158
0.35009444976714676
0.3642365853908777
0.37837872101460873
0.3925208566383397
0.40666299226207064
0.42080512788580166
0.4349472635095326
0.44908939913326357
0.4632315347569946
0.47737367038072553
0.4915158060044565
0.5056579416281874
0.5198000772519185
0.5339422128756495
0.5480843484993804
0.5622264841231114
0.5763686197468424
0.5905107553705733
0.6046528909943043
0.6187950266180353
0.6329371622417662
0.6470792978654972
0.6612214334892282
0.6753635691129591
0.6895057047366902
0.703647840360421
0.7177899759841521
0.7319321116078831
0.746074247231614
0.760216382855345
0.774358518479076
0.7885006541028069
0.8026427897265379
0.8167849253502689
0.8309270609739998
0.8450691965977308
0.8592113322214618
0.8733534678451927
0.8874956034689238
0.9016377390926548
0.9157798747163857
0.9299220103401167
0.9440641459638477
0.9582062815875786
0.9723484172113096
0.9864905528350406
0.000632688458771554
0.014774824082502505
0.028916959706233456
0.04305909532996441
0.05720123095369536
0.0713433665774263
0.08548550220115726
0.0996276378248882
0.11376977344861916
0.12791190907235012
0.14205404469608107
0.15619618031981203
0.17033831594354296
0.1844804515672739
0.19862258719100487
0.2127647228147358
0.22690685843846678
0.24104899406219774
0.2551911296859287
0.2693332653096597
0.2834754009333907
0.29761753655712164
0.3117596721808526
0.3259018078045836
0.34004394342831457
0.3541860790520455
0.36832821467577653
0.3824703502995075
0.39661248592323844
0.41075462154696946
0.4248967571707004
0.43903889279443137
0.4531810284181623
0.46732316404189334
0.4814652996656243
0.49560743528935525
0.5097495709130863
0.5238917065368173
0.5380338421605482
0.5521759777842792
0.5663181134080102
0.5804602490317411
0.5946023846554721
0.6087445202792031
0.622886655902934
0.637028791526665
0.6511709271503959
0.6653130627741269
0.679455198397858
0.6935973340215889
0.7077394696453199
0.7218816052690509
0.7360237408927818
0.7501658765165128
0.7643080121402438
0.7784501477639747
0.7925922833877057
0.8067344190114367
0.8208765546351676
0.8350186902588986
0.8491608258826296
0.8633029615063605
0.8774450971300916
0.8915872327538226
0.9057293683775535
0.9198715040012845
0.9340136396250155
0.9481557752487464
0.9622979108724774
0.9764400464962084
0.9905821821199393
0.004724317743670326
0.018866453367401278
0.03300858899113223
0.04715072461486318
0.06129286023859413
0.07543499586232508
0.08957713148605603
0.10371926710978699
0.11786140273351793
0.13200353835724887
0.14614567398097983
0.16028780960471078
0.17442994522844174
0.1885720808521727
0.20271421647590365
0.21685635209963458
0.23099848772336554
0.24514062334709652
0.2592827589708275
0.2734248945945585
0.28756703021828944
0.3017091658420204
0.3158513014657514
0.32999343708948237
0.3441355727132133
0.35827770833694433
0.3724198439606753
0.38656197958440625
0.4007041152081372
0.4148462508318682
0.42898838645559917
0.4431305220793301
0.45727265770306114
0.4714147933267921
0.48555692895052305
0.49969906457425406
0.5138412001979851
0.527983335821716
0.542125471445447
0.556267607069178
0.5704097426929089
0.5845518783166399
0.5986940139403708
0.6128361495641018
0.6269782851878328
0.6411204208115637
0.6552625564352947
0.6694046920590258
0.6835468276827567
0.6976889633064877
0.7118310989302187
0.7259732345539496
0.7401153701776806
0.7542575058014116
0.7683996414251425
0.7825417770488735
0.7966839126726045
0.8108260482963354
0.8249681839200664
0.8391103195437974
0.8532524551675283
0.8673945907912594
0.8815367264149904
0.8956788620387213
0.9098209976624523
0.9239631332861833
0.9381052689099142
0.9522474045336452
0.9663895401573762
0.9805316757811071
0.9946738114048381
0.008815947028569098
0.02295808265230005
0.037100218276031
0.05124235389976195
0.0653844895234929
0.07952662514722385
0.0936687607709548
0.10781089639468576
0.1219530320184167
0.13609516764214766
0.1502373032658786
0.16437943888960957
0.1785215745133405
0.19266371013707145
0.2068058457608024
0.22094798138453334
0.23509011700826432
0.24923225263199528
0.2633743882557263
0.27751652387945724
0.2916586595031882
0.30580079512691916
0.31994293075065017
0.3340850663743811
0.3482272019981121
0.3623693376218431
0.37651147324557405
0.390653608869305
0.404795744493036
0.41893788011676697
0.4330800157404979
0.44722215136422894
0.4613642869879599
0.47550642261169085
0.48964855823542186
0.5037906938591528
0.5179328294828838
0.5320749651066148
0.5462171007303457
0.5603592363540767
0.5745013719778077
0.5886435076015386
0.6027856432252696
0.6169277788490006
0.6310699144727315
0.6452120500964625
0.6593541857201936
0.6734963213439245
0.6876384569676555
0.7017805925913865
0.7159227282151174
0.7300648638388484
0.7442069994625794
0.7583491350863103
0.7724912707100413
0.7866334063337723
0.8007755419575032
0.8149176775812342
0.8290598132049652
0.8432019488286961
0.8573440844524272
0.8714862200761582
0.8856283556998891
0.8997704913236201
0.9139126269473511
0.928054762571082
0.942196898194813
0.956339033818544
0.9704811694422749
0.9846233050660059
0.9987654406897369
0.01290757631346787
0.027049711937198823
0.04119184756092977
0.05533398318466072
0.06947611880839168
0.08361825443212263
0.09776039005585357
0.11190252567958453
0.1260446613033155
0.14018679692704644
0.15432893255077737
0.16847106817450833
0.18261320379823928
0.19675533942197024
0.2108974750457012
0.22503961066943212
0.23918174629316308
0.25332388191689403
0.26746601754062505
0.281608153164356
0.29575028878808696
0.30989242441181797
0.3240345600355489
0.3381766956592799
0.3523188312830109
0.36646096690674185
0.3806031025304728
0.3947452381542038
0.40888737377793477
0.4230295094016657
0.43717164502539674
0.4513137806491277
0.46545591627285865
0.47959805189658966
0.4937401875203206
0.5078823231440516
0.5220244587677826
0.5361665943915135
0.5503087300152445
0.5644508656389755
0.5785930012627064
0.5927351368864374
0.6068772725101684
0.6210194081338993
0.6351615437576303
0.6493036793813614
0.6634458150050923
0.6775879506288233
0.6917300862525543
0.7058722218762852
0.7200143575000162
0.7341564931237472
0.7482986287474781
0.7624407643712091
0.7765828999949401
0.790725035618671
0.804867171242402
0.819009306866133
0.833151442489864
0.847293578113595
0.861435713737326
0.8755778493610569
0.8897199849847879
0.9038621206085189
0.9180042562322498
0.9321463918559808
0.9462885274797118
0.9604306631034427
0.9745727987271737
0.9887149343509047
0.0028570699746356693
0.01699920559836662
0.031141341222097572
0.04528347684582852
0.05942561246955947
0.07356774809329042
0.08770988371702138
0.10185201934075233
0.11599415496448327
0.13013629058821422
0.14427842621194517
0.15842056183567613
0.17256269745940708
0.18670483308313804
0.200846968706869
0.21498910433059992
0.22913123995433088
0.24327337557806186
0.25741551120179285
0.2715576468255238
0.28569978244925476
0.29984191807298577
0.3139840536967167
0.3281261893204477
0.3422683249441787
0.35641046056790965
0.3705525961916406
0.3846947318153716
0.39883686743910257
0.4129790030628335
0.42712113868656454
0.4412632743102955
0.45540540993402645
0.46954754555775746
0.4836896811814884
0.4978318168052194
0.5119739524289504
0.5261160880526813
0.5402582236764123
0.5544003593001433
0.5685424949238742
0.5826846305476052
0.5968267661713362
0.6109689017950671
0.6251110374187981
0.6392531730425292
0.65339530866626
0.6675374442899911
0.6816795799137221
0.695821715537453
0.709963851161184
0.724105986784915
0.7382481224086459
0.7523902580323769
0.7665323936561079
0.7806745292798388
0.7948166649035698
0.8089588005273008
0.8231009361510317
0.8372430717747628
0.8513852073984938
0.8655273430222247
0.8796694786459557
0.8938116142696867
0.9079537498934176
0.9220958855171486
0.9362380211408796
0.9503801567646105
0.9645222923883415
0.9786644280120725
0.9928065636358034
0.006948699259534442
0.021090834883265394
0.03523297050699634
0.04937510613072729
0.06351724175445825
0.07765937737818919
0.09180151300192015
0.1059436486256511
0.12008578424938204
0.134227919873113
0.14837005549684396
0.1625121911205749
0.17665432674430587
0.1907964623680368
0.20493859799176775
0.21908073361549868
0.23322286923922966
0.24736500486296062
0.2615071404866916
0.27564927611042256
0.28979141173415357
0.3039335473578845
0.3180756829816155
0.3322178186053465
0.34635995422907745
0.3605020898528084
0.3746442254765394
0.3887863611002704
0.40292849672400133
0.41707063234773234
0.4312127679714633
0.44535490359519425
0.45949703921892526
0.4736391748426562
0.4877813104663872
0.5019234460901182
0.5160655817138491
0.5302077173375801
0.5443498529613111
0.558491988585042
0.572634124208773
0.586776259832504
0.6009183954562349
0.6150605310799659
0.629202666703697
0.6433448023274279
0.6574869379511589
0.6716290735748899
0.6857712091986208
0.6999133448223518
0.7140554804460828
0.7281976160698137
0.7423397516935447
0.7564818873172757
0.7706240229410066
0.7847661585647376
0.7989082941884686
0.8130504298121995
0.8271925654359306
0.8413347010596616
0.8554768366833925
0.8696189723071235
0.8837611079308545
0.8979032435545854
0.9120453791783164
0.9261875148020474
0.9403296504257783
0.9544717860495093
0.9686139216732403
0.9827560572969712
0.9968981929207023
0.011040328544433214
0.025182464168164165
0.039324599791895114
0.05346673541562607
0.06760887103935702
0.08175100666308797
0.09589314228681892
0.11003527791054987
0.12417741353428083
0.13831954915801178
0.1524616847817427
0.16660382040547367
0.18074595602920462
0.19488809165293558
0.20903022727666654
0.22317236290039746
0.23731449852412842
0.2514566341478594
0.26559876977159036
0.27974090539532137
0.2938830410190523
0.3080251766427833
0.3221673122665143
0.33630944789024525
0.3504515835139762
0.3645937191377072
0.3787358547614382
0.39287799038516913
0.40702012600890014
0.4211622616326311
0.43530439725636205
0.44944653288009306
0.463588668503824
0.477730804127555
0.49187293975128593
0.5060150753750169
0.5201572109987479
0.5342993466224789
0.5484414822462098
0.5625836178699408
0.5767257534936718
0.5908678891174027
0.6050100247411337
0.6191521603648648
0.6332942959885957
0.6474364316123267
0.6615785672360577
0.6757207028597886
0.6898628384835196
0.7040049741072506
0.7181471097309815
0.7322892453547125
0.7464313809784435
0.7605735166021744
0.7747156522259054
0.7888577878496364
0.8029999234733673
0.8171420590970984
0.8312841947208294
0.8454263303445603
0.8595684659682913
0.8737106015920223
0.8878527372157532
0.9019948728394842
0.9161370084632152
0.9302791440869461
0.9444212797106771
0.9585634153344081
0.972705550958139
0.98684768658187
0.0009898222056010128
0.015131957829331964
0.029274093453062915
0.043416229076793864
0.05755836470052482
0.07170050032425576
0.08584263594798672
0.09998477157171767
0.11412690719544862
0.12826904281917959
0.1424111784429105
0.15655331406664147
0.17069544969037242
0.18483758531410338
0.19897972093783434
0.21312185656156526
0.22726399218529622
0.2414061278090272
0.25554826343275816
0.26969039905648917
0.2838325346802201
0.2979746703039511
0.3121168059276821
0.32625894155141305
0.340401077175144
0.354543212798875
0.368685348422606
0.38282748404633693
0.39696961967006794
0.4111117552937989
0.42525389091752985
0.4393960265412608
0.4535381621649918
0.4676802977887228
0.48182243341245373
0.49596456903618474
0.5101067046599157
0.5242488402836467
0.5383909759073776
0.5525331115311086
0.5666752471548396
0.5808173827785705
0.5949595184023015
0.6091016540260326
0.6232437896497635
0.6373859252734945
0.6515280608972255
0.6656701965209564
0.6798123321446874
0.6939544677684184
0.7080966033921493
0.7222387390158803
0.7363808746396113
0.7505230102633422
0.7646651458870732
0.7788072815108043
0.7929494171345352
0.8070915527582662
0.8212336883819972
0.8353758240057281
0.8495179596294591
0.8636600952531901
0.877802230876921
0.891944366500652
0.906086502124383
0.9202286377481139
0.9343707733718449
0.9485129089955759
0.9626550446193068
0.9767971802430379
0.9909393158667689
0.005081451490499785
0.019223587114230736
0.033365722737961685
0.04750785836169264
0.06164999398542359
0.07579212960915455
0.08993426523288549
0.10407640085661644
0.1182185364803474
0.13236067210407834
0.1465028077278093
0.16064494335154025
0.1747870789752712
0.18892921459900214
0.2030713502227331
0.21721348584646402
0.231355621470195
0.24549775709392596
0.259639892717657
0.27378202834138793
0.2879241639651189
0.3020662995888499
0.31620843521258085
0.3303505708363118
0.34449270646004276
0.3586348420837738
0.37277697770750473
0.3869191133312357
0.4010612489549667
0.41520338457869765
0.4293455202024286
0.4434876558261596
0.4576297914498906
0.47177192707362153
0.48591406269735254
0.5000561983210835
0.5141983339448145
0.5283404695685454
0.5424826051922764
0.5566247408160074
0.5707668764397383
0.5849090120634693
0.5990511476872004
0.6131932833109313
0.6273354189346623
0.6414775545583933
0.6556196901821242
0.6697618258058552
0.6839039614295862
0.6980460970533171
0.7121882326770481
0.7263303683007791
0.74047250392451
0.754614639548241
0.768756775171972
0.782898910795703
0.797041046419434
0.811183182043165
0.8253253176668959
0.8394674532906269
0.8536095889143579
0.8677517245380888
0.8818938601618198
0.8960359957855508
0.9101781314092817
0.9243202670330127
0.9384624026567437
0.9526045382804746
0.9667466739042057
0.9808888095279366
0.9950309451516676
0.009173080775398558
0.023315216399129507
0.037457352022860456
0.05159948764659141
0.06574162327032236
0.07988375889405332
0.09402589451778426
0.10816803014151521
0.12231016576524617
0.13645230138897713
0.15059443701270805
0.164736572636439
0.17887870826016997
0.19302084388390092
0.20716297950763188
0.2213051151313628
0.23544725075509376
0.24958938637882475
0.26373152200255573
0.2778736576262867
0.29201579325001764
0.30615792887374865
0.3203000644974796
0.33444220012121056
0.3485843357449416
0.36272647136867253
0.3768686069924035
0.3910107426161345
0.40515287823986545
0.4192950138635964
0.4334371494873274
0.4475792851110584
0.46172142073478933
0.47586355635852035
0.4900056919822513
0.5041478276059823
0.5182899632297132
0.5324320988534442
0.5465742344771752
0.5607163701009061
0.5748585057246371
0.5890006413483682
0.6031427769720991
0.6172849125958301
0.6314270482195611
0.645569183843292
0.659711319467023
0.673853455090754
0.6879955907144849
0.7021377263382159
0.7162798619619469
0.7304219975856778
0.7445641332094088
0.7587062688331399
0.7728484044568708
0.7869905400806018
0.8011326757043328
0.8152748113280637
0.8294169469517947
0.8435590825755257
0.8577012181992566
0.8718433538229876
0.8859854894467185
0.9001276250704495
0.9142697606941805
0.9284118963179114
0.9425540319416424
0.9566961675653735
0.9708383031891044
0.9849804388128354
0.9991225744365664
0.01326471006029733
0.02740684568402828
0.041548981307759233
0.05569111693149018
0.06983325255522113
0.08397538817895209
0.09811752380268303
0.11225965942641399
0.12640179505014493
0.14054393067387588
0.15468606629760684
0.1688282019213378
0.18297033754506875
0.19711247316879968
0.21125460879253063
0.22539674441626156
0.23953888003999255
0.25368101566372353
0.2678231512874545
0.28196528691118544
0.29610742253491645
0.3102495581586474
0.32439169378237837
0.3385338294061094
0.35267596502984033
0.3668181006535713
0.3809602362773023
0.39510237190103326
0.4092445075247642
0.4233866431484952
0.4375287787722262
0.45167091439595713
0.46581305001968815
0.4799551856434191
0.49409732126715006
0.508239456890881
0.522381592514612
0.536523728138343
0.5506658637620739
0.564807999385805
0.578950135009536
0.5930922706332669
0.6072344062569979
0.6213765418807289
0.6355186775044598
0.6496608131281908
0.6638029487519218
0.6779450843756527
0.6920872199993837
0.7062293556231147
0.7203714912468456
0.7345136268705766
0.7486557624943077
0.7627978981180386
0.7769400337417696
0.7910821693655006
0.8052243049892315
0.8193664406129625
0.8335085762366934
0.8476507118604244
0.8617928474841554
0.8759349831078863
0.8900771187316173
0.9042192543553483
0.9183613899790792
0.9325035256028102
0.9466456612265413
0.9607877968502722
0.9749299324740032
0.9890720680977342
0.003214203721465128
0.01735633934519608
0.03149847496892703
0.04564061059265798
0.05978274621638893
0.07392488184011989
0.08806701746385083
0.10220915308758179
0.11635128871131274
0.13049342433504368
0.14463555995877464
0.1587776955825056
0.17291983120623655
0.18706196682996748
0.20120410245369844
0.21534623807742936
0.22948837370116035
0.24363050932489133
0.2577726449486223
0.27191478057235324
0.28605691619608425
0.3001990518198152
0.31434118744354617
0.3284833230672772
0.34262545869100813
0.3567675943147391
0.3709097299384701
0.38505186556220106
0.399194001185932
0.413336136809663
0.427478272433394
0.44162040805712494
0.45576254368085595
0.4699046793045869
0.48404681492831786
0.49818895055204887
0.5123310861757798
0.5264732217995108
0.5406153574232417
0.5547574930469727
0.5688996286707038
0.5830417642944347
0.5971838999181657
0.6113260355418967
0.6254681711656276
0.6396103067893586
0.6537524424130896
0.6678945780368205
0.6820367136605515
0.6961788492842825
0.7103209849080134
0.7244631205317444
0.7386052561554755
0.7527473917792064
0.7668895274029374
0.7810316630266683
0.7951737986503993
0.8093159342741303
0.8234580698978612
0.8376002055215922
0.8517423411453232
0.8658844767690541
0.8800266123927851
0.8941687480165161
0.908310883640247
0.922453019263978
0.9365951548877091
0.95073729051144
0.964879426135171
0.979021561758902
0.9931636973826329
0.0073058330063639
0.021447968630094853
0.035590104253825805
0.049732239877556754
0.0638743755012877
0.07801651112501866
0.0921586467487496
0.10630078237248056
0.12044291799621151
0.13458505361994247
0.14872718924367342
0.16286932486740435
0.1770114604911353
0.19115359611486626
0.20529573173859722
0.21943786736232815
0.2335800029860591
0.2477221386097901
0.26186427423352104
0.27600640985725206
0.290148545480983
0.30429068110471397
0.318432816728445
0.33257495235217593
0.3467170879759069
0.3608592235996379
0.37500135922336886
0.3891434948470998
0.4032856304708308
0.4174277660945618
0.43156990171829274
0.44571203734202375
0.4598541729657547
0.47399630858948566
0.48813844421321667
0.5022805798369476
0.5164227154606786
0.5305648510844095
0.5447069867081406
0.5588491223318716
0.5729912579556025
0.5871333935793335
0.6012755292030645
0.6154176648267954
0.6295598004505264
0.6437019360742574
0.6578440716979883
0.6719862073217193
0.6861283429454503
0.7002704785691812
0.7144126141929122
0.7285547498166431
0.7426968854403742
0.7568390210641052
0.7709811566878361
0.7851232923115671
0.7992654279352981
0.813407563559029
0.82754969918276
0.841691834806491
0.8558339704302219
0.8699761060539529
0.8841182416776839
0.8982603773014148
0.9124025129251458
0.9265446485488769
0.9406867841726078
0.9548289197963388
0.9689710554200698
0.9831131910438007
0.9972553266675317
0.011397462291262673
0.025539597914993623
0.039681733538724576
0.053823869162455525
0.06796600478618647
0.08210814040991743
0.09625027603364839
0.11039241165737933
0.12453454728111028
0.13867668290484123
0.15281881852857218
0.16696095415230314
0.1811030897760341
0.19524522539976505
0.20938736102349598
0.2235294966472269
0.2376716322709579
0.25181376789468884
0.26595590351841986
0.2800980391421508
0.29424017476588177
0.3083823103896128
0.32252444601334374
0.3366665816370747
0.3508087172608057
0.36495085288453666
0.3790929885082676
0.3932351241319986
0.4073772597557296
0.42151939537946054
0.43566153100319155
0.4498036666269225
0.46394580225065346
0.4780879378743844
0.49223007349811543
0.5063722091218464
0.5205143447455773
0.5346564803693084
0.5487986159930394
0.5629407516167703
0.5770828872405013
0.5912250228642323
0.6053671584879632
0.6195092941116942
0.6336514297354252
0.6477935653591561
0.6619357009828871
0.676077836606618
0.690219972230349
0.70436210785408
0.7185042434778109
0.732646379101542
0.746788514725273
0.7609306503490039
0.7750727859727349
0.7892149215964659
0.8033570572201968
0.8174991928439278
0.8316413284676588
0.8457834640913897
0.8599255997151207
0.8740677353388517
0.8882098709625826
0.9023520065863136
0.9164941422100447
0.9306362778337756
0.9447784134575066
0.9589205490812376
0.9730626847049685
0.9872048203286995
0.0013469559524304715
0.015489091576161422
0.029631227199892373
0.043773362823623325
0.057915498447354274
0.07205763407108523
0.08619976969481617
0.10034190531854713
0.11448404094227808
0.12862617656600903
0.14276831218973998
0.15691044781347094
0.1710525834372019
0.18519471906093282
0.19933685468466378
0.2134789903083947
0.2276211259321257
0.24176326155585667
0.25590539717958766
0.2700475328033186
0.28418966842704957
0.2983318040507806
0.31247393967451154
0.3266160752982425
0.3407582109219735
0.35490034654570446
0.3690424821694354
0.38318461779316637
0.3973267534168974
0.41146888904062834
0.4256110246643593
0.4397531602880903
0.45389529591182126
0.4680374315355522
0.48217956715928323
0.4963217027830142
0.5104638384067451
0.5246059740304762
0.5387481096542072
0.5528902452779381
0.5670323809016691
0.5811745165254001
0.595316652149131
0.609458787772862
0.6236009233965929
0.6377430590203239
0.6518851946440549
0.6660273302677858
0.6801694658915168
0.6943116015152478
0.7084537371389787
0.7225958727627098
0.7367380083864408
0.7508801440101717
0.7650222796339027
0.7791644152576337
0.7933065508813646
0.8074486865050956
0.8215908221288266
0.8357329577525575
0.8498750933762885
0.8640172290000195
0.8781593646237504
0.8923015002474814
0.9064436358712125
0.9205857714949434
0.9347279071186744
0.9488700427424054
0.9630121783661363
0.9771543139898673
0.9912964496135983
0.005438585237329244
0.019580720861060195
0.03372285648479115
0.047864992108522096
0.062007127732253045
0.076149263355984
0.09029139897971494
0.1044335346034459
0.11857567022717685
0.1327178058509078
0.14685994147463877
0.1610020770983697
0.17514421272210065
0.1892863483458316
0.20342848396956256
0.2175706195932935
0.23171275521702445
0.24585489084075543
0.2599970264644864
0.27413916208821737
0.2882812977119484
0.30242343333567934
0.3165655689594103
0.33070770458314125
0.34484984020687226
0.3589919758306032
0.37313411145433417
0.3872762470780652
0.40141838270179614
0.4155605183255271
0.4297026539492581
0.44384478957298906
0.45798692519672
0.47212906082045103
0.486271196444182
0.5004133320679129
0.514555467691644
0.5286976033153749
0.5428397389391059
0.5569818745628369
0.5711240101865678
0.5852661458102988
0.5994082814340298
0.6135504170577607
0.6276925526814917
0.6418346883052227
0.6559768239289536
0.6701189595526846
0.6842610951764156
0.6984032308001465
0.7125453664238776
0.7266875020476086
0.7408296376713395
0.7549717732950705
0.7691139089188015
0.7832560445425324
0.7973981801662634
0.8115403157899944
0.8256824514137253
0.8398245870374563
0.8539667226611873
0.8681088582849182
0.8822509939086493
0.8963931295323803
0.9105352651561112
0.9246774007798422
0.9388195364035732
0.9529616720273041
0.9671038076510351
0.9812459432747661
0.995388078898497
0.009530214522228016
0.023672350145958965
0.03781448576968992
0.05195662139342087
0.06609875701715182
0.08024089264088277
0.09438302826461373
0.10852516388834467
0.12266729951207563
0.13680943513580657
0.15095157075953752
0.16509370638326848
0.17923584200699944
0.1933779776307304
0.20752011325446132
0.22166224887819225
0.23580438450192323
0.24994652012565421
0.26408865574938517
0.2782307913731161
0.29237292699684714
0.3065150626205781
0.32065719824430905
0.33479933386804006
0.348941469491771
0.363083605115502
0.377225740739233
0.39136787636296394
0.4055100119866949
0.4196521476104259
0.43379428323415686
0.4479364188578878
0.46207855448161883
0.4762206901053498
0.49036282572908074
0.5045049613528118
0.5186470969765427
0.5327892326002737
0.5469313682240047
0.5610735038477356
0.5752156394714666
0.5893577750951976
0.6034999107189285
0.6176420463426595
0.6317841819663905
0.6459263175901214
0.6600684532138524
0.6742105888375834
0.6883527244613143
0.7024948600850454
0.7166369957087764
0.7307791313325073
0.7449212669562383
0.7590634025799693
0.7732055382037002
0.7873476738274312
0.8014898094511622
0.8156319450748931
0.8297740806986241
0.8439162163223551
0.858058351946086
0.872200487569817
0.8863426231935481
0.900484758817279
0.91462689444101
0.928769030064741
0.9429111656884719
0.9570533013122029
0.9711954369359339
0.9853375725596648
0.9994797081833958
0.013621843807126789
0.02776397943085774
0.04190611505458869
0.056048250678319644
0.07019038630205059
0.08433252192578154
0.0984746575495125
0.11261679317324344
0.1267589287969744
0.14090106442070535
0.1550432000444363
0.16918533566816724
0.1833274712918982
0.19746960691562915
0.2116117425393601
0.22575387816309103
0.23989601378682202
0.25403814941055297
0.2681802850342839
0.28232242065801494
0.2964645562817459
0.31060669190547685
0.32474882752920786
0.3388909631529388
0.3530330987766698
0.3671752344004008
0.38131737002413174
0.3954595056478627
0.4096016412715937
0.42374377689532466
0.4378859125190556
0.45202804814278663
0.4661701837665176
0.48031231939024854
0.49445445501397955
0.5085965906377105
0.5227387262614415
0.5368808618851725
0.5510229975089034
0.5651651331326344
0.5793072687563654
0.5934494043800963
0.6075915400038273
0.6217336756275583
0.6358758112512892
0.6500179468750202
0.6641600824987512
0.6783022181224821
0.6924443537462132
0.7065864893699442
0.7207286249936751
0.7348707606174061
0.7490128962411371
0.763155031864868
0.777297167488599
0.79143930311233
0.8055814387360609
0.8197235743597919
0.8338657099835229
0.8480078456072538
0.8621499812309849
0.8762921168547159
0.8904342524784468
0.9045763881021778
0.9187185237259088
0.9328606593496397
0.9470027949733707
0.9611449305971017
0.9752870662208326
0.9894292018445636
0.003571337468294587
0.017713473092025537
0.03185560871575649
0.04599774433948744
0.060139879963218394
0.07428201558694934
0.0884241512106803
0.10256628683441124
0.1167084224581422
0.13085055808187315
0.1449926937056041
0.15913482932933504
0.173276964953066
0.18741910057679695
0.2015612362005279
0.21570337182425883
0.22984550744798982
0.24398764307172077
0.25812977869545173
0.27227191431918274
0.2864140499429137
0.30055618556664465
0.31469832119037566
0.3288404568141066
0.3429825924378376
0.3571247280615686
0.37126686368529954
0.3854089993090305
0.3995511349327615
0.41369327055649247
0.4278354061802234
0.44197754180395443
0.4561196774276854
0.47026181305141634
0.48440394867514736
0.4985460842988783
0.5126882199226093
0.5268303555463403
0.5409724911700712
0.5551146267938022
0.5692567624175332
0.5833988980412641
0.5975410336649951
0.6116831692887261
0.625825304912457
0.639967440536188
0.654109576159919
0.66825171178365
0.682393847407381
0.696535983031112
0.7106781186548429
