0.37416388938436285
0.6238843711616937
0.4966557361476589
0.4955370072857477
0.9866222302953247
0.9821499388490338
0.9464917785662692
0.9285921167756896
0.7859556851617526
0.7143990220210981
0.14386845749686472
0.857473868818488
0.575290962937288
0.43038435265771113
0.3018953200080432
0.7195819014741573
0.20465540725854225
0.8861496426980011
0.8303251202451065
0.5133104239066597
0.27448651622398756
0.1783942835754715
0.2852019243000541
0.21296678273938596
0.39178425970021635
0.8543085372657515
0.5632307889172807
0.4074685239174869
0.26854815537808463
0.668936596630374
0.011692622938426211
0.5194963828544132
0.2967704861657694
0.7029855463770218
0.18708196701481938
0.3119421259034425
0.7483277787687257
0.24776874235249124
0.9933114722953178
0.9910740145714954
0.9732444606197532
0.9642998777271714
0.8929835571616422
0.8571842335804831
0.5719113703526091
0.42879804407129996
0.28773691499372944
0.7149477376660798
0.1505819259036798
0.8607687053154223
0.6037906400160864
0.4391638029774185
0.4093108145170845
0.7722992854251061
0.6606502405193169
0.026620847842423245
0.5489730324479751
0.356788567150943
0.5704038486001082
0.4259335654787719
0.7835685194004327
0.7086170745606069
0.1264615778636653
0.8149370478349738
0.5370963107561693
0.33787319328985177
0.023385245876852423
0.03899276573793031
0.5935409723315388
0.40597109278314747
0.37416393402963877
0.623884251806885
0.4966555575665552
0.4955374847049825
0.9866229446197394
0.9821480291720945
0.9464889212686103
0.9285997554834466
0.7859671143523883
0.7143684671900701
0.143822740734322
0.8575960881425999
0.5754738299874589
0.4298954753612634
0.3011638518073596
0.7215374106599484
0.20758128006127663
0.878327605954837
0.818621629034169
0.544598570879316
0.32130048106773756
0.05324169568484649
0.09794606492505409
0.713577134301886
0.14080769722932018
0.8518671309575438
0.5671370388299692
0.41723414915031753
0.2529231557273306
0.6298740956990514
0.07419262154144235
0.6757463865797035
0.046770491753704846
0.07798553147586063
0.18708194469218142
0.8119421855662949
0.7483278680592775
0.24776850364287384
0.9933111151331104
0.991074969409965
0.9732458892685827
0.9642960583732929
0.8929778425663244
0.8571995109959971
0.5719342287338804
0.428736934409244
0.287645481468644
0.7151921763143037
0.1509476600040216
0.8597909507225268
0.6023277036147192
0.44307482134900056
0.41516256012255326
0.7566552119387779
0.6372432580974419
0.08919714178773575
0.6426009621354751
0.10648339136969298
0.19589212985010818
0.42715426863287576
0.28161539445864037
0.7037342619441915
0.13427407768904231
0.8344682983006351
0.5058463114546612
0.2597481914272066
0.1483852430828847
0.3514927731885109
0.09354098350740969
0.15597106295172125
0.37416388938436285
0.6238843711616937
0.4966557361476589
0.4955370072857477
0.9866222302953247
0.9821499388490338
0.9464917785662692
0.9285921167756896
0.7859556851617526
0.7143990220210981
0.14386845749686472
0.857473868818488
0.575290962937288
0.43038435265771113
0.3018953200080432
0.7195819014741573
0.20465540725854225
0.8861496426980011
0.8303251202451065
0.5133104239066597
0.27448651622398756
0.1783942835754715
0.2852019243000541
0.21296678273938596
0.39178425970021635
0.8543085372657515
0.5632307889172807
0.4074685239174869
0.26854815537808463
0.668936596630374
0.011692622938426211
0.5194963828544132
0.2967704861657694
0.7029855463770218
0.18708196701481938
0.3119421259034425
0.7483277787687257
0.24776874235249124
0.9933114722953178
0.9910740145714954
0.9732444606197532
0.9642998777271714
0.8929835571616422
0.8571842335804831
0.5719113703526091
0.42879804407129996
0.28773691499372944
0.7149477376660798
0.1505819259036798
0.8607687053154223
0.6037906400160864
0.4391638029774185
0.4093108145170845
0.7722992854251061
0.6606502405193169
0.026620847842423245
0.5489730324479751
0.356788567150943
0.5704038486001082
0.4259335654787719
0.7835685194004327
0.7086170745606069
0.1264615778636653
0.8149370478349738
0.5370963107561693
0.33787319328985177
0.023385245876852423
0.03899276573793031
0.5935409723315388
0.40597109278314747
0.37416393402963877
0.623884251806885
0.4966555575665552
0.4955374847049825
0.9866229446197394
0.9821480291720945
0.9464889212686103
0.9285997554834466
0.7859671143523883
0.7143684671900701
0.143822740734322
0.8575960881425999
0.5754738299874589
0.4298954753612634
0.3011638518073596
0.7215374106599484
0.20758128006127663
0.878327605954837
0.818621629034169
0.544598570879316
0.32130048106773756
0.05324169568484649
0.09794606492505409
0.713577134301886
0.14080769722932018
0.8518671309575438
0.5671370388299692
0.41723414915031753
0.2529231557273306
0.6298740956990514
0.07419262154144235
0.6757463865797035
0.046770491753704846
0.07798553147586063
0.18708194469218142
0.8119421855662949
0.7483278680592775
0.24776850364287384
0.9933111151331104
0.991074969409965
0.9732458892685827
0.9642960583732929
0.8929778425663244
0.8571995109959971
0.5719342287338804
0.428736934409244
0.287645481468644
0.7151921763143037
0.1509476600040216
0.8597909507225268
0.6023277036147192
0.44307482134900056
0.41516256012255326
0.7566552119387779
0.6372432580974419
0.08919714178773575
0.6426009621354751
0.10648339136969298
0.19589212985010818
0.42715426863287576
0.28161539445864037
0.7037342619441915
0.13427407768904231
0.8344682983006351
0.5058463114546612
0.2597481914272066
0.1483852430828847
0.3514927731885109
0.09354098350740969
0.15597106295172125
0.37416388938436285
0.6238843711616937
0.4966557361476589
0.4955370072857477
0.9866222302953247
0.9821499388490338
0.9464917785662692
0.9285921167756896
0.7859556851617526
0.7143990220210981
0.14386845749686472
0.857473868818488
0.575290962937288
0.43038435265771113
0.3018953200080432
0.7195819014741573
0.20465540725854225
0.8861496426980011
0.8303251202451065
0.5133104239066597
0.27448651622398756
0.1783942835754715
0.2852019243000541
0.21296678273938596
0.39178425970021635
0.8543085372657515
0.5632307889172807
0.4074685239174869
0.26854815537808463
0.668936596630374
0.011692622938426211
0.5194963828544132
0.2967704861657694
0.7029855463770218
0.18708196701481938
0.3119421259034425
0.7483277787687257
0.24776874235249124
0.9933114722953178
0.9910740145714954
0.9732444606197532
0.9642998777271714
0.8929835571616422
0.8571842335804831
0.5719113703526091
0.42879804407129996
0.28773691499372944
0.7149477376660798
0.1505819259036798
0.8607687053154223
0.6037906400160864
0.4391638029774185
0.4093108145170845
0.7722992854251061
0.6606502405193169
0.026620847842423245
0.5489730324479751
0.356788567150943
0.5704038486001082
0.4259335654787719
0.7835685194004327
0.7086170745606069
0.1264615778636653
0.8149370478349738
0.5370963107561693
0.33787319328985177
0.023385245876852423
0.03899276573793031
0.5935409723315388
0.40597109278314747
0.37416393402963877
0.623884251806885
0.4966555575665552
0.4955374847049825
0.9866229446197394
0.9821480291720945
0.9464889212686103
0.9285997554834466
0.7859671143523883
0.7143684671900701
0.143822740734322
0.8575960881425999
0.5754738299874589
0.4298954753612634
0.3011638518073596
0.7215374106599484
0.20758128006127663
0.878327605954837
0.818621629034169
0.544598570879316
0.32130048106773756
0.05324169568484649
0.09794606492505409
0.713577134301886
0.14080769722932018
0.8518671309575438
0.5671370388299692
0.41723414915031753
0.2529231557273306
0.6298740956990514
0.07419262154144235
0.6757463865797035
0.046770491753704846
0.07798553147586063
0.18708194469218142
0.8119421855662949
0.7483278680592775
0.24776850364287384
0.9933111151331104
0.991074969409965
0.9732458892685827
0.9642960583732929
0.8929778425663244
0.8571995109959971
0.5719342287338804
0.428736934409244
0.287645481468644
0.7151921763143037
0.1509476600040216
0.8597909507225268
0.6023277036147192
0.44307482134900056
0.41516256012255326
0.7566552119387779
0.6372432580974419
0.08919714178773575
0.6426009621354751
0.10648339136969298
0.19589212985010818
0.42715426863287576
0.28161539445864037
0.7037342619441915
0.13427407768904231
0.8344682983006351
0.5058463114546612
0.2597481914272066
0.1483852430828847
0.3514927731885109
0.09354098350740969
0.15597106295172125
0.37416388938436285
0.6238843711616937
0.4966557361476589
0.4955370072857477
0.9866222302953247
0.9821499388490338
0.9464917785662692
0.9285921167756896
0.7859556851617526
0.7143990220210981
0.14386845749686472
0.857473868818488
0.575290962937288
0.43038435265771113
0.3018953200080432
0.7195819014741573
0.20465540725854225
0.8861496426980011
0.8303251202451065
0.5133104239066597
0.27448651622398756
0.1783942835754715
0.2852019243000541
0.21296678273938596
0.39178425970021635
0.8543085372657515
0.5632307889172807
0.4074685239174869
0.26854815537808463
0.668936596630374
0.011692622938426211
0.5194963828544132
0.2967704861657694
0.7029855463770218
0.18708196701481938
0.3119421259034425
0.7483277787687257
0.24776874235249124
0.9933114722953178
0.9910740145714954
0.9732444606197532
0.9642998777271714
0.8929835571616422
0.8571842335804831
0.5719113703526091
0.42879804407129996
0.28773691499372944
0.7149477376660798
0.1505819259036798
0.8607687053154223
0.6037906400160864
0.4391638029774185
0.4093108145170845
0.7722992854251061
0.6606502405193169
0.026620847842423245
0.5489730324479751
0.356788567150943
0.5704038486001082
0.4259335654787719
0.7835685194004327
0.7086170745606069
0.1264615778636653
0.8149370478349738
0.5370963107561693
0.33787319328985177
0.023385245876852423
0.03899276573793031
0.5935409723315388
0.40597109278314747
0.37416393402963877
0.623884251806885
0.4966555575665552
0.4955374847049825
0.9866229446197394
0.9821480291720945
0.9464889212686103
0.9285997554834466
0.7859671143523883
0.7143684671900701
0.143822740734322
0.8575960881425999
0.5754738299874589
0.4298954753612634
0.3011638518073596
0.7215374106599484
0.20758128006127663
0.878327605954837
0.818621629034169
0.544598570879316
0.32130048106773756
0.05324169568484649
0.09794606492505409
0.713577134301886
0.14080769722932018
0.8518671309575438
0.5671370388299692
0.41723414915031753
0.2529231557273306
0.6298740956990514
0.07419262154144235
0.6757463865797035
0.046770491753704846
0.07798553147586063
0.18708194469218142
0.8119421855662949
0.7483278680592775
0.24776850364287384
0.9933111151331104
0.991074969409965
0.9732458892685827
0.9642960583732929
0.8929778425663244
0.8571995109959971
0.5719342287338804
0.428736934409244
0.287645481468644
0.7151921763143037
0.1509476600040216
0.8597909507225268
0.6023277036147192
0.44307482134900056
0.41516256012255326
0.7566552119387779
0.6372432580974419
0.08919714178773575
0.6426009621354751
0.10648339136969298
0.19589212985010818
0.42715426863287576
0.28161539445864037
0.7037342619441915
0.13427407768904231
0.8344682983006351
0.5058463114546612
0.2597481914272066
0.1483852430828847
0.3514927731885109
0.09354098350740969
0.15597106295172125
0.37416388938436285
0.6238843711616937
0.4966557361476589
0.4955370072857477
0.9866222302953247
0.9821499388490338
0.9464917785662692
0.9285921167756896
0.7859556851617526
0.7143990220210981
0.14386845749686472
0.857473868818488
0.575290962937288
0.43038435265771113
0.3018953200080432
0.7195819014741573
0.20465540725854225
0.8861496426980011
0.8303251202451065
0.5133104239066597
0.27448651622398756
0.1783942835754715
0.2852019243000541
0.21296678273938596
0.39178425970021635
0.8543085372657515
0.5632307889172807
0.4074685239174869
0.26854815537808463
0.668936596630374
0.011692622938426211
0.5194963828544132
0.2967704861657694
0.7029855463770218
0.18708196701481938
0.3119421259034425
0.7483277787687257
0.24776874235249124
0.9933114722953178
0.9910740145714954
0.9732444606197532
0.9642998777271714
0.8929835571616422
0.8571842335804831
0.5719113703526091
0.42879804407129996
0.28773691499372944
0.7149477376660798
0.1505819259036798
0.8607687053154223
0.6037906400160864
0.4391638029774185
0.4093108145170845
0.7722992854251061
0.6606502405193169
0.026620847842423245
0.5489730324479751
0.356788567150943
0.5704038486001082
0.4259335654787719
0.7835685194004327
0.7086170745606069
0.1264615778636653
0.8149370478349738
0.5370963107561693
0.33787319328985177
0.023385245876852423
0.03899276573793031
0.5935409723315388
0.40597109278314747
0.37416393402963877
0.623884251806885
0.4966555575665552
0.4955374847049825
0.9866229446197394
0.9821480291720945
0.9464889212686103
0.9285997554834466
0.7859671143523883
0.7143684671900701
0.143822740734322
0.8575960881425999
0.5754738299874589
0.4298954753612634
0.3011638518073596
0.7215374106599484
0.20758128006127663
0.878327605954837
0.818621629034169
0.544598570879316
0.32130048106773756
0.05324169568484649
0.09794606492505409
0.713577134301886
0.14080769722932018
0.8518671309575438
0.5671370388299692
0.41723414915031753
0.2529231557273306
0.6298740956990514
0.07419262154144235
0.6757463865797035
0.046770491753704846
0.07798553147586063
0.18708194469218142
0.8119421855662949
0.7483278680592775
0.24776850364287384
0.9933111151331104
0.991074969409965
0.9732458892685827
0.9642960583732929
0.8929778425663244
0.8571995109959971
0.5719342287338804
0.428736934409244
0.287645481468644
0.7151921763143037
0.1509476600040216
0.8597909507225268
0.6023277036147192
0.44307482134900056
0.41516256012255326
0.7566552119387779
0.6372432580974419
0.08919714178773575
0.6426009621354751
0.10648339136969298
0.19589212985010818
0.42715426863287576
0.28161539445864037
0.7037342619441915
0.13427407768904231
0.8344682983006351
0.5058463114546612
0.2597481914272066
0.1483852430828847
0.3514927731885109
0.09354098350740969
0.15597106295172125
0.37416388938436285
0.6238843711616937
0.4966557361476589
0.4955370072857477
0.9866222302953247
0.9821499388490338
0.9464917785662692
0.9285921167756896
0.7859556851617526
0.7143990220210981
0.14386845749686472
0.857473868818488
0.575290962937288
0.43038435265771113
0.3018953200080432
0.7195819014741573
0.20465540725854225
0.8861496426980011
0.8303251202451065
0.5133104239066597
0.27448651622398756
0.1783942835754715
0.2852019243000541
0.21296678273938596
0.39178425970021635
0.8543085372657515
0.5632307889172807
0.4074685239174869
0.26854815537808463
0.668936596630374
0.011692622938426211
0.5194963828544132
0.2967704861657694
0.7029855463770218
0.18708196701481938
0.3119421259034425
0.7483277787687257
0.24776874235249124
0.9933114722953178
0.9910740145714954
0.9732444606197532
0.9642998777271714
0.8929835571616422
0.8571842335804831
0.5719113703526091
0.42879804407129996
0.28773691499372944
0.7149477376660798
0.1505819259036798
0.8607687053154223
0.6037906400160864
0.4391638029774185
0.4093108145170845
0.7722992854251061
0.6606502405193169
0.026620847842423245
0.5489730324479751
0.356788567150943
0.5704038486001082
0.4259335654787719
0.7835685194004327
0.7086170745606069
0.1264615778636653
0.8149370478349738
0.5370963107561693
0.33787319328985177
0.023385245876852423
0.03899276573793031
0.5935409723315388
0.40597109278314747
0.37416393402963877
0.623884251806885
0.4966555575665552
0.4955374847049825
0.9866229446197394
0.9821480291720945
0.9464889212686103
0.9285997554834466
0.7859671143523883
0.7143684671900701
0.143822740734322
0.8575960881425999
0.5754738299874589
0.4298954753612634
0.3011638518073596
0.7215374106599484
0.20758128006127663
0.878327605954837
0.818621629034169
0.544598570879316
0.32130048106773756
0.05324169568484649
0.09794606492505409
0.713577134301886
0.14080769722932018
0.8518671309575438
0.5671370388299692
0.41723414915031753
0.2529231557273306
0.6298740956990514
0.07419262154144235
0.6757463865797035
0.046770491753704846
0.07798553147586063
0.18708194469218142
0.8119421855662949
0.7483278680592775
0.24776850364287384
0.9933111151331104
0.991074969409965
0.9732458892685827
0.9642960583732929
0.8929778425663244
0.8571995109959971
0.5719342287338804
0.428736934409244
0.287645481468644
0.7151921763143037
0.1509476600040216
0.8597909507225268
0.6023277036147192
0.44307482134900056
0.41516256012255326
0.7566552119387779
0.6372432580974419
0.08919714178773575
0.6426009621354751
0.10648339136969298
0.19589212985010818
0.42715426863287576
0.28161539445864037
0.7037342619441915
0.13427407768904231
0.8344682983006351
0.5058463114546612
0.2597481914272066
0.1483852430828847
0.3514927731885109
0.09354098350740969
0.15597106295172125
0.37416388938436285
0.6238843711616937
0.4966557361476589
0.4955370072857477
0.9866222302953247
0.9821499388490338
0.9464917785662692
0.9285921167756896
0.7859556851617526
0.7143990220210981
0.14386845749686472
0.857473868818488
0.575290962937288
0.43038435265771113
0.3018953200080432
0.7195819014741573
0.20465540725854225
0.8861496426980011
0.8303251202451065
0.5133104239066597
0.27448651622398756
0.1783942835754715
0.2852019243000541
0.21296678273938596
0.39178425970021635
0.8543085372657515
0.5632307889172807
0.4074685239174869
0.26854815537808463
0.668936596630374
0.011692622938426211
0.5194963828544132
0.2967704861657694
0.7029855463770218
0.18708196701481938
0.3119421259034425
0.7483277787687257
0.24776874235249124
0.9933114722953178
0.9910740145714954
0.9732444606197532
0.9642998777271714
0.8929835571616422
0.8571842335804831
0.5719113703526091
0.42879804407129996
0.28773691499372944
0.7149477376660798
0.1505819259036798
0.8607687053154223
0.6037906400160864
0.4391638029774185
0.4093108145170845
0.7722992854251061
0.6606502405193169
0.026620847842423245
0.5489730324479751
0.356788567150943
0.5704038486001082
0.4259335654787719
0.7835685194004327
0.7086170745606069
0.1264615778636653
0.8149370478349738
0.5370963107561693
0.33787319328985177
0.023385245876852423
0.03899276573793031
0.5935409723315388
0.40597109278314747
0.37416393402963877
0.623884251806885
0.4966555575665552
0.4955374847049825
0.9866229446197394
0.9821480291720945
0.9464889212686103
0.9285997554834466
0.7859671143523883
0.7143684671900701
0.143822740734322
0.8575960881425999
0.5754738299874589
0.4298954753612634
0.3011638518073596
0.7215374106599484
0.20758128006127663
0.878327605954837
0.818621629034169
0.544598570879316
0.32130048106773756
0.05324169568484649
0.09794606492505409
0.713577134301886
0.14080769722932018
0.8518671309575438
0.5671370388299692
0.41723414915031753
0.2529231557273306
0.6298740956990514
0.07419262154144235
0.6757463865797035
0.046770491753704846
0.07798553147586063
0.18708194469218142
0.8119421855662949
0.7483278680592775
0.24776850364287384
0.9933111151331104
0.991074969409965
0.9732458892685827
0.9642960583732929
0.8929778425663244
0.8571995109959971
0.5719342287338804
0.428736934409244
0.287645481468644
0.7151921763143037
0.1509476600040216
0.8597909507225268
0.6023277036147192
0.44307482134900056
0.41516256012255326
0.7566552119387779
0.6372432580974419
0.08919714178773575
0.6426009621354751
0.10648339136969298
0.19589212985010818
0.42715426863287576
0.28161539445864037
0.7037342619441915
0.13427407768904231
0.8344682983006351
0.5058463114546612
0.2597481914272066
0.1483852430828847
0.3514927731885109
0.09354098350740969
0.15597106295172125
0.37416388938436285
0.6238843711616937
0.4966557361476589
0.4955370072857477
0.9866222302953247
0.9821499388490338
0.9464917785662692
0.9285921167756896
0.7859556851617526
0.7143990220210981
0.14386845749686472
0.857473868818488
0.575290962937288
0.43038435265771113
0.3018953200080432
0.7195819014741573
0.20465540725854225
0.8861496426980011
0.8303251202451065
0.5133104239066597
0.27448651622398756
0.1783942835754715
0.2852019243000541
0.21296678273938596
0.39178425970021635
0.8543085372657515
0.5632307889172807
0.4074685239174869
0.26854815537808463
0.668936596630374
0.011692622938426211
0.5194963828544132
0.2967704861657694
0.7029855463770218
0.18708196701481938
0.3119421259034425
0.7483277787687257
0.24776874235249124
0.9933114722953178
0.9910740145714954
0.9732444606197532
0.9642998777271714
0.8929835571616422
0.8571842335804831
0.5719113703526091
0.42879804407129996
0.28773691499372944
0.7149477376660798
0.1505819259036798
0.8607687053154223
0.6037906400160864
0.4391638029774185
0.4093108145170845
0.7722992854251061
0.6606502405193169
0.026620847842423245
0.5489730324479751
0.356788567150943
0.5704038486001082
0.4259335654787719
0.7835685194004327
0.7086170745606069
0.1264615778636653
0.8149370478349738
0.5370963107561693
0.33787319328985177
0.023385245876852423
0.03899276573793031
0.5935409723315388
0.40597109278314747
0.37416393402963877
0.623884251806885
0.4966555575665552
0.4955374847049825
0.9866229446197394
0.9821480291720945
0.9464889212686103
0.9285997554834466
0.7859671143523883
0.7143684671900701
0.143822740734322
0.8575960881425999
0.5754738299874589
0.4298954753612634
0.3011638518073596
0.7215374106599484
0.20758128006127663
0.878327605954837
0.818621629034169
0.544598570879316
0.32130048106773756
0.05324169568484649
0.09794606492505409
0.713577134301886
0.14080769722932018
0.8518671309575438
0.5671370388299692
0.41723414915031753
0.2529231557273306
0.6298740956990514
0.07419262154144235
0.6757463865797035
0.046770491753704846
0.07798553147586063
0.18708194469218142
0.8119421855662949
0.7483278680592775
0.24776850364287384
0.9933111151331104
0.991074969409965
0.9732458892685827
0.9642960583732929
0.8929778425663244
0.8571995109959971
0.5719342287338804
0.428736934409244
0.287645481468644
0.7151921763143037
0.1509476600040216
0.8597909507225268
0.6023277036147192
0.44307482134900056
0.41516256012255326
0.7566552119387779
0.6372432580974419
0.08919714178773575
0.6426009621354751
0.10648339136969298
0.19589212985010818
0.42715426863287576
0.28161539445864037
0.7037342619441915
0.13427407768904231
0.8344682983006351
0.5058463114546612
0.2597481914272066
0.1483852430828847
0.3514927731885109
0.09354098350740969
0.15597106295172125
0.37416388938436285
0.6238843711616937
0.4966557361476589
0.4955370072857477
0.9866222302953247
0.9821499388490338
0.9464917785662692
0.9285921167756896
0.7859556851617526
0.7143990220210981
0.14386845749686472
0.857473868818488
0.575290962937288
0.43038435265771113
0.3018953200080432
0.7195819014741573
0.20465540725854225
0.8861496426980011
0.8303251202451065
0.5133104239066597
0.27448651622398756
0.1783942835754715
0.2852019243000541
0.21296678273938596
0.39178425970021635
0.8543085372657515
0.5632307889172807
0.4074685239174869
0.26854815537808463
0.668936596630374
0.011692622938426211
0.5194963828544132
0.2967704861657694
0.7029855463770218
0.18708196701481938
0.3119421259034425
0.7483277787687257
0.24776874235249124
0.9933114722953178
0.9910740145714954
0.9732444606197532
0.9642998777271714
0.8929835571616422
0.8571842335804831
0.5719113703526091
0.42879804407129996
0.28773691499372944
0.7149477376660798
0.1505819259036798
0.8607687053154223
0.6037906400160864
0.4391638029774185
0.4093108145170845
0.7722992854251061
0.6606502405193169
0.026620847842423245
0.5489730324479751
0.356788567150943
0.5704038486001082
0.4259335654787719
0.7835685194004327
0.7086170745606069
0.1264615778636653
0.8149370478349738
0.5370963107561693
0.33787319328985177
0.023385245876852423
0.03899276573793031
0.5935409723315388
0.40597109278314747
0.37416393402963877
0.623884251806885
0.4966555575665552
0.4955374847049825
0.9866229446197394
0.9821480291720945
0.9464889212686103
0.9285997554834466
0.7859671143523883
0.7143684671900701
0.143822740734322
0.8575960881425999
0.5754738299874589
0.4298954753612634
0.3011638518073596
0.7215374106599484
0.20758128006127663
0.878327605954837
0.818621629034169
0.544598570879316
0.32130048106773756
0.05324169568484649
0.09794606492505409
0.713577134301886
0.14080769722932018
0.8518671309575438
0.5671370388299692
0.41723414915031753
0.2529231557273306
0.6298740956990514
0.07419262154144235
0.6757463865797035
0.046770491753704846
0.07798553147586063
0.18708194469218142
0.8119421855662949
0.7483278680592775
0.24776850364287384
0.9933111151331104
0.991074969409965
0.9732458892685827
0.9642960583732929
0.8929778425663244
0.8571995109959971
0.5719342287338804
0.428736934409244
0.287645481468644
0.7151921763143037
0.1509476600040216
0.8597909507225268
0.6023277036147192
0.44307482134900056
0.41516256012255326
0.7566552119387779
0.6372432580974419
0.08919714178773575
0.6426009621354751
0.10648339136969298
0.19589212985010818
0.42715426863287576
0.28161539445864037
0.7037342619441915
0.13427407768904231
0.8344682983006351
0.5058463114546612
0.2597481914272066
0.1483852430828847
0.3514927731885109
0.09354098350740969
0.15597106295172125
0.37416388938436285
0.6238843711616937
0.4966557361476589
0.4955370072857477
0.9866222302953247
0.9821499388490338
0.9464917785662692
0.9285921167756896
0.7859556851617526
0.7143990220210981
0.14386845749686472
0.857473868818488
0.575290962937288
0.43038435265771113
0.3018953200080432
0.7195819014741573
0.20465540725854225
0.8861496426980011
0.8303251202451065
0.5133104239066597
0.27448651622398756
0.1783942835754715
0.2852019243000541
0.21296678273938596
0.39178425970021635
0.8543085372657515
0.5632307889172807
0.4074685239174869
0.26854815537808463
0.668936596630374
0.011692622938426211
0.5194963828544132
0.2967704861657694
0.7029855463770218
0.18708196701481938
0.3119421259034425
0.7483277787687257
0.24776874235249124
0.9933114722953178
0.9910740145714954
0.9732444606197532
0.9642998777271714
0.8929835571616422
0.8571842335804831
0.5719113703526091
0.42879804407129996
0.28773691499372944
0.7149477376660798
0.1505819259036798
0.8607687053154223
0.6037906400160864
0.4391638029774185
0.4093108145170845
0.7722992854251061
0.6606502405193169
0.026620847842423245
0.5489730324479751
0.356788567150943
0.5704038486001082
0.4259335654787719
0.7835685194004327
0.7086170745606069
0.1264615778636653
0.8149370478349738
0.5370963107561693
0.33787319328985177
0.023385245876852423
0.03899276573793031
0.5935409723315388
0.40597109278314747
0.37416393402963877
0.623884251806885
0.4966555575665552
0.4955374847049825
0.9866229446197394
0.9821480291720945
0.9464889212686103
0.9285997554834466
0.7859671143523883
0.7143684671900701
0.143822740734322
0.8575960881425999
0.5754738299874589
0.4298954753612634
0.3011638518073596
0.7215374106599484
0.20758128006127663
0.878327605954837
0.818621629034169
0.544598570879316
0.32130048106773756
0.05324169568484649
0.09794606492505409
0.713577134301886
0.14080769722932018
0.8518671309575438
0.5671370388299692
0.41723414915031753
0.2529231557273306
0.6298740956990514
0.07419262154144235
0.6757463865797035
0.046770491753704846
0.07798553147586063
0.18708194469218142
0.8119421855662949
0.7483278680592775
0.24776850364287384
0.9933111151331104
0.991074969409965
0.9732458892685827
0.9642960583732929
0.8929778425663244
0.8571995109959971
0.5719342287338804
0.428736934409244
0.287645481468644
0.7151921763143037
0.1509476600040216
0.8597909507225268
0.6023277036147192
0.44307482134900056
0.41516256012255326
0.7566552119387779
0.6372432580974419
0.08919714178773575
0.6426009621354751
0.10648339136969298
0.19589212985010818
0.42715426863287576
0.28161539445864037
0.7037342619441915
0.13427407768904231
0.8344682983006351
0.5058463114546612
0.2597481914272066
0.1483852430828847
0.3514927731885109
0.09354098350740969
0.15597106295172125
0.37416388938436285
0.6238843711616937
0.4966557361476589
0.4955370072857477
0.9866222302953247
0.9821499388490338
0.9464917785662692
0.9285921167756896
0.7859556851617526
0.7143990220210981
0.14386845749686472
0.857473868818488
0.575290962937288
0.43038435265771113
0.3018953200080432
0.7195819014741573
0.20465540725854225
0.8861496426980011
0.8303251202451065
0.5133104239066597
0.27448651622398756
0.1783942835754715
0.2852019243000541
0.21296678273938596
0.39178425970021635
0.8543085372657515
0.5632307889172807
0.4074685239174869
0.26854815537808463
0.668936596630374
0.011692622938426211
0.5194963828544132
0.2967704861657694
0.7029855463770218
0.18708196701481938
0.3119421259034425
0.7483277787687257
0.24776874235249124
0.9933114722953178
0.9910740145714954
0.9732444606197532
0.9642998777271714
0.8929835571616422
0.8571842335804831
0.5719113703526091
0.42879804407129996
0.28773691499372944
0.7149477376660798
0.1505819259036798
0.8607687053154223
0.6037906400160864
0.4391638029774185
0.4093108145170845
0.7722992854251061
0.6606502405193169
0.026620847842423245
0.5489730324479751
0.356788567150943
0.5704038486001082
0.4259335654787719
0.7835685194004327
0.7086170745606069
0.1264615778636653
0.8149370478349738
0.5370963107561693
0.33787319328985177
0.023385245876852423
0.03899276573793031
0.5935409723315388
0.40597109278314747
0.37416393402963877
0.623884251806885
0.4966555575665552
0.4955374847049825
0.9866229446197394
0.9821480291720945
0.9464889212686103
0.9285997554834466
0.7859671143523883
0.7143684671900701
0.143822740734322
0.8575960881425999
0.5754738299874589
0.4298954753612634
0.3011638518073596
0.7215374106599484
0.20758128006127663
0.878327605954837
0.818621629034169
0.544598570879316
0.32130048106773756
0.05324169568484649
0.09794606492505409
0.713577134301886
0.14080769722932018
0.8518671309575438
0.5671370388299692
0.41723414915031753
0.2529231557273306
0.6298740956990514
0.07419262154144235
0.6757463865797035
0.046770491753704846
0.07798553147586063
0.18708194469218142
0.8119421855662949
0.7483278680592775
0.24776850364287384
0.9933111151331104
0.991074969409965
0.9732458892685827
0.9642960583732929
0.8929778425663244
0.8571995109959971
0.5719342287338804
0.428736934409244
0.287645481468644
0.7151921763143037
0.1509476600040216
0.8597909507225268
0.6023277036147192
0.44307482134900056
0.41516256012255326
0.7566552119387779
0.6372432580974419
0.08919714178773575
0.6426009621354751
0.10648339136969298
0.19589212985010818
0.42715426863287576
0.28161539445864037
0.7037342619441915
0.13427407768904231
0.8344682983006351
0.5058463114546612
0.2597481914272066
0.1483852430828847
0.3514927731885109
0.09354098350740969
0.15597106295172125
0.37416388938436285
0.6238843711616937
0.4966557361476589
0.4955370072857477
0.9866222302953247
0.9821499388490338
0.9464917785662692
0.9285921167756896
0.7859556851617526
0.7143990220210981
0.14386845749686472
0.857473868818488
0.575290962937288
0.43038435265771113
0.3018953200080432
0.7195819014741573
0.20465540725854225
0.8861496426980011
0.8303251202451065
0.5133104239066597
0.27448651622398756
0.1783942835754715
0.2852019243000541
0.21296678273938596
0.39178425970021635
0.8543085372657515
0.5632307889172807
0.4074685239174869
0.26854815537808463
0.668936596630374
0.011692622938426211
0.5194963828544132
0.2967704861657694
0.7029855463770218
0.18708196701481938
0.3119421259034425
0.7483277787687257
0.24776874235249124
0.9933114722953178
0.9910740145714954
0.9732444606197532
0.9642998777271714
0.8929835571616422
0.8571842335804831
0.5719113703526091
0.42879804407129996
0.28773691499372944
0.7149477376660798
0.1505819259036798
0.8607687053154223
0.6037906400160864
0.4391638029774185
0.4093108145170845
0.7722992854251061
0.6606502405193169
0.026620847842423245
0.5489730324479751
0.356788567150943
0.5704038486001082
0.4259335654787719
0.7835685194004327
0.7086170745606069
0.1264615778636653
0.8149370478349738
0.5370963107561693
0.33787319328985177
0.023385245876852423
0.03899276573793031
0.5935409723315388
0.40597109278314747
0.37416393402963877
0.623884251806885
0.4966555575665552
0.4955374847049825
0.9866229446197394
0.9821480291720945
0.9464889212686103
0.9285997554834466
0.7859671143523883
0.7143684671900701
0.143822740734322
0.8575960881425999
0.5754738299874589
0.4298954753612634
0.3011638518073596
0.7215374106599484
0.20758128006127663
0.878327605954837
0.818621629034169
0.544598570879316
0.32130048106773756
0.05324169568484649
0.09794606492505409
0.713577134301886
0.14080769722932018
0.8518671309575438
0.5671370388299692
0.41723414915031753
0.2529231557273306
0.6298740956990514
0.07419262154144235
0.6757463865797035
0.046770491753704846
0.07798553147586063
0.18708194469218142
0.8119421855662949
0.7483278680592775
0.24776850364287384
0.9933111151331104
0.991074969409965
0.9732458892685827
0.9642960583732929
0.8929778425663244
0.8571995109959971
0.5719342287338804
0.428736934409244
0.287645481468644
0.7151921763143037
0.1509476600040216
0.8597909507225268
0.6023277036147192
0.44307482134900056
0.41516256012255326
0.7566552119387779
0.6372432580974419
0.08919714178773575
0.6426009621354751
0.10648339136969298
0.19589212985010818
0.42715426863287576
0.28161539445864037
0.7037342619441915
0.13427407768904231
0.8344682983006351
0.5058463114546612
0.2597481914272066
0.1483852430828847
0.3514927731885109
0.09354098350740969
0.15597106295172125
0.37416388938436285
0.6238843711616937
0.4966557361476589
0.4955370072857477
0.9866222302953247
0.9821499388490338
0.9464917785662692
0.9285921167756896
0.7859556851617526
0.7143990220210981
0.14386845749686472
0.857473868818488
0.575290962937288
0.43038435265771113
0.3018953200080432
0.7195819014741573
0.20465540725854225
0.8861496426980011
0.8303251202451065
0.5133104239066597
0.27448651622398756
0.1783942835754715
0.2852019243000541
0.21296678273938596
0.39178425970021635
0.8543085372657515
0.5632307889172807
0.4074685239174869
0.26854815537808463
0.668936596630374
0.011692622938426211
0.5194963828544132
0.2967704861657694
0.7029855463770218
0.18708196701481938
0.3119421259034425
0.7483277787687257
0.24776874235249124
0.9933114722953178
0.9910740145714954
0.9732444606197532
0.9642998777271714
0.8929835571616422
0.8571842335804831
0.5719113703526091
0.42879804407129996
0.28773691499372944
0.7149477376660798
0.1505819259036798
0.8607687053154223
0.6037906400160864
0.4391638029774185
0.4093108145170845
0.7722992854251061
0.6606502405193169
0.026620847842423245
0.5489730324479751
0.356788567150943
0.5704038486001082
0.4259335654787719
0.7835685194004327
0.7086170745606069
0.1264615778636653
0.8149370478349738
0.5370963107561693
0.33787319328985177
0.023385245876852423
0.03899276573793031
0.5935409723315388
0.40597109278314747
0.37416393402963877
0.623884251806885
0.4966555575665552
0.4955374847049825
0.9866229446197394
0.9821480291720945
0.9464889212686103
0.9285997554834466
0.7859671143523883
0.7143684671900701
0.143822740734322
0.8575960881425999
0.5754738299874589
0.4298954753612634
0.3011638518073596
0.7215374106599484
0.20758128006127663
0.878327605954837
0.818621629034169
0.544598570879316
0.32130048106773756
0.05324169568484649
0.09794606492505409
0.713577134301886
0.14080769722932018
0.8518671309575438
0.5671370388299692
0.41723414915031753
0.2529231557273306
0.6298740956990514
0.07419262154144235
0.6757463865797035
0.046770491753704846
0.07798553147586063
0.18708194469218142
0.8119421855662949
0.7483278680592775
0.24776850364287384
0.9933111151331104
0.991074969409965
0.9732458892685827
0.9642960583732929
0.8929778425663244
0.8571995109959971
0.5719342287338804
0.428736934409244
0.287645481468644
0.7151921763143037
0.1509476600040216
0.8597909507225268
0.6023277036147192
0.44307482134900056
0.41516256012255326
0.7566552119387779
0.6372432580974419
0.08919714178773575
0.6426009621354751
0.10648339136969298
0.19589212985010818
0.42715426863287576
0.28161539445864037
0.7037342619441915
0.13427407768904231
0.8344682983006351
0.5058463114546612
0.2597481914272066
0.1483852430828847
0.3514927731885109
0.09354098350740969
0.15597106295172125
0.37416388938436285
0.6238843711616937
0.4966557361476589
0.4955370072857477
0.9866222302953247
0.9821499388490338
0.9464917785662692
0.9285921167756896
0.7859556851617526
0.7143990220210981
0.14386845749686472
0.857473868818488
0.575290962937288
0.43038435265771113
0.3018953200080432
0.7195819014741573
0.20465540725854225
0.8861496426980011
0.8303251202451065
0.5133104239066597
0.27448651622398756
0.1783942835754715
0.2852019243000541
0.21296678273938596
0.39178425970021635
0.8543085372657515
0.5632307889172807
0.4074685239174869
0.26854815537808463
0.668936596630374
0.011692622938426211
0.5194963828544132
0.2967704861657694
0.7029855463770218
0.18708196701481938
0.3119421259034425
0.7483277787687257
0.24776874235249124
0.9933114722953178
0.9910740145714954
0.9732444606197532
0.9642998777271714
0.8929835571616422
0.8571842335804831
0.5719113703526091
0.42879804407129996
0.28773691499372944
0.7149477376660798
0.1505819259036798
0.8607687053154223
0.6037906400160864
0.4391638029774185
0.4093108145170845
0.7722992854251061
0.6606502405193169
0.026620847842423245
0.5489730324479751
0.356788567150943
0.5704038486001082
0.4259335654787719
0.7835685194004327
0.7086170745606069
0.1264615778636653
0.8149370478349738
0.5370963107561693
0.33787319328985177
0.023385245876852423
0.03899276573793031
0.5935409723315388
0.40597109278314747
0.37416393402963877
0.623884251806885
0.4966555575665552
0.4955374847049825
0.9866229446197394
0.9821480291720945
0.9464889212686103
0.9285997554834466
0.7859671143523883
0.7143684671900701
0.143822740734322
0.8575960881425999
0.5754738299874589
0.4298954753612634
0.3011638518073596
0.7215374106599484
0.20758128006127663
0.878327605954837
0.818621629034169
0.544598570879316
0.32130048106773756
0.05324169568484649
0.09794606492505409
0.713577134301886
0.14080769722932018
0.8518671309575438
0.5671370388299692
0.41723414915031753
0.2529231557273306
0.6298740956990514
0.07419262154144235
0.6757463865797035
0.046770491753704846
0.07798553147586063
0.18708194469218142
0.8119421855662949
0.7483278680592775
0.24776850364287384
0.9933111151331104
0.991074969409965
0.9732458892685827
0.9642960583732929
0.8929778425663244
0.8571995109959971
0.5719342287338804
0.428736934409244
0.287645481468644
0.7151921763143037
0.1509476600040216
0.8597909507225268
0.6023277036147192
0.44307482134900056
0.41516256012255326
0.7566552119387779
0.6372432580974419
0.08919714178773575
0.6426009621354751
0.10648339136969298
0.19589212985010818
0.42715426863287576
0.28161539445864037
0.7037342619441915
0.13427407768904231
0.8344682983006351
0.5058463114546612
0.2597481914272066
0.1483852430828847
0.3514927731885109
0.09354098350740969
0.15597106295172125
0.37416388938436285
0.6238843711616937
0.4966557361476589
0.4955370072857477
0.9866222302953247
0.9821499388490338
0.9464917785662692
0.9285921167756896
0.7859556851617526
0.7143990220210981
0.14386845749686472
0.857473868818488
0.575290962937288
0.43038435265771113
0.3018953200080432
0.7195819014741573
0.20465540725854225
0.8861496426980011
0.8303251202451065
0.5133104239066597
0.27448651622398756
0.1783942835754715
0.2852019243000541
0.21296678273938596
0.39178425970021635
0.8543085372657515
0.5632307889172807
0.4074685239174869
0.26854815537808463
0.668936596630374
0.011692622938426211
0.5194963828544132
0.2967704861657694
0.7029855463770218
0.18708196701481938
0.3119421259034425
0.7483277787687257
0.24776874235249124
0.9933114722953178
0.9910740145714954
0.9732444606197532
0.9642998777271714
0.8929835571616422
0.8571842335804831
0.5719113703526091
0.42879804407129996
0.28773691499372944
0.7149477376660798
0.1505819259036798
0.8607687053154223
0.6037906400160864
0.4391638029774185
0.4093108145170845
0.7722992854251061
0.6606502405193169
0.026620847842423245
0.5489730324479751
0.356788567150943
0.5704038486001082
0.4259335654787719
0.7835685194004327
0.7086170745606069
0.1264615778636653
0.8149370478349738
0.5370963107561693
0.33787319328985177
0.023385245876852423
0.03899276573793031
0.5935409723315388
0.40597109278314747
0.37416393402963877
0.623884251806885
0.4966555575665552
0.4955374847049825
0.9866229446197394
0.9821480291720945
0.9464889212686103
0.9285997554834466
0.7859671143523883
0.7143684671900701
0.143822740734322
0.8575960881425999
0.5754738299874589
0.4298954753612634
0.3011638518073596
0.7215374106599484
0.20758128006127663
0.878327605954837
0.818621629034169
0.544598570879316
0.32130048106773756
0.05324169568484649
0.09794606492505409
0.713577134301886
0.14080769722932018
0.8518671309575438
0.5671370388299692
0.41723414915031753
0.2529231557273306
0.6298740956990514
0.07419262154144235
0.6757463865797035
0.046770491753704846
0.07798553147586063
0.18708194469218142
0.8119421855662949
0.7483278680592775
0.24776850364287384
0.9933111151331104
0.991074969409965
0.9732458892685827
0.9642960583732929
0.8929778425663244
0.8571995109959971
0.5719342287338804
0.428736934409244
0.287645481468644
0.7151921763143037
0.1509476600040216
0.8597909507225268
0.6023277036147192
0.44307482134900056
0.41516256012255326
0.7566552119387779
0.6372432580974419
0.08919714178773575
0.6426009621354751
0.10648339136969298
0.19589212985010818
0.42715426863287576
0.28161539445864037
0.7037342619441915
0.13427407768904231
0.8344682983006351
0.5058463114546612
0.2597481914272066
0.1483852430828847
0.3514927731885109
0.09354098350740969
0.15597106295172125
0.37416388938436285
0.6238843711616937
0.4966557361476589
0.4955370072857477
0.9866222302953247
0.9821499388490338
0.9464917785662692
0.9285921167756896
0.7859556851617526
0.7143990220210981
0.14386845749686472
0.857473868818488
0.575290962937288
0.43038435265771113
0.3018953200080432
0.7195819014741573
0.20465540725854225
0.8861496426980011
0.8303251202451065
0.5133104239066597
0.27448651622398756
0.1783942835754715
0.2852019243000541
0.21296678273938596
0.39178425970021635
0.8543085372657515
0.5632307889172807
0.4074685239174869
0.26854815537808463
0.668936596630374
0.011692622938426211
0.5194963828544132
0.2967704861657694
0.7029855463770218
0.18708196701481938
0.3119421259034425
0.7483277787687257
0.24776874235249124
0.9933114722953178
0.9910740145714954
0.9732444606197532
0.9642998777271714
0.8929835571616422
0.8571842335804831
0.5719113703526091
0.42879804407129996
0.28773691499372944
0.7149477376660798
0.1505819259036798
0.8607687053154223
0.6037906400160864
0.4391638029774185
0.4093108145170845
0.7722992854251061
0.6606502405193169
0.026620847842423245
0.5489730324479751
0.356788567150943
0.5704038486001082
0.4259335654787719
0.7835685194004327
0.7086170745606069
0.1264615778636653
0.8149370478349738
0.5370963107561693
0.33787319328985177
0.023385245876852423
0.03899276573793031
0.5935409723315388
0.40597109278314747
0.37416393402963877
0.623884251806885
0.4966555575665552
0.4955374847049825
0.9866229446197394
0.9821480291720945
0.9464889212686103
0.9285997554834466
0.7859671143523883
0.7143684671900701
0.143822740734322
0.8575960881425999
0.5754738299874589
0.4298954753612634
0.3011638518073596
0.7215374106599484
0.20758128006127663
0.878327605954837
0.818621629034169
0.544598570879316
0.32130048106773756
0.05324169568484649
0.09794606492505409
0.713577134301886
0.14080769722932018
0.8518671309575438
0.5671370388299692
0.41723414915031753
0.2529231557273306
0.6298740956990514
0.07419262154144235
0.6757463865797035
0.046770491753704846
0.07798553147586063
0.18708194469218142
0.8119421855662949
0.7483278680592775
0.24776850364287384
0.9933111151331104
0.991074969409965
0.9732458892685827
0.9642960583732929
0.8929778425663244
0.8571995109959971
0.5719342287338804
0.428736934409244
0.287645481468644
0.7151921763143037
0.1509476600040216
0.8597909507225268
0.6023277036147192
0.44307482134900056
0.41516256012255326
0.7566552119387779
0.6372432580974419
0.08919714178773575
0.6426009621354751
0.10648339136969298
0.19589212985010818
0.42715426863287576
0.28161539445864037
0.7037342619441915
0.13427407768904231
0.8344682983006351
0.5058463114546612
0.2597481914272066
0.1483852430828847
0.3514927731885109
0.09354098350740969
0.15597106295172125
0.37416388938436285
0.6238843711616937
0.4966557361476589
0.4955370072857477
0.9866222302953247
0.9821499388490338
0.9464917785662692
0.9285921167756896
0.7859556851617526
0.7143990220210981
0.14386845749686472
0.857473868818488
0.575290962937288
0.43038435265771113
0.3018953200080432
0.7195819014741573
0.20465540725854225
0.8861496426980011
0.8303251202451065
0.5133104239066597
0.27448651622398756
0.1783942835754715
0.2852019243000541
0.21296678273938596
0.39178425970021635
0.8543085372657515
0.5632307889172807
0.4074685239174869
0.26854815537808463
0.668936596630374
0.011692622938426211
0.5194963828544132
0.2967704861657694
0.7029855463770218
0.18708196701481938
0.3119421259034425
0.7483277787687257
0.24776874235249124
0.9933114722953178
0.9910740145714954
0.9732444606197532
0.9642998777271714
0.8929835571616422
0.8571842335804831
0.5719113703526091
0.42879804407129996
0.28773691499372944
0.7149477376660798
0.1505819259036798
0.8607687053154223
0.6037906400160864
0.4391638029774185
0.4093108145170845
0.7722992854251061
0.6606502405193169
0.026620847842423245
0.5489730324479751
0.356788567150943
0.5704038486001082
0.4259335654787719
0.7835685194004327
0.7086170745606069
0.1264615778636653
0.8149370478349738
0.5370963107561693
0.33787319328985177
0.023385245876852423
0.03899276573793031
0.5935409723315388
0.40597109278314747
0.37416393402963877
0.623884251806885
0.4966555575665552
0.4955374847049825
0.9866229446197394
0.9821480291720945
0.9464889212686103
0.9285997554834466
0.7859671143523883
0.7143684671900701
0.143822740734322
0.8575960881425999
0.5754738299874589
0.4298954753612634
0.3011638518073596
0.7215374106599484
0.20758128006127663
0.878327605954837
0.818621629034169
0.544598570879316
0.32130048106773756
0.05324169568484649
0.09794606492505409
0.713577134301886
0.14080769722932018
0.8518671309575438
0.5671370388299692
0.41723414915031753
0.2529231557273306
0.6298740956990514
0.07419262154144235
0.6757463865797035
0.046770491753704846
0.07798553147586063
0.18708194469218142
0.8119421855662949
0.7483278680592775
0.24776850364287384
0.9933111151331104
0.991074969409965
0.9732458892685827
0.9642960583732929
0.8929778425663244
0.8571995109959971
0.5719342287338804
0.428736934409244
0.287645481468644
0.7151921763143037
0.1509476600040216
0.8597909507225268
0.6023277036147192
0.44307482134900056
0.41516256012255326
0.7566552119387779
0.6372432580974419
0.08919714178773575
0.6426009621354751
0.10648339136969298
0.19589212985010818
0.42715426863287576
0.28161539445864037
0.7037342619441915
0.13427407768904231
0.8344682983006351
0.5058463114546612
0.2597481914272066
0.1483852430828847
0.3514927731885109
0.09354098350740969
0.15597106295172125
0.37416388938436285
0.6238843711616937
0.4966557361476589
0.4955370072857477
0.9866222302953247
0.9821499388490338
0.9464917785662692
0.9285921167756896
0.7859556851617526
0.7143990220210981
0.14386845749686472
0.857473868818488
0.575290962937288
0.43038435265771113
0.3018953200080432
0.7195819014741573
0.20465540725854225
0.8861496426980011
0.8303251202451065
0.5133104239066597
0.27448651622398756
0.1783942835754715
0.2852019243000541
0.21296678273938596
0.39178425970021635
0.8543085372657515
0.5632307889172807
0.4074685239174869
0.26854815537808463
0.668936596630374
0.011692622938426211
0.5194963828544132
0.2967704861657694
0.7029855463770218
0.18708196701481938
0.3119421259034425
0.7483277787687257
0.24776874235249124
0.9933114722953178
0.9910740145714954
0.9732444606197532
0.9642998777271714
0.8929835571616422
0.8571842335804831
0.5719113703526091
0.42879804407129996
0.28773691499372944
0.7149477376660798
0.1505819259036798
0.8607687053154223
0.6037906400160864
0.4391638029774185
0.4093108145170845
0.7722992854251061
0.6606502405193169
0.026620847842423245
0.5489730324479751
0.356788567150943
0.5704038486001082
0.4259335654787719
0.7835685194004327
0.7086170745606069
0.1264615778636653
0.8149370478349738
0.5370963107561693
0.33787319328985177
0.023385245876852423
0.03899276573793031
0.5935409723315388
0.40597109278314747
0.37416393402963877
0.623884251806885
0.4966555575665552
0.4955374847049825
0.9866229446197394
0.9821480291720945
0.9464889212686103
0.9285997554834466
0.7859671143523883
0.7143684671900701
0.143822740734322
0.8575960881425999
0.5754738299874589
0.4298954753612634
0.3011638518073596
0.7215374106599484
0.20758128006127663
0.878327605954837
0.818621629034169
0.544598570879316
0.32130048106773756
0.05324169568484649
0.09794606492505409
0.713577134301886
0.14080769722932018
0.8518671309575438
0.5671370388299692
0.41723414915031753
0.2529231557273306
0.6298740956990514
0.07419262154144235
0.6757463865797035
0.046770491753704846
0.07798553147586063
0.18708194469218142
0.8119421855662949
0.7483278680592775
0.24776850364287384
0.9933111151331104
0.991074969409965
0.9732458892685827
0.9642960583732929
0.8929778425663244
0.8571995109959971
0.5719342287338804
0.428736934409244
0.287645481468644
0.7151921763143037
0.1509476600040216
0.8597909507225268
0.6023277036147192
0.44307482134900056
0.41516256012255326
0.7566552119387779
0.6372432580974419
0.08919714178773575
0.6426009621354751
0.10648339136969298
0.19589212985010818
0.42715426863287576
0.28161539445864037
0.7037342619441915
0.13427407768904231
0.8344682983006351
0.5058463114546612
0.2597481914272066
0.1483852430828847
0.3514927731885109
0.09354098350740969
0.15597106295172125
0.37416388938436285
0.6238843711616937
0.4966557361476589
0.4955370072857477
0.9866222302953247
0.9821499388490338
0.9464917785662692
0.9285921167756896
0.7859556851617526
0.7143990220210981
0.14386845749686472
0.857473868818488
0.575290962937288
0.43038435265771113
0.3018953200080432
0.7195819014741573
0.20465540725854225
0.8861496426980011
0.8303251202451065
0.5133104239066597
0.27448651622398756
0.1783942835754715
0.2852019243000541
0.21296678273938596
0.39178425970021635
0.8543085372657515
0.5632307889172807
0.4074685239174869
0.26854815537808463
0.668936596630374
0.011692622938426211
0.5194963828544132
0.2967704861657694
0.7029855463770218
0.18708196701481938
0.3119421259034425
0.7483277787687257
0.24776874235249124
0.9933114722953178
0.9910740145714954
0.9732444606197532
0.9642998777271714
0.8929835571616422
0.8571842335804831
0.5719113703526091
0.42879804407129996
0.28773691499372944
0.7149477376660798
0.1505819259036798
0.8607687053154223
0.6037906400160864
0.4391638029774185
0.4093108145170845
0.7722992854251061
0.6606502405193169
0.026620847842423245
0.5489730324479751
0.356788567150943
0.5704038486001082
0.4259335654787719
0.7835685194004327
0.7086170745606069
0.1264615778636653
0.8149370478349738
0.5370963107561693
0.33787319328985177
0.023385245876852423
0.03899276573793031
0.5935409723315388
0.40597109278314747
0.37416393402963877
0.623884251806885
0.4966555575665552
0.4955374847049825
0.9866229446197394
0.9821480291720945
0.9464889212686103
0.9285997554834466
0.7859671143523883
0.7143684671900701
0.143822740734322
0.8575960881425999
0.5754738299874589
0.4298954753612634
0.3011638518073596
0.7215374106599484
0.20758128006127663
0.878327605954837
0.818621629034169
0.544598570879316
0.32130048106773756
0.05324169568484649
0.09794606492505409
0.713577134301886
0.14080769722932018
0.8518671309575438
0.5671370388299692
0.41723414915031753
0.2529231557273306
0.6298740956990514
0.07419262154144235
0.6757463865797035
0.046770491753704846
0.07798553147586063
0.18708194469218142
0.8119421855662949
0.7483278680592775
0.24776850364287384
0.9933111151331104
0.991074969409965
0.9732458892685827
0.9642960583732929
0.8929778425663244
0.8571995109959971
0.5719342287338804
0.428736934409244
0.287645481468644
0.7151921763143037
0.1509476600040216
0.8597909507225268
0.6023277036147192
0.44307482134900056
0.41516256012255326
0.7566552119387779
0.6372432580974419
0.08919714178773575
0.6426009621354751
0.10648339136969298
0.19589212985010818
0.42715426863287576
0.28161539445864037
0.7037342619441915
0.13427407768904231
0.8344682983006351
0.5058463114546612
0.2597481914272066
0.1483852430828847
0.3514927731885109
0.09354098350740969
0.15597106295172125
0.37416388938436285
0.6238843711616937
0.4966557361476589
0.4955370072857477
0.9866222302953247
0.9821499388490338
0.9464917785662692
0.9285921167756896
0.7859556851617526
0.7143990220210981
0.14386845749686472
0.857473868818488
0.575290962937288
0.43038435265771113
0.3018953200080432
0.7195819014741573
0.20465540725854225
0.8861496426980011
0.8303251202451065
0.5133104239066597
0.27448651622398756
0.1783942835754715
0.2852019243000541
0.21296678273938596
0.39178425970021635
0.8543085372657515
0.5632307889172807
0.4074685239174869
0.26854815537808463
0.668936596630374
0.011692622938426211
0.5194963828544132
0.2967704861657694
0.7029855463770218
0.18708196701481938
0.3119421259034425
0.7483277787687257
0.24776874235249124
0.9933114722953178
0.9910740145714954
0.9732444606197532
0.9642998777271714
0.8929835571616422
0.8571842335804831
0.5719113703526091
0.42879804407129996
0.28773691499372944
0.7149477376660798
0.1505819259036798
0.8607687053154223
0.6037906400160864
0.4391638029774185
0.4093108145170845
0.7722992854251061
0.6606502405193169
0.026620847842423245
0.5489730324479751
0.356788567150943
0.5704038486001082
0.4259335654787719
0.7835685194004327
0.7086170745606069
0.1264615778636653
0.8149370478349738
0.5370963107561693
0.33787319328985177
0.023385245876852423
0.03899276573793031
0.5935409723315388
0.40597109278314747
0.37416393402963877
0.623884251806885
0.4966555575665552
0.4955374847049825
0.9866229446197394
0.9821480291720945
0.9464889212686103
0.9285997554834466
0.7859671143523883
0.7143684671900701
0.143822740734322
0.8575960881425999
0.5754738299874589
0.4298954753612634
0.3011638518073596
0.7215374106599484
0.20758128006127663
0.878327605954837
0.818621629034169
0.544598570879316
0.32130048106773756
0.05324169568484649
0.09794606492505409
0.713577134301886
0.14080769722932018
0.8518671309575438
0.5671370388299692
0.41723414915031753
0.2529231557273306
0.6298740956990514
0.07419262154144235
0.6757463865797035
0.046770491753704846
0.07798553147586063
0.18708194469218142
0.8119421855662949
0.7483278680592775
0.24776850364287384
0.9933111151331104
0.991074969409965
0.9732458892685827
0.9642960583732929
0.8929778425663244
0.8571995109959971
0.5719342287338804
0.428736934409244
0.287645481468644
0.7151921763143037
0.1509476600040216
0.8597909507225268
0.6023277036147192
0.44307482134900056
0.41516256012255326
0.7566552119387779
0.6372432580974419
0.08919714178773575
0.6426009621354751
0.10648339136969298
0.19589212985010818
0.42715426863287576
0.28161539445864037
0.7037342619441915
0.13427407768904231
0.8344682983006351
0.5058463114546612
0.2597481914272066
0.1483852430828847
0.3514927731885109
0.09354098350740969
0.15597106295172125
0.37416388938436285
0.6238843711616937
0.4966557361476589
0.4955370072857477
0.9866222302953247
0.9821499388490338
0.9464917785662692
0.9285921167756896
0.7859556851617526
0.7143990220210981
0.14386845749686472
0.857473868818488
0.575290962937288
0.43038435265771113
0.3018953200080432
0.7195819014741573
0.20465540725854225
0.8861496426980011
0.8303251202451065
0.5133104239066597
0.27448651622398756
0.1783942835754715
0.2852019243000541
0.21296678273938596
0.39178425970021635
0.8543085372657515
0.5632307889172807
0.4074685239174869
0.26854815537808463
0.668936596630374
0.011692622938426211
0.5194963828544132
0.2967704861657694
0.7029855463770218
0.18708196701481938
0.3119421259034425
0.7483277787687257
0.24776874235249124
0.9933114722953178
0.9910740145714954
0.9732444606197532
0.9642998777271714
0.8929835571616422
0.8571842335804831
0.5719113703526091
0.42879804407129996
0.28773691499372944
0.7149477376660798
0.1505819259036798
0.8607687053154223
0.6037906400160864
0.4391638029774185
0.4093108145170845
0.7722992854251061
0.6606502405193169
0.026620847842423245
0.5489730324479751
0.356788567150943
0.5704038486001082
0.4259335654787719
0.7835685194004327
0.7086170745606069
0.1264615778636653
0.8149370478349738
0.5370963107561693
0.33787319328985177
0.023385245876852423
0.03899276573793031
0.5935409723315388
0.40597109278314747
0.37416393402963877
0.623884251806885
0.4966555575665552
0.4955374847049825
0.9866229446197394
0.9821480291720945
0.9464889212686103
0.9285997554834466
0.7859671143523883
0.7143684671900701
0.143822740734322
0.8575960881425999
0.5754738299874589
0.4298954753612634
0.3011638518073596
0.7215374106599484
0.20758128006127663
0.878327605954837
0.818621629034169
0.544598570879316
0.32130048106773756
0.05324169568484649
0.09794606492505409
0.713577134301886
0.14080769722932018
0.8518671309575438
0.5671370388299692
0.41723414915031753
0.2529231557273306
0.6298740956990514
0.07419262154144235
0.6757463865797035
0.046770491753704846
0.07798553147586063
0.18708194469218142
0.8119421855662949
0.7483278680592775
0.24776850364287384
0.9933111151331104
0.991074969409965
0.9732458892685827
0.9642960583732929
0.8929778425663244
0.8571995109959971
0.5719342287338804
0.428736934409244
0.287645481468644
0.7151921763143037
0.1509476600040216
0.8597909507225268
0.6023277036147192
0.44307482134900056
0.41516256012255326
0.7566552119387779
0.6372432580974419
0.08919714178773575
0.6426009621354751
0.10648339136969298
0.19589212985010818
0.42715426863287576
0.28161539445864037
0.7037342619441915
0.13427407768904231
0.8344682983006351
0.5058463114546612
0.2597481914272066
0.1483852430828847
0.3514927731885109
0.09354098350740969
0.15597106295172125
0.37416388938436285
0.6238843711616937
0.4966557361476589
0.4955370072857477
0.9866222302953247
0.9821499388490338
0.9464917785662692
0.9285921167756896
0.7859556851617526
0.7143990220210981
0.14386845749686472
0.857473868818488
0.575290962937288
0.43038435265771113
0.3018953200080432
0.7195819014741573
0.20465540725854225
0.8861496426980011
0.8303251202451065
0.5133104239066597
0.27448651622398756
0.1783942835754715
0.2852019243000541
0.21296678273938596
0.39178425970021635
0.8543085372657515
0.5632307889172807
0.4074685239174869
0.26854815537808463
0.668936596630374
0.011692622938426211
0.5194963828544132
0.2967704861657694
0.7029855463770218
0.18708196701481938
0.3119421259034425
0.7483277787687257
0.24776874235249124
0.9933114722953178
0.9910740145714954
0.9732444606197532
0.9642998777271714
0.8929835571616422
0.8571842335804831
0.5719113703526091
0.42879804407129996
0.28773691499372944
0.7149477376660798
0.1505819259036798
0.8607687053154223
0.6037906400160864
0.4391638029774185
0.4093108145170845
0.7722992854251061
0.6606502405193169
0.026620847842423245
0.5489730324479751
0.356788567150943
0.5704038486001082
0.4259335654787719
0.7835685194004327
0.7086170745606069
0.1264615778636653
0.8149370478349738
0.5370963107561693
0.33787319328985177
0.023385245876852423
0.03899276573793031
0.5935409723315388
0.40597109278314747
0.37416393402963877
0.623884251806885
0.4966555575665552
0.4955374847049825
0.9866229446197394
0.9821480291720945
0.9464889212686103
0.9285997554834466
0.7859671143523883
0.7143684671900701
0.143822740734322
0.8575960881425999
0.5754738299874589
0.4298954753612634
0.3011638518073596
0.7215374106599484
0.20758128006127663
0.878327605954837
0.818621629034169
0.544598570879316
0.32130048106773756
0.05324169568484649
0.09794606492505409
0.713577134301886
0.14080769722932018
0.8518671309575438
0.5671370388299692
0.41723414915031753
0.2529231557273306
0.6298740956990514
0.07419262154144235
0.6757463865797035
0.046770491753704846
0.07798553147586063
0.18708194469218142
0.8119421855662949
0.7483278680592775
0.24776850364287384
0.9933111151331104
0.991074969409965
0.9732458892685827
0.9642960583732929
0.8929778425663244
0.8571995109959971
0.5719342287338804
0.428736934409244
0.287645481468644
0.7151921763143037
0.1509476600040216
0.8597909507225268
0.6023277036147192
0.44307482134900056
0.41516256012255326
0.7566552119387779
0.6372432580974419
0.08919714178773575
0.6426009621354751
0.10648339136969298
0.19589212985010818
0.42715426863287576
0.28161539445864037
0.7037342619441915
0.13427407768904231
0.8344682983006351
0.5058463114546612
0.2597481914272066
0.1483852430828847
0.3514927731885109
0.09354098350740969
0.15597106295172125
0.37416388938436285
0.6238843711616937
0.4966557361476589
0.4955370072857477
0.9866222302953247
0.9821499388490338
0.9464917785662692
0.9285921167756896
0.7859556851617526
0.7143990220210981
0.14386845749686472
0.857473868818488
0.575290962937288
0.43038435265771113
0.3018953200080432
0.7195819014741573
0.20465540725854225
0.8861496426980011
0.8303251202451065
0.5133104239066597
0.27448651622398756
0.1783942835754715
0.2852019243000541
0.21296678273938596
0.39178425970021635
0.8543085372657515
0.5632307889172807
0.4074685239174869
0.26854815537808463
0.668936596630374
0.011692622938426211
0.5194963828544132
0.2967704861657694
0.7029855463770218
0.18708196701481938
0.3119421259034425
0.7483277787687257
0.24776874235249124
0.9933114722953178
0.9910740145714954
0.9732444606197532
0.9642998777271714
0.8929835571616422
0.8571842335804831
0.5719113703526091
0.42879804407129996
0.28773691499372944
0.7149477376660798
0.1505819259036798
0.8607687053154223
0.6037906400160864
0.4391638029774185
0.4093108145170845
0.7722992854251061
0.6606502405193169
0.026620847842423245
0.5489730324479751
0.356788567150943
0.5704038486001082
0.4259335654787719
0.7835685194004327
0.7086170745606069
0.1264615778636653
0.8149370478349738
0.5370963107561693
0.33787319328985177
0.023385245876852423
0.03899276573793031
0.5935409723315388
0.40597109278314747
0.37416393402963877
0.623884251806885
0.4966555575665552
0.4955374847049825
0.9866229446197394
0.9821480291720945
0.9464889212686103
0.9285997554834466
0.7859671143523883
0.7143684671900701
0.143822740734322
0.8575960881425999
0.5754738299874589
0.4298954753612634
0.3011638518073596
0.7215374106599484
0.20758128006127663
0.878327605954837
0.818621629034169
0.544598570879316
0.32130048106773756
0.05324169568484649
0.09794606492505409
0.713577134301886
0.14080769722932018
0.8518671309575438
0.5671370388299692
0.41723414915031753
0.2529231557273306
0.6298740956990514
0.07419262154144235
0.6757463865797035
0.046770491753704846
0.07798553147586063
0.18708194469218142
0.8119421855662949
0.7483278680592775
0.24776850364287384
0.9933111151331104
0.991074969409965
0.9732458892685827
0.9642960583732929
0.8929778425663244
0.8571995109959971
0.5719342287338804
0.428736934409244
0.287645481468644
0.7151921763143037
0.1509476600040216
0.8597909507225268
0.6023277036147192
0.44307482134900056
0.41516256012255326
0.7566552119387779
0.6372432580974419
0.08919714178773575
0.6426009621354751
0.10648339136969298
0.19589212985010818
0.42715426863287576
0.28161539445864037
0.7037342619441915
0.13427407768904231
0.8344682983006351
0.5058463114546612
0.2597481914272066
0.1483852430828847
0.3514927731885109
0.09354098350740969
0.15597106295172125
0.37416388938436285
0.6238843711616937
0.4966557361476589
0.4955370072857477
0.9866222302953247
0.9821499388490338
0.9464917785662692
0.9285921167756896
0.7859556851617526
0.7143990220210981
0.14386845749686472
0.857473868818488
0.575290962937288
0.43038435265771113
0.3018953200080432
0.7195819014741573
0.20465540725854225
0.8861496426980011
0.8303251202451065
0.5133104239066597
0.27448651622398756
0.1783942835754715
0.2852019243000541
0.21296678273938596
0.39178425970021635
0.8543085372657515
0.5632307889172807
0.4074685239174869
0.26854815537808463
0.668936596630374
0.011692622938426211
0.5194963828544132
0.2967704861657694
0.7029855463770218
0.18708196701481938
0.3119421259034425
0.7483277787687257
0.24776874235249124
0.9933114722953178
0.9910740145714954
0.9732444606197532
0.9642998777271714
0.8929835571616422
0.8571842335804831
0.5719113703526091
0.42879804407129996
0.28773691499372944
0.7149477376660798
0.1505819259036798
0.8607687053154223
0.6037906400160864
0.4391638029774185
0.4093108145170845
0.7722992854251061
0.6606502405193169
0.026620847842423245
0.5489730324479751
0.356788567150943
0.5704038486001082
0.4259335654787719
0.7835685194004327
0.7086170745606069
0.1264615778636653
0.8149370478349738
0.5370963107561693
0.33787319328985177
0.023385245876852423
0.03899276573793031
0.5935409723315388
0.40597109278314747
0.37416393402963877
0.623884251806885
0.4966555575665552
0.4955374847049825
0.9866229446197394
0.9821480291720945
0.9464889212686103
0.9285997554834466
0.7859671143523883
0.7143684671900701
0.143822740734322
0.8575960881425999
0.5754738299874589
0.4298954753612634
0.3011638518073596
0.7215374106599484
0.20758128006127663
0.878327605954837
0.818621629034169
0.544598570879316
0.32130048106773756
0.05324169568484649
0.09794606492505409
0.713577134301886
0.14080769722932018
0.8518671309575438
0.5671370388299692
0.41723414915031753
0.2529231557273306
0.6298740956990514
0.07419262154144235
0.6757463865797035
0.046770491753704846
0.07798553147586063
0.18708194469218142
0.8119421855662949
0.7483278680592775
0.24776850364287384
0.9933111151331104
0.991074969409965
0.9732458892685827
0.9642960583732929
0.8929778425663244
0.8571995109959971
0.5719342287338804
0.428736934409244
0.287645481468644
0.7151921763143037
0.1509476600040216
0.8597909507225268
0.6023277036147192
0.44307482134900056
0.41516256012255326
0.7566552119387779
0.6372432580974419
0.08919714178773575
0.6426009621354751
0.10648339136969298
0.19589212985010818
0.42715426863287576
0.28161539445864037
0.7037342619441915
0.13427407768904231
0.8344682983006351
0.5058463114546612
0.2597481914272066
0.1483852430828847
0.3514927731885109
0.09354098350740969
0.15597106295172125
0.37416388938436285
0.6238843711616937
0.4966557361476589
0.4955370072857477
0.9866222302953247
0.9821499388490338
0.9464917785662692
0.9285921167756896
0.7859556851617526
0.7143990220210981
0.14386845749686472
0.857473868818488
0.575290962937288
0.43038435265771113
0.3018953200080432
0.7195819014741573
0.20465540725854225
0.8861496426980011
0.8303251202451065
0.5133104239066597
0.27448651622398756
0.1783942835754715
0.2852019243000541
0.21296678273938596
0.39178425970021635
0.8543085372657515
0.5632307889172807
0.4074685239174869
0.26854815537808463
0.668936596630374
0.011692622938426211
0.5194963828544132
0.2967704861657694
0.7029855463770218
0.18708196701481938
0.3119421259034425
0.7483277787687257
0.24776874235249124
0.9933114722953178
0.9910740145714954
0.9732444606197532
0.9642998777271714
0.8929835571616422
0.8571842335804831
0.5719113703526091
0.42879804407129996
0.28773691499372944
0.7149477376660798
0.1505819259036798
0.8607687053154223
0.6037906400160864
0.4391638029774185
0.4093108145170845
0.7722992854251061
0.6606502405193169
0.026620847842423245
0.5489730324479751
0.356788567150943
0.5704038486001082
0.4259335654787719
0.7835685194004327
0.7086170745606069
0.1264615778636653
0.8149370478349738
0.5370963107561693
0.33787319328985177
0.023385245876852423
0.03899276573793031
0.5935409723315388
0.40597109278314747
0.37416393402963877
0.623884251806885
0.4966555575665552
0.4955374847049825
0.9866229446197394
0.9821480291720945
0.9464889212686103
0.9285997554834466
0.7859671143523883
0.7143684671900701
0.143822740734322
0.8575960881425999
0.5754738299874589
0.4298954753612634
0.3011638518073596
0.7215374106599484
0.20758128006127663
0.878327605954837
0.818621629034169
0.544598570879316
0.32130048106773756
0.05324169568484649
0.09794606492505409
0.713577134301886
0.14080769722932018
0.8518671309575438
0.5671370388299692
0.41723414915031753
0.2529231557273306
0.6298740956990514
0.07419262154144235
0.6757463865797035
0.046770491753704846
0.07798553147586063
0.18708194469218142
0.8119421855662949
0.7483278680592775
0.24776850364287384
0.9933111151331104
0.991074969409965
0.9732458892685827
0.9642960583732929
0.8929778425663244
0.8571995109959971
0.5719342287338804
0.428736934409244
0.287645481468644
0.7151921763143037
0.1509476600040216
0.8597909507225268
0.6023277036147192
0.44307482134900056
0.41516256012255326
0.7566552119387779
0.6372432580974419
0.08919714178773575
0.6426009621354751
0.10648339136969298
0.19589212985010818
0.42715426863287576
0.28161539445864037
0.7037342619441915
0.13427407768904231
0.8344682983006351
0.5058463114546612
0.2597481914272066
0.1483852430828847
0.3514927731885109
0.09354098350740969
0.15597106295172125
0.37416388938436285
0.6238843711616937
0.4966557361476589
0.4955370072857477
0.9866222302953247
0.9821499388490338
0.9464917785662692
0.9285921167756896
0.7859556851617526
0.7143990220210981
0.14386845749686472
0.857473868818488
0.575290962937288
0.43038435265771113
0.3018953200080432
0.7195819014741573
0.20465540725854225
0.8861496426980011
0.8303251202451065
0.5133104239066597
0.27448651622398756
0.1783942835754715
0.2852019243000541
0.21296678273938596
0.39178425970021635
0.8543085372657515
0.5632307889172807
0.4074685239174869
0.26854815537808463
0.668936596630374
0.011692622938426211
0.5194963828544132
0.2967704861657694
0.7029855463770218
0.18708196701481938
0.3119421259034425
0.7483277787687257
0.24776874235249124
0.9933114722953178
0.9910740145714954
0.9732444606197532
0.9642998777271714
0.8929835571616422
0.8571842335804831
0.5719113703526091
0.42879804407129996
0.28773691499372944
0.7149477376660798
0.1505819259036798
0.8607687053154223
0.6037906400160864
0.4391638029774185
0.4093108145170845
0.7722992854251061
0.6606502405193169
0.026620847842423245
0.5489730324479751
0.356788567150943
0.5704038486001082
0.4259335654787719
0.7835685194004327
0.7086170745606069
0.1264615778636653
0.8149370478349738
0.5370963107561693
0.33787319328985177
0.023385245876852423
0.03899276573793031
0.5935409723315388
0.40597109278314747
0.37416393402963877
0.623884251806885
0.4966555575665552
0.4955374847049825
0.9866229446197394
0.9821480291720945
0.9464889212686103
0.9285997554834466
0.7859671143523883
0.7143684671900701
0.143822740734322
0.8575960881425999
0.5754738299874589
0.4298954753612634
0.3011638518073596
0.7215374106599484
0.20758128006127663
0.878327605954837
0.818621629034169
0.544598570879316
0.32130048106773756
0.05324169568484649
0.09794606492505409
0.713577134301886
0.14080769722932018
0.8518671309575438
0.5671370388299692
0.41723414915031753
0.2529231557273306
0.6298740956990514
0.07419262154144235
0.6757463865797035
0.046770491753704846
0.07798553147586063
0.18708194469218142
0.8119421855662949
0.7483278680592775
0.24776850364287384
0.9933111151331104
0.991074969409965
0.9732458892685827
0.9642960583732929
0.8929778425663244
0.8571995109959971
0.5719342287338804
0.428736934409244
0.287645481468644
0.7151921763143037
0.1509476600040216
0.8597909507225268
0.6023277036147192
0.44307482134900056
0.41516256012255326
0.7566552119387779
0.6372432580974419
0.08919714178773575
0.6426009621354751
0.10648339136969298
0.19589212985010818
0.42715426863287576
0.28161539445864037
0.7037342619441915
0.13427407768904231
0.8344682983006351
0.5058463114546612
0.2597481914272066
0.1483852430828847
0.3514927731885109
0.09354098350740969
0.15597106295172125
0.37416388938436285
0.6238843711616937
0.4966557361476589
0.4955370072857477
0.9866222302953247
0.9821499388490338
0.9464917785662692
0.9285921167756896
0.7859556851617526
0.7143990220210981
0.14386845749686472
0.857473868818488
0.575290962937288
0.43038435265771113
0.3018953200080432
0.7195819014741573
0.20465540725854225
0.8861496426980011
0.8303251202451065
0.5133104239066597
0.27448651622398756
0.1783942835754715
0.2852019243000541
0.21296678273938596
0.39178425970021635
0.8543085372657515
0.5632307889172807
0.4074685239174869
0.26854815537808463
0.668936596630374
0.011692622938426211
0.5194963828544132
0.2967704861657694
0.7029855463770218
0.18708196701481938
0.3119421259034425
0.7483277787687257
0.24776874235249124
0.9933114722953178
0.9910740145714954
0.9732444606197532
0.9642998777271714
0.8929835571616422
0.8571842335804831
0.5719113703526091
0.42879804407129996
0.28773691499372944
0.7149477376660798
0.1505819259036798
0.8607687053154223
0.6037906400160864
0.4391638029774185
0.4093108145170845
0.7722992854251061
0.6606502405193169
0.026620847842423245
0.5489730324479751
0.356788567150943
0.5704038486001082
0.4259335654787719
0.7835685194004327
0.7086170745606069
0.1264615778636653
0.8149370478349738
0.5370963107561693
0.33787319328985177
0.023385245876852423
0.03899276573793031
0.5935409723315388
0.40597109278314747
0.37416393402963877
0.623884251806885
0.4966555575665552
0.4955374847049825
0.9866229446197394
0.9821480291720945
0.9464889212686103
0.9285997554834466
0.7859671143523883
0.7143684671900701
0.143822740734322
0.8575960881425999
0.5754738299874589
0.4298954753612634
0.3011638518073596
0.7215374106599484
0.20758128006127663
0.878327605954837
0.818621629034169
0.544598570879316
0.32130048106773756
0.05324169568484649
0.09794606492505409
0.713577134301886
0.14080769722932018
0.8518671309575438
0.5671370388299692
0.41723414915031753
0.2529231557273306
0.6298740956990514
0.07419262154144235
0.6757463865797035
0.046770491753704846
0.07798553147586063
0.18708194469218142
0.8119421855662949
0.7483278680592775
0.24776850364287384
0.9933111151331104
0.991074969409965
0.9732458892685827
0.9642960583732929
0.8929778425663244
0.8571995109959971
0.5719342287338804
0.428736934409244
0.287645481468644
0.7151921763143037
0.1509476600040216
0.8597909507225268
0.6023277036147192
0.44307482134900056
0.41516256012255326
0.7566552119387779
0.6372432580974419
0.08919714178773575
0.6426009621354751
0.10648339136969298
0.19589212985010818
0.42715426863287576
0.28161539445864037
0.7037342619441915
0.13427407768904231
0.8344682983006351
0.5058463114546612
0.2597481914272066
0.1483852430828847
0.3514927731885109
0.09354098350740969
0.15597106295172125
0.37416388938436285
0.6238843711616937
0.4966557361476589
0.4955370072857477
0.9866222302953247
0.9821499388490338
0.9464917785662692
0.9285921167756896
0.7859556851617526
0.7143990220210981
0.14386845749686472
0.857473868818488
0.575290962937288
0.43038435265771113
0.3018953200080432
0.7195819014741573
0.20465540725854225
0.8861496426980011
0.8303251202451065
0.5133104239066597
0.27448651622398756
0.1783942835754715
0.2852019243000541
0.21296678273938596
0.39178425970021635
0.8543085372657515
0.5632307889172807
0.4074685239174869
0.26854815537808463
0.668936596630374
0.011692622938426211
0.5194963828544132
0.2967704861657694
0.7029855463770218
0.18708196701481938
0.3119421259034425
0.7483277787687257
0.24776874235249124
0.9933114722953178
0.9910740145714954
0.9732444606197532
0.9642998777271714
0.8929835571616422
0.8571842335804831
0.5719113703526091
0.42879804407129996
0.28773691499372944
0.7149477376660798
0.1505819259036798
0.8607687053154223
0.6037906400160864
0.4391638029774185
0.4093108145170845
0.7722992854251061
0.6606502405193169
0.026620847842423245
0.5489730324479751
0.356788567150943
0.5704038486001082
0.4259335654787719
0.7835685194004327
0.7086170745606069
0.1264615778636653
0.8149370478349738
0.5370963107561693
0.33787319328985177
0.023385245876852423
0.03899276573793031
0.5935409723315388
0.40597109278314747
0.37416393402963877
0.623884251806885
0.4966555575665552
0.4955374847049825
0.9866229446197394
0.9821480291720945
0.9464889212686103
0.9285997554834466
0.7859671143523883
0.7143684671900701
0.143822740734322
0.8575960881425999
0.5754738299874589
0.4298954753612634
0.3011638518073596
0.7215374106599484
0.20758128006127663
0.878327605954837
0.818621629034169
0.544598570879316
0.32130048106773756
0.05324169568484649
0.09794606492505409
0.713577134301886
0.14080769722932018
0.8518671309575438
0.5671370388299692
0.41723414915031753
0.2529231557273306
0.6298740956990514
0.07419262154144235
0.6757463865797035
0.046770491753704846
0.07798553147586063
0.18708194469218142
0.8119421855662949
0.7483278680592775
0.24776850364287384
0.9933111151331104
0.991074969409965
0.9732458892685827
0.9642960583732929
0.8929778425663244
0.8571995109959971
0.5719342287338804
0.428736934409244
0.287645481468644
0.7151921763143037
0.1509476600040216
0.8597909507225268
0.6023277036147192
0.44307482134900056
0.41516256012255326
0.7566552119387779
0.6372432580974419
0.08919714178773575
0.6426009621354751
0.10648339136969298
0.19589212985010818
0.42715426863287576
0.28161539445864037
0.7037342619441915
0.13427407768904231
0.8344682983006351
0.5058463114546612
0.2597481914272066
0.1483852430828847
0.3514927731885109
0.09354098350740969
0.15597106295172125
0.37416388938436285
0.6238843711616937
0.4966557361476589
0.4955370072857477
0.9866222302953247
0.9821499388490338
0.9464917785662692
0.9285921167756896
0.7859556851617526
0.7143990220210981
0.14386845749686472
0.857473868818488
0.575290962937288
0.43038435265771113
0.3018953200080432
0.7195819014741573
0.20465540725854225
0.8861496426980011
0.8303251202451065
0.5133104239066597
0.27448651622398756
0.1783942835754715
0.2852019243000541
0.21296678273938596
0.39178425970021635
0.8543085372657515
0.5632307889172807
0.4074685239174869
0.26854815537808463
0.668936596630374
0.011692622938426211
0.5194963828544132
0.2967704861657694
0.7029855463770218
0.18708196701481938
0.3119421259034425
0.7483277787687257
0.24776874235249124
0.9933114722953178
0.9910740145714954
0.9732444606197532
0.9642998777271714
0.8929835571616422
0.8571842335804831
0.5719113703526091
0.42879804407129996
0.28773691499372944
0.7149477376660798
0.1505819259036798
0.8607687053154223
0.6037906400160864
0.4391638029774185
0.4093108145170845
0.7722992854251061
0.6606502405193169
0.026620847842423245
0.5489730324479751
0.356788567150943
0.5704038486001082
0.4259335654787719
0.7835685194004327
0.7086170745606069
0.1264615778636653
0.8149370478349738
0.5370963107561693
0.33787319328985177
0.023385245876852423
0.03899276573793031
0.5935409723315388
0.40597109278314747
0.37416393402963877
0.623884251806885
0.4966555575665552
0.4955374847049825
0.9866229446197394
0.9821480291720945
0.9464889212686103
0.9285997554834466
0.7859671143523883
0.7143684671900701
0.143822740734322
0.8575960881425999
0.5754738299874589
0.4298954753612634
0.3011638518073596
0.7215374106599484
0.20758128006127663
0.878327605954837
0.818621629034169
0.544598570879316
0.32130048106773756
0.05324169568484649
0.09794606492505409
0.713577134301886
0.14080769722932018
0.8518671309575438
0.5671370388299692
0.41723414915031753
0.2529231557273306
0.6298740956990514
0.07419262154144235
0.6757463865797035
0.046770491753704846
0.07798553147586063
0.18708194469218142
0.8119421855662949
0.7483278680592775
0.24776850364287384
0.9933111151331104
0.991074969409965
0.9732458892685827
0.9642960583732929
0.8929778425663244
0.8571995109959971
0.5719342287338804
0.428736934409244
0.287645481468644
0.7151921763143037
0.1509476600040216
0.8597909507225268
0.6023277036147192
0.44307482134900056
0.41516256012255326
0.7566552119387779
0.6372432580974419
0.08919714178773575
0.6426009621354751
0.10648339136969298
0.19589212985010818
0.42715426863287576
0.28161539445864037
0.7037342619441915
0.13427407768904231
0.8344682983006351
0.5058463114546612
0.2597481914272066
0.1483852430828847
0.3514927731885109
0.09354098350740969
0.15597106295172125
0.37416388938436285
0.6238843711616937
0.4966557361476589
0.4955370072857477
0.9866222302953247
0.9821499388490338
0.9464917785662692
0.9285921167756896
0.7859556851617526
0.7143990220210981
0.14386845749686472
0.857473868818488
0.575290962937288
0.43038435265771113
0.3018953200080432
0.7195819014741573
0.20465540725854225
0.8861496426980011
0.8303251202451065
0.5133104239066597
0.27448651622398756
0.1783942835754715
0.2852019243000541
0.21296678273938596
0.39178425970021635
0.8543085372657515
0.5632307889172807
0.4074685239174869
0.26854815537808463
0.668936596630374
0.011692622938426211
0.5194963828544132
0.2967704861657694
0.7029855463770218
0.18708196701481938
0.3119421259034425
0.7483277787687257
0.24776874235249124
0.9933114722953178
0.9910740145714954
0.9732444606197532
0.9642998777271714
0.8929835571616422
0.8571842335804831
0.5719113703526091
0.42879804407129996
0.28773691499372944
0.7149477376660798
0.1505819259036798
0.8607687053154223
0.6037906400160864
0.4391638029774185
0.4093108145170845
0.7722992854251061
0.6606502405193169
0.026620847842423245
0.5489730324479751
0.356788567150943
0.5704038486001082
0.4259335654787719
0.7835685194004327
0.7086170745606069
0.1264615778636653
0.8149370478349738
0.5370963107561693
0.33787319328985177
0.023385245876852423
0.03899276573793031
0.5935409723315388
0.40597109278314747
0.37416393402963877
0.623884251806885
0.4966555575665552
0.4955374847049825
0.9866229446197394
0.9821480291720945
0.9464889212686103
0.9285997554834466
0.7859671143523883
0.7143684671900701
0.143822740734322
0.8575960881425999
0.5754738299874589
0.4298954753612634
0.3011638518073596
0.7215374106599484
0.20758128006127663
0.878327605954837
0.818621629034169
0.544598570879316
0.32130048106773756
0.05324169568484649
0.09794606492505409
0.713577134301886
0.14080769722932018
0.8518671309575438
0.5671370388299692
0.41723414915031753
0.2529231557273306
0.6298740956990514
0.07419262154144235
0.6757463865797035
0.046770491753704846
0.07798553147586063
0.18708194469218142
0.8119421855662949
0.7483278680592775
0.24776850364287384
0.9933111151331104
0.991074969409965
0.9732458892685827
0.9642960583732929
0.8929778425663244
0.8571995109959971
0.5719342287338804
0.428736934409244
0.287645481468644
0.7151921763143037
0.1509476600040216
0.8597909507225268
0.6023277036147192
0.44307482134900056
0.41516256012255326
0.7566552119387779
0.6372432580974419
0.08919714178773575
0.6426009621354751
0.10648339136969298
0.19589212985010818
0.42715426863287576
0.28161539445864037
0.7037342619441915
0.13427407768904231
0.8344682983006351
0.5058463114546612
0.2597481914272066
0.1483852430828847
0.3514927731885109
0.09354098350740969
0.15597106295172125
0.37416388938436285
0.6238843711616937
0.4966557361476589
0.4955370072857477
0.9866222302953247
0.9821499388490338
0.9464917785662692
0.9285921167756896
0.7859556851617526
0.7143990220210981
0.14386845749686472
0.857473868818488
0.575290962937288
0.43038435265771113
0.3018953200080432
0.7195819014741573
0.20465540725854225
0.8861496426980011
0.8303251202451065
0.5133104239066597
0.27448651622398756
0.1783942835754715
0.2852019243000541
0.21296678273938596
0.39178425970021635
0.8543085372657515
0.5632307889172807
0.4074685239174869
0.26854815537808463
0.668936596630374
0.011692622938426211
0.5194963828544132
0.2967704861657694
0.7029855463770218
0.18708196701481938
0.3119421259034425
0.7483277787687257
0.24776874235249124
0.9933114722953178
0.9910740145714954
0.9732444606197532
0.9642998777271714
0.8929835571616422
0.8571842335804831
0.5719113703526091
0.42879804407129996
0.28773691499372944
0.7149477376660798
0.1505819259036798
0.8607687053154223
0.6037906400160864
0.4391638029774185
0.4093108145170845
0.7722992854251061
0.6606502405193169
0.026620847842423245
0.5489730324479751
0.356788567150943
0.5704038486001082
0.4259335654787719
0.7835685194004327
0.7086170745606069
0.1264615778636653
0.8149370478349738
0.5370963107561693
0.33787319328985177
0.023385245876852423
0.03899276573793031
0.5935409723315388
0.40597109278314747
0.37416393402963877
0.623884251806885
0.4966555575665552
0.4955374847049825
0.9866229446197394
0.9821480291720945
0.9464889212686103
0.9285997554834466
0.7859671143523883
0.7143684671900701
0.143822740734322
0.8575960881425999
0.5754738299874589
0.4298954753612634
0.3011638518073596
0.7215374106599484
0.20758128006127663
0.878327605954837
0.818621629034169
0.544598570879316
0.32130048106773756
0.05324169568484649
0.09794606492505409
0.713577134301886
0.14080769722932018
0.8518671309575438
0.5671370388299692
0.41723414915031753
0.2529231557273306
0.6298740956990514
0.07419262154144235
0.6757463865797035
0.046770491753704846
0.07798553147586063
0.18708194469218142
0.8119421855662949
0.7483278680592775
0.24776850364287384
0.9933111151331104
0.991074969409965
0.9732458892685827
0.9642960583732929
0.8929778425663244
0.8571995109959971
0.5719342287338804
0.428736934409244
0.287645481468644
0.7151921763143037
0.1509476600040216
0.8597909507225268
0.6023277036147192
0.44307482134900056
0.41516256012255326
0.7566552119387779
0.6372432580974419
0.08919714178773575
0.6426009621354751
0.10648339136969298
0.19589212985010818
0.42715426863287576
0.28161539445864037
0.7037342619441915
0.13427407768904231
0.8344682983006351
0.5058463114546612
0.2597481914272066
0.1483852430828847
0.3514927731885109
0.09354098350740969
0.15597106295172125
0.37416388938436285
0.6238843711616937
0.4966557361476589
0.4955370072857477
0.9866222302953247
0.9821499388490338
0.9464917785662692
0.9285921167756896
0.7859556851617526
0.7143990220210981
0.14386845749686472
0.857473868818488
0.575290962937288
0.43038435265771113
0.3018953200080432
0.7195819014741573
0.20465540725854225
0.8861496426980011
0.8303251202451065
0.5133104239066597
0.27448651622398756
0.1783942835754715
0.2852019243000541
0.21296678273938596
0.39178425970021635
0.8543085372657515
0.5632307889172807
0.4074685239174869
0.26854815537808463
0.668936596630374
0.011692622938426211
0.5194963828544132
0.2967704861657694
0.7029855463770218
0.18708196701481938
0.3119421259034425
0.7483277787687257
0.24776874235249124
0.9933114722953178
0.9910740145714954
0.9732444606197532
0.9642998777271714
0.8929835571616422
0.8571842335804831
0.5719113703526091
0.42879804407129996
0.28773691499372944
0.7149477376660798
0.1505819259036798
0.8607687053154223
0.6037906400160864
0.4391638029774185
0.4093108145170845
0.7722992854251061
0.6606502405193169
0.026620847842423245
0.5489730324479751
0.356788567150943
0.5704038486001082
0.4259335654787719
0.7835685194004327
0.7086170745606069
0.1264615778636653
0.8149370478349738
0.5370963107561693
0.33787319328985177
0.023385245876852423
0.03899276573793031
0.5935409723315388
0.40597109278314747
0.37416393402963877
0.623884251806885
0.4966555575665552
0.4955374847049825
0.9866229446197394
0.9821480291720945
0.9464889212686103
0.9285997554834466
0.7859671143523883
0.7143684671900701
0.143822740734322
0.8575960881425999
0.5754738299874589
0.4298954753612634
0.3011638518073596
0.7215374106599484
0.20758128006127663
0.878327605954837
0.818621629034169
0.544598570879316
0.32130048106773756
0.05324169568484649
0.09794606492505409
0.713577134301886
0.14080769722932018
0.8518671309575438
0.5671370388299692
0.41723414915031753
0.2529231557273306
0.6298740956990514
0.07419262154144235
0.6757463865797035
0.046770491753704846
0.07798553147586063
0.18708194469218142
0.8119421855662949
0.7483278680592775
0.24776850364287384
0.9933111151331104
0.991074969409965
0.9732458892685827
0.9642960583732929
0.8929778425663244
0.8571995109959971
0.5719342287338804
0.428736934409244
0.287645481468644
0.7151921763143037
0.1509476600040216
0.8597909507225268
0.6023277036147192
0.44307482134900056
0.41516256012255326
0.7566552119387779
0.6372432580974419
0.08919714178773575
0.6426009621354751
0.10648339136969298
0.19589212985010818
0.42715426863287576
0.28161539445864037
0.7037342619441915
0.13427407768904231
0.8344682983006351
0.5058463114546612
0.2597481914272066
0.1483852430828847
0.3514927731885109
0.09354098350740969
0.15597106295172125
0.37416388938436285
0.6238843711616937
0.4966557361476589
0.4955370072857477
0.9866222302953247
0.9821499388490338
0.9464917785662692
0.9285921167756896
0.7859556851617526
0.7143990220210981
0.14386845749686472
0.857473868818488
0.575290962937288
0.43038435265771113
0.3018953200080432
0.7195819014741573
0.20465540725854225
0.8861496426980011
0.8303251202451065
0.5133104239066597
0.27448651622398756
0.1783942835754715
0.2852019243000541
0.21296678273938596
0.39178425970021635
0.8543085372657515
0.5632307889172807
0.4074685239174869
0.26854815537808463
0.668936596630374
0.011692622938426211
0.5194963828544132
0.2967704861657694
0.7029855463770218
0.18708196701481938
0.3119421259034425
0.7483277787687257
0.24776874235249124
0.9933114722953178
0.9910740145714954
0.9732444606197532
0.9642998777271714
0.8929835571616422
0.8571842335804831
0.5719113703526091
0.42879804407129996
0.28773691499372944
0.7149477376660798
0.1505819259036798
0.8607687053154223
0.6037906400160864
0.4391638029774185
0.4093108145170845
0.7722992854251061
0.6606502405193169
0.026620847842423245
0.5489730324479751
0.356788567150943
0.5704038486001082
0.4259335654787719
0.7835685194004327
0.7086170745606069
0.1264615778636653
0.8149370478349738
0.5370963107561693
0.33787319328985177
0.023385245876852423
0.03899276573793031
0.5935409723315388
0.40597109278314747
0.37416393402963877
0.623884251806885
0.4966555575665552
0.4955374847049825
0.9866229446197394
0.9821480291720945
0.9464889212686103
0.9285997554834466
0.7859671143523883
0.7143684671900701
0.143822740734322
0.8575960881425999
0.5754738299874589
0.4298954753612634
0.3011638518073596
0.7215374106599484
0.20758128006127663
0.878327605954837
0.818621629034169
0.544598570879316
0.32130048106773756
0.05324169568484649
0.09794606492505409
0.713577134301886
0.14080769722932018
0.8518671309575438
0.5671370388299692
0.41723414915031753
0.2529231557273306
0.6298740956990514
0.07419262154144235
0.6757463865797035
0.046770491753704846
0.07798553147586063
0.18708194469218142
0.8119421855662949
0.7483278680592775
0.24776850364287384
0.9933111151331104
0.991074969409965
0.9732458892685827
0.9642960583732929
0.8929778425663244
0.8571995109959971
0.5719342287338804
0.428736934409244
0.287645481468644
0.7151921763143037
0.1509476600040216
0.8597909507225268
0.6023277036147192
0.44307482134900056
0.41516256012255326
0.7566552119387779
0.6372432580974419
0.08919714178773575
0.6426009621354751
0.10648339136969298
0.19589212985010818
0.42715426863287576
0.28161539445864037
0.7037342619441915
0.13427407768904231
0.8344682983006351
0.5058463114546612
0.2597481914272066
0.1483852430828847
0.3514927731885109
0.09354098350740969
0.15597106295172125
0.37416388938436285
0.6238843711616937
0.4966557361476589
0.4955370072857477
0.9866222302953247
0.9821499388490338
0.9464917785662692
0.9285921167756896
0.7859556851617526
0.7143990220210981
0.14386845749686472
0.857473868818488
0.575290962937288
0.43038435265771113
0.3018953200080432
0.7195819014741573
0.20465540725854225
0.8861496426980011
0.8303251202451065
0.5133104239066597
0.27448651622398756
0.1783942835754715
0.2852019243000541
0.21296678273938596
0.39178425970021635
0.8543085372657515
0.5632307889172807
0.4074685239174869
0.26854815537808463
0.668936596630374
0.011692622938426211
0.5194963828544132
0.2967704861657694
0.7029855463770218
0.18708196701481938
0.3119421259034425
0.7483277787687257
0.24776874235249124
0.9933114722953178
0.9910740145714954
0.9732444606197532
0.9642998777271714
0.8929835571616422
0.8571842335804831
0.5719113703526091
0.42879804407129996
0.28773691499372944
0.7149477376660798
0.1505819259036798
0.8607687053154223
0.6037906400160864
0.4391638029774185
0.4093108145170845
0.7722992854251061
0.6606502405193169
0.026620847842423245
0.5489730324479751
0.356788567150943
0.5704038486001082
0.4259335654787719
0.7835685194004327
0.7086170745606069
0.1264615778636653
0.8149370478349738
0.5370963107561693
0.33787319328985177
0.023385245876852423
0.03899276573793031
0.5935409723315388
0.40597109278314747
0.37416393402963877
0.623884251806885
0.4966555575665552
0.4955374847049825
0.9866229446197394
0.9821480291720945
0.9464889212686103
0.9285997554834466
0.7859671143523883
0.7143684671900701
0.143822740734322
0.8575960881425999
0.5754738299874589
0.4298954753612634
0.3011638518073596
0.7215374106599484
0.20758128006127663
0.878327605954837
0.818621629034169
0.544598570879316
0.32130048106773756
0.05324169568484649
0.09794606492505409
0.713577134301886
0.14080769722932018
0.8518671309575438
0.5671370388299692
0.41723414915031753
0.2529231557273306
0.6298740956990514
0.07419262154144235
0.6757463865797035
0.046770491753704846
0.07798553147586063
0.18708194469218142
0.8119421855662949
0.7483278680592775
0.24776850364287384
0.9933111151331104
0.991074969409965
0.9732458892685827
0.9642960583732929
0.8929778425663244
0.8571995109959971
0.5719342287338804
0.428736934409244
0.287645481468644
0.7151921763143037
0.1509476600040216
0.8597909507225268
0.6023277036147192
0.44307482134900056
0.41516256012255326
0.7566552119387779
0.6372432580974419
0.08919714178773575
0.6426009621354751
0.10648339136969298
0.19589212985010818
0.42715426863287576
0.28161539445864037
0.7037342619441915
0.13427407768904231
0.8344682983006351
0.5058463114546612
0.2597481914272066
0.1483852430828847
0.3514927731885109
0.09354098350740969
0.15597106295172125
0.37416388938436285
0.6238843711616937
0.4966557361476589
0.4955370072857477
0.9866222302953247
0.9821499388490338
0.9464917785662692
0.9285921167756896
0.7859556851617526
0.7143990220210981
0.14386845749686472
0.857473868818488
0.575290962937288
0.43038435265771113
0.3018953200080432
0.7195819014741573
0.20465540725854225
0.8861496426980011
0.8303251202451065
0.5133104239066597
0.27448651622398756
0.1783942835754715
0.2852019243000541
0.21296678273938596
0.39178425970021635
0.8543085372657515
0.5632307889172807
0.4074685239174869
0.26854815537808463
0.668936596630374
0.011692622938426211
0.5194963828544132
0.2967704861657694
0.7029855463770218
0.18708196701481938
0.3119421259034425
0.7483277787687257
0.24776874235249124
0.9933114722953178
0.9910740145714954
0.9732444606197532
0.9642998777271714
0.8929835571616422
0.8571842335804831
0.5719113703526091
0.42879804407129996
0.28773691499372944
0.7149477376660798
0.1505819259036798
0.8607687053154223
0.6037906400160864
0.4391638029774185
0.4093108145170845
0.7722992854251061
0.6606502405193169
0.026620847842423245
0.5489730324479751
0.356788567150943
0.5704038486001082
0.4259335654787719
0.7835685194004327
0.7086170745606069
0.1264615778636653
0.8149370478349738
0.5370963107561693
0.33787319328985177
0.023385245876852423
0.03899276573793031
0.5935409723315388
0.40597109278314747
0.37416393402963877
0.623884251806885
0.4966555575665552
0.4955374847049825
0.9866229446197394
0.9821480291720945
0.9464889212686103
0.9285997554834466
0.7859671143523883
0.7143684671900701
0.143822740734322
0.8575960881425999
0.5754738299874589
0.4298954753612634
0.3011638518073596
0.7215374106599484
0.20758128006127663
0.878327605954837
0.818621629034169
0.544598570879316
0.32130048106773756
0.05324169568484649
0.09794606492505409
0.713577134301886
0.14080769722932018
0.8518671309575438
0.5671370388299692
0.41723414915031753
0.2529231557273306
0.6298740956990514
0.07419262154144235
0.6757463865797035
0.046770491753704846
0.07798553147586063
0.18708194469218142
0.8119421855662949
0.7483278680592775
0.24776850364287384
0.9933111151331104
0.991074969409965
0.9732458892685827
0.9642960583732929
0.8929778425663244
0.8571995109959971
0.5719342287338804
0.428736934409244
0.287645481468644
0.7151921763143037
0.1509476600040216
0.8597909507225268
0.6023277036147192
0.44307482134900056
0.41516256012255326
0.7566552119387779
0.6372432580974419
0.08919714178773575
0.6426009621354751
0.10648339136969298
0.19589212985010818
0.42715426863287576
0.28161539445864037
0.7037342619441915
0.13427407768904231
0.8344682983006351
0.5058463114546612
0.2597481914272066
0.1483852430828847
0.3514927731885109
0.09354098350740969
0.15597106295172125
0.37416388938436285
0.6238843711616937
0.4966557361476589
0.4955370072857477
0.9866222302953247
0.9821499388490338
0.9464917785662692
0.9285921167756896
0.7859556851617526
0.7143990220210981
0.14386845749686472
0.857473868818488
0.575290962937288
0.43038435265771113
0.3018953200080432
0.7195819014741573
0.20465540725854225
0.8861496426980011
0.8303251202451065
0.5133104239066597
0.27448651622398756
0.1783942835754715
0.2852019243000541
0.21296678273938596
0.39178425970021635
0.8543085372657515
0.5632307889172807
0.4074685239174869
0.26854815537808463
0.668936596630374
0.011692622938426211
0.5194963828544132
0.2967704861657694
0.7029855463770218
0.18708196701481938
0.3119421259034425
0.7483277787687257
0.24776874235249124
0.9933114722953178
0.9910740145714954
0.9732444606197532
0.9642998777271714
0.8929835571616422
0.8571842335804831
0.5719113703526091
0.42879804407129996
0.28773691499372944
0.7149477376660798
0.1505819259036798
0.8607687053154223
0.6037906400160864
0.4391638029774185
0.4093108145170845
0.7722992854251061
0.6606502405193169
0.026620847842423245
0.5489730324479751
0.356788567150943
0.5704038486001082
0.4259335654787719
0.7835685194004327
0.7086170745606069
0.1264615778636653
0.8149370478349738
0.5370963107561693
0.33787319328985177
0.023385245876852423
0.03899276573793031
0.5935409723315388
0.40597109278314747
0.37416393402963877
0.623884251806885
0.4966555575665552
0.4955374847049825
0.9866229446197394
0.9821480291720945
0.9464889212686103
0.9285997554834466
0.7859671143523883
0.7143684671900701
0.143822740734322
0.8575960881425999
0.5754738299874589
0.4298954753612634
0.3011638518073596
0.7215374106599484
0.20758128006127663
0.878327605954837
0.818621629034169
0.544598570879316
0.32130048106773756
0.05324169568484649
0.09794606492505409
0.713577134301886
0.14080769722932018
0.8518671309575438
0.5671370388299692
0.41723414915031753
0.2529231557273306
0.6298740956990514
