0.37416388938436285
0.06152445846237242
0.9057581453525927
0.8898898300540168
0.9132044836878777
0.3782320282771252
0.1806911918683909
0.5238773235469125
0.19842919561779127
0.5635545385885052
0.02759251609677449
0.9503023941069841
0.44170285103609785
0.2041201316169463
0.5668346660095267
0.01681146357441321
0.9414804368279874
0.4548385149682872
0.19224583922186866
0.5784216511528939
0.006854443170595914
0.987733019515872
0.4855614071129821
0.2383555196574889
0.6110886858659796
0.051620866695884615
0.8909217207692564
0.3818540877546184
0.17523325799265876
0.5168115261476487
0.19148016191320494
0.5798385068774223
0.004745598824229091
0.9846723619266413
0.49122979579260573
0.23773367184912786
0.6105620862799697
0.0508540864684619
0.8923388118855655
0.37974587053759024
0.17217172641539946
0.5224790940992534
0.19085824833018705
0.5871240436681546
0.007886432576924562
0.9724165892403107
0.978378356056055
0.9695356171869207
0.9826849241508171
0.4746720850234851
0.22146307132788934
0.10187940346077085
0.7841844765644055
0.7592625046090689
0.8439857587509323
0.7964964619604871
0.25737118895631284
0.11293422887683846
0.29834156890865415
0.020260599587345496
0.43761856481432915
0.2185640390671324
0.07790802509407513
0.2576420218392741
0.11304103044676594
0.29869251008494757
0.0203139987133909
0.4377597001148388
0.21784117110655643
0.07741112553048879
0.7568981061049271
0.8625756170367822
0.2979257229017094
0.01978001373936422
0.4385836439905688
0.21514035473228432
0.0752138834213838
0.7543346594611648
0.8605614714324474
0.30085543351015076
0.017338515201117843
0.9422458395711146
0.45342165062902495
0.19435444340342656
0.581483019515872
0.001186407112982124
0.9961680196574889
0.49780743586597964
0.24693336669588462
0.6213904707692564
0.059588462754618376
0.9027723204926588
0.3879052761476487
0.16023016194230877
0.0017135069065261632
0.49693309876602143
0.24639111189753748
0.12208917073439807
0.809022734320024
0.778530836221762
0.32429158641025424
0.0056200620892923325
0.48521462045027874
0.24053110138629563
0.11134628171566874
0.7977918419346679
0.7719384968513623
0.31464912788942456
0.023991296271560714
0.44728094394668005
0.18842294628848322
0.0922430296195671
0.763856655365089
0.8501862158300355
0.28321485267952085
0.008763333986280486
0.47116130832000636
0.22679062935640104
0.09726626786869019
0.790560962544987
0.7506190509302542
0.37307768722530454
0.06141569945611991
0.40470070764422417
0.13879699070821516
0.03765209109405987
0.37709832793916576
0.1801863780419808
0.025605485396226868
0.44590379859437235
0.18948930769693106
0.5867929089872632
0.5101913913385943
0.2189008602872491
0.6089006331458222
0.5387935761536937
0.6285123565176036
0.5561909394164104
0.6490509330760688
0.009820077859330922
0.9696276495233178
0.482798587938305
0.22476336843101308
0.5962030590162612
0.03928147233091295
0.878510035428917
0.9311963354994077
0.8990541042294353
0.38481345103355125
0.1571202373597771
0.5140440166869666
0.7247797099698801
0.5962067020591348
0.039253119204659015
0.8784980119671673
0.43115415499778464
0.14916695118881762
0.5098842681327369
0.7195407299150247
0.6076927555259317
0.03718364593805745
0.8776902498211712
0.43003883288474753
0.15141976834274828
0.5091734231391456
0.7188733963121194
0.6089440954383463
0.0387244260055013
0.8784301222767681
0.43136989400954917
0.14901905716396868
0.5098083243647125
0.7196086158801336
0.6078348176088184
0.03725099266739562
0.8774425948504359
0.42992794240126386
0.1519754494074732
0.5093353065603878
0.7193873639043886
0.6074342774227262
0.03805969696259126
0.8774120725574903
0.4299126742989756
0.15195255097933114
0.5093085952976253
0.7193740026850719
0.6074581413995475
0.03796668007271364
0.877373163588345
0.4298355136415921
0.15186411811737344
0.5094912229687907
0.2193441998679191
0.6074593328812625
0.5379668006498832
0.6273739382158965
0.05483256309526041
0.9018667256459594
0.38449265382951126
0.1568420540424995
0.5137064718292095
0.22546489327214658
0.5961267993261572
0.5392123314377386
0.6284297024831176
0.056370753271039575
0.899017752322834
0.38481065264204517
0.15711124031804502
0.5140869662573095
0.7247477623459417
0.5961955105885863
0.03929235361283645
0.8785290133091621
0.431199278740678
0.1490669974591583
0.5097672984411474
0.7197235676285345
0.6079066311940551
0.037350672704633325
0.8775600802036934
0.42974587908247486
0.15224845497868955
0.5096566722204443
0.7196396442886908
0.6077883755788207
0.03729154489701614
0.8774713884922676
0.42988511553267017
0.15192325203679502
0.5092957064916845
0.7194224449631292
0.6075099026784301
0.037854212743695825
0.8772930513950996
0.4297191762016155
0.15223319618962705
0.5096795604040381
0.7196053120133001
0.6078475033864379
0.03726007364457473
0.8774556528660469
0.4299072884605266
0.15194912045262754
0.509316031675553
0.7193622740742285
0.6074761813506484
0.037989098054822534
0.8773271452519111
0.42984351149061695
0.15186454146169126
0.5094916567613836
0.7193432750937063
0.6074588736519217
0.03796601988142356
0.8773728489759378
0.4298360804677941
0.1518647859338671
0.5094917426758911
0.7193434501823504
0.6074581863358617
0.03796649392461404
0.8773730855318718
0.4298353680060245
0.151864425977692
0.5094910905172583
0.7193446609016974
0.6074596857652068
0.03796720824902877
0.8773744042846374
0.42983304715016857
0.1518650611396879
0.5094918253307696
0.7193435512308497
0.6074582657311112
0.03796625888207927
0.8773729538079351
0.4298358949017711
0.15186455915682018
0.5094915762019809
0.7193432208441664
0.6074589517666027
0.03796618466731161
0.877372886199737
0.9298358047381043
0.4018647376797162
0.13449154718546197
0.5318432218045928
0.13870895211584866
0.5379661853366997
0.6273728835221846
0.5548358066007495
0.15186473861103877
0.5094915443914942
0.2193432204076089
0.6074589495547116
0.037966190080624074
0.8773728893720545
0.4298358093947172
0.15186474376241677
0.009491535340202972
0.4693432228814345
0.2324589524359908
0.10046618574415334
0.2836228838423267
0.007960805698530748
0.4721772380871698
0.2282415464578662
0.09434322093147784
0.7949589514464606
0.756716184434481
0.3617478865198791
0.047023305407492444
0.39795848782523535
0.12863217110862024
0.056257284129969776
0.8989628575800452
0.884890012559481
0.4067918318323791
0.13882018040749244
0.03760692532523535
0.37716732735862024
0.18028072162996978
0.5254277013300452
0.696169309434481
0.0648728865198791
0.7735858054074924
0.8237397378252354
0.7516790461086202
0.8716869716299698
0.3086308263009414
0.029177121963584796
0.4501267927698791
0.19179869603249244
0.07923290188773535
0.25393734688987024
0.11121944233309478
0.8016728185175452
0.765993528184481
0.3195115583948791
0.018580922594992444
0.43891307766898535
0.21502743478049524
0.07577327534090728
0.7544087193964515
0.8595947549911216
0.30429282365366817
0.019081601611105725
0.4390890305803623
0.215386016323464
0.07436565204989165
0.755379559850553
0.860079221543856
0.3028337019495666
0.018344411364523694
0.43775340970023535
0.21786556954612024
0.07743648334871978
0.7568424962519202
0.8627800272079185
0.29808058915659785
0.01964522313210182
0.4392583077715244
0.21559296365012415
0.07452825352083892
0.754898192739347
0.8598094509216025
0.3039127844385803
0.01861716221901588
0.43874809201224707
0.2149163317226339
0.07593325420748442
0.7547462008951697
0.8596709893317893
0.3037281590513885
0.01898279201122932
0.4386886438296642
0.2149182875000406
0.07593394152354449
0.754747601604322
0.8596654908033088
0.30373195139691234
0.01898468445870094
0.43868294413550757
0.2149154078506399
0.0759287242544815
0.754757287359098
0.8596774862380698
0.3037376659922302
0.018995234480826184
0.43866437728866003
0.214920489146607
0.07593460276257247
0.7547484099923167
0.8596661259653047
0.3037300710566342
0.018983630667207763
0.4386871593014803
0.21491647328366525
0.07593260973226279
0.75474576689885
0.8596716142492369
0.30372947733849287
0.018983089801622555
0.43868643810856156
0.2149179015250411
0.07593237751279958
0.2547457745531574
0.10967161695589311
0.303729482810013
0.018983068322995678
0.43868645292241126
0.21491790891741402
0.07593235524836928
0.754745763289975
0.859671596554108
0.3037295206449926
0.018983115180162713
0.4386864752450492
0.21491795012843795
0.07593228272162378
0.7547457831387874
0.8596716195170302
0.8037294859532267
0.26898307079682127
0.06368644558824599
0.7774179047846701
0.8259323716920335
0.7547457674518228
0.35967161174630746
0.053729475650470704
0.8939830922172405
0.37618644325993955
0.1836679026891943
0.02905736889806576
0.4500582730397582
0.19170286084408872
0.07912010067957453
0.2543346547463443
0.11056144328904338
0.3008554026018828
0.01733861895627342
0.44224577306886204
0.20342161075677723
0.5693544756213669
0.5189830921590328
0.18868644343456253
0.5899179027765058
0.013432369043584913
0.9734957732143812
0.4690466104657389
0.23341697570867836
0.6010143422463443
0.5343895682890434
0.6338632151018828
0.03149877517716959
0.8897555386647582
0.4133825483149849
0.1279482256504707
0.5560924672172405
0.14864738075993955
0.5113046214391943
0.7202194782730658
0.6061862027272582
0.03526975534623489
0.8767580401035957
0.434342589287553
0.1526528128888458
0.5127122447302099
0.7230881306168158
0.5949252163991332
0.04303647897904739
0.8806337725254707
0.4226696156547405
0.14675529091618955
0.5020272776891943
0.7429245563980658
0.6194918667897582
0.05473997018998489
0.9022402178379707
0.3846447133109905
0.15716178505681455
0.5140664622595068
0.724743709230097
0.5962260281667113
0.03918554208939895
0.8784756075474434
0.43130227556684986
0.14893729775212705
0.5099847361852881
0.7193306538101751
0.6074660336598754
0.03796960733598098
0.8773679148289375
0.4298252724693157
0.15186233608983457
0.5095091507246252
0.7193463000294287
0.6074715321883559
0.037980813009198755
0.8773239266010933
0.42985561123350635
0.15187747566960752
0.509463553171372
0.719323262834223
0.607429794035852
0.03805829904740676
0.8774198900791816
0.4299013279960491
0.15196187584660947
0.5093150183965918
0.7193639132019598
0.6074768221005797
0.037987280113156885
0.8773290078970604
0.42984056851128116
0.1518690453376621
0.5094972744991537
0.7193317862984259
0.6074608778581023
0.037966135365422815
0.877372914168518
0.4298358187661506
0.15186471841298044
0.509491504955804
0.7193432122294325
0.6074590201023966
0.037966196483466774
0.8773729356471449
0.42983586253831163
0.15186454658396542
0.5094916234666016
0.719343271368416
0.6074588419869542
0.037966106494423
0.8773727726074867
0.4298361652181484
0.1518649214413017
0.5094918020477053
0.7193436010566074
0.6074582617729902
0.037966265284921974
0.8773729563108645
0.42983588780043647
0.1518645664327778
0.5094915647059679
0.21934323845198378
0.6074589737108909
0.037966139789205045
0.8773728940286674
0.42983580520376563
0.15186473794165067
0.009491546166827902
0.4693432215426583
0.23245895118452609
0.6004661844053771
0.5336228867818136
0.6329608054365963
0.034677238028962165
0.884491546312347
0.4068432208732702
0.13870895165018737
0.5379661846382078
0.6273728860833216
0.5548358050873503
0.1518647373886779
0.5094915475056041
0.7193432223284617
0.1074589523486793
0.7879661859187763
0.7523728838132229
0.8673358056985307
0.8081147380871698
0.2751165464287624
0.07090572096058168
0.25199020141735673
0.11804430952179246
0.3070603866071906
0.02358580523286946
0.4487397378543392
0.18917904610862024
0.09043697162996978
0.7617558263300452
0.849489621934481
0.2821580427698791
0.014064321032492444
0.47474071438773535
0.22122250313987024
0.10169795795809478
0.7847050450800452
0.759401731309481
0.3442918318323791
0.045070180407492444
0.38135692532523535
0.17404232735862024
0.016218221629969776
0.9433964513300452
0.955934934434481
0.4379197615198791
0.21792174290749244
0.07715770657523535
0.25729428048362024
0.11253169819246978
0.7979496739862952
0.769808225450106
0.3134843367151916
0.027804860583273694
0.45041820462211035
0.19149838204612024
0.07987788959871978
0.7546452306269202
0.8597282693954185
0.30375685868784785
0.01894331883522682
0.4386021798418369
0.2148986887477804
0.07607320591341704
0.7547704003809486
0.8597722576232627
0.30384650407359004
0.018591413012472913
0.4388448899553623
0.215019805385964
0.07570842548739165
0.754586102819303
0.859438352403231
0.3044663923792541
0.019359120837179944
0.4392106240557041
0.21569500680197962
0.07452014728914946
0.7549113057611976
0.8598145769210532
0.3038982409052551
0.01863206338020973
0.4387245481775608
0.21495236273040064
0.07597819610964507
0.7546542905329261
0.8596870229812339
0.3037290829233825
0.018983313551871106
0.4386865502165165
0.21491774733294733
0.07593203976284713
0.7547456979809795
0.8596721609355882
0.3037295718677342
0.018983485380886123
0.43868690039380454
0.2149163727008272
0.07593298784922808
0.7547461710928474
0.859670736012049
0.303728851955384
0.018982181063620374
0.43868932183249854
0.21491937155951746
0.07593441649805754
0.7547488085983787
0.8596660943003371
0.3037301222793758
0.018983650690643117
0.4386871024908032
0.21491653149132617
0.07593251776415855
0.7547459076449741
0.8596717898035422
0.30372911831364036
0.018983152433065698
0.43868644171743654
0.21491790356230922
0.07593236933462322
0.7547457724285778
0.8596716095053125
0.8037294753594324
0.26898309437092394
0.06368644363828935
0.2774179042316973
0.07593237070250325
0.25474576707347296
0.10967161323060282
0.30372947722207755
0.01898308881209232
0.4386864408152178
0.214917899138527
0.07593238016124815
0.7547457787732128
0.8596716187894344
0.30372948752483353
0.018983070680405945
0.938686445762869
0.4649179048719816
0.20093237148830667
0.5672457676846534
0.015921611397061497
0.9443544761743397
0.4564830929157324
0.1886864418629557
0.589917902922025
0.5134323688980658
0.7234957730397582
0.09404661081498489
0.7959169756504707
0.2572643422172405
0.11251456825993955
0.7979257151891943
0.7697800251480658
0.8135836636647582
0.2776403608149849
0.0752138506504707
0.7543346547172405
0.36056144325993955
0.05085540268919431
0.39233861889806576
0.1297457730397582
0.5471716108440887
0.6474794756795745
0.5033580922463443
0.7433739432890434
0.6172616526018828
0.05835424392716959
0.9002535855397582
0.3835973920649849
0.1584658037754707
0.5078746937797405
0.22243888466618955
0.6033456370641943
0.5319870563980658
0.6390231167897582
0.03716184518998489
0.8778261553379707
0.4300548695609905
0.15154655068181455
0.5088174388220068
0.719189510011347
0.6085856473073363
0.03816320322221145
0.8781780611607246
0.430772032646928
0.1487313040997833
0.5107591197302099
0.7201584431168158
0.6056674038991332
0.03668882272904739
0.8755068194004707
0.4357311390922405
0.15487296669743955
0.5136849925329443
0.7255600544449408
0.5961611783131957
0.03929044626420364
0.8785166155430488
0.4311859273002483
0.14905650704167783
0.5097963855077978
0.7196189018723089
0.6078255688771605
0.03723432443803176
0.8774961840244941
0.4298326634452678
0.15186650841496885
0.5094924018194433
0.7193419786926825
0.607456318102777
0.03796558402245864
0.8773772876593284
0.4298365750000812
0.15186788304708898
0.5094952032377478
0.7193309816357214
0.6074639027938247
0.03796936891740188
0.8773658882710151
0.4298308157012798
0.151857448508963
0.5095145747472998
0.7193549725052435
0.6074753319844604
0.03799046896165237
0.8773287545773201
0.429840978293214
0.15186920552514493
0.5094968200137373
0.7193322519597132
0.6074601421132684
0.037967261334415525
0.8773743186029606
0.4298329465673305
0.15186521946452558
0.5094915338268038
0.7193432285275776
0.6074589546769857
0.03796617960324511
0.8773728762171231
0.4298358030500822
0.15186475502559915
0.5094915491063148
0.21934323391178623
0.607458965620026
0.037966136645991355
0.8773729058448225
0.42983581783482805
0.15186471049673855
0.5094915266090538
0.7193431931373198
0.6074590412899852
0.037966230360325426
0.8773729504900984
0.4298359002568759
0.15186456544324756
0.5094915663066786
0.7193432390631642
0.6074589719355572
0.5379661415936425
0.12737289117649198
0.554835809598444
0.6518647434131708
0.5094915349327493
0.7193432234926149
0.10745895130094141
0.7879661844635848
0.7523728865198791
0.3673358053783886
0.05811473779613152
0.9001165460795164
0.38340572168817744
0.15824020135914907
0.5086693094926886
0.22112288657808676
0.6017108052037656
0.03467723791254684
0.8844915461377241
0.40684322151355445
0.13870895127183758
0.037966184347169474
0.37737288686912507
0.17983580558211543
0.026864738087169826
0.9469915464578662
0.9380932209314778
0.46683395141735673
0.20202868452179246
0.0687791366071906
0.26772643023286946
0.06299755035433918
0.7795110773586202
0.8267650966299698
0.2558964513009414
0.1121849344635848
0.2972947615198791
0.022609242907492444
0.44043895657523535
0.21237240548362024
0.07053951069246978
0.7535160802362952
0.868685178575106
0.3053056257776916
0.025424489489523694
0.44617626126273535
0.18985043282737024
0.08607295795809478
0.7612675450800452
0.845339231309481
0.2935105818323791
0.004054555407492444
0.48584911282523535
0.23898373360862024
0.10947994037996978
0.8044804357050452
0.769289426621981
0.3143235701136291
0.028132924548117444
0.44948741848929785
0.1924520563625265
0.0783710841787979
0.7569512151239906
0.8626045511336997
0.2978745955042541
0.019969472399679944
0.4386613076494541
0.21493206734885462
0.07593921467196196
0.7547358296869788
0.8596505449386314
0.30372467217966914
0.01901830147835426
0.4386926000879612
0.21494306440581568
0.07596162601839751
0.7546478532312904
0.8597112224670127
0.30375495133921504
0.018927106371847913
0.4386465256975498
0.21485958810080774
0.07611659809481353
0.7548397801874671
0.8598026559920982
0.30392375169321895
0.018630036822287366
0.43872782643302344
0.2149536442302633
0.07597456022631377
0.7546580158232246
0.8596811370225623
0.3037380906753242
0.018994549027411267
0.43866357262595557
0.21492175574530847
0.07593227073084563
0.7547458283661399
0.8596716375323012
0.3037294368259609
0.01898300994071178
0.4386864244879689
0.21491804023389705
0.07593239296693355
0.7547458713233937
0.8596717250766233
0.30372909316793084
0.01898324696230702
0.4386865427659359
0.21491768400301225
0.075932212988846
0.7547455452440772
0.8596723304362968
0.3037298428826034
0.018983604124514386
0.4386872021423187
0.21491652357508428
0.07593253056984395
0.7547459126508329
0.8596717756008729
0.3037291328655556
0.018983129441039637
0.43868647690396756
0.21491794745088555
0.07593227957841009
0.7547457880864386
0.8596716104075313
0.30372947588330135
0.018983092333655804
0.9386864430853166
0.46491790236905217
0.2009323688398581
0.06724577359273098
0.2659216109022964
0.06935447605792433
0.7689830926537979
0.8136864417465404
0.27741790330037475
0.07593236930551939
0.2547457721957471
0.10967161020380445
0.3037294747773558
0.018983095040312037
0.43868644468602724
0.2149179046973586
0.5759323718666565
0.5047457676555496
0.7346716114261653
0.6162294762034435
0.5502330928575248
0.14181144192116335
0.5039804028347135
0.2360886190435849
0.6141207732143812
0.04717161046573892
0.8974794757086784
0.3783580922172405
0.18087394325993955
0.5235116526891943
0.6989792438980658
0.5643160855397582
0.028128642064984888
0.9494814287754707
0.4424450062797405
0.20339591591618955
0.5694100901891943
0.5188034626480658
0.6885836636647582
0.09014036081498489
0.7627138506504707
0.3480846547172405
0.03243644325993955
0.8867929026891943
0.9118698688980658
0.8758395230397582
0.4358434858149849
0.1543154131504707
0.5145885609672405
0.22506339638493955
0.5958993480016943
0.5396164509293158
0.6269686734303832
0.05560972116654739
0.9008364092442207
0.3829967640922405
0.15975577919743955
0.5092904612829443
0.7194565388199408
0.6075137173756957
0.03788663767045364
0.8772043596836738
0.4297973774955608
0.15214641182683408
0.509540800791001
0.7195445152756292
0.6076930081471801
0.037182826024945825
0.8776897799107246
0.430039610771928
0.1514168509747833
0.5091722056677099
0.7188767048355658
0.6089327847585082
0.03871824167435989
0.8784212481114082
0.43139001360395923
0.14904029457829893
0.509822611551499
0.7196291538712103
0.6077964818105102
0.03726412676041946
0.8774490963551216
0.4299047254608013
0.15195639221929014
0.509308581094956
0.7193740459915716
0.607458165846765
0.03796662710374221
0.877373100433033
0.42983549466589466
0.15186407952569425
0.5094913959910627
0.7193443219002802
0.6074591437354684
0.037966970761772245
0.8773738007876091
0.4298327454016544
0.15186597569845617
0.5094923422147986
0.7193414720532019
0.607457703910768
0.03796436212724075
0.8773786436649971
0.4298387431190349
0.1518688329961151
0.5094976172258612
0.7193321886297781
0.6074602445587516
0.037967301381286234
0.8773742049816065
0.42983306298265234
0.1518650355283171
0.509491815319052
0.7193435796361882
0.6074582366272807
0.037966304866131395
0.8773728834348731
0.42983580712461844
0.15186473866924644
0.5094915448862594
0.7193432190397289
0.6074589507479686
0.5379661887418479
0.1273728872765787
0.5548358084633946
0.1518647414050065
0.5094915341469459
0.21934322646120563
0.6074589544441551
0.03796617762418464
0.8773728816304356
0.429835798277054
0.1518647603224963
0.5094915575755294
0.7193432376079727
0.6074589750496671
0.03796614136081189
0.8773728915548418
0.9298358097439632
0.40186474297661334
0.13449153539841063
0.031843222794122994
0.8887089523777831
0.9129661858314648
0.3773728837259114
0.17983580587315373
0.026864737825235352
0.44699154610862024
0.18809322162996978
0.5918339513300452
0.514528684434481
0.2250291365198791
0.5958514304074924
0.5395600503252354
0.6271673273586202
0.5552807216299698
0.1504277013009414
0.5086693094635848
0.7211228865198791
0.10171080537838861
0.7846772377961315
0.2594915460795164
0.09434322171728127
0.2949589513882529
0.0067161845217924565
0.4867478866071906
0.23452330523286946
0.11670848785433918
0.8005071711086202
0.7671947841299698
0.3169316075509414
0.015749387588584796
0.4448777693323791
0.20669127415749244
0.06397411282523535
0.27804623360862024
0.07432369037996978
0.7556523107050452
0.860109739121981
0.3030931013636291
0.017634877673117444
0.43837902005179785
0.2171712946437765
0.0763264064444229
0.756356122350553
0.861544065293856
0.2974626081995666
0.021518239489523694
0.44031688626273535
0.21133480782737024
0.07337764545809478
0.7510136388300452
0.871462278184481
0.3097459333948791
0.027369985094992444
0.45112010891898535
0.19232235665549524
0.07858089252840728
0.7570332311152015
0.8623718546004966
0.29811301408335567
0.019592771044699475
0.4392378037737217
0.21565113778342493
0.07446864887606353
0.7549923680780921
0.8596653268905357
0.3037330168299377
0.01898480366799049
0.43868395741446875
0.21491263623465784
0.07593116804491729
0.7547545753477607
0.8596731500001624
0.30373576609417796
0.018990406504599378
0.43866196330054663
0.21492780561675318
0.07593873783480376
0.7547317765711341
0.8596616314025596
0.303714897017926
0.01902914952370338
0.4387099450395908
0.21495066399802454
0.07598093792330474
0.754657509183744
0.859681956586428
0.30373841105028987
0.018993640056578442
0.4386645039485302
0.21492028425564058
0.07593452266883105
0.7547486372350249
0.859665893134661
0.30373043892905116
0.018983067682711408
0.438686457084259
0.2149179093830753
0.07593235920649022
0.7547457524633501
0.8596716061001644
0.3037295100511983
0.018983098241733387
0.43868646782357246
0.21491793126915582
0.07593227329198271
0.7547458117187489
0.8596716356696561
0.3037294209934771
0.0189830532472115
0.43868638630374335
0.2149180826090742
0.07593246072065085
0.7547459010093007
0.8596718005137518
0.3037291308864951
0.018983132642460987
0.43868647815543227
0.21491794390021823
0.0759322832163889
0.25474578235298395
0.10967161922599189
0.30372948685544543
0.018983069894602522
0.4386864470143337
0.21491790260188282
0.5759323689562734
0.504745773068862
0.7346716107567772
0.11622947559226304
0.8002330921881367
0.7668114433763549
0.31648040271829814
0.017338619014481083
0.4422457731561735
0.2034216104366351
0.06935447582509369
0.768983092304552
0.8136864430271089
0.27741790254367515
0.07593236869433895
0.7547457737382501
0.35967161116423085
0.05372947617433965
0.8939830929448362
0.8761864418920595
0.9336679028347135
0.4040573690435849
0.1375582732143812
0.5354528604657389
0.12599510070867836
0.5590221547463443
0.6535301932890434
0.5117929026018828
0.2243698689271696
0.5945895230397582
0.04521848581498489
0.8808779131504707
0.4247448109672405
0.14107902138493955
0.5070321605016943
0.7373703571793158
0.6106112515553832
0.05084897897904739
0.8923525225254707
0.3797008656547405
0.17214591591618955
0.5225350901891943
0.6906784626480658
0.5870211636647582
0.008109110814984888
0.9716982256504707
0.4779674672172405
0.21895988075993955
0.6089608714391943
0.5385788532730658
0.6286471402272582
0.05626584909623489
0.8989748369785957
0.384904112725053
0.1567421683575958
0.5139024302770849
0.7252091022965033
0.5957491910085082
0.03993894479935989
0.8773226152989082
0.42986413469770923
0.15187842934392393
0.5094716594030615
0.7193010899063665
0.6074493443593383
0.03803660295670852
0.8773852001759224
0.42988612881163135
0.15192325203679502
0.5092957064916845
0.7194224449631292
0.6075099026784301
0.037854212743695825
0.8772930513950996
0.4297191762016155
0.15223319618962705
0.5096795604040381
0.7196053120133001
0.6078475033864379
0.03726007364457473
0.8774556528660469
0.4299072884605266
0.15194912045262754
0.509316031675553
0.7193622740742285
0.6074761813506484
0.037989098054822534
0.8773271452519111
0.42984351149061695
0.15186454146169126
0.5094916567613836
0.7193432750937063
0.6074588736519217
0.03796601988142356
0.8773728489759378
0.4298360804677941
0.1518647859338671
0.5094917426758911
0.7193434501823504
0.6074581863358617
0.03796649392461404
0.8773730855318718
0.4298353680060245
0.151864425977692
0.5094910905172583
0.7193446609016974
0.6074596857652068
0.03796720824902877
0.8773744042846374
0.42983304715016857
0.1518650611396879
0.5094918253307696
0.7193435512308497
0.6074582657311112
0.03796625888207927
0.8773729538079351
0.4298358949017711
0.15186455915682018
0.5094915762019809
0.7193432208441664
0.6074589517666027
0.03796618466731161
0.877372886199737
0.9298358047381043
0.4018647376797162
0.13449154718546197
0.5318432218045928
0.13870895211584866
0.5379661853366997
0.6273728835221846
0.5548358066007495
0.15186473861103877
0.5094915443914942
0.2193432204076089
0.6074589495547116
0.037966190080624074
0.8773728893720545
0.4298358093947172
0.15186474376241677
0.009491535340202972
0.4693432228814345
0.2324589524359908
0.10046618574415334
0.2836228838423267
0.007960805698530748
0.4721772380871698
0.2282415464578662
0.09434322093147784
0.7949589514464606
0.756716184434481
0.3617478865198791
0.047023305407492444
0.39795848782523535
0.12863217110862024
0.056257284129969776
0.8989628575800452
0.884890012559481
0.4067918318323791
0.13882018040749244
0.03760692532523535
0.37716732735862024
0.18028072162996978
0.5254277013300452
0.696169309434481
0.0648728865198791
0.7735858054074924
0.8237397378252354
0.7516790461086202
0.8716869716299698
0.3086308263009414
0.029177121963584796
0.4501267927698791
0.19179869603249244
0.07923290188773535
0.25393734688987024
0.11121944233309478
0.8016728185175452
0.765993528184481
0.3195115583948791
0.018580922594992444
0.43891307766898535
0.21502743478049524
0.07577327534090728
0.7544087193964515
0.8595947549911216
0.30429282365366817
0.019081601611105725
0.4390890305803623
0.215386016323464
0.07436565204989165
0.755379559850553
0.860079221543856
0.3028337019495666
0.018344411364523694
0.43775340970023535
0.21786556954612024
0.07743648334871978
0.7568424962519202
0.8627800272079185
0.29808058915659785
0.01964522313210182
0.4392583077715244
0.21559296365012415
0.07452825352083892
0.754898192739347
0.8598094509216025
0.3039127844385803
0.01861716221901588
0.43874809201224707
0.2149163317226339
0.07593325420748442
0.7547462008951697
0.8596709893317893
0.3037281590513885
0.01898279201122932
0.4386886438296642
0.2149182875000406
0.07593394152354449
0.754747601604322
0.8596654908033088
0.30373195139691234
0.01898468445870094
0.43868294413550757
0.2149154078506399
0.0759287242544815
0.754757287359098
0.8596774862380698
0.3037376659922302
0.018995234480826184
0.43866437728866003
0.214920489146607
0.07593460276257247
0.7547484099923167
0.8596661259653047
0.3037300710566342
0.018983630667207763
0.4386871593014803
0.21491647328366525
0.07593260973226279
0.75474576689885
0.8596716142492369
0.30372947733849287
0.018983089801622555
0.43868643810856156
0.2149179015250411
0.07593237751279958
0.2547457745531574
0.10967161695589311
0.303729482810013
0.018983068322995678
0.43868645292241126
0.21491790891741402
0.07593235524836928
0.754745763289975
0.859671596554108
0.3037295206449926
0.018983115180162713
0.4386864752450492
0.21491795012843795
0.07593228272162378
0.7547457831387874
0.8596716195170302
0.8037294859532267
0.26898307079682127
0.06368644558824599
0.7774179047846701
0.8259323716920335
0.7547457674518228
0.35967161174630746
0.053729475650470704
0.8939830922172405
0.37618644325993955
0.1836679026891943
0.02905736889806576
0.4500582730397582
0.19170286084408872
0.07912010067957453
0.2543346547463443
0.11056144328904338
0.3008554026018828
0.01733861895627342
0.44224577306886204
0.20342161075677723
0.5693544756213669
0.5189830921590328
0.18868644343456253
0.5899179027765058
0.013432369043584913
0.9734957732143812
0.4690466104657389
0.23341697570867836
0.6010143422463443
0.5343895682890434
0.6338632151018828
0.03149877517716959
0.8897555386647582
0.4133825483149849
0.1279482256504707
0.5560924672172405
0.14864738075993955
0.5113046214391943
0.7202194782730658
0.6061862027272582
0.03526975534623489
0.8767580401035957
0.434342589287553
0.1526528128888458
0.5127122447302099
0.7230881306168158
0.5949252163991332
0.04303647897904739
0.8806337725254707
0.4226696156547405
0.14675529091618955
0.5020272776891943
0.7429245563980658
0.6194918667897582
0.05473997018998489
0.9022402178379707
0.3846447133109905
0.15716178505681455
0.5140664622595068
0.724743709230097
0.5962260281667113
0.03918554208939895
0.8784756075474434
0.43130227556684986
0.14893729775212705
0.5099847361852881
0.7193306538101751
0.6074660336598754
0.03796960733598098
0.8773679148289375
0.4298252724693157
0.15186233608983457
0.5095091507246252
0.7193463000294287
0.6074715321883559
0.037980813009198755
0.8773239266010933
0.42985561123350635
0.15187747566960752
0.509463553171372
0.719323262834223
0.607429794035852
0.03805829904740676
0.8774198900791816
0.4299013279960491
0.15196187584660947
0.5093150183965918
0.7193639132019598
0.6074768221005797
0.037987280113156885
0.8773290078970604
0.42984056851128116
0.1518690453376621
0.5094972744991537
0.7193317862984259
0.6074608778581023
0.037966135365422815
0.877372914168518
0.4298358187661506
0.15186471841298044
0.509491504955804
0.7193432122294325
0.6074590201023966
0.037966196483466774
0.8773729356471449
0.42983586253831163
0.15186454658396542
0.5094916234666016
0.719343271368416
0.6074588419869542
0.037966106494423
0.8773727726074867
0.4298361652181484
0.1518649214413017
0.5094918020477053
0.7193436010566074
0.6074582617729902
0.037966265284921974
0.8773729563108645
0.42983588780043647
0.1518645664327778
0.5094915647059679
0.21934323845198378
0.6074589737108909
0.037966139789205045
0.8773728940286674
0.42983580520376563
0.15186473794165067
0.009491546166827902
0.4693432215426583
0.23245895118452609
0.6004661844053771
0.5336228867818136
0.6329608054365963
0.034677238028962165
0.884491546312347
0.4068432208732702
0.13870895165018737
0.5379661846382078
0.6273728860833216
0.5548358050873503
0.1518647373886779
0.5094915475056041
0.7193432223284617
0.1074589523486793
0.7879661859187763
0.7523728838132229
0.8673358056985307
0.8081147380871698
0.2751165464287624
0.07090572096058168
0.25199020141735673
0.11804430952179246
0.3070603866071906
0.02358580523286946
0.4487397378543392
0.18917904610862024
0.09043697162996978
0.7617558263300452
0.849489621934481
0.2821580427698791
0.014064321032492444
0.47474071438773535
0.22122250313987024
0.10169795795809478
0.7847050450800452
0.759401731309481
0.3442918318323791
0.045070180407492444
0.38135692532523535
0.17404232735862024
0.016218221629969776
0.9433964513300452
0.955934934434481
0.4379197615198791
0.21792174290749244
0.07715770657523535
0.25729428048362024
0.11253169819246978
0.7979496739862952
0.769808225450106
0.3134843367151916
0.027804860583273694
0.45041820462211035
0.19149838204612024
0.07987788959871978
0.7546452306269202
0.8597282693954185
0.30375685868784785
0.01894331883522682
0.4386021798418369
0.2148986887477804
0.07607320591341704
0.7547704003809486
0.8597722576232627
0.30384650407359004
0.018591413012472913
0.4388448899553623
0.215019805385964
0.07570842548739165
0.754586102819303
0.859438352403231
0.3044663923792541
0.019359120837179944
0.4392106240557041
0.21569500680197962
0.07452014728914946
0.7549113057611976
0.8598145769210532
0.3038982409052551
0.01863206338020973
0.4387245481775608
0.21495236273040064
0.07597819610964507
0.7546542905329261
0.8596870229812339
0.3037290829233825
0.018983313551871106
0.4386865502165165
0.21491774733294733
0.07593203976284713
0.7547456979809795
0.8596721609355882
0.3037295718677342
0.018983485380886123
0.43868690039380454
0.2149163727008272
0.07593298784922808
0.7547461710928474
0.859670736012049
0.303728851955384
0.018982181063620374
0.43868932183249854
0.21491937155951746
0.07593441649805754
0.7547488085983787
0.8596660943003371
0.3037301222793758
0.018983650690643117
0.4386871024908032
0.21491653149132617
0.07593251776415855
0.7547459076449741
0.8596717898035422
0.30372911831364036
0.018983152433065698
0.43868644171743654
0.21491790356230922
0.07593236933462322
0.7547457724285778
0.8596716095053125
0.8037294753594324
0.26898309437092394
0.06368644363828935
0.2774179042316973
0.07593237070250325
0.25474576707347296
0.10967161323060282
0.30372947722207755
0.01898308881209232
0.4386864408152178
0.214917899138527
0.07593238016124815
0.7547457787732128
0.8596716187894344
0.30372948752483353
0.018983070680405945
0.938686445762869
0.4649179048719816
0.20093237148830667
0.5672457676846534
0.015921611397061497
0.9443544761743397
0.4564830929157324
0.1886864418629557
0.589917902922025
0.5134323688980658
0.7234957730397582
0.09404661081498489
0.7959169756504707
0.2572643422172405
0.11251456825993955
0.7979257151891943
0.7697800251480658
0.8135836636647582
0.2776403608149849
0.0752138506504707
0.7543346547172405
0.36056144325993955
0.05085540268919431
0.39233861889806576
0.1297457730397582
0.5471716108440887
0.6474794756795745
0.5033580922463443
0.7433739432890434
0.6172616526018828
0.05835424392716959
0.9002535855397582
0.3835973920649849
0.1584658037754707
0.5078746937797405
0.22243888466618955
0.6033456370641943
0.5319870563980658
0.6390231167897582
0.03716184518998489
0.8778261553379707
0.4300548695609905
0.15154655068181455
0.5088174388220068
0.719189510011347
0.6085856473073363
0.03816320322221145
0.8781780611607246
0.430772032646928
0.1487313040997833
0.5107591197302099
0.7201584431168158
0.6056674038991332
0.03668882272904739
0.8755068194004707
0.4357311390922405
0.15487296669743955
0.5136849925329443
0.7255600544449408
0.5961611783131957
0.03929044626420364
0.8785166155430488
0.4311859273002483
0.14905650704167783
0.5097963855077978
0.7196189018723089
0.6078255688771605
0.03723432443803176
0.8774961840244941
0.4298326634452678
0.15186650841496885
0.5094924018194433
0.7193419786926825
0.607456318102777
0.03796558402245864
0.8773772876593284
0.4298365750000812
0.15186788304708898
0.5094952032377478
0.7193309816357214
0.6074639027938247
0.03796936891740188
0.8773658882710151
0.4298308157012798
0.151857448508963
0.5095145747472998
0.7193549725052435
0.6074753319844604
0.03799046896165237
0.8773287545773201
0.429840978293214
0.15186920552514493
0.5094968200137373
0.7193322519597132
0.6074601421132684
0.037967261334415525
0.8773743186029606
0.4298329465673305
0.15186521946452558
0.5094915338268038
0.7193432285275776
0.6074589546769857
0.03796617960324511
0.8773728762171231
0.4298358030500822
0.15186475502559915
0.5094915491063148
0.21934323391178623
0.607458965620026
0.037966136645991355
0.8773729058448225
0.42983581783482805
0.15186471049673855
0.5094915266090538
0.7193431931373198
0.6074590412899852
0.037966230360325426
0.8773729504900984
0.4298359002568759
0.15186456544324756
0.5094915663066786
0.7193432390631642
0.6074589719355572
0.5379661415936425
0.12737289117649198
0.554835809598444
0.6518647434131708
0.5094915349327493
0.7193432234926149
0.10745895130094141
0.7879661844635848
0.7523728865198791
0.3673358053783886
0.05811473779613152
0.9001165460795164
0.38340572168817744
0.15824020135914907
0.5086693094926886
0.22112288657808676
0.6017108052037656
0.03467723791254684
0.8844915461377241
0.40684322151355445
0.13870895127183758
0.037966184347169474
0.37737288686912507
0.17983580558211543
0.026864738087169826
0.9469915464578662
0.9380932209314778
0.46683395141735673
0.20202868452179246
0.0687791366071906
0.26772643023286946
0.06299755035433918
0.7795110773586202
0.8267650966299698
0.2558964513009414
0.1121849344635848
0.2972947615198791
0.022609242907492444
0.44043895657523535
0.21237240548362024
0.07053951069246978
0.7535160802362952
0.868685178575106
0.3053056257776916
0.025424489489523694
0.44617626126273535
0.18985043282737024
0.08607295795809478
0.7612675450800452
0.845339231309481
0.2935105818323791
0.004054555407492444
0.48584911282523535
0.23898373360862024
0.10947994037996978
0.8044804357050452
0.769289426621981
0.3143235701136291
0.028132924548117444
0.44948741848929785
0.1924520563625265
0.0783710841787979
0.7569512151239906
0.8626045511336997
0.2978745955042541
0.019969472399679944
0.4386613076494541
0.21493206734885462
0.07593921467196196
0.7547358296869788
0.8596505449386314
0.30372467217966914
0.01901830147835426
0.4386926000879612
0.21494306440581568
0.07596162601839751
0.7546478532312904
0.8597112224670127
0.30375495133921504
0.018927106371847913
0.4386465256975498
0.21485958810080774
0.07611659809481353
0.7548397801874671
0.8598026559920982
0.30392375169321895
0.018630036822287366
0.43872782643302344
0.2149536442302633
0.07597456022631377
0.7546580158232246
0.8596811370225623
0.3037380906753242
0.018994549027411267
0.43866357262595557
0.21492175574530847
0.07593227073084563
0.7547458283661399
0.8596716375323012
0.3037294368259609
0.01898300994071178
0.4386864244879689
0.21491804023389705
0.07593239296693355
0.7547458713233937
0.8596717250766233
0.30372909316793084
0.01898324696230702
0.4386865427659359
0.21491768400301225
0.075932212988846
0.7547455452440772
0.8596723304362968
0.3037298428826034
0.018983604124514386
0.4386872021423187
0.21491652357508428
0.07593253056984395
0.7547459126508329
0.8596717756008729
0.3037291328655556
0.018983129441039637
0.43868647690396756
0.21491794745088555
0.07593227957841009
0.7547457880864386
0.8596716104075313
0.30372947588330135
0.018983092333655804
0.9386864430853166
0.46491790236905217
0.2009323688398581
0.06724577359273098
0.2659216109022964
0.06935447605792433
0.7689830926537979
0.8136864417465404
0.27741790330037475
0.07593236930551939
0.2547457721957471
0.10967161020380445
0.3037294747773558
0.018983095040312037
0.43868644468602724
0.2149179046973586
0.5759323718666565
0.5047457676555496
0.7346716114261653
0.6162294762034435
0.5502330928575248
0.14181144192116335
0.5039804028347135
0.2360886190435849
0.6141207732143812
0.04717161046573892
0.8974794757086784
0.3783580922172405
0.18087394325993955
0.5235116526891943
0.6989792438980658
0.5643160855397582
0.028128642064984888
0.9494814287754707
0.4424450062797405
0.20339591591618955
0.5694100901891943
0.5188034626480658
0.6885836636647582
0.09014036081498489
0.7627138506504707
0.3480846547172405
0.03243644325993955
0.8867929026891943
0.9118698688980658
0.8758395230397582
0.4358434858149849
0.1543154131504707
0.5145885609672405
0.22506339638493955
0.5958993480016943
0.5396164509293158
0.6269686734303832
0.05560972116654739
0.9008364092442207
0.3829967640922405
0.15975577919743955
0.5092904612829443
0.7194565388199408
0.6075137173756957
0.03788663767045364
0.8772043596836738
0.4297973774955608
0.15214641182683408
0.509540800791001
0.7195445152756292
0.6076930081471801
0.037182826024945825
0.8776897799107246
0.430039610771928
0.1514168509747833
0.5091722056677099
0.7188767048355658
0.6089327847585082
0.03871824167435989
0.8784212481114082
0.43139001360395923
0.14904029457829893
0.509822611551499
0.7196291538712103
0.6077964818105102
0.03726412676041946
0.8774490963551216
0.4299047254608013
0.15195639221929014
0.509308581094956
0.7193740459915716
0.607458165846765
0.03796662710374221
0.877373100433033
0.42983549466589466
0.15186407952569425
0.5094913959910627
0.7193443219002802
0.6074591437354684
0.037966970761772245
0.8773738007876091
0.4298327454016544
0.15186597569845617
0.5094923422147986
0.7193414720532019
0.607457703910768
0.03796436212724075
0.8773786436649971
0.4298387431190349
0.1518688329961151
0.5094976172258612
0.7193321886297781
0.6074602445587516
0.037967301381286234
0.8773742049816065
0.42983306298265234
0.1518650355283171
0.509491815319052
0.7193435796361882
0.6074582366272807
0.037966304866131395
0.8773728834348731
0.42983580712461844
0.15186473866924644
0.5094915448862594
0.7193432190397289
0.6074589507479686
0.5379661887418479
0.1273728872765787
0.5548358084633946
0.1518647414050065
0.5094915341469459
0.21934322646120563
0.6074589544441551
0.03796617762418464
0.8773728816304356
0.429835798277054
0.1518647603224963
0.5094915575755294
0.7193432376079727
0.6074589750496671
0.03796614136081189
0.8773728915548418
0.9298358097439632
0.40186474297661334
0.13449153539841063
0.031843222794122994
0.8887089523777831
0.9129661858314648
0.3773728837259114
0.17983580587315373
0.026864737825235352
0.44699154610862024
0.18809322162996978
0.5918339513300452
0.514528684434481
0.2250291365198791
0.5958514304074924
0.5395600503252354
0.6271673273586202
0.5552807216299698
0.1504277013009414
0.5086693094635848
0.7211228865198791
0.10171080537838861
0.7846772377961315
0.2594915460795164
0.09434322171728127
0.2949589513882529
0.0067161845217924565
0.4867478866071906
0.23452330523286946
0.11670848785433918
0.8005071711086202
0.7671947841299698
0.3169316075509414
0.015749387588584796
0.4448777693323791
0.20669127415749244
0.06397411282523535
0.27804623360862024
0.07432369037996978
0.7556523107050452
0.860109739121981
0.3030931013636291
0.017634877673117444
0.43837902005179785
0.2171712946437765
0.0763264064444229
0.756356122350553
0.861544065293856
0.2974626081995666
0.021518239489523694
0.44031688626273535
0.21133480782737024
0.07337764545809478
0.7510136388300452
0.871462278184481
0.3097459333948791
0.027369985094992444
0.45112010891898535
0.19232235665549524
0.07858089252840728
0.7570332311152015
0.8623718546004966
0.29811301408335567
0.019592771044699475
0.4392378037737217
0.21565113778342493
0.07446864887606353
0.7549923680780921
0.8596653268905357
0.3037330168299377
0.01898480366799049
0.43868395741446875
0.21491263623465784
0.07593116804491729
0.7547545753477607
0.8596731500001624
0.30373576609417796
0.018990406504599378
0.43866196330054663
0.21492780561675318
0.07593873783480376
0.7547317765711341
0.8596616314025596
0.303714897017926
0.01902914952370338
0.4387099450395908
0.21495066399802454
0.07598093792330474
0.754657509183744
0.859681956586428
0.30373841105028987
0.018993640056578442
0.4386645039485302
0.21492028425564058
0.07593452266883105
0.7547486372350249
0.859665893134661
0.30373043892905116
0.018983067682711408
0.438686457084259
0.2149179093830753
0.07593235920649022
0.7547457524633501
0.8596716061001644
0.3037295100511983
0.018983098241733387
0.43868646782357246
0.21491793126915582
0.07593227329198271
0.7547458117187489
0.8596716356696561
0.3037294209934771
0.0189830532472115
0.43868638630374335
0.2149180826090742
0.07593246072065085
0.7547459010093007
0.8596718005137518
0.3037291308864951
0.018983132642460987
0.43868647815543227
0.21491794390021823
0.0759322832163889
0.25474578235298395
0.10967161922599189
0.30372948685544543
0.018983069894602522
0.4386864470143337
0.21491790260188282
0.5759323689562734
0.504745773068862
0.7346716107567772
0.11622947559226304
0.8002330921881367
0.7668114433763549
0.31648040271829814
0.017338619014481083
0.4422457731561735
0.2034216104366351
0.06935447582509369
0.768983092304552
0.8136864430271089
0.27741790254367515
0.07593236869433895
0.7547457737382501
0.35967161116423085
0.05372947617433965
0.8939830929448362
0.8761864418920595
0.9336679028347135
0.4040573690435849
0.1375582732143812
0.5354528604657389
0.12599510070867836
0.5590221547463443
0.6535301932890434
0.5117929026018828
0.2243698689271696
0.5945895230397582
0.04521848581498489
0.8808779131504707
0.4247448109672405
0.14107902138493955
0.5070321605016943
0.7373703571793158
0.6106112515553832
0.05084897897904739
0.8923525225254707
0.3797008656547405
0.17214591591618955
0.5225350901891943
0.6906784626480658
0.5870211636647582
0.008109110814984888
0.9716982256504707
0.4779674672172405
0.21895988075993955
0.6089608714391943
0.5385788532730658
0.6286471402272582
0.05626584909623489
0.8989748369785957
0.384904112725053
0.1567421683575958
0.5139024302770849
0.7252091022965033
0.5957491910085082
0.03993894479935989
0.8773226152989082
0.42986413469770923
0.15187842934392393
0.5094716594030615
0.7193010899063665
0.6074493443593383
0.03803660295670852
0.8773852001759224
0.42988612881163135
0.15192325203679502
0.5092957064916845
0.7194224449631292
0.6075099026784301
0.037854212743695825
0.8772930513950996
0.4297191762016155
0.15223319618962705
0.5096795604040381
0.7196053120133001
0.6078475033864379
0.03726007364457473
0.8774556528660469
0.4299072884605266
0.15194912045262754
0.509316031675553
0.7193622740742285
0.6074761813506484
0.037989098054822534
0.8773271452519111
0.42984351149061695
0.15186454146169126
0.5094916567613836
0.7193432750937063
0.6074588736519217
0.03796601988142356
0.8773728489759378
0.4298360804677941
0.1518647859338671
0.5094917426758911
0.7193434501823504
0.6074581863358617
0.03796649392461404
0.8773730855318718
0.4298353680060245
0.151864425977692
0.5094910905172583
0.7193446609016974
0.6074596857652068
0.03796720824902877
0.8773744042846374
0.42983304715016857
0.1518650611396879
0.5094918253307696
0.7193435512308497
0.6074582657311112
0.03796625888207927
0.8773729538079351
0.4298358949017711
0.15186455915682018
0.5094915762019809
0.7193432208441664
0.6074589517666027
0.03796618466731161
0.877372886199737
0.9298358047381043
0.4018647376797162
0.13449154718546197
0.5318432218045928
0.13870895211584866
0.5379661853366997
0.6273728835221846
0.5548358066007495
0.15186473861103877
0.5094915443914942
0.2193432204076089
0.6074589495547116
0.037966190080624074
0.8773728893720545
0.4298358093947172
0.15186474376241677
0.009491535340202972
0.4693432228814345
0.2324589524359908
0.10046618574415334
0.2836228838423267
0.007960805698530748
0.4721772380871698
0.2282415464578662
0.09434322093147784
0.7949589514464606
0.756716184434481
0.3617478865198791
0.047023305407492444
0.39795848782523535
0.12863217110862024
0.056257284129969776
0.8989628575800452
0.884890012559481
0.4067918318323791
0.13882018040749244
0.03760692532523535
0.37716732735862024
0.18028072162996978
0.5254277013300452
0.696169309434481
0.0648728865198791
0.7735858054074924
0.8237397378252354
0.7516790461086202
0.8716869716299698
0.3086308263009414
0.029177121963584796
0.4501267927698791
0.19179869603249244
0.07923290188773535
0.25393734688987024
0.11121944233309478
0.8016728185175452
0.765993528184481
0.3195115583948791
0.018580922594992444
0.43891307766898535
0.21502743478049524
0.07577327534090728
0.7544087193964515
0.8595947549911216
0.30429282365366817
0.019081601611105725
0.4390890305803623
0.215386016323464
0.07436565204989165
0.755379559850553
0.860079221543856
0.3028337019495666
0.018344411364523694
0.43775340970023535
0.21786556954612024
0.07743648334871978
0.7568424962519202
0.8627800272079185
0.29808058915659785
0.01964522313210182
0.4392583077715244
0.21559296365012415
0.07452825352083892
0.754898192739347
0.8598094509216025
0.3039127844385803
0.01861716221901588
0.43874809201224707
0.2149163317226339
0.07593325420748442
0.7547462008951697
0.8596709893317893
0.3037281590513885
0.01898279201122932
0.4386886438296642
0.2149182875000406
0.07593394152354449
0.754747601604322
0.8596654908033088
0.30373195139691234
0.01898468445870094
0.43868294413550757
0.2149154078506399
0.0759287242544815
0.754757287359098
0.8596774862380698
0.3037376659922302
0.018995234480826184
0.43866437728866003
0.214920489146607
0.07593460276257247
0.7547484099923167
0.8596661259653047
0.3037300710566342
0.018983630667207763
0.4386871593014803
0.21491647328366525
0.07593260973226279
0.75474576689885
0.8596716142492369
0.30372947733849287
0.018983089801622555
0.43868643810856156
0.2149179015250411
0.07593237751279958
0.2547457745531574
0.10967161695589311
0.303729482810013
0.018983068322995678
0.43868645292241126
0.21491790891741402
0.07593235524836928
0.754745763289975
0.859671596554108
0.3037295206449926
0.018983115180162713
0.4386864752450492
0.21491795012843795
0.07593228272162378
0.7547457831387874
0.8596716195170302
0.8037294859532267
0.26898307079682127
0.06368644558824599
0.7774179047846701
0.8259323716920335
0.7547457674518228
0.35967161174630746
0.053729475650470704
0.8939830922172405
0.37618644325993955
0.1836679026891943
0.02905736889806576
0.4500582730397582
0.19170286084408872
0.07912010067957453
0.2543346547463443
0.11056144328904338
0.3008554026018828
0.01733861895627342
0.44224577306886204
0.20342161075677723
0.5693544756213669
0.5189830921590328
0.18868644343456253
0.5899179027765058
0.013432369043584913
0.9734957732143812
0.4690466104657389
0.23341697570867836
0.6010143422463443
0.5343895682890434
0.6338632151018828
0.03149877517716959
0.8897555386647582
0.4133825483149849
0.1279482256504707
0.5560924672172405
0.14864738075993955
0.5113046214391943
0.7202194782730658
0.6061862027272582
0.03526975534623489
0.8767580401035957
0.434342589287553
0.1526528128888458
0.5127122447302099
0.7230881306168158
0.5949252163991332
0.04303647897904739
0.8806337725254707
0.4226696156547405
0.14675529091618955
0.5020272776891943
0.7429245563980658
0.6194918667897582
0.05473997018998489
0.9022402178379707
0.3846447133109905
0.15716178505681455
0.5140664622595068
0.724743709230097
0.5962260281667113
0.03918554208939895
0.8784756075474434
0.43130227556684986
0.14893729775212705
0.5099847361852881
0.7193306538101751
0.6074660336598754
0.03796960733598098
0.8773679148289375
0.4298252724693157
0.15186233608983457
0.5095091507246252
0.7193463000294287
0.6074715321883559
0.037980813009198755
0.8773239266010933
0.42985561123350635
0.15187747566960752
0.509463553171372
0.719323262834223
0.607429794035852
0.03805829904740676
0.8774198900791816
0.4299013279960491
0.15196187584660947
0.5093150183965918
0.7193639132019598
0.6074768221005797
0.037987280113156885
0.8773290078970604
0.42984056851128116
0.1518690453376621
0.5094972744991537
0.7193317862984259
0.6074608778581023
0.037966135365422815
0.877372914168518
0.4298358187661506
0.15186471841298044
0.509491504955804
0.7193432122294325
0.6074590201023966
0.037966196483466774
0.8773729356471449
0.42983586253831163
0.15186454658396542
0.5094916234666016
0.719343271368416
0.6074588419869542
0.037966106494423
0.8773727726074867
0.4298361652181484
0.1518649214413017
0.5094918020477053
0.7193436010566074
0.6074582617729902
0.037966265284921974
0.8773729563108645
0.42983588780043647
0.1518645664327778
0.5094915647059679
0.21934323845198378
0.6074589737108909
0.037966139789205045
0.8773728940286674
0.42983580520376563
0.15186473794165067
0.009491546166827902
0.4693432215426583
0.23245895118452609
0.6004661844053771
0.5336228867818136
0.6329608054365963
0.034677238028962165
0.884491546312347
0.4068432208732702
0.13870895165018737
0.5379661846382078
0.6273728860833216
0.5548358050873503
0.1518647373886779
0.5094915475056041
0.7193432223284617
0.1074589523486793
0.7879661859187763
0.7523728838132229
0.8673358056985307
0.8081147380871698
0.2751165464287624
0.07090572096058168
0.25199020141735673
0.11804430952179246
0.3070603866071906
0.02358580523286946
0.4487397378543392
0.18917904610862024
0.09043697162996978
0.7617558263300452
0.849489621934481
0.2821580427698791
0.014064321032492444
0.47474071438773535
0.22122250313987024
0.10169795795809478
0.7847050450800452
0.759401731309481
0.3442918318323791
0.045070180407492444
0.38135692532523535
0.17404232735862024
0.016218221629969776
0.9433964513300452
0.955934934434481
0.4379197615198791
0.21792174290749244
0.07715770657523535
0.25729428048362024
0.11253169819246978
0.7979496739862952
0.769808225450106
0.3134843367151916
0.027804860583273694
0.45041820462211035
0.19149838204612024
0.07987788959871978
0.7546452306269202
0.8597282693954185
0.30375685868784785
0.01894331883522682
0.4386021798418369
0.2148986887477804
0.07607320591341704
0.7547704003809486
0.8597722576232627
0.30384650407359004
0.018591413012472913
0.4388448899553623
0.215019805385964
0.07570842548739165
0.754586102819303
0.859438352403231
0.3044663923792541
0.019359120837179944
0.4392106240557041
0.21569500680197962
0.07452014728914946
0.7549113057611976
0.8598145769210532
0.3038982409052551
0.01863206338020973
0.4387245481775608
0.21495236273040064
0.07597819610964507
0.7546542905329261
0.8596870229812339
0.3037290829233825
0.018983313551871106
0.4386865502165165
0.21491774733294733
0.07593203976284713
0.7547456979809795
0.8596721609355882
0.3037295718677342
0.018983485380886123
0.43868690039380454
0.2149163727008272
0.07593298784922808
0.7547461710928474
0.859670736012049
0.303728851955384
0.018982181063620374
0.43868932183249854
0.21491937155951746
0.07593441649805754
0.7547488085983787
0.8596660943003371
0.3037301222793758
0.018983650690643117
0.4386871024908032
0.21491653149132617
0.07593251776415855
0.7547459076449741
0.8596717898035422
0.30372911831364036
0.018983152433065698
0.43868644171743654
0.21491790356230922
0.07593236933462322
0.7547457724285778
0.8596716095053125
0.8037294753594324
0.26898309437092394
0.06368644363828935
0.2774179042316973
0.07593237070250325
0.25474576707347296
0.10967161323060282
0.30372947722207755
0.01898308881209232
0.4386864408152178
0.214917899138527
0.07593238016124815
0.7547457787732128
0.8596716187894344
0.30372948752483353
0.018983070680405945
0.938686445762869
0.4649179048719816
0.20093237148830667
0.5672457676846534
0.015921611397061497
0.9443544761743397
0.4564830929157324
0.1886864418629557
0.589917902922025
0.5134323688980658
0.7234957730397582
0.09404661081498489
0.7959169756504707
0.2572643422172405
0.11251456825993955
0.7979257151891943
0.7697800251480658
0.8135836636647582
0.2776403608149849
0.0752138506504707
0.7543346547172405
0.36056144325993955
0.05085540268919431
0.39233861889806576
0.1297457730397582
0.5471716108440887
0.6474794756795745
0.5033580922463443
0.7433739432890434
0.6172616526018828
0.05835424392716959
0.9002535855397582
0.3835973920649849
0.1584658037754707
0.5078746937797405
0.22243888466618955
0.6033456370641943
0.5319870563980658
0.6390231167897582
0.03716184518998489
0.8778261553379707
0.4300548695609905
0.15154655068181455
0.5088174388220068
0.719189510011347
0.6085856473073363
0.03816320322221145
0.8781780611607246
0.430772032646928
0.1487313040997833
0.5107591197302099
0.7201584431168158
0.6056674038991332
0.03668882272904739
0.8755068194004707
0.4357311390922405
0.15487296669743955
0.5136849925329443
0.7255600544449408
0.5961611783131957
0.03929044626420364
0.8785166155430488
0.4311859273002483
0.14905650704167783
0.5097963855077978
0.7196189018723089
0.6078255688771605
0.03723432443803176
0.8774961840244941
0.4298326634452678
0.15186650841496885
0.5094924018194433
0.7193419786926825
0.607456318102777
0.03796558402245864
0.8773772876593284
0.4298365750000812
0.15186788304708898
0.5094952032377478
0.7193309816357214
0.6074639027938247
0.03796936891740188
0.8773658882710151
0.4298308157012798
0.151857448508963
0.5095145747472998
0.7193549725052435
0.6074753319844604
0.03799046896165237
0.8773287545773201
0.429840978293214
0.15186920552514493
0.5094968200137373
0.7193322519597132
0.6074601421132684
0.037967261334415525
0.8773743186029606
0.4298329465673305
0.15186521946452558
0.5094915338268038
0.7193432285275776
0.6074589546769857
0.03796617960324511
0.8773728762171231
0.4298358030500822
0.15186475502559915
0.5094915491063148
0.21934323391178623
0.607458965620026
0.037966136645991355
0.8773729058448225
0.42983581783482805
0.15186471049673855
0.5094915266090538
0.7193431931373198
0.6074590412899852
0.037966230360325426
0.8773729504900984
0.4298359002568759
0.15186456544324756
0.5094915663066786
0.7193432390631642
0.6074589719355572
0.5379661415936425
0.12737289117649198
0.554835809598444
0.6518647434131708
0.5094915349327493
0.7193432234926149
0.10745895130094141
0.7879661844635848
0.7523728865198791
0.3673358053783886
0.05811473779613152
0.9001165460795164
0.38340572168817744
0.15824020135914907
0.5086693094926886
0.22112288657808676
0.6017108052037656
0.03467723791254684
0.8844915461377241
0.40684322151355445
0.13870895127183758
0.037966184347169474
0.37737288686912507
0.17983580558211543
0.026864738087169826
0.9469915464578662
0.9380932209314778
0.46683395141735673
0.20202868452179246
0.0687791366071906
0.26772643023286946
0.06299755035433918
0.7795110773586202
0.8267650966299698
0.2558964513009414
0.1121849344635848
0.2972947615198791
0.022609242907492444
0.44043895657523535
0.21237240548362024
0.07053951069246978
0.7535160802362952
0.868685178575106
0.3053056257776916
0.025424489489523694
0.44617626126273535
0.18985043282737024
0.08607295795809478
0.7612675450800452
0.845339231309481
0.2935105818323791
0.004054555407492444
0.48584911282523535
0.23898373360862024
0.10947994037996978
0.8044804357050452
0.769289426621981
0.3143235701136291
0.028132924548117444
0.44948741848929785
0.1924520563625265
0.0783710841787979
0.7569512151239906
0.8626045511336997
0.2978745955042541
0.019969472399679944
0.4386613076494541
0.21493206734885462
0.07593921467196196
0.7547358296869788
0.8596505449386314
0.30372467217966914
0.01901830147835426
0.4386926000879612
0.21494306440581568
0.07596162601839751
0.7546478532312904
0.8597112224670127
0.30375495133921504
0.018927106371847913
0.4386465256975498
0.21485958810080774
0.07611659809481353
0.7548397801874671
0.8598026559920982
0.30392375169321895
0.018630036822287366
0.43872782643302344
0.2149536442302633
0.07597456022631377
0.7546580158232246
0.8596811370225623
0.3037380906753242
0.018994549027411267
0.43866357262595557
0.21492175574530847
0.07593227073084563
0.7547458283661399
0.8596716375323012
0.3037294368259609
0.01898300994071178
0.4386864244879689
0.21491804023389705
0.07593239296693355
0.7547458713233937
0.8596717250766233
0.30372909316793084
0.01898324696230702
0.4386865427659359
0.21491768400301225
0.075932212988846
0.7547455452440772
0.8596723304362968
0.3037298428826034
0.018983604124514386
0.4386872021423187
0.21491652357508428
0.07593253056984395
0.7547459126508329
0.8596717756008729
0.3037291328655556
0.018983129441039637
0.43868647690396756
0.21491794745088555
0.07593227957841009
0.7547457880864386
0.8596716104075313
0.30372947588330135
0.018983092333655804
0.9386864430853166
0.46491790236905217
0.2009323688398581
0.06724577359273098
0.2659216109022964
0.06935447605792433
0.7689830926537979
0.8136864417465404
0.27741790330037475
0.07593236930551939
0.2547457721957471
0.10967161020380445
0.3037294747773558
0.018983095040312037
0.43868644468602724
0.2149179046973586
0.5759323718666565
0.5047457676555496
0.7346716114261653
0.6162294762034435
0.5502330928575248
0.14181144192116335
0.5039804028347135
0.2360886190435849
0.6141207732143812
0.04717161046573892
0.8974794757086784
0.3783580922172405
0.18087394325993955
0.5235116526891943
0.6989792438980658
0.5643160855397582
0.028128642064984888
0.9494814287754707
0.4424450062797405
0.20339591591618955
0.5694100901891943
0.5188034626480658
0.6885836636647582
0.09014036081498489
0.7627138506504707
0.3480846547172405
0.03243644325993955
0.8867929026891943
0.9118698688980658
0.8758395230397582
0.4358434858149849
0.1543154131504707
0.5145885609672405
0.22506339638493955
0.5958993480016943
0.5396164509293158
0.6269686734303832
0.05560972116654739
0.9008364092442207
0.3829967640922405
0.15975577919743955
0.5092904612829443
0.7194565388199408
0.6075137173756957
0.03788663767045364
0.8772043596836738
0.4297973774955608
0.15214641182683408
0.509540800791001
0.7195445152756292
0.6076930081471801
0.037182826024945825
0.8776897799107246
0.430039610771928
0.1514168509747833
0.5091722056677099
0.7188767048355658
0.6089327847585082
0.03871824167435989
0.8784212481114082
0.43139001360395923
0.14904029457829893
0.509822611551499
0.7196291538712103
0.6077964818105102
0.03726412676041946
0.8774490963551216
0.4299047254608013
0.15195639221929014
0.509308581094956
0.7193740459915716
0.607458165846765
0.03796662710374221
0.877373100433033
0.42983549466589466
0.15186407952569425
0.5094913959910627
0.7193443219002802
0.6074591437354684
0.037966970761772245
0.8773738007876091
0.4298327454016544
0.15186597569845617
0.5094923422147986
0.7193414720532019
0.607457703910768
0.03796436212724075
0.8773786436649971
0.4298387431190349
0.1518688329961151
0.5094976172258612
0.7193321886297781
0.6074602445587516
0.037967301381286234
0.8773742049816065
0.42983306298265234
0.1518650355283171
0.509491815319052
0.7193435796361882
0.6074582366272807
0.037966304866131395
0.8773728834348731
0.42983580712461844
0.15186473866924644
0.5094915448862594
0.7193432190397289
0.6074589507479686
0.5379661887418479
0.1273728872765787
0.5548358084633946
0.1518647414050065
0.5094915341469459
0.21934322646120563
0.6074589544441551
0.03796617762418464
0.8773728816304356
0.429835798277054
0.1518647603224963
0.5094915575755294
0.7193432376079727
0.6074589750496671
0.03796614136081189
0.8773728915548418
0.9298358097439632
0.40186474297661334
0.13449153539841063
0.031843222794122994
0.8887089523777831
0.9129661858314648
0.3773728837259114
0.17983580587315373
0.026864737825235352
0.44699154610862024
0.18809322162996978
0.5918339513300452
0.514528684434481
0.2250291365198791
0.5958514304074924
0.5395600503252354
0.6271673273586202
0.5552807216299698
0.1504277013009414
0.5086693094635848
0.7211228865198791
0.10171080537838861
0.7846772377961315
0.2594915460795164
0.09434322171728127
0.2949589513882529
0.0067161845217924565
0.4867478866071906
0.23452330523286946
0.11670848785433918
0.8005071711086202
0.7671947841299698
0.3169316075509414
0.015749387588584796
0.4448777693323791
0.20669127415749244
0.06397411282523535
0.27804623360862024
0.07432369037996978
0.7556523107050452
0.860109739121981
0.3030931013636291
0.017634877673117444
0.43837902005179785
0.2171712946437765
0.0763264064444229
0.756356122350553
0.861544065293856
0.2974626081995666
0.021518239489523694
0.44031688626273535
0.21133480782737024
0.07337764545809478
0.7510136388300452
0.871462278184481
0.3097459333948791
0.027369985094992444
0.45112010891898535
0.19232235665549524
0.07858089252840728
0.7570332311152015
0.8623718546004966
0.29811301408335567
0.019592771044699475
0.4392378037737217
0.21565113778342493
0.07446864887606353
0.7549923680780921
0.8596653268905357
0.3037330168299377
0.01898480366799049
0.43868395741446875
0.21491263623465784
0.07593116804491729
0.7547545753477607
0.8596731500001624
0.30373576609417796
0.018990406504599378
0.43866196330054663
0.21492780561675318
0.07593873783480376
0.7547317765711341
0.8596616314025596
0.303714897017926
0.01902914952370338
0.4387099450395908
0.21495066399802454
0.07598093792330474
0.754657509183744
0.859681956586428
0.30373841105028987
0.018993640056578442
0.4386645039485302
0.21492028425564058
0.07593452266883105
0.7547486372350249
0.859665893134661
0.30373043892905116
0.018983067682711408
0.438686457084259
0.2149179093830753
0.07593235920649022
0.7547457524633501
0.8596716061001644
0.3037295100511983
0.018983098241733387
0.43868646782357246
0.21491793126915582
0.07593227329198271
0.7547458117187489
0.8596716356696561
0.3037294209934771
0.0189830532472115
0.43868638630374335
0.2149180826090742
0.07593246072065085
0.7547459010093007
0.8596718005137518
0.3037291308864951
0.018983132642460987
0.43868647815543227
0.21491794390021823
0.0759322832163889
0.25474578235298395
0.10967161922599189
0.30372948685544543
0.018983069894602522
0.4386864470143337
0.21491790260188282
0.5759323689562734
0.504745773068862
0.7346716107567772
0.11622947559226304
0.8002330921881367
0.7668114433763549
0.31648040271829814
0.017338619014481083
0.4422457731561735
0.2034216104366351
0.06935447582509369
0.768983092304552
0.8136864430271089
0.27741790254367515
0.07593236869433895
0.7547457737382501
0.35967161116423085
0.05372947617433965
0.8939830929448362
0.8761864418920595
0.9336679028347135
0.4040573690435849
0.1375582732143812
0.5354528604657389
0.12599510070867836
0.5590221547463443
0.6535301932890434
0.5117929026018828
0.2243698689271696
0.5945895230397582
0.04521848581498489
0.8808779131504707
0.4247448109672405
0.14107902138493955
0.5070321605016943
0.7373703571793158
0.6106112515553832
0.05084897897904739
0.8923525225254707
0.3797008656547405
0.17214591591618955
0.5225350901891943
0.6906784626480658
0.5870211636647582
0.008109110814984888
0.9716982256504707
0.4779674672172405
0.21895988075993955
0.6089608714391943
0.5385788532730658
0.6286471402272582
0.05626584909623489
0.8989748369785957
0.384904112725053
0.1567421683575958
0.5139024302770849
0.7252091022965033
0.5957491910085082
0.03993894479935989
0.8773226152989082
0.42986413469770923
0.15187842934392393
0.5094716594030615
0.7193010899063665
0.6074493443593383
0.03803660295670852
0.8773852001759224
0.42988612881163135
0.15192325203679502
0.5092957064916845
0.7194224449631292
0.6075099026784301
0.037854212743695825
0.8772930513950996
0.4297191762016155
0.15223319618962705
0.5096795604040381
0.7196053120133001
0.6078475033864379
0.03726007364457473
0.8774556528660469
0.4299072884605266
0.15194912045262754
0.509316031675553
0.7193622740742285
0.6074761813506484
0.037989098054822534
0.8773271452519111
0.42984351149061695
0.15186454146169126
0.5094916567613836
0.7193432750937063
0.6074588736519217
0.03796601988142356
0.8773728489759378
0.4298360804677941
0.1518647859338671
0.5094917426758911
0.7193434501823504
0.6074581863358617
0.03796649392461404
0.8773730855318718
0.4298353680060245
0.151864425977692
0.5094910905172583
0.7193446609016974
0.6074596857652068
0.03796720824902877
0.8773744042846374
0.42983304715016857
0.1518650611396879
0.5094918253307696
0.7193435512308497
0.6074582657311112
0.03796625888207927
0.8773729538079351
0.4298358949017711
0.15186455915682018
0.5094915762019809
0.7193432208441664
0.6074589517666027
0.03796618466731161
0.877372886199737
0.9298358047381043
0.4018647376797162
0.13449154718546197
0.5318432218045928
0.13870895211584866
0.5379661853366997
0.6273728835221846
0.5548358066007495
0.15186473861103877
0.5094915443914942
0.2193432204076089
0.6074589495547116
0.037966190080624074
0.8773728893720545
0.4298358093947172
0.15186474376241677
0.009491535340202972
0.4693432228814345
0.2324589524359908
0.10046618574415334
0.2836228838423267
0.007960805698530748
0.4721772380871698
0.2282415464578662
0.09434322093147784
0.7949589514464606
0.756716184434481
0.3617478865198791
0.047023305407492444
0.39795848782523535
0.12863217110862024
0.056257284129969776
0.8989628575800452
0.884890012559481
0.4067918318323791
0.13882018040749244
0.03760692532523535
0.37716732735862024
0.18028072162996978
0.5254277013300452
0.696169309434481
0.0648728865198791
0.7735858054074924
0.8237397378252354
0.7516790461086202
0.8716869716299698
0.3086308263009414
0.029177121963584796
0.4501267927698791
0.19179869603249244
0.07923290188773535
0.25393734688987024
0.11121944233309478
0.8016728185175452
0.765993528184481
0.3195115583948791
0.018580922594992444
0.43891307766898535
0.21502743478049524
0.07577327534090728
0.7544087193964515
0.8595947549911216
0.30429282365366817
0.019081601611105725
0.4390890305803623
0.215386016323464
0.07436565204989165
0.755379559850553
0.860079221543856
0.3028337019495666
0.018344411364523694
0.43775340970023535
0.21786556954612024
0.07743648334871978
0.7568424962519202
0.8627800272079185
0.29808058915659785
0.01964522313210182
0.4392583077715244
0.21559296365012415
0.07452825352083892
0.754898192739347
0.8598094509216025
0.3039127844385803
0.01861716221901588
0.43874809201224707
0.2149163317226339
0.07593325420748442
0.7547462008951697
0.8596709893317893
0.3037281590513885
0.01898279201122932
0.4386886438296642
0.2149182875000406
0.07593394152354449
0.754747601604322
0.8596654908033088
0.30373195139691234
0.01898468445870094
0.43868294413550757
0.2149154078506399
0.0759287242544815
0.754757287359098
0.8596774862380698
0.3037376659922302
0.018995234480826184
0.43866437728866003
0.214920489146607
0.07593460276257247
0.7547484099923167
0.8596661259653047
0.3037300710566342
0.018983630667207763
0.4386871593014803
0.21491647328366525
0.07593260973226279
0.75474576689885
0.8596716142492369
0.30372947733849287
0.018983089801622555
0.43868643810856156
0.2149179015250411
0.07593237751279958
0.2547457745531574
0.10967161695589311
0.303729482810013
0.018983068322995678
0.43868645292241126
0.21491790891741402
0.07593235524836928
0.754745763289975
0.859671596554108
0.3037295206449926
0.018983115180162713
0.4386864752450492
0.21491795012843795
0.07593228272162378
0.7547457831387874
0.8596716195170302
0.8037294859532267
0.26898307079682127
0.06368644558824599
0.7774179047846701
0.8259323716920335
0.7547457674518228
0.35967161174630746
0.053729475650470704
0.8939830922172405
0.37618644325993955
0.1836679026891943
0.02905736889806576
0.4500582730397582
0.19170286084408872
0.07912010067957453
0.2543346547463443
0.11056144328904338
0.3008554026018828
0.01733861895627342
0.44224577306886204
0.20342161075677723
0.5693544756213669
0.5189830921590328
0.18868644343456253
0.5899179027765058
0.013432369043584913
0.9734957732143812
0.4690466104657389
0.23341697570867836
0.6010143422463443
0.5343895682890434
0.6338632151018828
0.03149877517716959
0.8897555386647582
0.4133825483149849
0.1279482256504707
0.5560924672172405
0.14864738075993955
0.5113046214391943
0.7202194782730658
0.6061862027272582
0.03526975534623489
0.8767580401035957
0.434342589287553
0.1526528128888458
0.5127122447302099
0.7230881306168158
0.5949252163991332
0.04303647897904739
0.8806337725254707
0.4226696156547405
0.14675529091618955
0.5020272776891943
0.7429245563980658
0.6194918667897582
0.05473997018998489
0.9022402178379707
0.3846447133109905
0.15716178505681455
0.5140664622595068
0.724743709230097
0.5962260281667113
0.03918554208939895
0.8784756075474434
0.43130227556684986
0.14893729775212705
0.5099847361852881
0.7193306538101751
0.6074660336598754
0.03796960733598098
0.8773679148289375
0.4298252724693157
0.15186233608983457
0.5095091507246252
0.7193463000294287
0.6074715321883559
0.037980813009198755
0.8773239266010933
0.42985561123350635
0.15187747566960752
0.509463553171372
0.719323262834223
0.607429794035852
0.03805829904740676
0.8774198900791816
0.4299013279960491
0.15196187584660947
0.5093150183965918
0.7193639132019598
0.6074768221005797
0.037987280113156885
0.8773290078970604
0.42984056851128116
0.1518690453376621
0.5094972744991537
0.7193317862984259
0.6074608778581023
0.037966135365422815
0.877372914168518
0.4298358187661506
0.15186471841298044
0.509491504955804
0.7193432122294325
0.6074590201023966
0.037966196483466774
0.8773729356471449
0.42983586253831163
0.15186454658396542
0.5094916234666016
0.719343271368416
0.6074588419869542
0.037966106494423
0.8773727726074867
0.4298361652181484
0.1518649214413017
0.5094918020477053
0.7193436010566074
0.6074582617729902
0.037966265284921974
0.8773729563108645
0.42983588780043647
0.1518645664327778
0.5094915647059679
0.21934323845198378
0.6074589737108909
0.037966139789205045
0.8773728940286674
0.42983580520376563
0.15186473794165067
0.009491546166827902
0.4693432215426583
0.23245895118452609
0.6004661844053771
0.5336228867818136
0.6329608054365963
0.034677238028962165
0.884491546312347
0.4068432208732702
0.13870895165018737
0.5379661846382078
0.6273728860833216
0.5548358050873503
0.1518647373886779
0.5094915475056041
0.7193432223284617
0.1074589523486793
0.7879661859187763
0.7523728838132229
0.8673358056985307
0.8081147380871698
0.2751165464287624
0.07090572096058168
0.25199020141735673
0.11804430952179246
0.3070603866071906
0.02358580523286946
0.4487397378543392
0.18917904610862024
0.09043697162996978
0.7617558263300452
0.849489621934481
0.2821580427698791
0.014064321032492444
0.47474071438773535
0.22122250313987024
0.10169795795809478
0.7847050450800452
0.759401731309481
0.3442918318323791
0.045070180407492444
0.38135692532523535
0.17404232735862024
0.016218221629969776
0.9433964513300452
0.955934934434481
0.4379197615198791
0.21792174290749244
0.07715770657523535
0.25729428048362024
0.11253169819246978
0.7979496739862952
0.769808225450106
0.3134843367151916
0.027804860583273694
0.45041820462211035
0.19149838204612024
0.07987788959871978
0.7546452306269202
0.8597282693954185
0.30375685868784785
0.01894331883522682
0.4386021798418369
0.2148986887477804
0.07607320591341704
0.7547704003809486
0.8597722576232627
0.30384650407359004
0.018591413012472913
0.4388448899553623
0.215019805385964
0.07570842548739165
0.754586102819303
0.859438352403231
0.3044663923792541
0.019359120837179944
0.4392106240557041
0.21569500680197962
0.07452014728914946
0.7549113057611976
0.8598145769210532
0.3038982409052551
0.01863206338020973
0.4387245481775608
0.21495236273040064
0.07597819610964507
0.7546542905329261
0.8596870229812339
0.3037290829233825
0.018983313551871106
0.4386865502165165
0.21491774733294733
0.07593203976284713
0.7547456979809795
0.8596721609355882
0.3037295718677342
0.018983485380886123
0.43868690039380454
0.2149163727008272
0.07593298784922808
0.7547461710928474
0.859670736012049
0.303728851955384
0.018982181063620374
0.43868932183249854
0.21491937155951746
0.07593441649805754
0.7547488085983787
0.8596660943003371
0.3037301222793758
0.018983650690643117
0.4386871024908032
0.21491653149132617
0.07593251776415855
0.7547459076449741
0.8596717898035422
0.30372911831364036
0.018983152433065698
0.43868644171743654
0.21491790356230922
0.07593236933462322
0.7547457724285778
0.8596716095053125
0.8037294753594324
0.26898309437092394
0.06368644363828935
0.2774179042316973
0.07593237070250325
0.25474576707347296
0.10967161323060282
0.30372947722207755
0.01898308881209232
0.4386864408152178
0.214917899138527
0.07593238016124815
0.7547457787732128
0.8596716187894344
0.30372948752483353
0.018983070680405945
0.938686445762869
0.4649179048719816
0.20093237148830667
0.5672457676846534
0.015921611397061497
0.9443544761743397
0.4564830929157324
0.1886864418629557
0.589917902922025
0.5134323688980658
0.7234957730397582
0.09404661081498489
0.7959169756504707
0.2572643422172405
0.11251456825993955
0.7979257151891943
0.7697800251480658
0.8135836636647582
0.2776403608149849
0.0752138506504707
0.7543346547172405
0.36056144325993955
0.05085540268919431
0.39233861889806576
0.1297457730397582
0.5471716108440887
0.6474794756795745
0.5033580922463443
0.7433739432890434
0.6172616526018828
0.05835424392716959
0.9002535855397582
0.3835973920649849
0.1584658037754707
0.5078746937797405
0.22243888466618955
0.6033456370641943
0.5319870563980658
0.6390231167897582
0.03716184518998489
0.8778261553379707
0.4300548695609905
0.15154655068181455
0.5088174388220068
0.719189510011347
0.6085856473073363
0.03816320322221145
0.8781780611607246
0.430772032646928
0.1487313040997833
0.5107591197302099
0.7201584431168158
0.6056674038991332
0.03668882272904739
0.8755068194004707
0.4357311390922405
0.15487296669743955
0.5136849925329443
0.7255600544449408
0.5961611783131957
0.03929044626420364
0.8785166155430488
0.4311859273002483
0.14905650704167783
0.5097963855077978
0.7196189018723089
0.6078255688771605
0.03723432443803176
0.8774961840244941
0.4298326634452678
0.15186650841496885
0.5094924018194433
0.7193419786926825
0.607456318102777
0.03796558402245864
0.8773772876593284
0.4298365750000812
0.15186788304708898
0.5094952032377478
0.7193309816357214
0.6074639027938247
0.03796936891740188
0.8773658882710151
0.4298308157012798
0.151857448508963
0.5095145747472998
0.7193549725052435
0.6074753319844604
0.03799046896165237
0.8773287545773201
0.429840978293214
0.15186920552514493
0.5094968200137373
0.7193322519597132
0.6074601421132684
0.037967261334415525
0.8773743186029606
0.4298329465673305
0.15186521946452558
0.5094915338268038
0.7193432285275776
0.6074589546769857
0.03796617960324511
0.8773728762171231
0.4298358030500822
0.15186475502559915
0.5094915491063148
0.21934323391178623
0.607458965620026
0.037966136645991355
0.8773729058448225
0.42983581783482805
0.15186471049673855
0.5094915266090538
0.7193431931373198
0.6074590412899852
0.037966230360325426
0.8773729504900984
0.4298359002568759
0.15186456544324756
0.5094915663066786
0.7193432390631642
0.6074589719355572
0.5379661415936425
0.12737289117649198
0.554835809598444
0.6518647434131708
0.5094915349327493
0.7193432234926149
0.10745895130094141
0.7879661844635848
0.7523728865198791
0.3673358053783886
0.05811473779613152
0.9001165460795164
0.38340572168817744
0.15824020135914907
0.5086693094926886
0.22112288657808676
0.6017108052037656
0.03467723791254684
0.8844915461377241
0.40684322151355445
0.13870895127183758
0.037966184347169474
0.37737288686912507
0.17983580558211543
0.026864738087169826
0.9469915464578662
0.9380932209314778
0.46683395141735673
0.20202868452179246
0.0687791366071906
0.26772643023286946
0.06299755035433918
0.7795110773586202
0.8267650966299698
0.2558964513009414
0.1121849344635848
0.2972947615198791
0.022609242907492444
0.44043895657523535
0.21237240548362024
0.07053951069246978
0.7535160802362952
0.868685178575106
0.3053056257776916
0.025424489489523694
0.44617626126273535
0.18985043282737024
0.08607295795809478
0.7612675450800452
0.845339231309481
0.2935105818323791
0.004054555407492444
0.48584911282523535
0.23898373360862024
0.10947994037996978
0.8044804357050452
0.769289426621981
0.3143235701136291
0.028132924548117444
0.44948741848929785
0.1924520563625265
0.0783710841787979
0.7569512151239906
0.8626045511336997
0.2978745955042541
0.019969472399679944
0.4386613076494541
0.21493206734885462
0.07593921467196196
0.7547358296869788
0.8596505449386314
0.30372467217966914
0.01901830147835426
0.4386926000879612
0.21494306440581568
0.07596162601839751
0.7546478532312904
0.8597112224670127
0.30375495133921504
0.018927106371847913
0.4386465256975498
0.21485958810080774
0.07611659809481353
0.7548397801874671
0.8598026559920982
0.30392375169321895
0.018630036822287366
0.43872782643302344
0.2149536442302633
0.07597456022631377
0.7546580158232246
0.8596811370225623
0.3037380906753242
0.018994549027411267
0.43866357262595557
0.21492175574530847
0.07593227073084563
0.7547458283661399
0.8596716375323012
0.3037294368259609
0.01898300994071178
0.4386864244879689
0.21491804023389705
0.07593239296693355
0.7547458713233937
0.8596717250766233
0.30372909316793084
0.01898324696230702
0.4386865427659359
0.21491768400301225
0.075932212988846
0.7547455452440772
0.8596723304362968
0.3037298428826034
0.018983604124514386
0.4386872021423187
0.21491652357508428
0.07593253056984395
0.7547459126508329
0.8596717756008729
0.3037291328655556
0.018983129441039637
0.43868647690396756
0.21491794745088555
0.07593227957841009
0.7547457880864386
0.8596716104075313
0.30372947588330135
0.018983092333655804
0.9386864430853166
0.46491790236905217
0.2009323688398581
0.06724577359273098
0.2659216109022964
0.06935447605792433
0.7689830926537979
0.8136864417465404
0.27741790330037475
0.07593236930551939
0.2547457721957471
0.10967161020380445
0.3037294747773558
0.018983095040312037
0.43868644468602724
0.2149179046973586
0.5759323718666565
0.5047457676555496
0.7346716114261653
0.6162294762034435
0.5502330928575248
0.14181144192116335
0.5039804028347135
0.2360886190435849
0.6141207732143812
0.04717161046573892
0.8974794757086784
0.3783580922172405
0.18087394325993955
0.5235116526891943
0.6989792438980658
0.5643160855397582
0.028128642064984888
0.9494814287754707
0.4424450062797405
0.20339591591618955
0.5694100901891943
0.5188034626480658
0.6885836636647582
0.09014036081498489
0.7627138506504707
0.3480846547172405
0.03243644325993955
0.8867929026891943
0.9118698688980658
0.8758395230397582
0.4358434858149849
0.1543154131504707
0.5145885609672405
0.22506339638493955
0.5958993480016943
0.5396164509293158
0.6269686734303832
0.05560972116654739
0.9008364092442207
0.3829967640922405
0.15975577919743955
0.5092904612829443
0.7194565388199408
0.6075137173756957
0.03788663767045364
0.8772043596836738
0.4297973774955608
0.15214641182683408
0.509540800791001
0.7195445152756292
0.6076930081471801
0.037182826024945825
0.8776897799107246
0.430039610771928
0.1514168509747833
0.5091722056677099
0.7188767048355658
0.6089327847585082
0.03871824167435989
0.8784212481114082
0.43139001360395923
0.14904029457829893
0.509822611551499
0.7196291538712103
0.6077964818105102
0.03726412676041946
0.8774490963551216
0.4299047254608013
0.15195639221929014
0.509308581094956
0.7193740459915716
0.607458165846765
0.03796662710374221
0.877373100433033
0.42983549466589466
0.15186407952569425
0.5094913959910627
0.7193443219002802
0.6074591437354684
0.037966970761772245
0.8773738007876091
0.4298327454016544
0.15186597569845617
0.5094923422147986
0.7193414720532019
0.607457703910768
0.03796436212724075
0.8773786436649971
0.4298387431190349
0.1518688329961151
0.5094976172258612
0.7193321886297781
0.6074602445587516
0.037967301381286234
0.8773742049816065
0.42983306298265234
0.1518650355283171
0.509491815319052
0.7193435796361882
0.6074582366272807
0.037966304866131395
0.8773728834348731
0.42983580712461844
0.15186473866924644
0.5094915448862594
0.7193432190397289
0.6074589507479686
0.5379661887418479
0.1273728872765787
0.5548358084633946
0.1518647414050065
0.5094915341469459
0.21934322646120563
0.6074589544441551
0.03796617762418464
0.8773728816304356
0.429835798277054
0.1518647603224963
0.5094915575755294
0.7193432376079727
0.6074589750496671
0.03796614136081189
0.8773728915548418
0.9298358097439632
0.40186474297661334
0.13449153539841063
0.031843222794122994
0.8887089523777831
0.9129661858314648
0.3773728837259114
0.17983580587315373
0.026864737825235352
0.44699154610862024
0.18809322162996978
0.5918339513300452
0.514528684434481
0.2250291365198791
0.5958514304074924
0.5395600503252354
0.6271673273586202
0.5552807216299698
0.1504277013009414
0.5086693094635848
0.7211228865198791
0.10171080537838861
0.7846772377961315
0.2594915460795164
0.09434322171728127
0.2949589513882529
0.0067161845217924565
0.4867478866071906
0.23452330523286946
0.11670848785433918
0.8005071711086202
0.7671947841299698
0.3169316075509414
0.015749387588584796
0.4448777693323791
0.20669127415749244
0.06397411282523535
0.27804623360862024
0.07432369037996978
0.7556523107050452
0.860109739121981
0.3030931013636291
0.017634877673117444
0.43837902005179785
0.2171712946437765
0.0763264064444229
0.756356122350553
0.861544065293856
0.2974626081995666
0.021518239489523694
0.44031688626273535
0.21133480782737024
0.07337764545809478
0.7510136388300452
0.871462278184481
0.3097459333948791
0.027369985094992444
0.45112010891898535
0.19232235665549524
0.07858089252840728
0.7570332311152015
0.8623718546004966
0.29811301408335567
0.019592771044699475
0.4392378037737217
0.21565113778342493
0.07446864887606353
0.7549923680780921
0.8596653268905357
0.3037330168299377
0.01898480366799049
0.43868395741446875
0.21491263623465784
0.07593116804491729
0.7547545753477607
0.8596731500001624
0.30373576609417796
0.018990406504599378
0.43866196330054663
0.21492780561675318
0.07593873783480376
0.7547317765711341
0.8596616314025596
0.303714897017926
0.01902914952370338
0.4387099450395908
0.21495066399802454
0.07598093792330474
0.754657509183744
0.859681956586428
0.30373841105028987
0.018993640056578442
0.4386645039485302
0.21492028425564058
0.07593452266883105
0.7547486372350249
0.859665893134661
0.30373043892905116
0.018983067682711408
0.438686457084259
0.2149179093830753
0.07593235920649022
0.7547457524633501
0.8596716061001644
0.3037295100511983
0.018983098241733387
0.43868646782357246
0.21491793126915582
0.07593227329198271
0.7547458117187489
0.8596716356696561
0.3037294209934771
0.0189830532472115
0.43868638630374335
0.2149180826090742
0.07593246072065085
0.7547459010093007
0.8596718005137518
0.3037291308864951
0.018983132642460987
0.43868647815543227
0.21491794390021823
0.0759322832163889
0.25474578235298395
0.10967161922599189
0.30372948685544543
0.018983069894602522
0.4386864470143337
0.21491790260188282
0.5759323689562734
0.504745773068862
0.7346716107567772
0.11622947559226304
0.8002330921881367
0.7668114433763549
0.31648040271829814
0.017338619014481083
0.4422457731561735
0.2034216104366351
0.06935447582509369
0.768983092304552
0.8136864430271089
0.27741790254367515
0.07593236869433895
0.7547457737382501
0.35967161116423085
0.05372947617433965
0.8939830929448362
0.8761864418920595
0.9336679028347135
0.4040573690435849
0.1375582732143812
0.5354528604657389
0.12599510070867836
0.5590221547463443
0.6535301932890434
0.5117929026018828
0.2243698689271696
0.5945895230397582
0.04521848581498489
0.8808779131504707
0.4247448109672405
0.14107902138493955
0.5070321605016943
0.7373703571793158
0.6106112515553832
0.05084897897904739
0.8923525225254707
0.3797008656547405
0.17214591591618955
0.5225350901891943
0.6906784626480658
0.5870211636647582
0.008109110814984888
0.9716982256504707
0.4779674672172405
0.21895988075993955
0.6089608714391943
0.5385788532730658
0.6286471402272582
0.05626584909623489
0.8989748369785957
0.384904112725053
0.1567421683575958
0.5139024302770849
0.7252091022965033
0.5957491910085082
0.03993894479935989
0.8773226152989082
0.42986413469770923
0.15187842934392393
0.5094716594030615
0.7193010899063665
0.6074493443593383
0.03803660295670852
0.8773852001759224
0.42988612881163135
0.15192325203679502
0.5092957064916845
0.7194224449631292
0.6075099026784301
0.037854212743695825
0.8772930513950996
0.4297191762016155
0.15223319618962705
0.5096795604040381
0.7196053120133001
0.6078475033864379
0.03726007364457473
0.8774556528660469
0.4299072884605266
0.15194912045262754
0.509316031675553
0.7193622740742285
0.6074761813506484
0.037989098054822534
0.8773271452519111
0.42984351149061695
0.15186454146169126
0.5094916567613836
0.7193432750937063
0.6074588736519217
0.03796601988142356
0.8773728489759378
0.4298360804677941
0.1518647859338671
0.5094917426758911
0.7193434501823504
0.6074581863358617
0.03796649392461404
0.8773730855318718
0.4298353680060245
0.151864425977692
0.5094910905172583
0.7193446609016974
0.6074596857652068
0.03796720824902877
0.8773744042846374
0.42983304715016857
0.1518650611396879
0.5094918253307696
0.7193435512308497
0.6074582657311112
0.03796625888207927
0.8773729538079351
0.4298358949017711
0.15186455915682018
0.5094915762019809
0.7193432208441664
0.6074589517666027
0.03796618466731161
0.877372886199737
0.9298358047381043
0.4018647376797162
0.13449154718546197
0.5318432218045928
0.13870895211584866
0.5379661853366997
0.6273728835221846
0.5548358066007495
0.15186473861103877
0.5094915443914942
0.2193432204076089
0.6074589495547116
0.037966190080624074
0.8773728893720545
0.4298358093947172
0.15186474376241677
0.009491535340202972
0.4693432228814345
0.2324589524359908
0.10046618574415334
0.2836228838423267
0.007960805698530748
0.4721772380871698
0.2282415464578662
0.09434322093147784
0.7949589514464606
0.756716184434481
0.3617478865198791
0.047023305407492444
0.39795848782523535
0.12863217110862024
0.056257284129969776
0.8989628575800452
0.884890012559481
0.4067918318323791
0.13882018040749244
0.03760692532523535
0.37716732735862024
0.18028072162996978
0.5254277013300452
0.696169309434481
0.0648728865198791
0.7735858054074924
0.8237397378252354
0.7516790461086202
0.8716869716299698
0.3086308263009414
0.029177121963584796
0.4501267927698791
0.19179869603249244
0.07923290188773535
0.25393734688987024
0.11121944233309478
0.8016728185175452
0.765993528184481
0.3195115583948791
0.018580922594992444
0.43891307766898535
0.21502743478049524
0.07577327534090728
0.7544087193964515
0.8595947549911216
0.30429282365366817
0.019081601611105725
0.4390890305803623
0.215386016323464
0.07436565204989165
0.755379559850553
0.860079221543856
0.3028337019495666
0.018344411364523694
0.43775340970023535
0.21786556954612024
0.07743648334871978
0.7568424962519202
0.8627800272079185
0.29808058915659785
0.01964522313210182
0.4392583077715244
0.21559296365012415
0.07452825352083892
0.754898192739347
0.8598094509216025
0.3039127844385803
0.01861716221901588
0.43874809201224707
0.2149163317226339
0.07593325420748442
0.7547462008951697
0.8596709893317893
0.3037281590513885
0.01898279201122932
0.4386886438296642
0.2149182875000406
0.07593394152354449
0.754747601604322
0.8596654908033088
0.30373195139691234
0.01898468445870094
0.43868294413550757
0.2149154078506399
0.0759287242544815
0.754757287359098
0.8596774862380698
0.3037376659922302
0.018995234480826184
0.43866437728866003
0.214920489146607
0.07593460276257247
0.7547484099923167
0.8596661259653047
0.3037300710566342
0.018983630667207763
0.4386871593014803
0.21491647328366525
0.07593260973226279
0.75474576689885
0.8596716142492369
0.30372947733849287
0.018983089801622555
0.43868643810856156
0.2149179015250411
0.07593237751279958
0.2547457745531574
0.10967161695589311
0.303729482810013
0.018983068322995678
0.43868645292241126
0.21491790891741402
0.07593235524836928
0.754745763289975
0.859671596554108
0.3037295206449926
0.018983115180162713
0.4386864752450492
0.21491795012843795
0.07593228272162378
0.7547457831387874
0.8596716195170302
0.8037294859532267
0.26898307079682127
0.06368644558824599
0.7774179047846701
0.8259323716920335
0.7547457674518228
0.35967161174630746
0.053729475650470704
0.8939830922172405
0.37618644325993955
0.1836679026891943
0.02905736889806576
0.4500582730397582
0.19170286084408872
0.07912010067957453
0.2543346547463443
0.11056144328904338
0.3008554026018828
0.01733861895627342
0.44224577306886204
0.20342161075677723
0.5693544756213669
0.5189830921590328
0.18868644343456253
0.5899179027765058
0.013432369043584913
0.9734957732143812
0.4690466104657389
0.23341697570867836
0.6010143422463443
0.5343895682890434
0.6338632151018828
0.03149877517716959
0.8897555386647582
0.4133825483149849
0.1279482256504707
0.5560924672172405
0.14864738075993955
0.5113046214391943
0.7202194782730658
0.6061862027272582
0.03526975534623489
0.8767580401035957
0.434342589287553
0.1526528128888458
0.5127122447302099
0.7230881306168158
0.5949252163991332
0.04303647897904739
0.8806337725254707
0.4226696156547405
0.14675529091618955
0.5020272776891943
0.7429245563980658
0.6194918667897582
0.05473997018998489
0.9022402178379707
0.3846447133109905
0.15716178505681455
0.5140664622595068
0.724743709230097
0.5962260281667113
0.03918554208939895
0.8784756075474434
0.43130227556684986
0.14893729775212705
0.5099847361852881
0.7193306538101751
0.6074660336598754
0.03796960733598098
0.8773679148289375
0.4298252724693157
0.15186233608983457
0.5095091507246252
0.7193463000294287
0.6074715321883559
0.037980813009198755
0.8773239266010933
0.42985561123350635
0.15187747566960752
0.509463553171372
0.719323262834223
0.607429794035852
0.03805829904740676
0.8774198900791816
0.4299013279960491
0.15196187584660947
0.5093150183965918
0.7193639132019598
0.6074768221005797
0.037987280113156885
0.8773290078970604
0.42984056851128116
0.1518690453376621
0.5094972744991537
0.7193317862984259
0.6074608778581023
0.037966135365422815
0.877372914168518
0.4298358187661506
0.15186471841298044
0.509491504955804
0.7193432122294325
0.6074590201023966
0.037966196483466774
0.8773729356471449
0.42983586253831163
0.15186454658396542
0.5094916234666016
0.719343271368416
0.6074588419869542
0.037966106494423
0.8773727726074867
0.4298361652181484
0.1518649214413017
0.5094918020477053
0.7193436010566074
0.6074582617729902
0.037966265284921974
0.8773729563108645
0.42983588780043647
0.1518645664327778
0.5094915647059679
0.21934323845198378
0.6074589737108909
0.037966139789205045
0.8773728940286674
0.42983580520376563
0.15186473794165067
0.009491546166827902
0.4693432215426583
0.23245895118452609
0.6004661844053771
0.5336228867818136
0.6329608054365963
0.034677238028962165
0.884491546312347
0.4068432208732702
0.13870895165018737
0.5379661846382078
0.6273728860833216
0.5548358050873503
0.1518647373886779
0.5094915475056041
0.7193432223284617
0.1074589523486793
0.7879661859187763
0.7523728838132229
0.8673358056985307
0.8081147380871698
0.2751165464287624
0.07090572096058168
0.25199020141735673
0.11804430952179246
0.3070603866071906
0.02358580523286946
0.4487397378543392
0.18917904610862024
0.09043697162996978
0.7617558263300452
0.849489621934481
0.2821580427698791
0.014064321032492444
0.47474071438773535
0.22122250313987024
0.10169795795809478
0.7847050450800452
0.759401731309481
0.3442918318323791
0.045070180407492444
0.38135692532523535
0.17404232735862024
0.016218221629969776
0.9433964513300452
0.955934934434481
0.4379197615198791
0.21792174290749244
0.07715770657523535
0.25729428048362024
0.11253169819246978
0.7979496739862952
0.769808225450106
0.3134843367151916
0.027804860583273694
0.45041820462211035
0.19149838204612024
0.07987788959871978
0.7546452306269202
0.8597282693954185
0.30375685868784785
0.01894331883522682
0.4386021798418369
0.2148986887477804
0.07607320591341704
0.7547704003809486
0.8597722576232627
0.30384650407359004
0.018591413012472913
0.4388448899553623
0.215019805385964
0.07570842548739165
0.754586102819303
0.859438352403231
0.3044663923792541
0.019359120837179944
0.4392106240557041
0.21569500680197962
0.07452014728914946
0.7549113057611976
0.8598145769210532
0.3038982409052551
0.01863206338020973
0.4387245481775608
0.21495236273040064
0.07597819610964507
0.7546542905329261
0.8596870229812339
0.3037290829233825
0.018983313551871106
0.4386865502165165
0.21491774733294733
0.07593203976284713
0.7547456979809795
0.8596721609355882
0.3037295718677342
0.018983485380886123
0.43868690039380454
0.2149163727008272
0.07593298784922808
0.7547461710928474
0.859670736012049
0.303728851955384
0.018982181063620374
0.43868932183249854
0.21491937155951746
0.07593441649805754
0.7547488085983787
0.8596660943003371
0.3037301222793758
0.018983650690643117
0.4386871024908032
0.21491653149132617
0.07593251776415855
0.7547459076449741
0.8596717898035422
0.30372911831364036
0.018983152433065698
0.43868644171743654
0.21491790356230922
0.07593236933462322
0.7547457724285778
0.8596716095053125
0.8037294753594324
0.26898309437092394
0.06368644363828935
0.2774179042316973
0.07593237070250325
0.25474576707347296
0.10967161323060282
0.30372947722207755
0.01898308881209232
0.4386864408152178
0.214917899138527
0.07593238016124815
0.7547457787732128
0.8596716187894344
0.30372948752483353
0.018983070680405945
0.938686445762869
0.4649179048719816
0.20093237148830667
0.5672457676846534
0.015921611397061497
0.9443544761743397
0.4564830929157324
0.1886864418629557
0.589917902922025
0.5134323688980658
0.7234957730397582
0.09404661081498489
0.7959169756504707
0.2572643422172405
0.11251456825993955
0.7979257151891943
0.7697800251480658
0.8135836636647582
0.2776403608149849
0.0752138506504707
0.7543346547172405
0.36056144325993955
0.05085540268919431
0.39233861889806576
0.1297457730397582
0.5471716108440887
0.6474794756795745
0.5033580922463443
0.7433739432890434
0.6172616526018828
0.05835424392716959
0.9002535855397582
0.3835973920649849
0.1584658037754707
0.5078746937797405
0.22243888466618955
0.6033456370641943
0.5319870563980658
0.6390231167897582
0.03716184518998489
0.8778261553379707
0.4300548695609905
0.15154655068181455
0.5088174388220068
0.719189510011347
0.6085856473073363
0.03816320322221145
0.8781780611607246
0.430772032646928
0.1487313040997833
0.5107591197302099
0.7201584431168158
0.6056674038991332
0.03668882272904739
0.8755068194004707
0.4357311390922405
0.15487296669743955
0.5136849925329443
0.7255600544449408
0.5961611783131957
0.03929044626420364
0.8785166155430488
0.4311859273002483
0.14905650704167783
0.5097963855077978
0.7196189018723089
0.6078255688771605
0.03723432443803176
0.8774961840244941
0.4298326634452678
0.15186650841496885
0.5094924018194433
0.7193419786926825
0.607456318102777
0.03796558402245864
0.8773772876593284
0.4298365750000812
0.15186788304708898
0.5094952032377478
0.7193309816357214
0.6074639027938247
0.03796936891740188
0.8773658882710151
0.4298308157012798
0.151857448508963
0.5095145747472998
0.7193549725052435
0.6074753319844604
0.03799046896165237
0.8773287545773201
0.429840978293214
0.15186920552514493
0.5094968200137373
0.7193322519597132
0.6074601421132684
0.037967261334415525
0.8773743186029606
0.4298329465673305
0.15186521946452558
0.5094915338268038
0.7193432285275776
0.6074589546769857
0.03796617960324511
0.8773728762171231
0.4298358030500822
0.15186475502559915
0.5094915491063148
0.21934323391178623
