3.814697265625e-06
0.9999885558790993
0.999980926484568
0.9999427795119118
0.9999351501173805
0.9998054504103493
0.999675750703318
0.9990272521681618
0.9990196227736305
0.9970588683790993
0.995098113984568
0.9852943420119118
0.9833335876173805
0.9500007629103493
0.916667938203318
0.7500038146681618
0.7499961852736305
0.2499885558790993
0.7499809264554642
0.2499427794246003
0.7499351500009652
0.24980545006110333
0.7496757500921376
0.24902725033462048
0.7490196209109854
0.24705886279116385
0.7450981046422385
0.23529431398492306
0.7333335558359977
0.20000066756620072
0.6666677792672999
3.337860107421875e-06
0.9999957084364723
0.9999871253676247
0.999978542298777
0.99994325634907
0.9999270438856911
0.9997963905043434
0.9996352195448708
0.9991421699232887
0.9988970756239723
0.9966912269301247
0.994485378236277
0.98541688916157
0.9812502860731911
0.9479165076918434
0.9062514304823708
0.7812466621107887
0.7187457084364723
0.15623712536762469
0.5937285422696732
0.2811932562617585
0.21867704376927577
0.6560463901259936
0.09338521887548268
0.7803921682934742
0.7176470735284965
0.1529412206436973
0.5882353677297942
0.2666668613674119
0.2000002503336873
0.6666664083604701
1.2516975402832031e-06
0.9999962448782753
0.9999961256689858
0.999988377065165
0.9999806284613442
0.9999418854422402
0.9999341368384194
0.9998024105734657
0.9996783137030434
0.9990349411673378
0.9990043043799233
0.9970129131979775
0.9950520395941567
0.9851561188406777
0.9830731749243569
0.9492195248312782
0.9179674982733559
0.7539024948782753
0.7460898756689858
0.23826962706516497
0.7304493784322403
0.19134813535492867
0.683527886722004
0.050583660224219784
0.917647063091863
0.7529411893337965
0.7450980524881743
0.23529415752273053
0.7333332801645156
0.19999984055175446
0.6666668926482089
7.972121238708496e-07
0.9999985918111634
0.9999966099567246
0.999995641381247
0.9999869242019486
0.9999782070226502
0.9999433234042954
0.9999259039468598
0.9997951164550614
0.9996381029195618
0.9991325810260605
0.9988798424310517
0.9966471567458939
0.9944335445470642
0.9855142309970688
0.9809573217935394
0.9477531090087723
0.9077134355611634
0.7778286412067246
0.714351110131247
0.14305333045194857
0.5717555507435463
0.2855878545669839
0.14396887258044444
0.5725490223267116
0.2823529460001737
0.152941173146246
0.588235309056472
0.266666681622155
0.19999995510443114
0.6666665918310173
2.5425106287002563e-07
0.9999992372177076
0.9999987287155818
0.9999961862049531
0.999996184342308
0.9999885530851316
0.9999809218279552
0.9999427655420732
0.9999351342848968
0.999805402912898
0.9996756715408992
0.9990270146809053
0.9990193834237289
0.9970581503293943
0.9950969172350597
0.9852907517633867
0.9833371480635833
0.9500114442489576
0.9166857404343318
0.7500572213612031
0.749935149186058
0.24980544761638157
0.7496757460176013
0.24902723811101168
0.7490196068247315
0.24705882053240202
0.7450980342109688
0.2352941045537591
0.7333333464048337
0.20000004299799912
0.6666667321114801
2.2246968001127243e-07
0.9999997139384504
0.9999992052034941
0.9999985698086675
0.9999966612958815
0.9999957073887344
0.999987122224411
0.9999785370600875
0.9999432424956467
0.9999270260741469
0.999796340795001
0.9996351304871496
0.9991419604921248
0.998896806355333
0.9966913727985229
0.9944840318930801
0.9854200045519974
0.9812542915751692
0.9479133287386503
0.9062714579922613
0.7811932555341627
0.7186770428379532
0.15604638736112975
0.5933852142770775
0.28039215598255396
0.21764705792884342
0.6529411775409244
0.08823528967332095
0.7666666794975754
0.7000000147090759
0.1666666514647659
0.5000000754953362
0.4999997734557837
0.49999974176171236
0.4999992253142409
0.4999987479823176
0.4999962439760566
0.4999961247376632
0.4999883742420934
0.49998062374652363
0.49994187126867473
0.49993412077310495
0.4998023623484187
0.49967835439019836
0.4990350631996989
0.4990040613047313
0.4970121839432977
0.49505130844772793
0.48515392537228763
0.48307679101708345
0.4492303730803542
0.41794937817030586
0.2538481345400214
0.2460278859070968
0.7380836577503942
0.23014705895911902
0.6904411770810839
0.18259803819819354
0.5477941150893457
0.4208333296701312
0.26249999084393494
0.2291666799574159
0.6875000511354301
0.1874999150459189
0.5624997789273039
0.4374997094855644
0.3124992025841493
0.18749859149102122
0.5624966091418173
0.4374956403335091
0.31248692102963105
0.18747820172575302
0.5624433244811371
0.43742588587338105
0.312295096257003
0.1871381486998871
0.5616324288712349
0.4363795689714607
0.30914742598542944
0.18193272201460786
0.5480128700146452
0.41846138989785686
0.2602408302773256
0.22019305045250803
0.7152753538393881
0.15178137164912187
0.5803615195327438
0.2589154413435608
0.22325367594021372
0.7054227932239883
0.1338541676523164
0.598437497013947
0.3307291617093142
0.007812514959368855
0.9765624550927896
0.9609374251740519
0.8828122755803633
0.8671872456616256
0.6015617370430846
0.3359362284245435
0.007808685302734375
0.9921836852736305
0.9765510558790993
0.960918426484568
0.8827552795119118
0.8671226501173805
0.6013679504103493
0.33561325070331804
0.006839752139057964
0.9912071227154229
0.9736213682044763
0.9560356136935297
0.8837318411387969
0.8505210866278503
0.5828132599417586
0.25260543325566687
0.24219129979610443
0.7421836703724694
0.2265510111756157
0.7109183519496582
0.1327550559071824
0.6171223966812249
0.35136719010188244
0.08561198349343613
0.7568359505676199
0.7412109206488822
0.22363276200485416
0.7060546033317223
0.13378883997211233
0.6005856513802428
0.3330070177617017
0.0029282569885253906
0.9931607246107887
0.9912066459364723
0.9736199378676247
0.956033229798777
0.88373231884907
0.8505129813856911
0.5828042030043434
0.2525649070448708
0.24230623239418492
0.7420611380657647
0.2261834142555017
0.7103056904161349
0.13092470081755891
0.6150393474672455
0.3453774421068374
0.09082173742353916
0.7744107115722727
0.709956629172666
0.12986988757620566
0.6122831459506415
0.35248209710698575
0.06926269628456794
0.8015543609508313
0.6588134814519435
0.02355955558596179
0.9608154144661967
0.8824462434567977
0.86657707291306
0.5997312187973876
0.3338620463910047
0.00158613920211792
0.9974352717108559
0.9923058151907753
0.9920615553564858
0.976184666127665
0.9603077768988442
0.8809233307547402
0.8650464415259194
0.5953834652609657
0.3408648371405434
0.02430349582573399
0.9598197340092156
0.8794592020858545
0.8616291877406184
0.6027098289050627
0.3169354786223266
0.04919510777108371
0.9154040168214124
0.7540245505224448
0.7381552902224939
0.23009087072568946
0.6907765704090707
0.18170471128541976
0.5486399341316428
0.41960144354379736
0.2588348333374597
0.22352598773431964
0.7059173412853852
0.13337702403077856
0.5998992070381064
0.3331449205579702
0.00059480220079422
0.9983665123290848
0.9971146806783509
0.9930538609332871
0.9910692497796845
0.9732077493972611
0.9553767665929627
0.8839612677402329
0.8481772467202973
0.5804683342284989
0.2591138109273743
0.22265858197351918
0.7070249839744065
0.1367075813759584
0.5976287346566096
0.3398080533952452
0.019424727914156392
0.9490501029649749
0.9097123314277269
0.7767452688422054
0.7054247015039437
0.133852259372361
0.5984432218538132
0.33073870310909115
0.007844925916288048
0.976465222222032
0.9607753703894559
0.8823261112265754
0.8666972964128945
0.6000918892968912
0.33348648218088783
0.00045944657176733017
0.9994790395430755
0.9984371186874341
0.9973951978317928
0.9921894082508516
0.9921817769936752
0.9765529604337644
0.9609088850847911
0.8827800610742997
0.867090209358139
0.6014003278396558
0.33545104690711014
0.007322073855903
0.9907166947668884
0.9741108387534041
0.9535834739508573
0.8901045173697639
0.8578164427599404
0.5755245236505289
0.2890822139161173
0.13275338616222143
0.617120726936264
0.3513698102615308
0.08560363476863131
0.7568643101549242
0.7411744583223481
0.22353100465261377
0.7058722916990519
0.13336013437947258
0.6000344584754203
0.3333065004844684
0.00017229246441274881
0.9995441595965531
0.9994143963267561
0.9983729520754423
0.9970719817501958
0.993161915888777
0.9912044991215225
0.9736220804916229
0.9560263104212936
0.8837525705748703
0.8504841149260756
0.582825372548541
0.25250068338937126
0.24261239083716646
0.7415098834608216
0.2247814206930343
0.708529794588685
0.12636758567532524
0.6214160452655051
0.37013045864296146
0.11228347348514944
0.8524834970885422
0.5692608178069349
0.30155629906221293
0.1588231626083143
0.5235305121459533
0.46078249710262753
0.3823474913369864
0.36666044101002626
0.09998132305918261
0.8333644416707102
0.5000933846749831
0.4998452802246902
0.4995362579356879
0.4994708995509427
0.4984137119608931
0.49743464557104744
0.4923076322302222
0.492059617274208
0.4761866004555486
0.46029808642924763
0.38094849954359233
0.36501349389436655
0.09542022290406749
0.840948175318772
0.5240381090261508
0.4593216431385372
0.3799715794157237
0.3601310390222352
0.10811493935761973
0.8243448246794287
0.5425907699682284
0.3782758963352535
0.36920447717420757
0.11113823830964975
0.8571079784887843
0.5713239420438185
0.2860281793982722
0.1433803092513699
0.5708356654504314
0.2874930035904981
0.1458217928011436
0.5625349968904629
0.3123952495516278
0.18732597006601281
0.5620474355528131
0.4369053058908321
0.3108666052867193
0.18461439351085573
0.5555550708377268
0.428567069437122
0.28570992551976815
0.14287022341159172
0.5714503723429516
0.28564888291293755
0.14305335123208351
0.5717555853771046
0.28558784030610695
0.14396899033454247
0.5725491392659023
0.2823525821440853
0.15294225353864022
0.5882370892213657
0.2666646321886219
0.20000610340503044
0.6666768389986828
3.051810199394822e-05
0.9999084456649143
0.9998474094609264
0.9995422293723095
0.999481192236999
0.99844357863185
0.9974059613014106
0.9922179128334392
0.9921568477584515
0.9764705433335621
0.9607842389086727
0.8823529561341275
0.8666664123593364
0.5999997456383426
0.3333320619130973
3.8142316043376923e-06
0.9999961848079693
0.9999885544821154
0.9999809241562616
0.9999427725269925
0.9999351422011387
0.9998054266616236
0.9996757111221086
0.9990271334245335
0.9990195030986797
0.9970585093542468
0.9950975156098139
0.9852925468876492
0.9833315531432163
0.9500022888823878
0.9166577658324968
0.7500267033174168
0.7499656672298443
0.24989700174774043
0.7498283362365328
0.249546043924056
0.7494163432565983
0.24837110014050268
0.7470817173016258
0.24313724180683494
0.7411764836579096
0.22352945103193633
0.7058824221021496
0.1333333015209064
0.6000002225337084
0.3333334923663642
1.4303368516266346e-06
0.9999966617033351
0.9999957079126034
0.9999871237960178
0.9999785396794323
0.9999432494223583
0.999927034979919
0.9997963656496722
0.9996351750160102
0.9991420652077068
0.9988969409896526
0.9966908230271656
0.994485658738995
0.9854179700196255
0.9812479972897563
0.9479187329125125
0.9062600137258414
0.7812199588224757
0.718719005031744
0.15615701515343972
0.5935950252460316
0.2807850768440403
0.21822308588889427
0.6546692597912624
0.0911764656775631
0.7735294236626942
0.7107842985133175
0.13235289652948268
0.6166665911441669
0.3500000436906703
0.08333307507564314
0.7500007747439668
0.7499987481278367
0.24999624444171786
0.7499961252033245
0.2499883756681811
0.7499806261039339
0.24994187837000936
0.7499341288057622
0.24980238647549413
0.7496782744419761
0.2490349425934255
0.7490041828423273
0.2470127870037686
0.7450514356023632
0.23515597579535097
0.7330711086688098
0.19922512778430246
0.6679574845475145
0.00387912942096591
0.9960588807880413
0.9881766424223315
0.9802944040566217
0.9409528304531705
0.933000973862363
0.799142158095492
0.6650735339790117
0.004779398877872154
0.9871323699480854
0.977083383477293
0.9437499617342837
0.9270834252238274
0.7812502905144356
0.6562492026714608
0.0937485916656442
0.7812466095492709
0.718745640857378
0.15623692263034172
0.5937282043742016
0.28119331650668755
0.21867590982583351
0.6560451361583546
0.09338813327485695
0.7803825645532925
0.7176297057012562
0.1528970157087315
0.5881839528447017
0.26676492142723873
0.1997090652876068
0.6664978041080758
0.0014546735328622162
0.9965515206858981
0.9955749431683216
0.9867248295631725
0.9778747159580234
0.9414366488636006
0.9257506117282901
0.7928768371057231
0.6287530587578658
0.12063419030164368
0.8627604016801342
0.6039062350173481
0.3138020085170865
0.05859397441963665
0.9335934956907295
0.8007804871303961
0.6679674785700627
0.0039024357683956623
0.9960899338766467
0.9882698035507929
0.9804496694996487
0.9413490215956699
0.9335288763686549
0.8005866608291399
0.6676443819596898
0.0029333824932109565
0.9951130137196742
0.9853395199170336
0.9833775687147863
0.9501360571011901
0.9169288640259765
0.7507870987756178
0.7487068202462979
0.24612807529047132
0.7459983736916911
0.23811719330842607
0.7299918685457669
0.19089116097893566
0.6820944383216556
0.04823644188581966
0.9182846926269121
0.7607747376896441
0.7215820443234406
0.21175131516065449
0.6469727403891739
0.06689430875121616
0.8002926826593466
0.6665031113661826
0.001463413645979017
0.9965786928369198
0.9956011756148655
0.9868035289982799
0.9780058791220654
0.9418377786932979
0.9252199877810199
0.7913002522254828
0.6260999585792888
0.12170062903896905
0.8695021404419094
0.6104610387119465
0.3563009580830112
0.07282075853436254
0.7815454805386253
0.6554274572990835
0.09231328725581989
0.7777943540422712
0.7142558016639668
0.14288947559543885
0.5713400444947183
0.28604161873226985
0.14334046505973674
0.5710126117337495
0.2872599234688096
0.14608154600136913
0.5637410329654813
0.3087769010453485
0.18328849869430996
0.5498654961120337
0.4169308940763585
0.25079268231638707
0.24871700955554843
0.746151029568864
0.2460288391157519
0.7380865192390047
0.23014419560786337
0.690432600065833
0.18261233539669774
0.5478370392811485
0.4208819284103811
0.26264589789207093
0.22941165458178148
0.6882356921269093
0.18627384889987297
0.5588237243937328
0.4333310728543438
0.29999762613442726
0.16665762395132333
0.5000272324250545
0.4999641686154064
0.49989441508660093
0.4998284734610934
0.4995532768080011
0.4993927889445331
0.498407494102139
0.4971786472306121
0.49302419589366764
0.49079133788472973
0.4729384864331223
0.45619956104201265
0.3853223497280851
0.34404725590138696
0.0929328573984094
0.7798066358373035
0.7152752349211369
0.15178244400885887
0.5803625929402187
0.2589122211211361
0.22326333660748787
0.7054388943361118
0.133896954881493
0.5984922407951672
0.33063729587593116
0.008088112343102694
0.9757356629415881
0.9595594382553827
0.8791665960743558
0.8625020901381504
0.6041688681289088
0.3125104508071672
0.06247031729435548
0.9374684089852963
0.8124052270140965
0.6873420450428966
0.06202804346685298
0.936962953186594
0.8109537114505656
0.6848147660493851
0.05493070179363713
0.9294423907122109
0.7883271721948404
0.6472119536774699
0.06663586109061725
0.8005206425441429
0.6671869278070517
0.002605120185762644
0.9921903614595067
0.9921827311336529
0.9765481934591662
0.9609212851792108
0.8827638555958401
0.8671064297377598
0.6013192892714869
0.33569236609037034
0.007077098300214857
0.9909619087411556
0.9728857262816746
0.9567702982167248
0.8859378029883374
0.8463524490653072
0.5859437932085712
0.27342636897810735
0.19528485788032413
0.6796521986543667
0.03895659602130763
0.898268622753676
0.8198669034754857
0.5540873774443753
0.41244526766240597
0.27059901316533796
0.18826209189137444
0.6862476895621512
0.058743068744661286
0.9331915728980675
0.8000651756883599
0.6662107228767127
0.001627246558200568
0.9970713855291251
0.9931608434126247
0.9912055725289974
0.9736186249938328
0.9560364458302502
0.8837381531775463
0.8504947334586177
0.5827933301043231
0.2526539118553046
0.24233676446601748
0.7417855108797085
0.22584672129596584
0.709179324505385
0.13053441827651113
0.6103536853042897
0.3564393130072858
0.07323182170512155
0.7821966274932493
0.6552413528843317
0.09072596605983563
0.7762077219085768
0.7036348791443743
0.13910299935378134
0.6068609237845521
0.32059828445198946
0.0382108690100722
0.8970899578707758
0.8167581549205352
0.549910544330487
0.41682147679966874
0.25052928423974663
0.2484140247979667
0.7474355546873994
0.2423066641204059
0.7420605863153469
0.2261817590042483
0.7103106802678667
0.13093204086180776
0.6150318750587758
0.34533979566185735
0.09093756024958566
0.7742776139930356
0.7095783179684076
0.1292234736320097
0.6123448378639296
0.3543718667351641
0.06335211198893376
0.8111510156886652
0.6839489737176336
0.05771201872266829
0.9246467940683942
0.7895672905433457
0.6312982404779177
0.11466556388768367
0.8439974069478922
0.5930121341953054
0.2800151110277511
0.21506941298139282
0.6520484682405367
0.08120834740111604
0.7602814424608368
0.7192026345583145
0.21815525929559954
0.6546164619503543
0.09086499904515222
0.7743039815977681
0.7098181596084032
0.12945665445295162
0.6116300366120413
0.35271672770613804
0.06694139193859883
0.7992368742125109
0.665293040277902
0.004120879108086228
0.9880036629911046
0.9796398046601098
0.9400183150719386
0.9299450551334303
0.8039377287204843
0.6627899880695622
0.01968864371883683
0.9409340691636316
0.9330586112337187
0.7992368699633516
0.6652930567506701
0.004120829689782113
0.9880037257971708
0.9796399921469856
0.9400186388811562
0.9299459008325357
0.8039368834870402
0.6627910277165938
0.019684537226567045
0.9409467696677893
0.9330727259512059
0.7992181779118255
0.6653642650344409
0.003909110324457288
0.9882745726208668
0.9804601648065727
0.9413804944779258
0.9335508241492789
0.8006677350203972
0.6678228021773975
0.0034989316191058606
0.9953640109742992
0.9865651709260419
0.9782623625942506
0.9426014956552535
0.9225618133204989
0.795058760442771
0.6382898344309069
0.10285790520720184
0.816449173464207
0.5506677387456875
0.41782279845210724
0.25349891296355054
0.2453640668245498
0.7365652266889811
0.22826229216298088
0.6926013062766287
0.1725624294776935
0.5450578086310998
0.38828696409473196
0.352855038625421
0.06643871462438256
0.8006838560977485
0.6678065060114022
0.0034195180924143642
0.9956029647146352
0.9868088942021132
0.9780195932253264
0.9418712797341868
0.9252542162430473
0.7913876487873495
0.6263330852962099
0.12118675594683737
0.8709387400595006
0.6128162202367093
0.3549417162721511
0.06482514884555712
0.8060205851506907
0.6758742557431106
0.03500124023412354
0.9018787214299664
0.8315042167087086
0.5101376520469785
0.4700830736546777
0.46493674712837674
0.4021887599956244
0.331566284148721
0.011191755707841367
0.9710753258841578
0.9622699907340575
0.8946234275645111
0.8162518411700148
0.5581338653864805
0.4252564460330177
0.29140199709217995
0.1262823192810174
0.6211531903245486
0.37102989782579243
0.11309136284398846
0.8551548548857681
0.5654645647155121
0.30751255579525605
0.17267717633512802
0.5454450334655121
0.38710239954525605
0.354806082585128
0.0644880022155121
0.8065359933243599
0.6775599888933357
0.032749720936408266
0.9037039622780867
0.8362513952888548
0.5224958140752278
0.4442313084146008
0.426583430118626
0.28372627968201414
0.14882116092485376
0.5852748589823022
0.2558941953466274
0.2401299288321752
0.7205290232086554
0.21634333865949884
0.6497986789618153
0.08234611959778704
0.7529616411775351
0.7450232412084006
0.2351917939959094
0.7329325357859489
0.19965209960355423
0.6674092610483058
0.002227783203125
0.9933166503615212
0.9888610839552712
0.9709777831740212
0.9621276855177712
0.8951721191115212
0.8145446777052712
0.5564270019240212
0.42745971676777117
0.28237915033241734
0.1529235838970635
0.5881652829702944
0.2668151852558367
0.19985961835482158
0.6661071763373911
0.001739498635288328
0.9977722125186119
0.9933166376140434
0.9888610627094749
0.9709777278185356
0.962127613282064
0.8951719191682059
0.8145443239773158
0.5564261558756698
0.42745862473384477
0.28237587423063815
0.15291815364616923
0.5881511463667266
0.26679662067908794
0.19986953734769486
0.6660168965463527
0.001949310302734375
0.9980430602736305
0.9941291808790993
0.990215301484568
0.9706459045119118
0.9667320251173805
0.9001960754103493
0.833660125703318
0.5009803771681618
0.49706649777363054
0.49510574334999546
0.4853324889263604
0.483341216808185
0.4501304623845499
0.41679763718275353
0.25065231198095717
0.24805068597197533
0.7480430565483402
0.2441291697032284
0.7402152828290127
0.22064584854524583
0.7167319616710301
0.1501958850712981
0.5836598084424622
0.25097942538559437
0.2470655385113787
0.7451028730138205
0.23533532198052853
0.7333497682993766
0.20011415480985306
0.6667488415841945
0.0007309913635253906
0.9982876777357887
0.9977984428114723
0.9933953284926247
0.988992214173777
0.97089052197407
0.9625735282606911
0.8955483436293434
0.8133559226698708
0.5613980292982887
0.43419980999897234
0.30699396127602085
0.17295217505306937
0.5437664983328432
0.3853030201862566
0.34415674131014384
0.09301900723949075
0.7795376744761597
0.7165484386205208
0.14964531591976993
0.5827421931899153
0.2521404664730653
0.2438234568980988
0.739298144413624
0.21960556670092046
0.7176481464121025
0.152948730828939
0.5882426394964568
0.2667053659679368
0.20002230405225419
0.6665346820955165
0.0003959536552429199
0.9993578791327309
0.9980736374564003
0.9980124830908608
0.99403744933079
0.9900624155707192
0.9702482819266152
0.9662122130102944
0.8987587094015907
0.8349749445624184
0.5068169235892128
0.48920816180179827
0.47159177059074864
0.461696326645324
0.39717394090257585
0.3165387508634012
0.05038529558805749
0.91732662791037
0.7519798837893177
0.7441062293073628
0.2401311879802961
0.7205311466241255
0.2163419752032496
0.6498060177837033
0.08235262395464815
0.7529439758509398
0.7450990210636519
0.23530093755107373
0.7333076054637786
0.19998048394336365
0.6667139356140979
0.00014848262071609497
0.9995910301513504
0.9992776140279602
0.9982609227008652
0.9977716728753876
0.9933150186843704
0.9888583644933533
0.9709706976718735
0.9621184393472504
0.8951465263671707
0.8145604356832337
0.5565018132037949
0.4273199364251923
0.2825091257109307
0.1524726375064347
0.5894685459788889
0.2688944858382456
0.19734493564465083
0.6579690189100802
0.029022638162132353
0.9621271373762283
0.8951704895880539
0.8145419369975571
0.5564199653745163
0.42745053247199394
0.2823535066563636
0.15293965881573968
0.5882402171264403
0.2666743128793314
0.19999232384725474
0.6666284355451353
0.0001146933063864708
0.9998695691756438
0.9996096612594556
0.9993478459946346
0.9980502137623262
0.9980425825051498
0.994127747573657
0.9902129126421642
0.9706463673792314
0.9667239030532073
0.9001869680068921
0.8336195153824519
0.5010950574360322
0.49694371127407067
0.49473833752563223
0.484718556428561
0.4834668494295329
0.4519569712865632
0.41861600818810984
0.2597848583536688
0.22064543049782515
0.7167315436236095
0.15019463092903607
0.5836577256559394
0.2509808064205572
0.24705831226310693
0.7450964456074871
0.235291717806831
0.7333343003119808
0.20000671662273817
0.6666734127211384
4.312919918447733e-05
0.999886230652919
0.9998532653262373
0.9995933571772184
0.9992688301426824
0.9982872596883681
0.9977988589962479
0.9933965770469513
0.9889942950976547
0.9708891372138169
0.9625806034018751
0.8955543139891233
0.8133990469796117
0.5612909487390425
0.4343067694862839
0.30682667769724503
0.17351796690491028
0.5439917604671791
0.3837109921150841
0.35035477046039887
0.08274203643668443
0.7521401015983429
0.743823940254515
0.23929958147346042
0.7196079909917898
0.217646608594805
0.6529416744306218
0.08823487113113515
0.7666691825143062
0.7000015651574358
0.1666589009691961
0.5000233268656302
0.4999612634128425
0.4998839988838881
0.49986753120901994
0.49960406887112185
0.49935772237950005
0.4980740016326308
0.4980119978717994
0.494035993644502
0.49005998941720463
0.47024972061626613
0.46620396405342035
0.3987513968604617
0.33499580962234177
0.006731326691806316
0.9890834567777347
0.9712262535176706
0.9613212411932182
0.8977750437043142
0.8183937994472217
0.5526312226138543
0.40803100817720406
0.27884239418199286
0.21230547400773503
0.6448529146146029
0.06544125702930614
0.8075977453554515
0.6727937194809783
0.04583176542655565
0.8874986341688782
0.854169556114357
0.5625087363878265
0.31247379077831283
0.18745655732345767
0.5623869054252282
0.43735148111591116
0.3120910644356627
0.18677775061223656
0.5607604981341865
0.43527221665135585
0.3058166499831714
0.1763610833149869
0.5334777814568952
0.3996276832767762
0.33267211288330145
0.0020446666749194264
0.9939269754977431
0.9899596826580819
0.9698790480324533
0.9654234143381473
0.9006648413778748
0.8293146056530531
0.5123580210783985
0.4786043575440999
0.4392327103414573
0.4352635101240594
0.30579053063411266
0.17637858688249253
0.5335474659805186
0.3994796723127365
0.3328119963116478
0.002601638378109783
0.9921951144060586
0.9921798256982584
0.9765395369904581
0.9608991286077071
0.8826978047436569
0.8670570373360533
0.6011721293034498
0.33528518679668196
0.005863189580850303
0.9902305601572152
0.9706916805298533
0.9667778009024914
0.900333402765682
0.8339195231383201
0.5017585694731679
0.4977226158080157
0.4931678474531509
0.4892539677966852
0.47166815365199
0.46189483915804885
0.39740326890023425
0.3173174527764786
0.04960861278232187
0.9147122663853224
0.755863200960448
0.7402229121362325
0.2206839952559676
0.7167395905707963
0.150325583294034
0.5837895068980288
0.2516279276169371
0.2470731604262255
0.7431573699286673
0.2412023039360065
0.7236069791251794
0.20601154962787405
0.6336752891365904
0.10043923059129156
0.8326010704040527
0.502198696078267
0.49340486514847726
0.489009380195057
0.4709343906142749
0.46262502603349276
0.395695207756944
0.3131594635488
0.06058739993022755
0.9354262240522075
0.806515190663049
0.6773638387967367
0.03257979793124832
0.9024441940709949
0.8396644917665981
0.5190924637718126
0.4486502025392838
0.40845060770516284
0.2746538989013061
0.20775077617145143
0.627175752131734
0.11883966973982751
0.8644287993374746
0.5942784577782732
0.3421646307397168
0.028684005315881222
0.961052044905955
0.8983076354779769
0.8199229677265976
0.5540384173218627
0.4121154347958509
0.2714739441871643
0.18942338225315325
0.6855151056661271
0.05654531705658883
0.9275779126619454
0.782733738044044
0.6537587040511426
0.08633714736788534
0.7727307656896301
0.6935585080645978
0.17738216131692752
0.5323295895068441
0.4031485610466916
0.33841308776754886
0.016017464542528614
0.9524721738998778
0.9199317879974842
0.7636426127864979
0.7284813484875485
0.19326393661322072
0.6736638951406348
0.04444468338624574
0.884249801049009
0.8481091122957878
0.5814367352286354
0.26008445961633697
0.219769509305479
0.7157067336374894
0.15122111985692754
0.5786938860837836
0.26391834267997183
0.231683187186718
0.6960337683267426
0.16232601550291292
0.5212044938816689
0.4386143161682412
0.4341577811574098
0.30692890990758315
0.17298617147025652
0.54355675552506
0.38507681112969294
0.3447772574436385
0.09072926279623061
0.7761521000356879
0.7038244189170655
0.13881714091985486
0.6070165949058719
0.32153978710994124
0.03538974511320703
0.8942589950165711
0.8234486015280709
0.5338358230073936
0.3985045412555337
0.3357440652034711
0.007477293664123863
0.9912399956083391
0.9755530047987122
0.9579090146871749
0.877768838807242
0.8676815199723933
0.6157130727369804
0.34909240310662426
0.07858062256127596
0.765039191552205
0.732747300498886
0.20019598022918217
0.6650373143493198
0.006833554129116237
0.9892516125401016
0.9716687170730438
0.9618868775141891
0.8974251608306076
0.817277413647389
0.5496334532217588
0.41459217699593864
0.2562277606339194
0.23961755519849248
0.7188612489262596
0.2185994033352472
0.655847327579977
0.09303827365511097
0.7794810915365815
0.7164883659570478
0.14946984022390097
0.5829329275002237
0.25272793191834353
0.2428087483276613
0.7403281061269809
0.22445025565684773
0.7046094692777842
0.13812471803976223
0.6019832903111819
0.3196303355798591
0.05288902239408344
0.9116454369795974
0.7670492689067032
0.699585330527043
0.16735778245492838
0.5020733478595503
0.4940164675936103
0.4898621430329513
0.4700823397724889
0.46493619206012227
0.402190015418455
0.33157031118753366
0.01119424047647044
0.9710864831286017
0.9622325329401065
0.8945712399727199
0.8162897087458987
0.5584580140712205
0.425396930455463
0.29230592760723084
0.12699026227346621
0.6190385181107558
0.36505393986590207
0.09526888487744145
0.8412380234221928
0.523717877571471
0.46010016702348366
0.3814220337953884
0.36356541991699487
0.09680743570788763
0.8384875192423351
0.5159739078953862
0.45221860049059615
0.42068985747755505
0.2623444988857955
0.22859150424483232
0.6892540978151374
0.18519418651703745
0.5557685262465384
0.4265836690028664
0.28372604079777375
0.14882187757757492
0.5852765227900818
0.25589061208302155
0.24014161739614792
0.7205469395266846
0.21633500285679474
0.6498595944431145
0.08240751284756698
0.7532657426781952
0.7442315690568648
0.2361126927426085
0.7321451346797403
0.19643549909233116
0.6607259910670109
0.01782250450924039
0.946532486443175
0.9108874774246942
0.7678186823322903
0.6970174233138096
0.16136476999963634
0.5163371166563593
0.4513551000272855
0.4196163409797009
0.25884949980536476
0.22356998713803478
0.7058695495361462
0.13347779685864225
0.5996602482919116
0.33389291042112745
0.0017392896115779877
0.9977719448215794
0.9933158345229458
0.9888597242243122
0.9709742404229473
0.9621230624325108
0.895159322739346
0.8145220391161274
0.556433889985783
0.4273898265964817
0.282291550131049
0.1531253567954991
0.5885422562714666
0.26562705234391615
0.2031188785622362
0.6718647577799857
0.01559469144558534
0.9843442136480007
0.9530326410022099
0.921721068356419
0.7651636828959454
0.7338516324816737
0.2015558530401904
0.6692582221003249
0.007850512454751879
0.9764629148703534
0.9607613516564015
0.8823758489743341
0.8666130093915854
0.5998700300988276
0.33320240970351733
0.0006522336043417454
0.998050451715244
0.9980428213893902
0.9941284642263781
0.9902141070633661
0.970642321248306
0.9667355934798252
0.9002067804976832
0.8336779675155412
0.5010339026048314
0.4970051045238506
0.49492204043781385
0.4850255226774607
0.4824236559215933
0.4511696018453222
0.41600928333355114
0.25584800928481854
0.23630118696019053
0.7323873000859749
0.19716190031613223
0.6619365005171858
0.01712054421659559
0.9505917312053498
0.9143972788879182
0.756865383911645
0.7411774374486413
0.22353612756705843
0.7058871873305179
0.1333151792641729
0.6000812907877844
0.3334469974215608
0.00040669244481250644
0.9992689193750266
0.9982874687120784
0.9977981740667019
0.9933954759326298
0.9889908704499248
0.9708936442912091
0.9625775426684413
0.8955451299261767
0.8133760543132666
0.5613444890186656
0.4341307425929699
0.30704764858819544
0.17309631148236804
0.5432110807741992
0.38647252891678363
0.3469176791550126
0.08861294511007145
0.76583888757159
0.7028495929262135
0.17104973251116462
0.5142479647183791
0.48073938774177805
0.4484440337691922
0.40882404206786305
0.27353168846457265
0.21077798103215173
0.6323453872755636
0.11664358284906484
0.8500223311129957
0.5832948230090551
0.25013248494360596
0.2496039980032947
0.749357919965405
0.2480737599544227
0.7480122404813301
0.2440367215021979
0.7400616793311201
0.22024608065839857
0.7162158371356782
0.14876959667890333
0.5849873440456577
0.2567931986413896
0.23914580928976648
0.7215275060734712
0.21151665167417377
0.6467572695983108
0.06759412688552402
0.7975094437715597
0.6700022020377219
0.013431251456495374
0.9782668942643795
0.9426141365256626
0.9225849482754711
0.7951119472563732
0.6383573323546443
0.10257486000773497
0.8172773272963241
0.5496333386399783
0.4145918332505971
0.2562283409934025
0.23961721145315096
0.7188630785385612
0.21860149924759753
0.6558410100406036
0.09302765998290852
0.7795107700221706
0.7165214008709881
0.14956529045593925
0.5826075408840552
0.2522231592447497
0.2433648880396504
0.7388994774082676
0.22080156771698967
0.7127291763026733
0.1460000291990582
0.5639530392363667
0.30906235513975844
0.1830464516824577
0.5492495044600219
0.4153343017096631
0.25406003757962026
0.2378198872320354
0.7299458603083622
0.18983758098329417
0.6809793612337671
0.05081209575291723
0.9100638323870953
0.7771899980434682
0.70657035507611
0.13619437217130326
0.5960861046914943
0.3372318744659424
0.01956963536213152
0.9412915706052445
0.9334633349208161
0.8003909586113878
0.6673166747204959
0.001956700754817575
0.9941360935627017
0.9902217362832744
0.9706804679299239
0.9667432229325641
0.9003212222887669
0.8337771504011471
0.5016061115602497
0.4971347903192509
0.49297652987297624
0.4908924823103007
0.4726961032138206
0.45691455135238357
0.3865824859822169
0.34727177684544586
0.08918245771201327
0.7676088852167595
0.6971733443497214
0.16195557385799475
0.5171167292864993
0.450648951868061
0.4144468710583169
0.2571514864685014
0.2402657210768666
0.7245165010099299
0.20492205023765564
0.6382094323344063
0.10298421976040117
0.8167807757272385
0.55014625180047
0.4160972533863969
0.25171020583366044
0.24779912771191448
0.7434040590596851
0.23900136080919765
0.7209270231542177
0.21258612582460046
0.6456891339912545
0.06304703975911252
0.8109677829197608
0.6848641050746664
0.054843720339704305
0.9292256189801265
0.7885313508159015
0.6468609951261897
0.06771922731422819
0.7969653494656086
0.6716577745391987
0.015346255037002265
0.9835387653147336
0.9517312753887381
0.9182436795381363
0.7608939652272966
0.7212816046958324
0.21120859458460473
0.6476700094644912
0.06898755207657814
0.8008500821597409
0.6599498204595875
0.026999834895832464
0.9561217985465191
0.8855486995307729
0.8443916848045774
0.5918260249309242
0.279262836498674
0.21279447004781105
0.6463189509231597
0.06397283467231318
0.8100350980239455
0.6801358266093303
0.054082694376120344
0.9124618105124682
0.7706121715600602
0.6883013584883884
0.18607248697662726
0.5589814887207467
0.4329264482075814
0.2988769053481519
0.16593416544492356
0.5056154732010327
0.4860832685371861
0.4816882594896015
0.4460413428605534
0.41234945578617044
0.2712280662963167
0.18870041155605577
0.6842653339845128
0.056823383551090956
0.9234000178694259
0.7943714507564437
0.6331143541901838
0.10076374976779334
0.8345197843736969
0.5043146632378921
0.48755955073283985
0.47873185950447805
0.43917104962747544
0.4347149989043828
0.30524362955475226
0.1780305609863717
0.5362894852878526
0.3911315440782346
0.3266092140984256
0.04434227955061942
0.8830864425690379
0.850798367842799
0.5846216660866048
0.25399374761036597
0.23805546161020175
0.7301738162350375
0.19058248415240087
0.6821591551415622
0.047331958485301584
0.9212938234268222
0.7640040193509776
0.7314712630177382
0.1962458114430774
0.66297156305518
0.020362666167784482
0.9400250064500142
0.9299383320903871
0.8039464492176194
0.6628159700485412
0.019732246204512194
0.941048355656676
0.932714668859262
0.7996422289870679
0.6645518144941889
0.006344557157717645
0.9897410863486584
0.9692232591041829
0.9682462195341941
0.90473865866079
0.8412310977873858
0.5236932934203651
0.46018573627225123
0.38153377134585753
0.36345919899758883
0.09721401159185916
0.8392784275056329
0.5178362367150839
0.44651420795707963
0.4108388459426351
0.26773428500746377
0.19680331961717457
0.6615779198182281
0.015999020164599642
0.9524914592620917
0.920004899147898
0.7634343359968625
0.7282607996603474
0.19259895227150992
0.6725693764456082
0.045066662976751104
0.8882518175523728
0.8528360321070068
0.5665648599388078
0.30031304951990023
0.16742031768080778
0.5023792089195922
0.4934660490253009
0.4884587221604306
0.47221544210333377
0.46427699699415825
0.3928309914772399
0.3215070553414989
0.03584504488389939
0.8927090129291173
0.8218734148831572
0.5364553735998925
0.3906342406698968
0.3280994238448329
0.046829750324832276
0.8905166698386893
0.8592350746621378
0.5777055872604251
0.29618038510670885
0.1388159477210138
0.6070011022966355
0.32158340950263664
0.03531080685206689
0.8940675794146955
0.8236901065683924
0.5335703197633848
0.39977732236729935
0.3321484010957647
0.0037694255588576198
0.9957108142261859
0.9876226387859788
0.9785540712473448
0.9393377863743808
0.9354161581431981
0.806248474487802
0.6770807908324059
0.03125763134448789
0.9062271060538478
0.8437118432484567
0.5311355306184851
0.46862026711460203
0.40586080713546835
0.34310133947292343
0.02930403666687198
0.9667887442046776
0.9003662625909783
0.833943736506626
0.5018313924665563
0.4979239107342437
0.49377328119589947
0.48962086375104263
0.468866406037705
0.46861451666336507
0.40586643837741576
0.3430878422805108
0.029332191945286468
0.9666909241350368
0.9002216715016402
0.8335385501850396
0.5013527369010262
0.49643078597728163
0.49520519105135463
0.4870864980039187
0.4772516698867548
0.4434891383862123
0.4273450852779206
0.2825543080107309
0.15235042737913318
0.5898351647192612
0.26950549433240667
0.19917582420748658
0.660042735398747
0.02719780063489452
0.95662393400562
0.8859890174644534
0.8459401643194724
0.5876373414939735
0.2707264616910834
0.18818682676646858
0.6856838987150695
0.06016450360766612
0.9309834610321559
0.800823948578909
0.660044377844315
0.027191331260837615
0.9566340754681733
0.8860162765195128
0.8459151634888258
0.5875520858389791
0.2705926439666655
0.18825428077252582
0.6862228033423889
0.05876419917331077
0.9331437957007438
0.8001782262581401
0.6663733083987609
0.0010747193009592593
0.9969070356164593
0.994631410256261
0.984855769231217
0.9838789681962226
0.9516369046468753
0.9193948410975281
0.758184523350792
0.7259424598014448
0.2090773831878323
0.630704358802177
0.11086310265818611
0.8568948337633628
0.5706845015811268
0.2884424077637959
0.1465774931712076
0.56820399951539
0.2983634887204971
0.16939414507942274
0.5081826160021592
0.47594055245281197
0.45908691990189254
0.38067956335726194
0.36089552770135924
0.10685859402292408
0.8205986702814698
0.5382192478864454
0.39706768363248557
0.31673724282882176
0.0498226048075594
0.916939396673115
0.7508907943556551
0.7488000938028563
0.24676673152134754
0.7443209134507924
0.23589409718988463
0.7318638392316643
0.1955915177532006
0.6632254467112944
0.022042411204893142
0.9416852672875393
0.924944198137382
0.7915736635040957
0.6252790094877128
0.12416297153686173
0.8736049527069554
0.6213727577705868
0.370256838388741
0.11188631594995968
0.8518411432742141
0.5694766388041899
0.30329455697210506
0.1604331215203274
0.518700635409914
0.44783486920641735
0.4064968228631187
0.2805104850558564
0.2175201772188302
0.6525624390342273
0.0895540111232549
0.7686915977101307
0.6978601792070549
0.15656881892937236
0.530316521122586
0.4676595052005723
0.40317382811917923
0.3384602864389308
0.01586914065410383
0.9523925780085847
0.920654296700377
0.7619628901593387
0.730224608851131
0.19067382661160082
0.6823730444011744
0.047119133261730894
0.9216308517497964
0.7648925553075969
0.7331542590982281
0.19946277735289186
0.6677244802413043
0.0031734407821204513
0.9948724208516069
0.9846172626130283
0.9841289217001759
0.9523867651587352
0.9206446086172946
0.7619338259100914
0.7301916702999733
0.19057501095812768
0.6822122259472962
0.0471249591500964
0.9211328842793591
0.7643752153962851
0.7306799794896506
0.1988758760271594
0.6592631021921989
0.026129150384804234
0.9538472493295558
0.888885498046875
0.8571472167386673
0.5714416502742097
0.285736083809752
0.14285278276656754
0.5715026849647984
0.28579711756901816
0.1426696749695111
0.5720519953174517
0.28683470824034885
0.14175412480835803
0.5747985414927825
0.2912901726667769
0.1261900402896572
0.6217342204181477
0.3692314734798856
0.11111280650948174
0.8571450369199738
0.5714351109345444
0.2857251847162843
0.14282444582204334
0.571526664250996
0.28587777249049395
0.14279392999014817
0.5719844294362701
0.2862744948361069
0.14117651546257548
0.5764705433393829
0.2941174824954942
0.1333335876406636
0.5999997456674464
0.3333320617675781
3.8146681617945433e-06
0.9999961852445267
0.9999885557917878
0.9999809263390489
0.9999427790753543
0.9999351496226154
0.9998054489260539
0.9996757482294925
0.999027244746685
0.9990196152939461
0.997058845940046
0.9950980765861459
0.9852942298166454
0.9833334604627453
0.9500003814464435
0.9166673024301417
0.7500019073486328
0.7499942778958939
0.24999046314042062
0.7499713896249887
0.2499675746948924
0.7499027245794423
0.2498378735035658
0.7495136242068838
0.2495098057843279
0.7485294248326682
0.24754902895074338
0.7426471392100211
0.24166669844998978
0.7250002225046046
0.20833349227905273
0.6250014304823708
0.12499666211078875
0.8749957084073685
0.6249871252803132
0.3749785421532579
0.12494325594161637
0.8749270433327183
0.6247963889618404
0.3746352167800069
0.12414216340403073
0.8738970672129653
0.6216912016971037
0.369485336181242
0.11041677792672999
0.8562501430278644
0.5729161103372462
0.2812516689300537
0.15624785420368426
0.5937435626401566
0.2812392710475251
0.21872162804356776
0.6562135215499438
0.0936481945682317
0.781067608128069
0.7183210828516167
0.15569853151100688
0.5920956029440276
0.2784926613094285
0.21145840882672928
0.6468750436906703
0.0677080750465393
0.7968757748312782
0.6718737482733559
0.01562124487827532
0.9843711256398819
0.9531133769778535
0.921855628315825
0.7655668850056827
0.7343091363436542
0.2029274090891704
0.6715533112583216
0.014659933833172545
0.9833792967838235
0.9501378904096782
0.9169270018464886
0.7507811248069629
0.7486980457906611
0.24609437584877014
0.7460918724245857
0.23827931281994097
0.7304629384889267
0.19139656412880868
0.6835646925901528
0.0507483180554118
0.9178699546610005
0.7537454050034285
0.745611218677368
0.23778339650016278
0.7289751971547958
0.18893224149360321
0.6839843367342837
0.05794280022382736
0.9238284155435394
0.7910148277587723
0.6308579668111634
0.11132473495672457
0.8574175163521431
0.5722525491146371
0.287087581877131
0.14252144799684174
0.576097778393887
0.29081073991255835
0.13049747518380173
0.610460699419491
0.3563017238047905
0.07281905089621432
0.7815429515903816
0.6554360848967917
0.09228555485606194
0.7778313271410298
0.7143537737138104
0.14306422692607157
0.5717708058073185
0.2856336346594617
0.14401463032118045
0.5727168578305282
0.28261240129359066
0.15265108106541447
0.5889217571238987
0.26848289102781564
0.19607748891576193
0.6627441256423481
0.019612555392086506
0.9411623337946367
0.9333493550948333
0.8000480653427076
0.6667467755905818
0.00024032682995311916
0.9997520436882041
0.9992561311228201
0.998760218557436
0.9962806557305157
0.9957847431651317
0.9873542314162478
0.9794119971920736
0.9382360046729445
0.9362752353190444
0.808825706015341
0.6833293017116375
0.049987920094281435
0.9166866303130519
0.750060399499489
0.7499370579316746
0.24981498668785207
0.74968910071766
0.24907493346836418
0.7489337849838194
0.2468547738099005
0.7448367837932892
0.23451801063492894
0.7339495443447959
0.20245158064062707
0.6700988900265656
0.013234469457529485
0.9779358751547989
0.9416806857043412
0.9250180244853254
0.7916556993441191
0.6250901225430425
0.1247830382490065
0.8747210491565056
0.6241631475277245
0.37360524613177404
0.12137268614606
0.8702578360680491
0.6118874058010988
0.3518385017523542
0.06948497155099176
0.8033096416038461
0.6604181597940624
0.018745533598121256
0.9479139804898296
0.9062724907707889
0.7811958791280631
0.7186796660826076
0.15604186002747156
0.5934002383146435
0.28034662938443944
0.217569582775468
0.652955761179328
0.08801004843553528
0.7674490976205561
0.7007962593634147
0.165380099468166
0.5039838002994657
0.48804859904339537
0.48020546036423184
0.44061638112179935
0.43230793878319673
0.296923816378694
0.17179363933973946
0.5153809180483222
0.484130798780825
0.45239239642978646
0.4206539939623326
0.2619619823235553
0.23022357950685546
0.6906707414018456
0.18236801869352348
0.5471040651900694
0.42161529028089717
0.2648458858311642
0.23307693598326296
0.6992310186324175
0.16794833549647592
0.5038455424946733
0.4960317905060947
0.4880971605598461
0.4801606223336421
0.4404858028574381
0.43254139297641814
0.29765172975021414
0.17054498818470165
0.5118182787264232
0.48029241294716485
0.4409702675184235
0.4330182246339973
0.2990898574353196
0.16523114292067476
0.5045511896023527
0.4863464311347343
0.478464759682538
0.4432678442681208
0.42361444895504974
0.29464714863570407
0.1339414459944237
0.5982357434695587
0.33035189780639485
0.009001527010696009
0.9732939189998433
0.9551640262943693
0.8845384451560676
0.8493172185844742
0.5792628101771697
0.2622115698759444
0.22899124401737936
0.6889421528903767
0.1840282788616605
0.5580359432206023
0.42410930563346483
0.2901807001326233
0.12945789957302622
0.6116270168568008
0.3527109791757539
0.0669280975998845
0.7992197622661479
0.6653595119714737
0.0039214640273712575
0.98826591661782
0.9804227499116678
0.9413297024148051
0.9333641073026229
0.800520582968602
0.6671867489640135
0.002605418354505673
0.9921912550926208
0.9921836256398819
0.9765508769778535
0.960918128315825
0.8827543850056827
0.8671216363436542
0.6013649090891704
0.3356158112292178
0.006847433774964884
0.9911917968420312
0.9735753907007165
0.9559895019046962
0.8835936257964931
0.8502605467801914
0.5820318807964213
0.2539043575525284
0.24609179791877978
0.7382754533900879
0.2304589896230027
0.6913773863052484
0.1835605647356715
0.5506827079807408
0.417806638404727
0.25342367400298826
0.24559206695994362
0.7367991562059615
0.2279756234784145
0.6918084152275696
0.17506519804010168
0.5412106558505911
0.37662743279361166
0.3720717206597328
0.11816067245672457
0.8662065788521431
0.5986197366146371
0.331032894377131
0.008732385496841744
0.975511840893887
0.9578029274125583
0.8775677876546979
0.8672966369776987
0.6170439113629982
0.3511393636581488
0.08525388923590071
0.7560220215236768
0.739746495441068
0.22021414153277874
0.7153303455270361
0.15185327266226523
0.5805598850711249
0.25926639314275235
0.22311635114601813
0.7065061717876233
0.13515115273185074
0.5950348230253439
0.3398997632029932
0.027267649013083428
0.9568325715663377
0.8863668553822208
0.8467855266353581
0.588696423714282
0.26615422559552826
0.2015388486906886
0.6693102521530818
0.00793075651745312
0.9764366140007041
0.9605598420603201
0.882183070119936
0.8652992104180157
0.5994224384776317
0.3297614579787478
0.012737192533677444
0.9774205750436522
0.9442098054569215
0.926379416778218
0.7835490276338533
0.6494752257713117
0.08282432449050248
0.7526238711725455
0.7422466424468439
0.24212454186636023
0.7263736265595071
0.210622709360905
0.6318681348056998
0.11611721231020056
0.8484737519756891
0.5805860923137516
0.25824172579450533
0.22600726145901717
0.7092796606011689
0.13003646064316854
0.6098907975538168
0.3578744570550043
0.07557706825900823
0.7893821397738066
0.631880283675855
0.116100787272444
0.8484911907580681
0.580629822332412
0.25811147171771154
0.2257580621226225
0.7095064932946116
0.1292976841214113
0.6126264656486455
0.3535273298912216
0.06443329888861626
0.810488350543892
0.6815720718295779
0.05254349796450697
0.9078746643499471
0.7783424907829612
0.7118589744786732
0.14739010960329324
0.5671703299449291
0.2994658112002071
0.1641483503044583
0.5075854666356463
0.4918956148030702
0.47574787959456444
0.45947807651828043
0.3793802745058201
0.3627747706195805
0.10395312658511102
0.8138740022841375
0.5588667273696046
0.43282864495995454
0.29946249740896747
0.16414326397352852
0.507570325396955
0.49193757673492655
0.4758203596866224
0.4596878837328404
0.37911705739679746
0.362938804726582
0.10457493146532215
0.8151900554075837
0.5554067538469099
0.4279572245432064
0.28680900562903844
0.14177024975651875
0.5747517238196451
0.2913938492129091
0.12632211530581117
0.6211557541682851
0.3709077383100521
0.11297122988617048
0.8545386916084681
0.5653521793719847
0.3054315514455084
0.17844741651788354
0.5353422504558694
0.3942212047695648
0.32328874844824895
0.03410199415520765
0.8991817499045283
0.8346970930579118
0.5040912801632658
0.48797030007699504
0.47954360375297256
0.44033982569817454
0.4304482406878378
0.30342977383406833
0.16029790465836413
0.5191062859958038
0.4485409942572005
0.40837481993366964
0.27493657532613724
0.2084005585347768
0.625323805550579
0.12403431092388928
0.8739951422612648
0.6220331282529514
0.37001511940616183
0.11017127399099991
0.8579644096607808
0.574637276615249
0.29227120560244657
0.12709263362921774
0.6187220990832429
0.36453683182480745
0.09388950484571978
0.8433314856665675
0.5305524757422972
0.46693637865246274
0.403878417564556
0.3371931563306134
0.019670561130624264
0.940988316811854
0.9328973135270644
0.7989666004723404
0.6656004607502837
0.005167017370695248
0.9844989478588104
0.9840068518533371
0.9525088368682191
0.920034259383101
0.7635207469575107
0.7281164819723926
0.1926502272253856
0.672080365329748
0.04651453354745172
0.88976093364181
0.8582476447336376
0.5747965494520031
0.29128417966421694
0.1261800130305346
0.6217041016207077
0.36926269507966936
0.11120605442556553
0.8570556633058004
0.5716552721569315
0.28527831664541736
0.1444091757584829
0.5738525275373831
0.2845458789379336
0.15051263829809614
0.5799559882143512
0.2633054759935476
0.22790495099616237
0.691527383052744
0.17565817857393995
0.54259959681076
0.37829089784645475
0.3692481406033039
0.11118910086224787
0.8570077083422802
0.5715724414912984
0.2852826824528165
0.14415195913170464
0.5735866086324677
0.28326852835016325
0.15019441492040642
0.5836574778659269
0.2509810503688641
0.24705708821420558
0.7450958251720294
0.23529561358736828
0.7333221435837913
0.199996948154876
0.6666412351187319
0.00010681123239919543
0.9998321525345091
0.9995574937493075
0.999404903879622
0.9983978227537591
0.9971465935523156
0.9929656773165334
0.9908599307818804
0.972762987279566
0.9568632088194136
0.8862759010226
0.847060304513434
0.5882404551666696
0.26667455039569177
0.19999160757288337
0.6666272482543718
0.00011825605179183185
0.9998741144663654
0.9996223434573039
0.9993705724482425
0.998111717402935
0.9978599473251961
0.993823982658796
0.9892997367423959
0.9696081946603954
0.9676474253064953
0.9029422759776935
0.8382371266488917
0.5166645050048828
0.4500064849271439
0.41667747488827445
0.25003242469392717
0.2499065396550577
0.749841689306777
0.2495326983043924
0.749452587304404
0.24847220987430774
0.747369754652027
0.24236104940064251
0.741731586138485
0.2259806932124775
0.7093141574296169
0.12990346609149128
0.6102915090450551
0.3583345095103141
0.07500734325731173
0.7916725476097781
0.625044346001232
0.12488985017989762
0.8748583787819371
0.6245751365204342
0.37432241160422564
0.12321900666574948
0.8725924407481216
0.6185555205447599
0.36360307299764827
0.09669149716501124
0.8388474941020831
0.51654251414584
0.45208144187927246
0.418752431840403
0.26040768617531285
0.2187774180492852
0.718713998561725
0.1561448571155779
0.593579529930139
0.2808005796105135
0.2181456055259332
0.6546533064392861
0.09091304437606595
0.774258354504127
0.709497635718435
0.12935035064583644
0.6126833375601564
0.3538597927254159
0.06354412634391338
0.8093763232172932
0.6822836597857531
0.046899020759155974
0.9218336938065477
0.7655048961751163
0.7342471475130878
0.20274907199200243
0.6712357377109583
0.013760618952801451
0.9822015090030618
0.9469821820966899
0.9112593153840862
0.7662220656638965
0.7015169163350947
0.16901174187660217
0.5085916816897225
0.47526261207531206
0.45704165095230564
0.378876536997268
0.37106183147989213
0.11318632934126072
0.8553117804112844
0.565935461432673
0.3080530427978374
0.17422958815586753
0.5403012220049277
0.3790977700264193
0.36295178791624494
0.10451164154801518
0.8153718319663312
0.5555973107402679
0.42851446717395447
0.2858104531769641
0.14258760961820371
0.5722407473949715
0.287065289739985
0.14246911511872895
0.5760280409594998
0.29059270612196997
0.13017501405556686
0.6095364697976038
0.35889059194596484
0.07762521182303317
0.7953908987110481
0.6381260615889914
0.10198501870036125
0.8196286074526142
0.5528954006440472
0.4116273782856297
0.26707865664502606
0.19967956459731795
0.6674448584672064
0.0023346205125562847
0.9934844553063158
0.9883269169658888
0.9725492898433004
0.9647060327988584
0.8941185755247716
0.8235304034606088
0.5333382127864752
0.4000025580462534
0.333317521144636
4.839393659494817e-05
0.9999163004686125
0.9997632345184684
0.9997474690317176
0.9992434204323217
0.9987373452750035
0.9962196056731045
0.9957236931077205
0.9876593624940142
0.9786184656550176
0.9392733788117766
0.9351152842282318
0.8060783640248701
0.6760647621122189
0.034305714536458254
0.9009891361638438
0.8284714272886049
0.5147116039588582
0.48320935617084615
0.44987983856117353
0.4160467809124384
0.25185967260040343
0.24789235668140464
0.7436771008069627
0.239705924061127
0.7191179875226226
0.2181373642233666
0.6544125695363618
0.09166341437958181
0.7749976420018356
0.708339483680902
0.12501874260487966
0.6249495392548852
0.3749110862845555
0.12477941540419124
0.8747159622726031
0.624150759074837
0.37364338751649484
0.12144133765832521
0.8701891547534615
0.6120933454367332
0.35219700320158154
0.06843952284543775
0.8024939315509982
0.6579550481401384
0.028552645293530077
0.961650241544703
0.8966694802802522
0.8180483227188233
0.5479026004031766
0.4188551431579981
0.26052514486946166
0.2194473810668569
0.7169363411958329
0.1538789012702182
0.587193686136743
0.2696691857127007
0.19099244667449966
0.6829050423402805
0.048959275387460366
0.915624083019793
0.7552036614506505
0.7343895983649418
0.2343579985317774
0.703076882782625
0.171792399516562
0.5153850123751909
0.4841185232507996
0.45237236624234356
0.4205939071252942
0.2618999788246583
0.2300395061611198
0.6908510596549604
0.18193581214291044
0.5480055367806926
0.41848410485545173
0.26021896096062846
0.22011000814381987
0.7151582586520817
0.1514030851831194
0.5809489028179087
0.2586181575898081
0.22513831706601195
0.7073975528473966
0.1282957420917228
0.6192622404487338
0.3612055250850972
0.10705416469136253
0.8216526860196609
0.5352708265709225
0.3944011451967526
0.3238289736909792
0.03450596969923936
0.9003959787660278
0.830064149806276
0.513652884576004
0.4784658147254959
0.4432713408896234
0.42360990663291886
0.2946343920484651
0.13391915091779083
0.5982430245203432
0.33040448566316627
0.00879444443853572
0.9736185749352444
0.9560363650380168
0.8837381799530704
0.8504944445157889
0.5827940102026332
0.25265473072067834
0.24233919219113886
0.7417897556151729
0.22585754908504896
0.7091929225134663
0.13050845789257437
0.6104277531558182
0.3562467813899275
0.07289079815382138
0.7813562157389242
0.6560806028137449
0.0933047519356478
0.7806481089210138
0.7171388820861466
0.15340076573193073
0.5866728815890383
0.27221185524831526
0.19163565518101677
0.6755203436187003
0.042187938262941316
0.8776018373901024
0.8671948472619988
0.6171790480148047
0.3515382806654088
0.08589583649882115
0.7576933498494327
0.7420606011874042
0.2261818036204204
0.7103106354770716
0.13093190648942254
0.6150321288150735
0.3453405271284282
0.0909382323443424
0.7742796600214206
0.7095745106926188
0.12921205192105845
0.6123638442077208
0.35442921417416073
0.06328764255158603
0.8112085710454267
0.6836257131944876
0.05849976811441593
0.9256214342894964
0.7925026552984491
0.6283628754899837
0.11955804727040231
0.8606273268524092
0.6056180253799539
0.32381673410418443
0.03444040584145114
0.9005855095165316
0.8297530031122733
0.5126979415363166
0.4775321379129309
0.4443266118178144
0.42673274138360284
0.28413500619353727
0.149303979735123
0.5848181763431057
0.2544566749711521
0.23662998250802048
0.7277168639702722
0.19194167741807178
0.6742365924001206
0.04029386714682914
0.8791223031003028
0.8629993611830287
0.6046364415669814
0.31500837492058054
0.05498286595684476
0.9288646137574688
0.7876249086693861
0.6449835726525635
0.0658122391323559
0.8069578159193043
0.6728919302404393
0.04382420927868225
0.8856172387022525
0.8443555312114768
0.5921486985171214
0.27842595340916887
0.2117430630896706
0.6470128787914291
0.06677392317214981
0.8001684190530796
0.6661303841101471
0.0018224725790787488
0.9976568192942068
0.9934892606106587
0.9882840965874493
0.9726495579234324
0.964835119782947
0.8945054191281088
0.8241756027564406
0.5350425158976577
0.4021970973117277
0.3316247042675968
0.010987408983055502
0.9709440230217297
0.9626410800556187
0.895737648505019
0.8132143005786929
0.5607404683541972
0.43521212800987996
0.3056936184875667
0.17672441105241887
0.5340833276859485
0.3992470552911982
0.3344868275744375
0.004376038035843521
0.9877417821262497
0.9789133487793151
0.9387482498132158
0.9338024574390147
0.8082433620293159
0.6748793364095036
0.041791160620050505
0.8756185778183863
0.8731442678836174
0.6228846278972924
0.36865388829028234
0.11474357676343061
0.8442307526711375
0.5932539209607057
0.2797618234762922
0.21626987316994928
0.6488097531837411
0.08531666500493884
0.7559518734633457
0.7400808096572291
0.22024246069486253
0.716273188998457
0.14881980360951275
0.5852800592256244
0.2559016915911343
0.24012290762038901
0.720553270104574
0.2163930874376092
0.6496794999111444
0.08221913332818076
0.7535867408441845
0.7451619776256848
0.2371949189400766
0.7273968074005097
0.19390917260898277
0.6760849823767785
0.034360387857304886
0.900932734250091
0.8285440656472929
0.5149290999397635
0.48256410559406504
0.45074520717025734
0.41534263896755874
0.25408652491751127
0.23784723709104583
0.7299106993305031
0.18973209804971702
0.6808037356240675
0.05133950972231105
0.9084819485724438
0.7745543628989253
0.7075909127306659
0.12722833469160832
0.6183149958960712
0.36385844595497474
0.09597082287655212
0.837118310155347
0.5201468543964438
0.43956134433392435
0.431499919941416
0.30231798329623416
0.1575034749985207
0.5274897537892684
0.4644363758270629
0.39380123096634634
0.32250255707185715
0.03295081466785632
0.9035399440326728
0.8366290733683854
0.5216069241869263
0.442991727613844
0.42321537909447215
0.29308363870950416
0.13658854228560813
0.5972656275844201
0.3391927139018662
0.017578141792910174
0.9472655745921656
0.9121092910063453
0.767577902879566
0.7011715894914232
0.1660148281371221
0.5058579513279255
0.4863247779139783
0.48241755907656625
0.4472527071193326
0.41208781057503074
0.2675212401372846
0.20109850825974718
0.6658123049710412
0.00549379424774088
0.9854717422276735
0.9813212844892405
0.9478701705811545
0.9066064523649402
0.7803666121326387
0.7176181463873945
0.15285540034528822
0.5883393169788178
0.2669729982444551
0.1995701210689731
0.6670984602824319
0.002760225353995338
0.9927188644651324
0.9906087249401025
0.9739746103296056
0.9532063752994873
0.8903808740433306
0.8591308441828005
0.5773925326066092
0.29565422103041783
0.13696266364422627
0.6052243515150622
0.315673055651132
0.057371787988813594
0.9221153772668913
0.7966269613825716
0.6398809144739062
0.1081349283340387
0.8244048903288785
0.5426583737425972
0.37797586611122824
0.37004019296728075
0.11012099657091312
0.8581368468585424
0.5744106011698022
0.2926373594091274
0.1279473116446752
0.6200651560211554
0.36026423709699884
0.10817270239931531
0.8248998305061832
0.5411696490482427
0.3764929675962776
0.37252089541289024
0.11757608986226842
0.8665222159179393
0.5996602382801939
0.33389282776624896
0.0017394886817783117
0.9977721997711342
0.9933165993716102
0.9888609989720862
0.970977561752079
0.9621273965749424
0.8951713193382602
0.8145432627934497
0.5564236177306157
0.4274553486320656
0.28236604592530057
0.1529018624278251
0.5881697703152895
0.26674092741450295
0.19977722121984698
0.6662953661289066
0.00111390434904024
0.9966583039204124
0.9944304866075981
0.9854888193367515
0.9810636428010184
0.9475857058132533
0.9072714927897323
0.7782124089135323
0.7137265822675545
0.14118414479889907
0.5764476549811661
0.29409459460293874
0.13338699322775938
0.5998700449708849
0.3332023650291376
0.0006523082556668669
0.9980506747961044
0.9980430453433655
0.9941291360883042
0.9902152268332429
0.9706456805579364
0.9667317713028751
0.900195313966833
0.833658856630791
0.5009765699505806
0.49707029009005055
0.4951171501597855
0.4853514505084604
0.4833983105781954
0.45019493176368997
0.41699155294918455
0.2509746588766575
0.24902151894639246
0.7470645717694424
0.24510759476106614
0.7353228887950536
0.23336582220508717
0.7000977204297669
0.16682911105453968
0.5004892293072771
0.498534193233354
0.4975557047291659
0.49267098112613894
0.49168481840752065
0.47508128519984894
0.45844698062865064
0.3754067389818374
0.37426900304853916
0.1232876646972727
0.8727984260185622
0.6183952781138942
0.36399213020922616
0.09589029991184361
0.8375732427230105
0.5205485004116781
0.438354498706758
0.436401358776493
0.3092040763585828
0.18200679394067265
0.547973521752283
0.4188230994041078
0.2603755781019572
0.2191154989413917
0.7178938346623909
0.1551492088183295
0.5904476432478987
0.2757460515713319
0.2041951896098908
0.6375365649000742
0.10402429266832769
0.812927601597039
0.5619498428131919
0.43585096739116125
0.3097501715528779
0.18023141627782024
0.553147335536778
0.4114198097377084
0.2657575001067016
0.2027290433179587
0.6712328742432874
0.01369862278806977
0.9823874679277651
0.947162403841503
0.9119374589645304
0.7671234125737101
0.700586955237668
0.16438293701503426
0.5068511889257934
0.49119567111483775
0.4735870133736171
0.4559783556323964
0.3835600671591237
0.3503264091850724
0.08222922804998234
0.7535851858847309
0.7451305649301503
0.2372874801803846
0.7274874557042494
0.19424996065208688
0.6765304457221646
0.033887163415784016
0.8985979091376066
0.8354565332992934
0.5073156448779628
0.4906987900030799
0.47408004247699864
0.4534939652075991
0.39000783147639595
0.3575349515886046
0.07602339124423452
0.7906066520372406
0.6301369835273363
0.10958904935978353
0.8590997808787506
0.5772993724967819
0.2954990386206191
0.13698641414521262
0.604696275346214
0.31506919584353454
0.05479621223639697
0.9295482550223824
0.7886447651253548
0.6477412752283271
0.06849850071012042
0.8023203358170576
0.6575103574432433
0.027470834960695356
0.964462495787302
0.8939053623762447
0.8223410892824177
0.5330034350336064
0.403942449396709
0.33701617759652436
0.020327367092249915
0.9399954152177088
0.9301053202943876
0.8039911748492159
0.662248213076964
0.02106976805953309
0.9387590835394803
0.9337231964163948
0.8082191794237588
0.6751467732538003
0.04109589723520912
0.876712336204946
0.8727984269498847
0.6183952809078619
0.36399213486583903
0.09589028407935984
0.8375732883578166
0.520548579574097
0.4383547231554985
0.43640112128923647
0.30920336389681324
0.18200560650439002
0.5479699445422739
0.4188190621207468
0.26036391328671016
0.21909531066194177
0.7178361457481515
0.15508817459340207
0.5905086793354712
0.2754408729961142
0.20498865502304398
0.6384521080763079
0.10323088127188385
0.8175051591533702
0.5474845228891354
0.4202867650601547
0.2628138970467262
0.22741231010877527
0.6939571145921946
0.17612524511059746
0.5342465768626425
0.40117416696739383
0.32876712607685477
0.013698623602977023
0.9823874652502127
0.9471623995341361
0.911937445809599
0.7671234303852543
0.7005869432468899
0.16438302118331194
0.5068509811244439
0.491195402079029
0.47358620626619086
0.4559770700579975
0.38355670194141567
0.3503218355763238
0.08221702667651698
0.753594074078137
0.7451687110878993
0.2372188148146961
0.7273119769524783
0.19404397037578747
0.6759429761732463
0.034672978828893974
0.9018404440721497
0.8305508962948807
0.509230830706656
0.47306699020555243
0.45631043883622624
0.3849902532529086
0.3454011741268914
0.0909980425494723
0.7739726041036192
0.7093933476426173
0.1301369843131397
0.609589048428461
0.35909978178096935
0.07729937523254193
0.7954990300349891
0.636986430210527
0.10469632071908563
0.8150691179034766
0.554795984266093
0.42954801380983554
0.28864405635977164
0.14774006910738535
0.5684987847926095
0.30231623497093096
0.15750638887402602
0.5274813250871375
0.4644310246803798
0.3938433744770009
0.3223992643179372
0.03281747325672768
0.9036286783521064
0.8359928987920284
0.5233629010035656
0.445111948880367
0.42933000237098895
0.28818187449360266
0.14729532159981318
0.5669031311990693
0.2992906063445844
0.1654843439173419
0.5042808206053451
0.48764677305007353
0.47859589688596316
0.4392123353900388
0.43529842569842003
0.3058952775900252
0.17649212855030783
0.5333903020946309
0.40007324126781896
0.33304849595879205
0.0008545176824554801
0.9989013246668037
0.9967039908224251
0.9945066914369818
0.9854732328967657
0.9813225347024854
0.9478742844366934
0.9066140268405434
0.7803889555798378
0.717640506423777
0.15292582762776874
0.5882197067257948
0.26662139827385545
0.200136818428291
0.6669235298759304
0.0007858186727389693
0.9986953487095889
0.9961165935674217
0.9960402397846337
0.9882124509604182
0.9802623534051236
0.9410622549185064
0.9326840768044349
0.7996116667927708
0.6647046258149203
0.005886122671654448
0.9901999680441804
0.9705999041907489
0.9666249597794376
0.8999359145527706
0.8333994572167285
0.5003204420208931
0.49903867387911305
0.499008141370723
0.4970244241412729
0.4950407666328829
0.48512229992775247
0.48313840353512205
0.44941521063447
0.41764639687607996
0.2529392055585049
0.24509233600110747
0.7353076299186796
0.23328952834708616
0.7000519439170603
0.1665697121352423
0.5002908635651693
0.4991903224145062
0.49854752983083017
0.496561964857392
0.49554526977590285
0.48675429594004527
0.4778410133731086
0.44158397999126464
0.42533979154541157
0.2924011604045518
0.12720729599823244
0.6183781119761989
0.3639825934660621
0.09585406028782018
0.8374912267317995
0.5207754748989828
0.43770409282296896
0.43713950269739144
0.31163213116815314
0.18638415905297734
0.559152492089197
0.4319208624656312
0.29799040048965253
0.1685307058505714
0.5100481467961799
0.46985601118649356
0.46544573589926586
0.40073270016000606
0.3291818380821496
0.012454549054382369
0.9792436377028935
0.9377311441348866
0.9372340371483006
0.8117111830506474
0.6862054813536815
0.05863221047911793
0.9334783685335424
0.8006505797093268
0.6675767391861882
0.0032528986630495638
0.9941489846096374
0.9863039997871965
0.982380076951813
0.9471469066338614
0.9119829969131388
0.7671989912632853
0.700539986777585
0.16412759071681648
0.5076172278204467
0.4918620510434266
0.4755861531593837
0.4599606611591298
0.3798819837393239
0.3623033665062394
0.10253557685064152
0.8193312548391987
0.5517452023050282
0.40915747339022346
0.2743588794255629
0.2098899810516741
0.6296704661217518
0.11196519481018186
0.8516501919075381
0.5700873559981119
0.3043935377791058
0.16324207879370078
0.5219986051379237
0.4418512631964404
0.42517863225657493
0.2913588132651057
0.12606008286820725
0.6218331288837362
0.36986364229233004
0.1095939667429775
0.8590863400313538
0.5772819977428298
0.2955130755144637
0.13702751154778525
0.6045491412805859
0.31535646042902954
0.05546059540938586
0.9283448074420448
0.785278086172184
0.644408928550547
0.07385180247365497
0.7845446512219496
0.6505090468563139
0.07995180081343278
0.7632936308218632
0.7278846411791164
0.1914683330396656
0.6755951200611889
0.04265834245597944
0.8779759233875666
0.8700403648253996
0.6101211674103979
0.35813643646542914
0.07440966775175184
0.792640376224881
0.627951661212137
0.12006271057180129
0.8602799154468812
0.6081873115617782
0.3248523363727145
0.04109868747764267
0.87671550642699
0.8727917847572826
0.6183800183935091
0.36397687235148624
0.09584452633862384
0.8374664209550247
0.5208079156582244
0.4376678951084614
0.4370574094064068
0.3119046948268078
0.18589754766435362
0.5596457829233259
0.43046436057193205
0.3033564939687494
0.1602583103813231
0.5193509538366925
0.4487847457348835
0.4095981330028735
0.2756697585864458
0.2042409630957991
0.6372771702881437
0.10379542291047983
0.8136142307776026
0.5591574419522658
0.43192938255378976
0.29798569789272733
0.16855819581542164
0.5100724828371312
0.4697854349797126
0.4657527893432416
0.4011732687067706
0.32876779150683433
0.013696625450393185
0.9823817455326207
0.9471452366560698
0.9119851420982741
0.7672054263530299
0.7005507106077857
0.16415597638115287
0.5076541430025827
0.49172011806513183
0.47601485945051536
0.45940946639166214
0.3801815260667354
0.35954733213293366
0.10891927749617025
0.8275390706548933
0.5452473894983996
0.3876953538565431
0.3525389537680894
0.06933579055476002
0.8017574191908352
0.6591789919184521
0.024412334489170462
0.9599587305274326
0.8798761937359814
0.8622941305220593
0.6025112181960139
0.31929842129466124
0.05165673804003745
0.9090022589953151
0.7739733898488339
0.7093942296633031
0.13013623454025947
0.6095935791381635
0.35908571374602616
0.0772838743578177
0.7955150154302828
0.6370333872037008
0.10452820226782933
0.8153245265420992
0.5554935440013651
0.42826143142883666
0.2855282056843862
0.1439113238302525
0.5723589715198614
0.28304850100539625
0.1538330034527462
0.587361660960596
0.2698974838713184
0.19079585940926336
0.6817625815165229
0.04870592197403312
0.9195552891760599
0.7591546256735455
0.722776449722005
0.20690717405523174
0.6363466432667337
0.09703592990990728
0.8379835331288632
0.517421973956516
0.4507095644657966
0.41548413928830996
0.25428024426219054
0.23764754843432456
0.7285990264208522
0.18921510814107023
0.6852924954728223
0.055877906968817115
0.9264828653249424
0.7833549130882602
0.6499924815434497
0.08327908648061566
0.7502092548529617
0.7496512021170929
0.24909326859051362
0.748814301827224
0.2467213954369072
0.7442108136601746
0.23611958551919088
0.7320709316118155
0.19636533063021488
0.660934406449087
0.018203625979367644
0.94541916277376
0.913894265104318
0.7729943082958926
0.6947157051472459
0.17808308757958002
0.5362025072099641
0.39139247831190005
0.3268000830721576
0.04303760838229209
0.886512413242599
0.8473120772687253
0.588934732688358
0.2683606574719306
0.19595564302289858
0.6621335496020038
0.021442487981403247
0.9393346454016864
0.9354207361466251
0.806262208498083
0.677103680849541
0.0313110426068306
0.9060668721504044
0.8434447869367432
0.5303343608684372
0.467712275654776
0.4031368269934319
0.33856137833208777
0.01568413502536714
0.9530620497826021
0.921686149406014
0.7653102490294259
0.7334307471464854
0.20205484676989727
0.6687866255524568
0.010274233878590167
0.9691772983351257
0.9682006163930055
0.9046018492372241
0.8410030820814427
0.5239859280118253
0.45941047914675437
0.38018480088794604
0.3595524106931407
0.10893436532933265
0.8275584202201571
0.5451753803936299
0.38791423113434575
0.3522504920256324
0.06849314415012486
0.8023483281722292
0.6575342792202719
0.027397162280976772
0.9647750770382117
0.8943252311728429
0.8238753853074741
0.534248241194291
0.401176310115261
0.32877310080220923
0.013694050634512678
0.9823667935561389
0.9471948060090654
0.9118969180854037
0.7672392908134498
0.7002812728751451
0.1648117026197724
0.506543481402332
0.48844148687203415
0.4721755393547937
0.46434777867398225
0.3930433360510506
0.3217388934281189
0.03552918240893632
0.8939122376905289
0.8223617173207458
0.5330378721409943
0.4038164288213011
0.3373791226767935
0.019980505370767787
0.9408023498253897
0.931996090861503
0.7979452128056437
0.6687866851571016
0.01027393585536629
0.9691781924047973
0.9681997223233338
0.9045991670282092
0.8409986117330845
0.5239723977574613
0.45939527996233664
0.38013896491611376
0.3595984850835521
0.10907080036122352
0.827328644314548
0.5454663106647786
0.3871315625438001
0.3547807688009925
0.06458695375476964
0.8062543993582949
0.6770658272434957
0.0313043063506484
0.9061803137592506
0.8435409413359594
0.5309015689126682
0.46784217000822537
0.4050672416924499
0.3404766515886877
0.0254583980422467
0.9548862508672755
0.8883406428794842
0.8525562637660187
0.5673312109138351
0.2997186898428481
0.16481165046570823
0.506543518655235
0.488441822148161
0.47217475704383105
0.46434675794444047
0.39304027386242524
0.32173378978041
0.03553105250466615
0.8938951237068977
0.8223447374475654
0.5329674567037728
0.4040287480165716
0.3371167951845564
0.020143755042226985
0.9395687348442152
0.9315077872597612
0.8023396770004183
0.6575561642530374
0.02736411488149315
0.9647827745357063
0.8944700358842965
0.8240353461296763
0.5348501795378979
0.40142720760195516
0.3309906104695983
0.008600884611951187
0.9752655526390299
0.9570769372512586
0.8787992289289832
0.8709561516880058
0.612868455122225
0.3547807585564442
0.06458689321880229
0.8062545791035518
0.6770655338768847
0.03130341321229935
0.9061813130683731
0.8435439690656494
0.530906565458281
0.46784197536180727
0.40508232259890065
0.340491615148494
0.02541161305271089
0.9550228041771334
0.8885974653239828
0.8533153149473947
0.5680025855253916
0.2979487066331785
0.16877899615792558
0.5102666045131627
0.46921544524957426
0.46820824581664056
0.4047162903880235
0.34110226441407576
0.023581571207614616
0.9605167416157201
0.8821303002187051
0.8653888863045722
0.5991458410280757
0.3295497108483687
0.012086632748832926
0.9798562478390522
0.9395687435753644
0.9315078094950877
0.8023397451033816
0.6575562137295492
0.027363783679902554
0.9647836601070594
0.8944692359946202
0.8240327415696811
0.5348461949906778
0.40141377502004616
0.33097704214742407
0.008556607092032209
0.9753220013808459
0.9572169694001786
0.8785936572821811
0.8701703134574927
0.6122199401725084
0.35231647099135444
0.0690348983334843
0.8009519772604108
0.6597089180140756
0.026734291459433734
0.9554432005097624
0.8839079687313642
0.8485050651652273
0.5806750497722533
0.25816132020554505
0.22565625287825242
0.7097522712138016
0.12953248727717437
0.6114025381393731
0.3533153184107505
0.06800259780720808
0.7979486698750407
0.6687789365532808
0.010266664088703692
0.9692157433310058
0.9682074709271546
0.9047153960855212
0.841099343582755
0.5235769805440214
0.46051906593493186
0.38211509730899706
0.3653738175344188
0.09919133048970252
0.8293810706527438
0.5118568011967
0.48005556137650274
0.44071600382449105
0.4317738577083219
0.2984343891730532
0.16927585782832466
0.5078280633897521
0.47651582094840705
0.46086016736808233
0.3825805356609635
0.3669230431842152
0.10076919663697481
0.8346553006849717
0.5039667626551818
0.48821870700339787
0.48028303211322054
0.44109365428448655
0.43267032387666404
0.2997199564415496
0.16481646354077384
0.5065348312782589
0.48845214865286835
0.47220865718554705
0.46423340481123887
0.39294432528549805
0.32141110513475724
0.03601070598233491
0.8931883765326347
0.820678534306353
0.53820758414804
0.39733832035562955
0.3170149648212828
0.0491916167375166
0.9151540613966063
0.7547514499747194
0.7369129548314959
0.22688362299231812
0.6943494925799314
0.17869342866470106
0.5360804348019883
0.39346770924748853
0.3210626985237468
0.037788494839333
0.8946913018298801
0.8159404220932629
0.5580514751782175
0.42424616831704043
0.2903185675968416
0.12904429718037136
0.6128680658293888
0.3547785140690394
0.06458638471667655
0.8062469478463754
0.6770884201978333
0.03126526065170765
0.9062042180157732
0.8436736967123579
0.5310210901952814
0.46849056889186613
0.40547170670470223
0.3424528445175383
0.027358533581718802
0.9648280122491997
0.8944840368058067
0.8241400613624137
0.534920187870739
0.40207620870205574
0.33125915116397664
0.010381043568486348
0.9688568692654371
0.9686126093729399
0.9058378281770274
0.8430630469811149
0.5294332816265523
0.46641435980563983
0.39973147996352054
0.3320718028116971
0.0037846027116756886
0.995971133641433
0.9879134009825066
0.9798556832247414
0.9395681268069893
0.9315092723700218
0.8023426054278389
0.657547632290516
0.027357103070244193
0.9648265817377251
0.8944797452713829
0.8241329088050406
0.5349292477767449
0.4020518900069874
0.33121671265689656
0.010259450093144551
0.9692245107144117
0.9682440142496489
0.9047320428071544
0.8412238860619254
0.5237031294964254
0.46014824270969257
0.3815186847059522
0.3633213259745389
0.0975360332231503
0.8397197031299584
0.5191591094480827
0.4485985306673683
0.4082957154896576
0.27523495361674577
0.20852155666216277
0.6264192259986885
0.12147474382072687
0.8704676599882077
0.6114029837481212
0.35331486255745403
0.06800125440349802
0.7979502202069853
0.6687835853372235
0.010258913651341572
0.9692232590168715
0.9682462196215056
0.9047386589227244
0.8412310982239433
0.5236932947300375
0.4601857340312563
0.38153376468108036
0.3634591915179044
0.09721398932742886
0.8392784499446861
0.5178363035665825
0.44651433505350724
0.41083874765899964
0.2677336494671181
0.19680286626680754
0.6615760124404915
0.01600474212318659
0.9524971814535093
0.9199915481440257
0.7634629467211198
0.7281673391989898
0.19245208517531864
0.6726437610923313
0.045553029398433864
0.8867812741955277
0.8552831975684967
0.5660937375796493
0.30766980451880954
0.17471937538357452
0.5398143627971876
0.3815339509455953
0.3634587221313268
0.09721544219064526
0.8392769970814697
0.5178309913026169
0.44650705583626404
0.41084504339960404
0.26770901039708406
0.1968734158144798
0.6614553651888855
0.01563426200300455
0.9530993895314168
0.9218297628394794
0.7655165726027917
0.7342349802784156
0.20270589456777088
0.6711791930138133
0.013814278761856258
0.9819946650823113
0.9465941382513847
0.910339178837603
0.76910358024179
0.6986688867618795
0.1585066640691366
0.5245944487978704
0.45757349487394094
0.37737107925931923
0.36844371719053015
0.11341926726163365
0.8472425572108477
0.589154860645067
0.26770884182769805
0.196873474487802
0.6614557908033021
0.0156326312571764
0.953102106199367
0.9218368436850142
0.7655105311132502
0.7342452685988974
0.2027358058548998
0.6712263430817984
0.013679029303602874
0.9824137667601462
0.9472413003386464
0.9120688339171465
0.7674565018096473
0.7010492979025003
0.16564789376570843
0.5052464895998128
0.484489468857646
0.4842452685988974
0.452735805825796
0.4212263430526946
0.26367902918718755
0.23241376664373092
0.6972412999602966
0.16206883324775845
0.5174565036722925
0.4510492923145648
0.41564788442337885
0.2552464616310317
0.23448949691373855
0.7342452365846839
0.2027357102779206
0.6712261830107309
0.01367855235002935
0.9824132898065727
0.9472398694779258
0.9120664491492789
0.7674646100203972
0.7010259271773975
0.16560830661910586
0.5051296359742992
0.4846120459260419
0.4841217376233544
0.4523671207134612
0.42060868817497976
0.26185563567560166
0.23008671015850268
0.6907485309639014
0.18168355082161725
0.5487146100203972
0.41977592717739753
0.25935830659000203
0.22387963594519533
0.7033620458096266
0.14037173794349656
0.608617121266434
0.32685868980479427
0.04310563358012587
0.8863367113226559
0.8469985358824488
0.5879335613863077
0.2674645821971353
0.20102589117595926
0.6656082074914593
0.005129457131261006
0.9846116285771132
0.9841231088503264
0.9523693266091868
0.9206155443680473
0.7618466331623495
0.7300928509212099
0.19076683407183737
0.6817297556845006
0.04860723586170934
0.9196389818680473
0.7589169456623495
0.7232569134212099
0.20541527157183737
0.6338781931845006
0.09841192336170934
0.8307717943680473
0.5079403831623495
0.4761866009212099
0.4602980841009412
0.38094850559718907
0.36501348597812466
0.09542023175163195
0.8409481953422073
0.5240381625771988
0.45932152346358635
0.3799719375092536
0.3601306790660601
0.1081155349384062
0.8243466049025301
0.5425928184122313
0.37826697566197254
0.36922936071641743
0.11110772026586346
0.8571384974638931
0.5714154924498871
0.28575352259213105
0.14292253766325302
0.5713544572936371
0.28593662806088105
0.14322771344450302
0.5703168596373871
0.28904942102963105
0.14841570172575302
0.5702558244811371
0.30461338587338105
0.16385759625700302
0.5230756486998871
0.44444492884213105
0.428567068913253
0.2857099260436371
0.14287022183998488
0.5714503697236069
0.2856488907709718
0.14305332765798084
0.5717555460869335
0.28558785549830645
0.14396885674796067
0.5725490046315826
0.2823529860470444
0.15294104182976298
0.5882350697065704
0.2666669209720567
0.1999992370547261
0.6666653950815089
3.814697265625e-06
0.9999885558790993
0.999980926484568
0.9999427795119118
0.9999351501173805
0.9998054504103493
0.999675750703318
0.9990272521681618
0.9990196227736305
0.9970588683790993
0.995098113984568
0.9852943420119118
0.9833335876173805
0.9500007629103493
0.916667938203318
0.7500038146681618
0.7499961852736305
0.2499885558790993
0.7499809264554642
0.2499427794246003
0.7499351500009652
0.24980545006110333
0.7496757500921376
0.24902725033462048
0.7490196209109854
0.24705886279116385
0.7450981046422385
0.23529431398492306
0.7333335558359977
0.20000066756620072
0.6666677792672999
3.337860107421875e-06
0.9999957084364723
0.9999871253676247
0.999978542298777
0.99994325634907
0.9999270438856911
0.9997963905043434
0.9996352195448708
0.9991421699232887
0.9988970756239723
0.9966912269301247
0.994485378236277
0.98541688916157
0.9812502860731911
0.9479165076918434
0.9062514304823708
0.7812466621107887
0.7187457084364723
0.15623712536762469
0.5937285422696732
0.2811932562617585
0.21867704376927577
0.6560463901259936
0.09338521887548268
0.7803921682934742
0.7176470735284965
0.1529412206436973
0.5882353677297942
0.2666668613674119
0.2000002503336873
0.6666664083604701
1.2516975402832031e-06
0.9999962448782753
0.9999961256689858
0.999988377065165
0.9999806284613442
0.9999418854422402
0.9999341368384194
0.9998024105734657
0.9996783137030434
0.9990349411673378
0.9990043043799233
0.9970129131979775
0.9950520395941567
0.9851561188406777
0.9830731749243569
0.9492195248312782
0.9179674982733559
0.7539024948782753
0.7460898756689858
0.23826962706516497
0.7304493784322403
0.19134813535492867
0.683527886722004
0.050583660224219784
0.917647063091863
0.7529411893337965
0.7450980524881743
0.23529415752273053
0.7333332801645156
0.19999984055175446
0.6666668926482089
7.972121238708496e-07
0.9999985918111634
0.9999966099567246
0.999995641381247
0.9999869242019486
0.9999782070226502
0.9999433234042954
0.9999259039468598
0.9997951164550614
0.9996381029195618
0.9991325810260605
0.9988798424310517
0.9966471567458939
0.9944335445470642
0.9855142309970688
0.9809573217935394
0.9477531090087723
0.9077134355611634
0.7778286412067246
0.714351110131247
0.14305333045194857
0.5717555507435463
0.2855878545669839
0.14396887258044444
0.5725490223267116
0.2823529460001737
0.152941173146246
0.588235309056472
0.266666681622155
0.19999995510443114
0.6666665918310173
2.5425106287002563e-07
0.9999992372177076
0.9999987287155818
0.9999961862049531
0.999996184342308
0.9999885530851316
0.9999809218279552
0.9999427655420732
0.9999351342848968
0.999805402912898
0.9996756715408992
0.9990270146809053
0.9990193834237289
0.9970581503293943
0.9950969172350597
0.9852907517633867
0.9833371480635833
0.9500114442489576
0.9166857404343318
0.7500572213612031
0.749935149186058
0.24980544761638157
0.7496757460176013
0.24902723811101168
0.7490196068247315
0.24705882053240202
0.7450980342109688
0.2352941045537591
0.7333333464048337
0.20000004299799912
0.6666667321114801
2.2246968001127243e-07
0.9999997139384504
0.9999992052034941
0.9999985698086675
0.9999966612958815
0.9999957073887344
0.999987122224411
0.9999785370600875
0.9999432424956467
0.9999270260741469
0.999796340795001
0.9996351304871496
0.9991419604921248
0.998896806355333
0.9966913727985229
0.9944840318930801
0.9854200045519974
0.9812542915751692
0.9479133287386503
0.9062714579922613
0.7811932555341627
0.7186770428379532
0.15604638736112975
0.5933852142770775
0.28039215598255396
0.21764705792884342
0.6529411775409244
0.08823528967332095
0.7666666794975754
0.7000000147090759
0.1666666514647659
0.5000000754953362
0.4999997734557837
0.49999974176171236
0.4999992253142409
0.4999987479823176
0.4999962439760566
0.4999961247376632
0.4999883742420934
0.49998062374652363
0.49994187126867473
0.49993412077310495
0.4998023623484187
0.49967835439019836
0.4990350631996989
0.4990040613047313
0.4970121839432977
0.49505130844772793
0.48515392537228763
0.48307679101708345
0.4492303730803542
0.41794937817030586
0.2538481345400214
0.2460278859070968
0.7380836577503942
0.23014705895911902
0.6904411770810839
0.18259803819819354
0.5477941150893457
0.4208333296701312
0.26249999084393494
0.2291666799574159
0.6875000511354301
0.1874999150459189
0.5624997789273039
0.4374997094855644
0.3124992025841493
0.18749859149102122
0.5624966091418173
0.4374956403335091
0.31248692102963105
0.18747820172575302
0.5624433244811371
0.43742588587338105
0.312295096257003
0.1871381486998871
0.5616324288712349
0.4363795689714607
0.30914742598542944
0.18193272201460786
0.5480128700146452
0.41846138989785686
0.2602408302773256
0.22019305045250803
0.7152753538393881
0.15178137164912187
0.5803615195327438
0.2589154413435608
0.22325367594021372
0.7054227932239883
0.1338541676523164
0.598437497013947
0.3307291617093142
0.007812514959368855
0.9765624550927896
0.9609374251740519
0.8828122755803633
0.8671872456616256
0.6015617370430846
0.3359362284245435
0.007808685302734375
0.9921836852736305
0.9765510558790993
0.960918426484568
0.8827552795119118
0.8671226501173805
0.6013679504103493
0.33561325070331804
0.006839752139057964
0.9912071227154229
0.9736213682044763
0.9560356136935297
0.8837318411387969
0.8505210866278503
0.5828132599417586
0.25260543325566687
0.24219129979610443
0.7421836703724694
0.2265510111756157
0.7109183519496582
0.1327550559071824
0.6171223966812249
0.35136719010188244
0.08561198349343613
0.7568359505676199
0.7412109206488822
0.22363276200485416
0.7060546033317223
0.13378883997211233
0.6005856513802428
0.3330070177617017
0.0029282569885253906
0.9931607246107887
0.9912066459364723
0.9736199378676247
0.956033229798777
0.88373231884907
0.8505129813856911
0.5828042030043434
0.2525649070448708
0.24230623239418492
0.7420611380657647
0.2261834142555017
0.7103056904161349
0.13092470081755891
0.6150393474672455
0.3453774421068374
0.09082173742353916
0.7744107115722727
0.709956629172666
0.12986988757620566
0.6122831459506415
0.35248209710698575
0.06926269628456794
0.8015543609508313
0.6588134814519435
0.02355955558596179
0.9608154144661967
0.8824462434567977
0.86657707291306
0.5997312187973876
0.3338620463910047
0.00158613920211792
0.9974352717108559
0.9923058151907753
0.9920615553564858
0.976184666127665
0.9603077768988442
0.8809233307547402
0.8650464415259194
0.5953834652609657
0.3408648371405434
0.02430349582573399
0.9598197340092156
0.8794592020858545
0.8616291877406184
0.6027098289050627
0.3169354786223266
0.04919510777108371
0.9154040168214124
0.7540245505224448
0.7381552902224939
0.23009087072568946
0.6907765704090707
0.18170471128541976
0.5486399341316428
0.41960144354379736
0.2588348333374597
0.22352598773431964
0.7059173412853852
0.13337702403077856
0.5998992070381064
0.3331449205579702
0.00059480220079422
0.9983665123290848
0.9971146806783509
0.9930538609332871
0.9910692497796845
0.9732077493972611
0.9553767665929627
0.8839612677402329
0.8481772467202973
0.5804683342284989
0.2591138109273743
0.22265858197351918
0.7070249839744065
0.1367075813759584
0.5976287346566096
0.3398080533952452
0.019424727914156392
0.9490501029649749
0.9097123314277269
0.7767452688422054
0.7054247015039437
0.133852259372361
0.5984432218538132
0.33073870310909115
0.007844925916288048
0.976465222222032
0.9607753703894559
0.8823261112265754
0.8666972964128945
0.6000918892968912
0.33348648218088783
0.00045944657176733017
0.9994790395430755
0.9984371186874341
0.9973951978317928
0.9921894082508516
0.9921817769936752
0.9765529604337644
0.9609088850847911
0.8827800610742997
0.867090209358139
0.6014003278396558
0.33545104690711014
0.007322073855903
0.9907166947668884
0.9741108387534041
0.9535834739508573
0.8901045173697639
0.8578164427599404
0.5755245236505289
0.2890822139161173
0.13275338616222143
0.617120726936264
0.3513698102615308
0.08560363476863131
0.7568643101549242
0.7411744583223481
0.22353100465261377
0.7058722916990519
0.13336013437947258
0.6000344584754203
0.3333065004844684
0.00017229246441274881
0.9995441595965531
0.9994143963267561
0.9983729520754423
0.9970719817501958
0.993161915888777
0.9912044991215225
0.9736220804916229
0.9560263104212936
0.8837525705748703
0.8504841149260756
0.582825372548541
0.25250068338937126
0.24261239083716646
0.7415098834608216
0.2247814206930343
0.708529794588685
0.12636758567532524
0.6214160452655051
0.37013045864296146
0.11228347348514944
0.8524834970885422
0.5692608178069349
0.30155629906221293
0.1588231626083143
0.5235305121459533
0.46078249710262753
0.3823474913369864
0.36666044101002626
0.09998132305918261
0.8333644416707102
0.5000933846749831
0.4998452802246902
0.4995362579356879
0.4994708995509427
0.4984137119608931
0.49743464557104744
0.4923076322302222
0.492059617274208
0.4761866004555486
0.46029808642924763
0.38094849954359233
0.36501349389436655
0.09542022290406749
0.840948175318772
0.5240381090261508
0.4593216431385372
0.3799715794157237
0.3601310390222352
0.10811493935761973
0.8243448246794287
0.5425907699682284
0.3782758963352535
0.36920447717420757
0.11113823830964975
0.8571079784887843
0.5713239420438185
0.2860281793982722
0.1433803092513699
0.5708356654504314
0.2874930035904981
0.1458217928011436
0.5625349968904629
0.3123952495516278
0.18732597006601281
0.5620474355528131
0.4369053058908321
0.3108666052867193
0.18461439351085573
0.5555550708377268
0.428567069437122
0.28570992551976815
0.14287022341159172
0.5714503723429516
0.28564888291293755
0.14305335123208351
0.5717555853771046
0.28558784030610695
0.14396899033454247
0.5725491392659023
0.2823525821440853
0.15294225353864022
0.5882370892213657
0.2666646321886219
0.20000610340503044
0.6666768389986828
3.051810199394822e-05
0.9999084456649143
0.9998474094609264
0.9995422293723095
0.999481192236999
0.99844357863185
0.9974059613014106
0.9922179128334392
0.9921568477584515
0.9764705433335621
0.9607842389086727
0.8823529561341275
0.8666664123593364
0.5999997456383426
0.3333320619130973
3.8142316043376923e-06
0.9999961848079693
0.9999885544821154
0.9999809241562616
0.9999427725269925
0.9999351422011387
0.9998054266616236
0.9996757111221086
0.9990271334245335
0.9990195030986797
0.9970585093542468
0.9950975156098139
0.9852925468876492
0.9833315531432163
0.9500022888823878
0.9166577658324968
0.7500267033174168
0.7499656672298443
0.24989700174774043
0.7498283362365328
0.249546043924056
0.7494163432565983
0.24837110014050268
0.7470817173016258
0.24313724180683494
0.7411764836579096
0.22352945103193633
0.7058824221021496
0.1333333015209064
0.6000002225337084
0.3333334923663642
1.4303368516266346e-06
0.9999966617033351
0.9999957079126034
0.9999871237960178
0.9999785396794323
0.9999432494223583
0.999927034979919
0.9997963656496722
0.9996351750160102
0.9991420652077068
0.9988969409896526
0.9966908230271656
0.994485658738995
0.9854179700196255
0.9812479972897563
0.9479187329125125
0.9062600137258414
0.7812199588224757
0.718719005031744
0.15615701515343972
0.5935950252460316
0.2807850768440403
0.21822308588889427
0.6546692597912624
0.0911764656775631
0.7735294236626942
0.7107842985133175
0.13235289652948268
0.6166665911441669
0.3500000436906703
0.08333307507564314
0.7500007747439668
0.7499987481278367
0.24999624444171786
0.7499961252033245
0.2499883756681811
0.7499806261039339
0.24994187837000936
0.7499341288057622
0.24980238647549413
0.7496782744419761
0.2490349425934255
0.7490041828423273
0.2470127870037686
0.7450514356023632
0.23515597579535097
0.7330711086688098
0.19922512778430246
0.6679574845475145
0.00387912942096591
0.9960588807880413
0.9881766424223315
0.9802944040566217
0.9409528304531705
0.933000973862363
0.799142158095492
0.6650735339790117
0.004779398877872154
0.9871323699480854
0.977083383477293
0.9437499617342837
0.9270834252238274
0.7812502905144356
0.6562492026714608
0.0937485916656442
0.7812466095492709
0.718745640857378
0.15623692263034172
0.5937282043742016
0.28119331650668755
0.21867590982583351
0.6560451361583546
0.09338813327485695
0.7803825645532925
0.7176297057012562
0.1528970157087315
0.5881839528447017
0.26676492142723873
0.1997090652876068
0.6664978041080758
0.0014546735328622162
0.9965515206858981
0.9955749431683216
0.9867248295631725
0.9778747159580234
0.9414366488636006
0.9257506117282901
0.7928768371057231
0.6287530587578658
0.12063419030164368
0.8627604016801342
0.6039062350173481
0.3138020085170865
0.05859397441963665
0.9335934956907295
0.8007804871303961
0.6679674785700627
0.0039024357683956623
0.9960899338766467
0.9882698035507929
0.9804496694996487
0.9413490215956699
0.9335288763686549
0.8005866608291399
0.6676443819596898
0.0029333824932109565
0.9951130137196742
0.9853395199170336
0.9833775687147863
0.9501360571011901
0.9169288640259765
0.7507870987756178
0.7487068202462979
0.24612807529047132
0.7459983736916911
0.23811719330842607
0.7299918685457669
0.19089116097893566
0.6820944383216556
0.04823644188581966
0.9182846926269121
0.7607747376896441
0.7215820443234406
0.21175131516065449
0.6469727403891739
0.06689430875121616
0.8002926826593466
0.6665031113661826
0.001463413645979017
0.9965786928369198
0.9956011756148655
0.9868035289982799
0.9780058791220654
0.9418377786932979
0.9252199877810199
0.7913002522254828
0.6260999585792888
0.12170062903896905
0.8695021404419094
0.6104610387119465
0.3563009580830112
0.07282075853436254
0.7815454805386253
0.6554274572990835
0.09231328725581989
0.7777943540422712
0.7142558016639668
0.14288947559543885
0.5713400444947183
0.28604161873226985
0.14334046505973674
0.5710126117337495
0.2872599234688096
0.14608154600136913
0.5637410329654813
0.3087769010453485
0.18328849869430996
0.5498654961120337
0.4169308940763585
0.25079268231638707
0.24871700955554843
0.746151029568864
0.2460288391157519
0.7380865192390047
0.23014419560786337
0.690432600065833
0.18261233539669774
0.5478370392811485
0.4208819284103811
0.26264589789207093
0.22941165458178148
0.6882356921269093
0.18627384889987297
0.5588237243937328
0.4333310728543438
0.29999762613442726
0.16665762395132333
0.5000272324250545
0.4999641686154064
0.49989441508660093
0.4998284734610934
0.4995532768080011
0.4993927889445331
0.498407494102139
0.4971786472306121
0.49302419589366764
0.49079133788472973
0.4729384864331223
0.45619956104201265
0.3853223497280851
0.34404725590138696
0.0929328573984094
0.7798066358373035
0.7152752349211369
0.15178244400885887
0.5803625929402187
0.2589122211211361
0.22326333660748787
0.7054388943361118
0.133896954881493
0.5984922407951672
0.33063729587593116
0.008088112343102694
0.9757356629415881
0.9595594382553827
0.8791665960743558
0.8625020901381504
0.6041688681289088
0.3125104508071672
0.06247031729435548
0.9374684089852963
0.8124052270140965
0.6873420450428966
0.06202804346685298
0.936962953186594
0.8109537114505656
0.6848147660493851
0.05493070179363713
0.9294423907122109
0.7883271721948404
0.6472119536774699
0.06663586109061725
0.8005206425441429
0.6671869278070517
0.002605120185762644
0.9921903614595067
0.9921827311336529
0.9765481934591662
0.9609212851792108
0.8827638555958401
0.8671064297377598
0.6013192892714869
0.33569236609037034
0.007077098300214857
0.9909619087411556
0.9728857262816746
0.9567702982167248
0.8859378029883374
0.8463524490653072
0.5859437932085712
0.27342636897810735
0.19528485788032413
0.6796521986543667
0.03895659602130763
0.898268622753676
0.8198669034754857
0.5540873774443753
0.41244526766240597
0.27059901316533796
0.18826209189137444
0.6862476895621512
0.058743068744661286
0.9331915728980675
0.8000651756883599
0.6662107228767127
0.001627246558200568
0.9970713855291251
0.9931608434126247
0.9912055725289974
0.9736186249938328
0.9560364458302502
0.8837381531775463
0.8504947334586177
0.5827933301043231
0.2526539118553046
0.24233676446601748
0.7417855108797085
0.22584672129596584
0.709179324505385
0.13053441827651113
0.6103536853042897
0.3564393130072858
0.07323182170512155
0.7821966274932493
0.6552413528843317
0.09072596605983563
0.7762077219085768
0.7036348791443743
0.13910299935378134
0.6068609237845521
0.32059828445198946
0.0382108690100722
0.8970899578707758
0.8167581549205352
0.549910544330487
0.41682147679966874
0.25052928423974663
0.2484140247979667
0.7474355546873994
0.2423066641204059
0.7420605863153469
0.2261817590042483
0.7103106802678667
0.13093204086180776
0.6150318750587758
0.34533979566185735
0.09093756024958566
0.7742776139930356
0.7095783179684076
0.1292234736320097
0.6123448378639296
0.3543718667351641
0.06335211198893376
0.8111510156886652
0.6839489737176336
0.05771201872266829
0.9246467940683942
0.7895672905433457
0.6312982404779177
0.11466556388768367
0.8439974069478922
0.5930121341953054
0.2800151110277511
0.21506941298139282
0.6520484682405367
0.08120834740111604
0.7602814424608368
0.7192026345583145
0.21815525929559954
0.6546164619503543
0.09086499904515222
0.7743039815977681
0.7098181596084032
0.12945665445295162
0.6116300366120413
0.35271672770613804
0.06694139193859883
0.7992368742125109
0.665293040277902
0.004120879108086228
0.9880036629911046
0.9796398046601098
0.9400183150719386
0.9299450551334303
0.8039377287204843
0.6627899880695622
0.01968864371883683
0.9409340691636316
0.9330586112337187
0.7992368699633516
0.6652930567506701
0.004120829689782113
0.9880037257971708
0.9796399921469856
0.9400186388811562
0.9299459008325357
0.8039368834870402
0.6627910277165938
0.019684537226567045
0.9409467696677893
0.9330727259512059
0.7992181779118255
0.6653642650344409
0.003909110324457288
0.9882745726208668
0.9804601648065727
0.9413804944779258
0.9335508241492789
0.8006677350203972
0.6678228021773975
0.0034989316191058606
0.9953640109742992
0.9865651709260419
