3.814697265625e-06
0.9999980926222634
0.9999933242506813
0.9999880790419411
0.9999735355086159
0.9999521970457863
0.9998937248892616
0.9998089968867134
0.9995756298012566
0.9992337152070832
0.998300287843449
0.9969425927556586
0.9932126560888719
0.9877380351244938
0.9728017321031075
0.9510838453134056
0.8914003596000839
0.8038038946106099
0.06483383278828114
0.967336908710422
0.8873909628600813
0.29836943972622976
0.8185868101427332
0.08673543171607889
0.4405188836681191
0.1527788417006377
0.41567594921798445
0.04116972701740451
0.47941416743560694
0.19754484167788178
0.7762270985695068
0.5957044378155842
0.6396475417132024
0.17626806802581996
0.8806120243680198
0.8087097958778031
0.08781637280480936
0.9401921553653665
0.4044115576543845
0.5438727114233188
0.7199760016519576
0.5775110305694398
0.20928360920515843
0.26643620975664817
0.36629358353093266
0.7836462685081642
0.608054787007859
0.12956540277809836
0.43518487343681045
0.02361826188280247
0.47255728498566896
0.7009618984593544
0.01621779054403305
0.9918214715726208
0.9718625824607443
0.9496150994382333
0.8921347963332664
0.8029541300784331
0.5633015817438718
0.21786092736874707
0.2641001681040507
0.3639215359580703
0.7867870783084072
0.10562605381710455
0.8768743528053164
0.31131079836632125
0.3399500694940798
0.8221494620665908
0.08867719254340045
0.4395323718781583
0.6552318469621241
0.6683555140334647
0.1577646188379731
0.42011049028951675
0.535915950225899
0.2315460543613881
0.8138524834939744
0.5928296026831958
0.2016165761742741
0.7701633580436464
0.6149140289344359
0.16028590354835615
0.9198569251457229
0.2819993995653931
0.35851151138194837
0.2562567870190833
0.36772108895820566
0.30051350136636756
0.3174537274753675
0.8412731061980594
0.5714131399872713
0.7142933683935553
0.5000269970332738
0.24997885667835362
0.3749490587215405
0.3124033965286799
0.8435387826175429
0.07774232554947957
0.960087394923903
0.39300311417900957
0.05324571920209564
0.438205615762854
0.15583591852919199
0.42109734009136446
0.037376134627265856
0.47740460600471124
0.6982769832247868
0.5239083526248578
0.22235114208888263
0.8252257958811242
0.5795744660426863
0.7101514933747239
0.5178485806682147
0.7410594962420873
0.5937645642552525
0.6406158067693468
0.17965773402829655
0.37885961911524646
0.060446153103839606
0.9617162295617163
0.3779980714607518
0.05904676631325856
0.9625248766387813
0.3771359692327678
0.5614310011442285
0.21513219954795204
0.25961745134554803
0.8696419574262109
0.549545429792488
0.19394675258081406
0.7740590998728294
0.5973449652665295
0.6378346827696078
0.6732701575383544
0.6318361782177817
0.1821287858474534
0.3933101264410652
0.5533439756254666
0.6881697196513414
0.5309113254479598
0.2335596647753846
0.31876703508896753
0.836464049294591
0.0661429753236007
0.4658906724653207
0.6342416793340817
0.6827417706663255
0.14105098962318152
0.929226534703048
0.753152540710289
0.12140858179191127
0.9314832090749405
0.268129616859369
0.865935191308381
0.5317497323849238
0.7341175034525804
0.5694341512862593
0.7132649196719285
0.0024983394250739366
0.4987344976689201
0.2466044158791192
0.8688833232154138
0.0489261316251941
0.944221607001964
0.3987387723173015
0.5349901164881885
0.7320161827083211
0.06269896993762814
0.46852844464592636
0.6402465273567941
0.1788677488511894
0.37736272838083096
0.06106591210118495
0.46556079341098666
0.6343455903406721
0.18184968674904667
0.39331079716794193
0.5528563122206833
0.188415087206522
0.2805473599873949
0.35777122803847305
0.25464328605448827
0.8721895838389173
0.05608507865690626
0.4560729383083526
0.14500849103205837
0.42746496773906983
0.003978961060056463
0.49800287492689677
0.24306348370737396
0.3625953027512878
0.7854686384962406
0.6072647270339075
0.12554956891108304
0.9372252136527095
0.780288249719888
0.10790179643663578
0.3796103662461974
0.5601337798289023
0.7111397410044447
0.5036830591561738
0.24767006619367748
0.8673451409267727
0.5507023987593129
0.6931470268464182
0.027938190149143338
0.9781554605287965
0.9474418850440998
0.9012633213424124
0.28349727642489597
0.8582207248546183
0.003994148893980309
0.4979952886351384
0.7430675459909253
0.6125813468825072
0.6605061414593365
0.16968183350400068
0.4068582719482947
0.046562755916966125
0.47572678577853367
0.6976824090816081
0.5258841335016768
0.22143286615028046
0.3267758173169568
0.832690578798065
0.583622218342498
0.7072123282996472
0.021385727712186053
0.48904773299000226
0.22373677138239145
0.8255629497289192
0.5791618677030783
0.2104171289538499
0.2677123653702438
0.8661357101227622
0.5315012217906769
0.23424721162882634
0.3198728541319724
0.33905648486688733
0.8127677326265257
0.593600844120374
0.2026492482109461
0.27269117630203255
0.3616705010354053
0.2878518050420098
0.8516795511823148
0.011644935322692618
0.49390281073283404
0.7369314984243829
0.10026897519128397
0.8834277911228128
0.3082860741415061
0.8292475316557102
0.08536096778698266
0.9551202089933213
0.8974322642025072
0.797316336829681
0.06996545434230939
0.9640406506950967
0.3753707897849381
0.5620699578139465
0.21798082822351716
0.2639190050540492
0.8641323398624081
0.5361876655952074
0.7318899547099136
0.5636204186594114
0.7181854392692912
0.013679496187251061
0.9892539700958878
0.474107696529245
0.20041551068425179
0.7669146563566756
0.6165426419756841
0.1585098183422815
0.42074412963120267
0.5352294698823243
0.7323771420342382
0.06337679902208038
0.4680653136165347
0.13898366980720311
0.9265979792980943
0.7549472241662443
0.12252543328213505
0.43079502397449687
0.5189774875179864
0.7382968095480464
0.5996015950804576
0.6376682040572632
0.17329140164656565
0.8819744791835546
0.30705963165382855
0.33056858874624595
0.8347157036187127
0.0787315470224712
0.4606265968468506
0.1436948653717991
0.4261994119733572
0.5053717577538919
0.24633743937010877
0.3690178098040633
0.7993758467491716
0.06905826143338345
0.46143444173503667
0.6286577772407327
0.1846772632561624
0.8998183498333674
0.7842214161937591
0.6059356895566452
0.12665765889687464
0.9355725217610598
0.2782919918827247
0.3529804353020154
0.7608834203565493
0.11760516386129893
0.4252976387797389
0.005124375718878582
0.49743015292915516
0.24345716374227777
0.8626139764091931
0.035489886649884284
0.982246949482942
0.9380757421022281
0.4059457932889927
0.045928470528451726
0.4750807015807368
0.6959884878597222
0.5268832013243809
0.7199492064828519
0.07746423862408847
0.9593128480773885
0.8914217970450409
0.3037998665240593
0.8148893081233837
0.09243326814612374
0.9498599347425625
0.3922575323667843
0.05289419073960744
0.438395700417459
0.6555559807165992
0.17026888459804468
0.4108977621071972
0.5440618839929812
0.7201412385329604
0.5771542438014876
0.20946592345717363
0.26634541020030156
0.8667946278001182
0.03431508084759116
0.980881644616602
0.9389718965103384
0.9045353429683018
0.7938107898808084
0.09476318687666208
0.8901143459661398
0.8029286665841937
0.06325633122469299
0.46786829427583143
0.639049650169909
0.6763171548664104
0.1305606646637898
0.4336167395231314
0.5253638038993813
0.7216318244463764
0.576553909224458
0.7075726510083769
0.02118207630701363
0.9883084216562565
0.9745881280687172
0.9501438874867745
0.39199348172405735
0.5537437404855154
0.689924766193144
0.5299727369856555
0.23098519194172695
0.8141863134806044
0.09186918596969917
0.9501586782862432
0.39196986315073445
0.5537708080955781
0.6899071710067801
0.5299166550394148
0.7311351835669484
0.06410415671416558
0.4669713591283653
0.13757361497846432
0.4231563134526368
0.007170859258621931
0.9944594178523403
0.9871414688823279
0.9746904478233773
0.9462485241820104
0.40175365266622975
0.5313008777447976
0.734318982984405
0.5702184305991977
0.7146389843837824
0.00156722278916277
0.4981768239813391
0.24700533706345595
0.3684249403013382
0.3001615442626644
0.3166816513694357
0.34165868995478377
0.8208068715175614
0.08959250900079496
0.4385869092948269
0.155674954818096
0.9199652568204328
0.28610346213099547
0.3568871741590556
0.2511199277359992
0.8744362214056309
0.5605536273506004
0.21581502893241122
0.7592646033153869
0.12033718073507771
0.922188404831104
0.25765579732251354
0.3706675996945705
0.29806462267879397
0.8195934716204647
0.5882463169982657
0.6902212640561629
0.0294009656063281
0.9813245987752452
0.43878079173737206
0.15560769583680667
0.4202391956059728
0.03596649275277741
0.4815274581487756
0.18891995429294184
0.780417699192185
0.10783611756050959
0.8794010022538714
0.3102952071931213
0.8360480075643864
0.566320240177447
0.21659526147414
0.7583939567266498
0.6207409095950425
0.6730241679761093
0.13220736765651964
0.43169899086933583
0.5185177482489962
0.24060379626462236
0.8442957721999846
0.015344484359957278
0.9912133260222618
0.9711902119452134
0.4519010709191207
0.1451355702301953
0.4274159723718185
0.004034933255752549
0.4979784727329388
0.7429388483578805
0.11241675808560103
0.9105570207175333
0.7944773191702552
0.09396411158377305
0.890456901572179
0.30428228341042995
0.8156303250871133
0.5901094036817085
0.19712896665441804
0.27591659856261685
0.84641574654961
0.01422915345756337
0.9889791135210544
0.4741226298210677
0.1994611390400678
0.7674531138909515
0.6157772939477582
0.1569398437277414
0.9214060408412479
0.2883204169338569
0.8538556569546927
0.5105111065204255
0.7442474593408406
0.6122207378211897
0.16239542988478206
0.41489590832497925
0.5420024907507468
0.2270451210788451
0.8239621805259958
0.08701170669519342
0.44080405091517605
0.1524006781692151
0.4159708255028818
0.04189250178751536
0.47880763965076767
0.19806553586386144
0.7754746587888803
0.5966223782452289
0.1390665021026507
0.9263082511315588
0.7555958129232749
0.12116354194586165
0.43160571411135606
0.018432668002787977
0.9905394918168895
0.46957388473674655
0.7022245370026212
0.021934127755230293
0.4850035987328738
0.7262462927901652
0.07336951830075122
0.4613611619279254
0.12844261826830916
0.4347863311995752
0.524733291764278
0.7220045091235079
0.5745445570792072
0.7049142676405609
0.522054569068132
0.23506622700369917
0.3510943076107651
0.7609762836655136
0.6175280921452213
0.175549911276903
0.8804788653505966
0.3087534832593519
0.3378088361059781
0.3152264109812677
0.8418979758571368
0.5750837194209453
0.20440146935288794
0.27278394319000654
0.3616547841229476
0.787918777379673
0.10164602030999959
0.8866760342789348
0.8065378822211642
0.5808619177551009
0.709049733763095
0.5165688829729334
0.7415848417731468
0.09576031344477087
0.8896044568682555
0.8011692127911374
0.0679169462819118
0.4650344463007059
0.13454808352980763
0.9322221797483508
0.7682023673551157
0.11589499973342754
0.4068656056479085
0.04656624255585484
0.47573267185362056
0.6976647731498815
0.5259234690456651
0.7214093910297379
0.5767342672043014
0.20771789917489514
0.7710189799545333
0.11351393981021829
0.41196249713539146
0.04346940328832716
0.9704451090947259
0.9512702377396636
0.39539568847976625
0.5520577464194503
0.19270586702623405
0.27864705902175047
0.3528601406433154
0.26106989799882285
0.3675109722535126
0.8006175979971886
0.06795266640256159
0.4650461505516432
0.6345422872109339
0.6822400980454404
0.1432244314928539
0.928386707615573
0.25064276630291715
0.8746785870171152
0.061680269544012845
0.9672066135390196
0.8872377192601562
0.29856860867585056
0.31842785951448604
0.8368793395347893
0.065797039977042
0.4649040941731073
0.6347335306345485
0.6825072899227962
0.6428691041946877
0.17853490047855303
0.8750858716666698
0.31244179789791815
0.3436569710611366
0.8279234360670671
0.08554237106000073
0.45619023239123635
0.14494794403435662
0.9272511234157719
0.25414786086184904
0.8729183794930577
0.05522476273472421
0.4567301638307981
0.6455362832639366
0.6772236925025936
0.13007711808313616
0.4348384020559024
0.024753010307904333
0.9719353100517765
0.4495715905504767
0.1423711265961174
0.4283222215308342
0.00062134864856489
0.49968837198684923
0.24916393304010853
0.8734630009857938
0.05908757614088245
0.46264323461218737
0.1270691870013252
0.9364490673469845
0.7775945571484044
0.10338637317181565
0.38530321352300234
0.05731680089957081
0.4555945254396647
0.6471950775885489
0.1724351145385299
0.3825305351347197
0.05762082591536455
0.45361098513239995
0.6481859206105582
0.6749150916002691
0.6293083338241559
0.18510070521733724
0.39865295495837927
0.5349872470542323
0.23201379991951399
0.31270397786283866
0.8435257013770752
0.07774837617762387
0.9601187299413141
0.8929873907763977
0.8032545340829529
0.06321621470851824
0.9683289490640163
0.3898551407910418
0.05298196052899584
0.9383517861133441
0.4053281923115719
0.04536728162202053
0.4732861305237748
0.700856875104364
0.5157509074779227
0.7421245313307736
0.09743590443395078
0.8882783805893268
0.7970085662382189
0.5702380567090586
0.7146061923413072
0.001579561736434698
0.9982183968822937
0.9969534974952694
0.9934656564437319
0.9876345274387859
0.4729638457065448
0.7010180731595028
0.016186307824682444
0.9918992156162858
0.4717006715654861
0.1996927225845866
0.767310613533482
0.1153051728324499
0.4071911337086931
0.5462665638478938
0.22466945240739733
0.8212551932374481
0.5892426738282666
0.6875553820573259
0.031207050138618797
0.9842742703622207
0.44511467081611045
0.15192386202397756
0.4074354260810651
0.5461430495488457
0.7249753351788968
0.5711050984391477
0.21395719880820252
0.25043922223267145
0.37465067239827476
0.3116970283444971
0.8421640280575957
0.5747675645689014
0.20480175071861595
0.7714965502091218
0.6103373686200939
0.6635507663013414
0.6662083108967636
0.16677377023734152
0.9161095152085181
0.7918840800703038
0.6038100045989268
0.6355644492432475
0.6817285385623109
0.14350309383007698
0.42812612844863907
0.5005208094953559
0.7497395317768678
0.6240885830775369
0.18600257503567263
0.9029622708912939
0.29070636405958794
0.3536539153428748
0.7606730422994588
0.6193868981208652
0.6746815206424799
0.1309166035207454
0.43062781883054413
0.018923745636129752
0.4883408317400608
0.22457570771803148
0.32508232721011154
0.32940122712170705
0.83528406789992
0.08040436045848764
0.45979400505893864
0.14070834606536664
0.42964368118555285
0.0038060590450186282
0.4978488954657223
0.24274400749709457
0.8630020423152018
0.5361331183812581
0.7319334406638518
0.5637202869693283
0.2181389027973637
0.7639753949188162
0.6141022340743802
0.6612024655332789
0.6693987669714261
0.15734881296521053
0.921325474162586
0.2871395185647998
0.35252297346596606
0.26117557074758224
0.3673329577432014
0.8006932474090718
0.06815822224598378
0.9654249705199618
0.8844138598651625
0.30681459832703695
0.8309331001946703
0.08428930552327074
0.4539481286483351
0.14753571632900275
0.424274963705102
0.006490440136985853
0.492847516637994
0.2379207221674733
0.8488129533361644
0.013085655024042353
0.4853852413361892
0.7260554717213381
0.07245047081960365
0.9636522098444402
0.37705679817008786
0.061402813356835395
0.9651472485275008
0.3846100293449126
0.5571985380956903
0.7057757271977607
0.021972870104946196
0.9851072543824557
0.9761958884773776
0.4484245393250603
0.14883257457404397
0.4097107573179528
0.5441599225450773
0.22004650306189433
0.8274747731047682
0.08430555439554155
0.9539404954703059
0.8975395030865911
0.7992768831318244
0.06898565826122649
0.4616008016455453
0.12854312412673607
0.9347499382565729
0.2748048407956958
0.8467127014591824
0.5121905093255918
0.23602736470638774
0.34963768476154655
0.758766316837864
0.6205557914800011
0.6720216685207561
0.6327234226337168
0.18339408817701042
0.8921858557441738
0.802869444625685
0.5634004443418235
0.7180251116806176
0.014034065796295181
0.489060979365604
0.2236996907449793
0.32564633985748515
0.8292267586803064
0.08538470559869893
0.4551026916306
0.1474329184857197
0.9223162402049638
0.25746596505632624
0.8702904511010274
0.04724516303394921
0.4448832769121509
0.15157390135573223
0.9064971183543094
0.2967495259945281
0.8511290730093606
0.010942686640191823
0.9924534315359779
0.48814393259817734
0.7241592273931019
0.5744437929242849
0.7049045050225686
0.02205934698577039
0.4850485624629073
0.7261036483105272
0.5734672617109027
0.2112445786187891
0.2537526939122472
0.37263152704690583
0.30488748403149657
0.33180811285274103
0.8336038326960988
0.08219094347441569
0.9589024932938628
0.39530461258254945
0.5518591437430587
0.19275939199724235
0.2783756790740881
0.3529843865253497
0.26088561533833854
0.36760001414222643
0.8003003038465977
0.06762221266399138
0.4661717200069688
0.6340710626682267
0.6829633936577011
0.1408772207214497
0.9295613298891112
0.25346471442026086
0.37226056223153137
0.3059332094853744
0.831393076601671
0.5822888209368102
0.7088517746888101
0.520055193657754
0.23997216470888816
0.3477186602540314
0.7636405506345909
0.6102432385960128
0.16338018691749312
0.4163262637157459
0.041835854382952675
0.47858616209123284
0.698206784814829
0.02575904002878815
0.9712513356062118
0.9518700331682339
0.3950290327484254
0.05248534950078465
0.4415152652945835
0.15421184603474103
0.4148331368342042
0.5420951503037941
0.22693812867510132
0.32378655654611066
0.8371144231059588
0.06569571717409417
0.9651950804982334
0.38455919999978505
0.05723113473504782
0.9556963690265547
0.8971518005419057
0.7975020544545259
0.5699980153294746
0.21399006771389395
0.7504263037408236
0.624540792661719
0.686749196407618
0.15460354840615764
0.9187910220935009
0.282299758750014
0.8588420141313691
0.5060037933872081
0.7430897000594996
0.6125554767204449
0.6605152620759327
0.16972698719473556
0.9068042534054257
0.29659784346586093
0.85059457749594
0.010249578772345558
0.4948579101182986
0.23691552548552863
0.3502309561590664
0.7584777791053057
0.12074483835021965
0.4230260145268403
0.5072023920947686
0.7442015373671893
0.1122737469850108
0.9124900873575825
0.7896025386289693
0.10516439465573058
0.883818663074635
0.3080887589894701
0.32831258603255264
0.33572151738917455
0.8316423619398847
0.08314116174005903
0.45842893855297007
0.14552517762058415
0.4272372910345439
0.005096545355627313
0.4973906621162314
0.243491930043092
0.3626285506179556
0.7854815861501265
0.6072592050186358
0.6255693441489711
0.6872153278964106
0.15529370226431638
0.9204000219760928
0.7858632174320519
0.10700734864803962
0.3751996178762056
0.5622781207202934
0.718370747170411
0.5148075386241544
0.24063881317852065
0.8442801989149302
0.01535978083848022
0.49128227157052606
0.7211552323133219
0.0767850509728305
0.9577010902576149
0.39614540079492144
0.050943100184667856
0.9432773620937951
0.4031171764363535
0.5401406230521388
0.7298686379217543
0.5703683855826966
0.714800484944135
0.5018526871863287
0.2488256852084305
0.37116210849490017
0.8066054601513315
0.5809330334304832
0.7092891003703699
0.5164482384279836
0.2412856316077523
0.8461502443533391
0.014302315277745947
0.48894259228836745
0.724248063081177
0.07439939846517518
0.9549799026572146
0.3972506455029361
0.5469782236032188
0.6951921928848606
0.027159226447110996
0.4703032833058387
0.7013641366211232
0.020288596191676334
0.4893521618505474
0.22401263006031513
0.825245729618473
0.5795336072042119
0.21011112604173832
0.26798362197587267
0.8657639272860251
0.03195986396167427
0.9839589732291643
0.9445434702793136
0.40063682725303806
0.03405658542760648
0.4824793654552195
0.19234643763047643
0.2786889114358928
0.352598903584294
0.7611967257980723
0.6173187969834544
0.675714616139885
0.6306332923704758
0.684194825735176
0.15005573991220444
0.9083700308401603
0.7958130692713894
0.09793923021061346
0.8885303242132068
0.29737206592108123
0.32006383285624906
0.8389743538573384
0.06290417301352136
0.46830328105716035
0.6398708412889391
0.6780502999608871
0.12581669216160662
0.4365880840632599
0.029752355127129704
0.9810868519707583
0.4391440738691017
0.6544358993705828
0.16887531598331407
0.9074713090085424
0.29626434546662495
0.8499137335456908
0.00863497584941797
0.495190144109074
0.7348191735218279
0.6012173881754279
0.6359109268232714
0.18006065182271414
0.39409861859166995
0.5519588088500313
0.692648048279807
0.5286721457669046
0.22782064127386548
0.3235877680417616
0.3361919409071561
0.3162785223685205
0.8413571978162508
0.5705016943102237
0.2146230289072264
0.2515599305916112
0.37318136409157887
0.8094954348052852
0.08716509444639087
0.9407904848631006
0.9026363718730863
0.7908383047033567
0.604088751191739
0.6354402379947715
0.6821556647773832
0.6432895228208508
0.1782940832490567
0.37569646621705033
0.06201440774020739
0.46801575491554104
0.13903516787104309
0.9265684169658925
0.7549620092904661
0.6225170802790672
0.6808068299142178
0.14397051025298424
0.42578695793054067
0.005856490693986416
0.9970640637620818
0.9936400900769513
0.9875225150899496
0.9729743438365404
0.9510042412439361
0.39119703849428333
0.05440099551924504
0.44044991573900916
0.1528217976738233
0.41574608310475014
0.04108932998497039
0.9794477055838797
0.9476540095638484
0.4009269467496779
0.033881007111631334
0.9829331306100357
0.9421119184116833
0.4038828853517771
0.5392616120807361
0.230246646766318
0.32188642461551353
0.83804946905002
0.06534644236671738
0.467082504008431
0.637551543826703
0.6728624032693915
0.6323168759699911
0.6818731479288545
0.14340743064531125
0.42774600713164546
0.0009629975829739124
0.49948749141185544
0.2482382197631523
0.8718525658186991
0.5557566935312934
0.7064356175833382
0.5195827723364346
0.7401742655783892
0.5985407372645568
0.1379834604158532
0.4231919550220482
0.5070927180349827
0.7444928865588736
0.11209803164820187
0.4122107806033455
0.539927322533913
0.7297917212417815
0.07063575531356037
0.9646820026391651
0.876541664270917
0.8107525752857327
0.09059431913192384
0.4464001443120651
0.6517693505156785
0.6562919843418058
0.1718463634897489
0.41401572301401757
0.04286612581927329
0.9783225580176804
0.9478189384099096
0.40109041109099053
0.033699609455652535
0.9831501356384251
0.9420024694409221
0.4039682323054876
0.0392246755072847
0.9803876286896411
0.9470619257772341
0.4009805164823774
0.03382370472536422
0.48308808406000026
0.19203444916638546
0.2789826403022744
0.8516852850443684
0.01165735546965152
0.9939262242114637
0.9869216915685683
0.4752240510133561
0.19598172255791724
0.7770004885678645
0.5948829339176882
0.1400584100629203
0.9277656539343297
0.25096041543292813
0.37445684598060325
0.8106924323947169
0.09073227312183008
0.9465762615436688
0.40170422397204675
0.03150848942459561
0.4842438439663965
0.19485540487221442
0.2765956078656018
0.8440620822075289
0.515467020770302
0.2417628880648408
0.34689150893245824
0.2619752047758084
0.3611920260009356
0.7876351876766421
0.10227418731665239
0.8863018710399047
0.30587200928130187
0.33130163644091226
0.3323959354602266
0.33379796423832886
0.33260510716354474
0.8336811704793945
0.08206078191869892
0.4589656667376403
0.1454482636472676
0.42715282904100604
0.0049255104677286
0.4975291347363964
0.7433618676441256
0.11256984912324697
0.9105081338493619
0.7947153556160629
0.09433951342361979
0.39026919315801933
0.5538886006106623
0.689837308425922
0.5298366682254709
0.7311410798574798
0.5639948598109186
0.7170240396808367
0.01251675360254012
0.4854403645731509
0.7260221547621768
0.07241348884417675
0.46377608843613416
0.6272427536605392
0.18637755000963807
0.9023537363100331
0.7910105721966829
0.6044793321343604
0.13522981631103903
0.9323202112282161
0.7680927644250914
0.1159373976115603
0.40681398575543426
0.04659085941966623
0.9756021076173056
0.9477457019384019
0.4010944818146527
0.5337666941049974
0.23311271806596778
0.3169150653993711
0.8415415133640636
0.5704096026602201
0.7147336846683174
0.501756372716045
0.2486019414209295
0.3717889608524274
0.30615562334423885
0.8303185991244391
0.08483306915150024
0.4531734329939354
0.14838228907319717
0.42568290239432827
0.5056489109410904
0.7466853557853028
0.6187761572946329
0.17400988150620833
0.8817412435892038
0.304971236968413
0.8318884278123733
0.583506439375924
0.2072696813265793
0.7713498920202255
0.11380622533033602
0.411843012960162
0.5430407765088603
0.7206661429081578
0.0770295393303968
0.9573329286067747
0.39632590615656227
0.5513330297835637
0.1930834850645624
0.7773556906031445
0.10350202527479269
0.3857174860604573
0.05707634749705903
0.4557145099970512
0.6471255489159375
0.6725309736502822
0.13248402139288373
0.4327804726490285
0.0160296083195135
0.9917410475027282
0.9719024070654996
0.4495336807449348
0.642420599993784
0.6782856826321222
0.6257008937536739
0.6870235487585887
0.6555037913203705
0.170263500593137
0.9108970891684294
0.294062693574233
0.3451389870024286
0.764655728940852
0.11571805682615377
0.40696752539952286
0.046485481288982555
0.47571870050160214
0.6976854831445962
0.5258978571218904
0.22142558710766025
0.3267557198123541
0.33265473565552384
0.8336645221861545
0.5821606289828196
0.7089187308738474
0.020279325894080102
0.9893718171224464
0.9740326192113571
0.4502375826705247
0.6420610773784574
0.17890793437254615
0.3772170223237481
0.06139136117417365
0.9648783168813679
0.8847483263816684
0.3075566651241388
0.3304745933273807
0.8345175494032446
0.5788330669747666
0.7105184825195465
0.0187641941010952
0.9885264876938891
0.9744867412082385
0.9497662023350131
0.8923005803662818
0.8027433879615273
0.5634719283843879
0.218246869626455
0.7638926541258115
0.6140854335972108
0.6612170861917548
0.6693761830683798
0.6573768310190644
0.17130300044664182
0.41215110747725703
0.040017719176830724
0.47992913619964384
0.19546020671259612
0.7772543954488356
0.5955036467057653
0.6392556033679284
0.6764049121993594
0.6305397951509804
0.6837227834330406
0.15032417108886875
0.40895351409562863
0.04503447739989497
0.47354217877727933
0.2004846353956964
0.2669430364621803
0.8664636279281694
0.5335649343323894
0.7332001277827658
0.5664748723502271
0.7167624444700778
0.5086687064904254
0.24542099944665097
0.35970755957532674
0.7888884548156057
0.6050665373913944
0.6339749090548139
0.18288999641663395
0.3909730582963675
0.5544446791463997
0.1910391407145653
0.27850194278289564
0.3529325946874451
0.26078193256398663
0.8676549250958487
0.050486502033891156
0.4424078698211815
0.15378079132642597
0.9152355306141544
0.7922563421889208
0.10191867395769805
0.8865100818511564
0.8062565585714765
0.0802014782675542
0.9598992003011517
0.3908980980049819
0.5545471060031559
0.19091902431682684
0.27856385803897865
0.35290342519874685
0.2610444707679562
0.8675168871413916
0.050601051276316866
0.4429592558881268
0.6525360588275362
0.16579643165459856
0.9165982439881191
0.2916396004438866
0.35417638506623916
0.2603807449922897
0.8698096274747513
0.049462556722573936
0.9440034625877161
0.8990901108481921
0.2848223142209463
0.8566118015442044
0.001377780776238069
0.49906684923917055
0.7485048672824632
0.12178025135654025
0.4311747674946673
0.5178100925986655
0.7410624989424832
0.5937631226261146
0.6406103324261494
0.679664300812874
0.6288558309315704
0.6854481030022725
0.6492037955031265
0.15928386634914204
0.9183362473268062
0.2827751760778483
0.35763393458910286
0.7546508678642567
0.6221781766798813
0.18106783443363383
0.893594795896206
0.30124946212163195
0.8180641144281253
0.08986906756763346
0.44723767761024646
0.15132000582525507
0.9085890952846967
0.29546125198248774
0.8483316517958883
0.5132119826739654
0.7345968396693934
0.10139051143778488
0.886315509211272
0.3058504231448751
0.3313255704124458
0.832376460370142
0.0837506745592691
0.9576362622319721
0.396166356629692
0.5509097413450945
0.1932912512565963
0.7780949748121202
0.10265065004932694
0.38614415732445195
0.5547306403168477
0.7070020196842961
0.5214378915261477
0.7391570760810282
0.09892348982975818
0.38800723062013276
0.04818197639542632
0.44464361696736887
0.6507250664872117
0.6590086515643634
0.6699997626128606
0.661092913011089
0.6693276547302958
0.15727929308195598
0.42132792665506713
0.03726078168256208
0.9774590665474534
0.448518681776477
0.14878726395545527
0.9099160411860794
0.2945536902116146
0.3439262096071616
0.7655211586097721
0.616993342875503
0.6597342910536099
0.1691553308046423
0.9074800751404837
0.296259483700851
0.34990187038783915
0.25861217800411396
0.37020181404659525
0.7973056774935685
0.06997407751623541
0.964028760936344
0.8754072262672707
0.31205033863079734
0.34299825280322693
0.3264857289614156
0.8328508221602533
0.5830689028371125
0.7084655317885336
0.020645044540287927
0.48967723883106373
0.2236362147377804
0.8256809389276896
0.5793392742052674
0.7103151040792
0.01785688122618012
0.491071529511828
0.7187505621113814
0.5781247030827217
0.710936575429514
0.5195298030448612
0.24023122040671296
0.3486266407126095
0.26317045965697616
0.8605716927268077
0.5383988250396214
0.7288474474335089
0.5730608973244671
0.21298102417495102
0.7528801961161662
0.62343014072394
0.6841343004489318
0.6500855248013977
0.1582336047431454
0.9208830762945581
0.7855909382342361
0.10708195006009191
0.8751537497446407
0.8124230049434118
0.09354244754649699
0.9527366467227694
0.8975936016358901
0.7992481053224765
0.06886630563531071
0.9616596285777632
0.8785145479487255
0.3097051283402834
0.3373272763856221
0.31543670358951204
0.3403265487286262
0.8220089667011052
0.0879879578424152
0.4403161674272269
0.6545976485067513
0.1687775211466942
0.407310441165464
0.046344660193426535
0.47475223609944806
0.6962171251652762
0.5266167789523024
0.2191124046803452
0.8279361682361923
0.08552835893351585
0.9562592282018159
0.8947913160081953
0.3026042222918477
0.3169281204463914
0.8415339727944229
0.5703752825502306
0.7148118818586227
0.0018431735516060144
0.4988265239808243
0.2461607345030643
0.869103288219776
0.04968549020122737
0.9436611992132384
0.8992554911528714
0.28424269921379164
0.8559255253640004
0.0015987177030183375
0.9982162108062766
0.4969541694736108
0.7434623330191243
0.1126280968892388
0.9104809041600674
0.2947592792042997
0.3443186216754839
0.7653406739991624
0.6162305216421373
0.6586816141498275
0.6706276541226543
0.660718887753319
0.669632806442678
0.6562722236558329
0.1718619472521823
0.4140385087230243
0.5429154179873876
0.7284202186856419
0.5730303682794329
0.21299629568238743
0.252811493788613
0.3733501124079339
0.8094109413214028
0.08697824340197258
0.44088394014397636
0.6524752014665864
0.6659494073828682
0.6667658947699238
0.16612864466151223
0.9169013452483341
0.2913051715877373
0.35434643071494065
0.2597755566239357
0.8701119832403492
0.5493037495471071
0.1940675480000209
0.27399512607371435
0.8473773027071729
0.012696503341430798
0.4858392445894424
0.22582846289151348
0.32262881300994195
0.33867748724878766
0.3145327123638708
0.3427316172455903
0.324605870526284
0.8296401549305301
0.584172365575796
0.20388548940536566
0.2725610913184937
0.3617052922490984
0.7876512760703918
0.6022527930617798
0.13625104882521555
0.9308969583362341
0.2688958802900743
0.3635374227887951
0.7869736274005845
0.1059934337681625
0.37668696444598027
0.06061868168762885
0.4657824938185513
0.6341588643554132
0.18267594938515685
0.3910752855008468
0.5543250278860796
0.19061068136943504
0.7777334279380739
0.10306131860124879
0.3849918244522996
0.5574354227283038
0.7051687680068426
0.5224137066397816
0.7347609483113047
0.10112526550074108
0.3859293167188298
0.05496008665068075
0.9568868493661284
0.3960072570189368
0.05101873603416607
0.943225369323045
0.40286657933029346
0.04075414972612634
0.9785772193572484
0.44821137527469546
0.6507711682061199
0.1587433604290709
0.9205939276434947
0.7856745947501622
0.10716173390392214
0.8750670674780849
0.8124626440694556
0.09363087176461704
0.4529385142668616
0.14803471293998882
0.9249898646958172
0.25417984250816517
0.37290602462599054
0.8051775250933133
0.08178576047066599
0.958126741606975
0.8959288786863908
0.3017752073064912
0.3178623655985575
0.34103394841076806
0.8216094826930203
0.08919522882206365
0.9378241999074817
0.40608777894522063
0.04646757588488981
0.9757891716435552
0.4475301517813932
0.15123468561796471
0.9082388563547283
0.29588044885895215
0.3480848530307412
0.7633352349221241
0.6095414107840043
0.1639754649659153
0.4177680965512991
0.5406190240464639
0.2286528902768623
0.3231732996064238
0.8381382150109857
0.06530490852310322
0.466851634089835
0.6376524282677565
0.17323730792850256
0.881887143914355
0.8070717088121455
0.5807170603366103
0.2096337798575405
0.2662767333968077
0.3668594872870017
0.2843436621769797
0.355874924629461
0.7515056547708809
0.1232701257977169
0.4343975913361646
0.5245001809089445
0.7221096208086237
0.5743695171840955
0.2049989192164503
0.7722486510174349
0.10948088802979328
0.413946613232838
0.042778677510796115
0.47810700006084517
0.697468968864996
0.5261433851555921
0.7208150224178098
0.5770619710674509
0.7073186235793401
0.021333058772142977
0.9887841540621594
0.4743560155911837
0.19931109718163498
0.2674704394012224
0.3660187322529964
0.7813116509933025
0.10934417447424494
0.38270485890097916
0.5584015225467738
0.20465137928840704
0.27169773294008337
0.3601217980030924
0.7881989049201366
0.6039129705459345
0.1352993703330867
0.9323493312112987
0.26813739092904143
0.36593104928033426
0.7817408962291665
0.10912952158832923
0.8819548014434986
0.3070618372876197
0.830583698436385
0.5847081488755066
0.20370508992346004
0.7730864193872549
0.11247971741249785
0.9105255448957905
0.29449111784924753
0.34395774544100277
0.26538330636685714
0.8668200635584071
0.03435946433455683
0.4808595131908078
0.1889973749348428
0.27952472015749663
0.8562662976619322
0.5010660698753782
0.7494587987312116
0.6231954043614678
0.6844798203092068
0.6497034189233091
0.1595211410021875
0.41822145439800806
0.03307671131915413
0.4829560776706785
0.6920851781906094
0.028835101198637858
0.47677764753461815
0.19904912755009718
0.27498333281255327
0.3459065028000623
0.7644246763957199
0.6133931156073231
0.16202289430657402
0.9187444084673189
0.282319370075129
0.8587792776816059
0.5059111806913279
0.7431038272334263
0.612700524070533
0.16020056494744495
0.9198957793996669
0.2821785676642321
0.8587800328386948
0.005912713968427852
0.49310662210336886
0.2376991412602365
0.8476945499132853
0.5136527249997016
0.23529985596542247
0.35097752485307865
0.25979865255067125
0.8701006718329154
0.04925979918334633
0.943998030066723
0.8990861183265224
0.28483194080763496
0.3566072277317289
0.25138340741978027
0.37406409208779223
0.31101482894155197
0.34052529191831127
0.8218027687980793
0.08810679416637868
0.9402605600480456
0.9043776235193945
0.29390493634855375
0.8451120039680973
0.014699857361847535
0.49066618937649764
0.21938810814754106
0.32779825481702574
0.3351240716583561
0.33048291684826836
0.8345142815960571
0.07883565154043026
0.46052110925666057
0.14376073656603694
0.9260291617538314
0.755735299870139
0.6216361990955193
0.18135363498004153
0.892597638128791
0.3037010467960499
0.8129617552040145
0.09345807952922769
0.4521644442284014
0.14696417411323637
0.9225791706994642
0.7573991401004605
0.12032004888169467
0.9221396530920174
0.7576792197360191
0.6206415742635727
0.6730771436996292
0.1321427635557484
0.43197447987040505
0.5183839452220127
0.7403119823720772
0.09468752035172656
0.8900322579429485
0.3027864787145518
0.8134161782218143
0.09316982541349716
0.4512168679793831
0.1454833745956421
0.9271932244009804
0.755031317443354
0.6224680095619988
0.18070935455034487
0.3940183855011128
0.550972772645764
0.6931410588149447
0.027924022695515305
0.9781643323949538
0.44744031748268753
0.6512473827751819
0.1585069295251742
0.9207427195797209
0.7852263584500179
0.10738586311344989
0.37585720952483825
0.061826717166695744
0.9671296942397021
0.38752124353777617
0.5479385333892424
0.1947634479147382
0.7755430653342046
0.09660292993066832
0.88895343686454
0.3016150939220097
0.3173930769553408
0.8413029769726563
0.5715207228786312
0.714208880555816
0.5002525848394725
0.24987317086197436
0.8745579671522137
0.5617139209352899
0.2170668606995605
0.7625430900370702
0.11036639989470132
0.41356583053129725
0.041231415525544435
0.9793232551892288
0.44734576978953555
0.6513271108851768
0.658589314611163
0.6704610827146098
0.6608324374828953
0.1694617104367353
0.9064723895280622
0.2967026507249102
0.851158478326397
0.5109288798994385
0.7424598858924583
0.6131364590546582
0.16163242398761213
0.9182069865928497
0.7830682635831181
0.6079470535041764
0.6296162893122528
0.18513081618584692
0.8986445086484309
0.784915416064905
0.6070519803906791
0.6251773103140295
0.6873958168725949
0.1560574703325983
0.42144863586872816
0.5382988494529855
0.22877347256871872
0.32310944056371227
0.8379259891225956
0.06541200529318303
0.9672252133314032
0.8873590725124814
0.2985057881451212
0.8185167285846546
0.08683537822798826
0.44070552571793087
0.1526940804615151
0.4157774575869553
0.5416191667318344
0.7291746511764359
0.0728802494413685
0.4635598156019114
0.6275863897753879
0.6861915311601479
0.15299792477162555
0.915680784790311
0.29118280665716156
0.8544066593749449
0.010048714728327468
0.49497515833354555
0.23633619700558484
0.8505817654950079
0.5082866547454614
0.24582615453982726
0.860422178346198
0.03853890881873667
0.9786400281300303
0.9481798662163783
0.9006620947620831
0.284036323078908
0.8574315674195532
0.5048779643839225
0.7475455203384627
0.11838422220898792
0.9251175024546683
0.25423812374356203
0.3728656643652357
0.8052663567359559
0.08173794345930219
0.9580246468249243
0.8959867070370819
0.8019723141624127
0.567702567204833
0.7161468052945565
0.009110223007155582
0.4954444097238593
0.7346977477427572
0.6014008574129548
0.13630747437127866
0.43086969284922816
0.01881711444002576
0.4886363801488187
0.22440105013083667
0.8248102248471696
0.5797136019100435
0.7091661596787162
0.5165068251662888
0.7414948173682205
0.596048504114151
0.6394147127575707
0.17589787390897982
0.380785804183688
0.5593319031177089
0.7120294522319455
0.003344999684486538
0.9960977797745727
0.4941385466372594
0.7372976201877464
0.1000859152409248
0.8835192017722875
0.3081793620658573
0.32930106366984546
0.8352272781485226
0.5804313210828695
0.20975376199930906
0.7657242943241727
0.6170768027368467
0.15996718881069683
0.4195123886456713
0.5314547354646493
0.2341467323130928
0.8199383505852893
0.08902276112348773
0.43790858684224077
0.15579369020997547
0.4211256237467751
0.5374191515438724
0.22738368989666924
0.823312244261615
0.08639062967267819
0.4410404486989137
0.1535029443912208
0.9154350731696468
0.7920364079473075
0.6020248413842637
0.13642603560583666
0.9306807199609466
0.26903451286489144
0.8634971936116926
0.03694011364132166
0.9810378472029697
0.9391685446898919
0.9043160815199371
0.7939357050054241
0.5951888616546057
0.6398440570337698
0.6779951390635688
0.12584592710481957
0.9365563283790834
0.27976868097903207
0.8561444995575584
0.001493172429036349
0.9982681479305029
0.4968986371241044
0.24324987031286582
0.8627347444416955
0.03530731322825886
0.4823422751214821
0.1882645924051758
0.28037840500473976
0.8577928226150107
0.5044530713639688
0.24776559646124952
0.3671907933312468
0.8007775766309351
0.0683535817952361
0.4658076810883358
0.6342526650114451
0.18280880991369486
0.8908951463818084
0.8045352587650996
0.5659330243652221
0.21605644797091372
0.25912773769232444
0.3703731876448728
0.7972274096100591
0.07010481634642929
0.9644554360129405
0.8761092055938207
0.3119434748077765
0.8418156180123333
0.5751849798252806
0.7045644922473002
0.022656478395219892
0.9865889359498397
0.475455471460009
0.19534518886939622
0.277327388554113
0.345645919413073
0.26455496990820393
0.8635644650785252
0.03696770759415813
0.4809647953079548
0.18920510227326304
0.7794053583929781
0.6063600744819269
0.6262594997242559
0.18687023426173255
0.9045497688930482
0.2938188315310981
0.34477239835541695
0.765083282982232
0.6153830434777774
0.6571367300930433
0.6711869856808335
0.6624495674332138
0.1648078076832462
0.4170992243743967
0.03946671535959467
0.9800219613825902
0.446511502872454
0.15168319756048732
0.40657833899604157
0.5466955698211677
0.7261633973685093
0.5734331552521326
0.7112082121311687
0.5037551283603534
0.7475721617520321
0.1174209822784178
0.9256335133686662
0.2553839119791519
0.37132373097119853
0.806495109340176
0.08057598266168498
0.45971200859639794
0.6412224272789899
0.17935814952943474
0.878090533107752
0.8090016084024683
0.08744159774505533
0.4396776386129204
0.1550979913736228
0.4180564730486367
0.03314394483459182
0.48330583758070134
0.19169262156356126
0.7791460597945843
0.6020646151155233
0.6364638739905786
0.18076096798176877
0.3939324954408221
0.5508288571145386
0.6933048075006809
0.028221234359079972
0.47781742285587825
0.1985910482762847
0.27368219432537444
0.34753390282276087
0.26324369065696374
0.8595871847937815
0.038830491714179516
0.9800887820019852
0.9464475677523296
0.9017722812423017
0.7812911131477449
0.609352505998686
0.6327624715340789
0.18349574020248838
0.39236767039983533
0.053325976128689945
0.9381120822217781
0.905943482008297
0.29604787757853046
0.8500151801272295
0.00834106549154967
0.995829433464678
0.9854221491259523
0.47603892494225875
0.6973900526645593
0.5263049120549113
0.7209744619613048
0.07700513911549933
0.4570408768195193
0.14647950191283599
0.926744750875514
0.2553470751736313
0.8722611356934067
0.5559348576061893
0.20639218570431694
0.7697895084274933
0.11510092046228237
0.4106807409261819
0.04465950978919864
0.9688122786756139
0.9530938289535698
0.8983291078184266
0.8005874865339138
0.06793697358807549
0.9650549505604431
0.3845302018162329
0.05724661782733165
0.4557342561893165
0.6471023533667903
0.1725425658223685
0.3824634433258325
0.5577916841430124
0.20349164100480266
0.2730099117325153
0.36251752788666636
0.7854141026327852
0.6072888936614618
0.625524246628629
0.18723678792594
0.9053363788407296
0.2953786813595798
0.3482785167871043
0.7633530970488209
0.6095028874115087
0.6639946782379411
0.6677430229028687
0.665638282924192
0.16617377841612324
0.916912633809261
0.29129191281390376
0.35435297022922896
0.2597703837091103
0.870114777382696
0.5493099222658202
0.6940796531562228
0.024021497985813767
0.9723031841567717
0.4503637390444055
0.6419750495406333
0.17876738088671118
0.8773960100079421
0.8111796713201329
0.09050296040368266
0.4469035273359623
0.15057167375925928
0.9090810559282545
0.7952000707155094
0.09849263777141459
0.38769673529895954
0.04833910154411569
0.9445784803829156
0.40075381251517683
0.5339899865502957
0.2325014629168436
0.8173409917217214
0.5912074319203384
0.6963393751648255
0.5267993137822486
0.7189001328661107
0.5780420358059928
0.7107348412100691
0.01914238283643499
0.9893911959952675
0.47405389335472137
0.7002127002051566
0.01708108256570995
0.9914246491098311
0.9710235133825336
0.951988120097667
0.3946111702534836
0.05269390722969547
0.942280022369232
0.4036157213849947
0.540348644630285
0.22982566087739542
0.8206254316610284
0.08968728367472067
0.9390275638434105
0.4045091785956174
0.5437132439983543
0.21983496731263585
0.32755104088573717
0.3340233991621062
0.8290818042878527
0.5853961548418738
0.7052266657701693
0.5223709276178852
0.734663176961476
0.10141456604469568
0.8862431621237192
0.8058942193165421
0.0813973578333389
0.457285251643043
0.6463573665823787
0.6763172993378248
0.13056081780814566
0.4336170243623201
0.025363486871356145
0.471631260268623
0.20155460960813798
0.2700723008310888
0.36493142441031523
0.28518565496779047
0.35740288090892136
0.7509173949656542
0.6244191129517276
0.18558912473963574
0.9032915284042247
0.29048022377537563
0.8546339956228621
0.008229757950175554
0.9956094923545606
0.4855936316889711
0.7259450774290599
0.5725590765359811
0.7136888692621142
0.5020422840898391
0.2489711982489098
0.3714860209438484
0.30618317431071773
0.8303068503155373
0.08478506270330399
0.9532119834620971
0.8983767224126495
0.3006895684520714
0.818160567432642
0.09043048133025877
0.44690924970200285
0.6505688125034794
0.65907485599746
0.17021842760732397
0.9109500845661387
0.2940364377864171
0.34516829761560075
0.2647917542490177
0.8656471755821258
0.0317449675349053
0.4841256069485098
0.6944453603064176
0.025793646957026795
0.4712301606487017
0.20188491215230897
0.7700892747961916
0.11495535884751007
0.9101562681607902
0.2949218649591785
0.3447265376453288
0.765136671543587
0.11547841253923252
0.9071043052827008
0.29595905757742
0.8500663925078698
0.008436452655587345
0.9957779514952563
0.4854784373892471
0.7260107773181517
0.0722896566730924
0.9638397931703366
0.37739214504836127
0.5611741680186242
0.7155061849334743
0.009400045411894098
0.4943234145466704
0.2372123311215546
0.3498977863928303
0.7586408015631605
0.6201302790432237
0.6723480926593766
0.6325454339676071
0.18268955120583996
0.8910768608329818
0.30432375593227334
0.31561154415248893
0.34023716708179563
0.8218171387270559
0.5881138538825326
0.6902570377569646
0.5293830652663019
0.23138672011555173
0.3138720656570513
0.34281588517478667
0.32663130247965455
0.8327160949993413
0.5835160376445856
0.20726517649018206
0.27133689416223206
0.3637821759621147
0.2868512826098595
0.35556726160575636
0.2518408968753647
0.37383541086455807
0.8086720126448199
0.08785149341565557
0.44032324486761354
0.15459399099927396
0.9187652531836648
0.7823145613656379
0.10883507499238476
0.8810067306039855
0.3055751181964297
0.33134326999424957
0.3323713637655601
0.8337532826990355
0.5826264793868177
0.708656242582947
0.5196950442332309
0.24015200100257061
0.34842890419531614
0.762797264760593
0.6107275900430977
0.6631420568737667
0.16646005035727285
0.4166479007108137
0.5416722048830707
0.22913332033203915
0.82293225947069
0.08851670409785584
0.9401166162570007
0.40491016098530963
0.543636757938657
0.7203613723977469
0.5763265386922285
0.7079304505896289
0.020786580920685083
0.989606702059973
0.473877492651809
0.7005612517823465
0.5169057937455364
0.7415451952838339
0.5960204477305524
0.639482116792351
0.6758633933204692
0.13081448859884404
0.43447043106425554
0.5247062364651356
0.22199133224785328
0.8245469173125457
0.5798987191810738
0.20956212069722824
0.2663045749650337
0.8667256272747181
0.03439429204445332
0.9807886861090083
0.9392911894829012
0.4048621882102452
0.5436621640110388
0.7202323797682766
0.07640700170304626
0.9578558868088294
0.8955226190737449
0.3022377217421308
0.8175986545684282
0.5911396337905899
0.6966133915411774
0.026693303254432976
0.9690751041343901
0.9529622092377394
0.3980305838340428
0.05000814551021904
0.9416707242198754
0.9041646378464065
0.28958636533934623
0.855206817301223
0.5088513640221208
0.7455743174941745
0.10951073761680163
0.4139908146171365
0.04272945740376599
0.4781469891022425
0.19744219427229837
0.7762636435800232
0.09599686198635027
0.8894710503518581
0.3008699360943865
0.31830738758435473
0.8407242059474811
0.07156402667169459
0.4642179866496008
0.12525135377654806
0.9373733694083057
0.28080774669069797
0.8585890428221319
0.5061297763604671
0.7430126493272837
0.11231929183122702
0.41063532172120176
0.04464800492860377
0.9688254192878958
0.9530853824981023
0.898331304488238
0.3005902069853619
0.8179351141734514
0.5900539727881551
0.6970305680006277
0.025995466130552813
0.4713619466056116
0.7017880248022266
0.520195922406856
0.7398866570438258
0.597827963065356
0.6385554701264482
0.17266550319618545
0.38192109181545675
0.557071069808444
0.20571542778634466
0.2721346566977445
0.36002592989825644
0.2887370052339975
0.3546548119338695
0.25821945411735214
0.37064607176580466
0.29807539415196516
0.3196511483110953
0.3382212989672553
0.3152490618522279
0.8418871243484318
0.07514637309941463
0.4544845978380181
0.6475126067525707
0.6742562075378373
0.6314995874708984
0.1803420449141413
0.8942001553659793
0.8019228824705351
0.5677809144253843
0.7158652828074992
0.5092529474932235
0.2453084304870572
0.35964558843988925
0.7889109299576376
0.6049952183384448
0.6340237942931708
0.18295377053436823
0.3908836993796285
0.05455624288879335
0.9409492347331252
0.9035483423213009
0.7903503192355856
0.10482078700442798
0.38312122083152644
0.05843831290258095
0.9546599253080785
0.39669344408321194
0.047607728105504066
0.9444578542024828
0.4008174542686902
0.5337211784208193
0.7331373832712416
0.0669602066045627
0.9665193860710133
0.8828215447138064
0.3085891669616103
0.830063129280461
0.5849379028368276
0.2035632269398775
0.27309535874519497
0.8624604695069138
0.5355646723182872
0.7319658863416407
0.06272748741321266
0.9685714022198226
0.8902259579917882
0.8039018751587719
0.0647237325028982
0.4676223980495706
0.6367322771402542
0.17381753923837095
0.8818104585225228
0.8051274855388328
0.08168149393168278
0.4581826905196067
0.14587622182443738
0.9268177335325163
0.7553368407243397
0.6222018798871431
0.18108644057065248
0.8935721418529283
0.8012607742275577
0.5680848037300166
0.21491999298450537
0.25972738428390585
0.37001398229040205
0.7991233913635369
0.5691567729518283
0.21102708129910752
0.7538535746280104
0.12295066550723277
0.43045083014294505
0.518661064299522
0.23865434652543627
0.3491767190862447
0.7619198172760662
0.6111050404433627
0.162705383321736
0.9147104196599685
0.2926426442572847
0.8527020818146411
0.5111488398397341
0.7422280750761274
0.11326096055563539
0.9120584209740628
0.7938487191568129
0.09500360582023859
0.8899981970607769
0.802982924709795
0.5633522838761564
0.2178269857831765
0.26411810840363614
0.3639123851316981
0.786793323000893
0.10559619832201861
0.3768884433666244
0.5613039784657303
0.21493798133451492
0.7596569898596499
0.6199235345702618
0.6738943141826894
0.13180260072113015
0.4300627422344405
0.01909942863858305
0.4894564358983189
0.7238997079839464
0.07554963885922916
0.45438120744074695
0.14780933660222217
0.9240735420025885
0.2567132140684407
0.36724695429438725
0.8007477044011466
0.06824596365913749
0.9656328765850049
0.8838654913415667
0.8080672538198996
0.5782659076503478
0.7108665691921487
0.5192910997720901
0.2398661613697186
0.8478324731404427
0.5135680277599022
0.7351573745545465
0.10065227543236688
0.8852197756641544
0.30726027832133695
0.8307443829253316
0.08461254226858728
0.4537874638917856
0.6480719337705523
0.6749874407832976
0.12930220042471774
0.4351028443488758
0.023655446304474026
0.9724862416624092
0.45075995137449354
0.6408309615508188
0.17946232127724215
0.8785303195472807
0.30972726791515015
0.3373238650383428
0.8154602208232973
0.590316764311865
0.6969680509937461
0.025417282042326406
0.47165097677498125
0.2016132379649207
0.770160739106359
0.6149196299375035
0.6602829782641493
0.6698582723038271
0.657006577035645
0.1709931711666286
0.9124873459513765
0.7895983050984796
0.6051698529918212
0.13381262548500672
0.9330783092300408
0.2658207304775715
0.8669599052227568
0.5347817064903211
0.2316001518338453
0.3138873942079954
0.8428078687284142
0.0766428810020443
0.45770340599119663
0.6460257349244785
0.1760086626454722
0.38068069581640884
0.5591713706962764
0.7125932008202653
0.001979764871066436
0.498994612833485
0.746534916193923
0.11879409724497236
0.4240013851376716
0.0067178063618484885
0.49249070524820127
0.2381217720976565
0.3491850819264073
0.26192892910330556
0.361093093524687
0.7877141882490832
0.6022212778334506
0.6363583591883071
0.6808403835748322
0.6439393091131933
0.6758311575395055
0.6308039031573571
0.6844755003112368
0.6496979796793312
0.6595249367819633
0.1682233714091126
0.40807578354724683
0.045458508568117395
0.4733338512305636
0.20070718889473937
0.2658420525258407
0.867016925039934
0.5347456230665557
0.7316503576003015
0.56373834257829
0.21813082121661864
0.263947116676718
0.8641201618302148
0.5361396452353802
0.23192826999002136
0.3137078668514732
0.34311554898158647
0.32642418894101866
0.33288165551493876
0.3330545443459414
0.8334422101033852
0.08315491329994984
0.45840727709583007
0.1455517285503447
0.9272202911961358
0.7550786962674465
0.6223306987958495
0.18102214962709695
0.8938314331753645
0.8011310389265418
0.06811915195430629
0.4654520793701522
0.6344535923562944
0.6817808972846251
0.1434826290642377
0.42798390751704574
0.5008508341561537
0.24907867223373614
0.37349204113706946
0.8092251813213807
0.5875710349937435
0.1895821634971071
0.2802069959871005
0.35573085251962766
0.7518215930322185
0.12356658992939629
0.4343103348801378
0.024969149759272113
0.47091001787339337
0.20190754180657677
0.2696495445561595
0.8651675978326239
0.03590674203587696
0.9815582283772528
0.43887380018713884
0.155318959208671
0.9203863783623092
0.28583761816844344
0.8569589929829817
0.5002161821757909
0.24983085834537633
0.3745924739341717
0.3117271669325419
0.8420602670521475
0.07506361458217725
0.9541366515913978
0.39793118988745846
0.049012554954970255
0.44412141005159356
0.14854282632586546
0.4100386177597102
0.04473654297180474
0.9693223641661461
0.9528235572215635
0.8974893501144834
0.29929409321630374
0.819041857670527
0.08644979703240097
0.9411348272988107
0.903392842883477
0.7904834153596312
0.10463610276929103
0.3832247699610889
0.5581129558559041
0.20434142122394405
0.2728130768518895
0.8616098036000039
0.5379431610053871
0.22657284908927977
0.8242130389844533
0.5878782212093938
0.19040535594103858
0.7797324422281235
0.10610539474873804
0.3766185900894925
0.5607140080828685
0.2157348381006159
0.7590721218730323
0.1204634546302259
0.9221271893184166
0.7576862860878464
0.6206523590080906
0.17304173292359337
0.8821049173129722
0.3069791535672266
0.33082432844094
0.33409561263397336
0.8290154260757845
0.5852471618854906
0.20541566275642253
0.2722308873489965
0.35948571769404225
0.2889765638974495
0.8552673347876407
0.009369915293063968
0.9942774445516989
0.48723424345371313
0.2248544053582009
0.32116629206575453
0.8389266653393861
0.5629546973214019
0.21839247382013127
0.7648271333891898
0.11561590372002684
0.40679165557958186
0.5465735316684004
0.22561435497482307
0.3227315614640247
0.3385731821763329
0.8149652506690472
0.09250211538164876
0.44977974600624293
0.6422899898898322
0.17775588046060875
0.8759619633783586
0.3119883814943023
0.8419906874769367
0.07497436896665022
0.9541967744007707
0.39784008587594144
0.0488741064327769
0.9442823024000973
0.39883005115552805
0.0346996063599363
0.9816736044886056
0.9387875130632892
0.40560241384082474
0.04523028913536109
0.4734764596505556
0.200265829480486
0.26705446603591554
0.36633519193856046
0.7836292788852006
0.10793686690158211
0.3796176870819181
0.5601301059068646
0.21114585376926698
0.253664680669317
0.3726792589586694
0.3048674765450414
0.3319335726555437
0.8337728600890841
0.5826251685211901
0.20862208714243025
0.769712363864528
0.6151359492796473
0.6609221415128559
0.6690486805455294
0.15759425298892893
0.4209577493893448
0.03756406545289792
0.4771815332642291
0.19890917351585813
0.2745514457055833
0.34709926217328757
0.7617224662390072
0.6113260246929713
0.6630788511247374
0.6645390637568198
0.6676988626131788
0.6651129710080568
0.16743588133249432
0.9142068565415684
0.7928946485044435
0.10327798771322705
0.3853684293862898
0.057300511602079496
0.45569410687312484
0.6471526997338515
0.17250929385772906
0.38248003413900733
0.557781273702858
0.2035235938092228
0.2729939427226782
0.862522409268422
0.5354746053635608
0.23225458918022923
0.3130719091859646
0.8434629720286466
0.07716797007014975
0.9594628227641806
0.39133074789424427
0.0542735890194308
0.4406289501930587
0.652610210236162
0.6658802407037001
0.1665410807763692
0.41672558477148414
0.541576052288292
0.22921100523672067
0.3227571677416563
0.8386192666075658
0.5650577372580301
0.21745580548304133
0.2623352103983052
0.8610158397932537
0.037250255059916526
0.9774676086963154
0.44849152996903285
0.6488009906606749
0.6599668733833823
0.16951275477185845
0.9064526490110438
0.7966515902371611
0.6011849391798023
0.13590039068367332
0.9300964335270692
0.7690745065337978
0.11448618222493678
0.9114438322430942
0.7942742689047009
0.09503486458561383
0.3899806523695588
0.5530488597869407
0.18831884136307053
0.28033702430548146
0.8578783325501718
0.004528697754722089
0.997728014132008
0.4923154437856283
0.23821346333716065
0.849383626744384
0.5123179979855195
0.7359979154134635
0.09977400291245431
0.8836991188873071
0.807905345747713
0.07846538646845147
0.9607060311827809
0.3941510700096842
0.051917324773967266
0.9427894283726346
0.9033611302438658
0.7905064272636082
0.6046857511682902
0.1330818021669984
0.9334436016797554
0.7671038659464102
0.615467570576584
0.15707944662426598
0.4209099758591037
0.037584197998512536
0.9772708875243552
0.44879919971572235
0.6496238357503898
0.659425618883688
0.6683338266448118
0.6580162913887762
0.6704959360649809
0.660830403707223
0.1694624726078473
0.9064758863532916
0.2966928548703436
0.35116528943763115
0.26093887028400786
0.36745152503135614
0.3006486972444691
0.8179068525205366
0.09006999526172876
0.9470838079869282
0.9009697532455903
0.7838882159849163
0.607929991587298
0.12962824752321467
0.9351553547894582
0.2735720905766357
0.3475813243712764
0.2634344336693175
0.8599800796364434
0.03874463989632204
0.97962047328474
0.44573282316559926
0.6518741554464214
0.657460346352309
0.6712393082852941
0.16236591557390057
0.4149031627457589
0.5420296155789401
0.22703015236766078
0.32392387351137586
0.3369389233121183
0.3158902757568285
0.8400405675929505
0.5720410908688791
0.713491165835876
0.5025978112244047
0.7487010943586938
0.6217355695553124
0.6813197077426594
0.14273666040389799
0.4286278252257034
0.5002851563331205
0.24985551444115117
0.8745229109772481
0.06176099757431075
0.9671510539483279
0.387485559185734
0.04795642232056707
0.9447030048177112
0.900450992572587
0.284147564554587
0.857800332683837
0.5044413288414944
0.24774881795747206
0.8672124156728387
0.050753533345414326
0.443311957817059
0.6532181322108954
0.6653337488824036
0.16730260793701746
0.41439556892146356
0.042794582404894754
0.47811442002421245
0.6974490463035181
0.526153404643992
0.22080953931435943
0.8270332405518275
0.5823309624975082
0.2088192594528664
0.2701015823695343
0.3649453931138851
0.7851786035462283
0.10740867152344435
0.875952642672928
0.8119585828972049
0.09194551274413243
0.9501051946426742
0.39188980823382735
0.5540512727748137
0.189709711674368
0.2801374844275415
0.8555060887883883
0.5019325407629367
0.24897245553438552
0.3714854519057553
0.3061853149556555
0.8303057799930684
0.08478212589398026
0.953214405773906
0.8983842102752533
0.800685817055637
0.5681474377634004
0.7154375230020378
0.00940385484136641
0.994321510050213
0.9872056613967288
0.9748877689125948
0.4461496251169592
0.6513677647744771
0.15673793249879964
0.4216300791304093
0.038206475612241775
0.9789395835832693
0.4477784046321176
0.6510944658657536
0.6587667297862936
0.17061275703599676
0.9106651818146929
0.29466644770582207
0.34384719605441205
0.26551512646256015
0.8669901897665113
0.034736046189209446
0.4816532676341012
0.6887235221511219
0.030638119438663125
0.9827237584104296
0.9422242110886145
0.9033832796267234
0.29049584513995796
0.8546261327865068
0.5082260562339798
0.7456113599764649
0.11058891203720123
0.913440046744654
0.7912944189738482
0.10435277511714958
0.38476618786808103
0.5576168983534444
0.20556547696469352
0.7722153391223401
0.10998220564215444
0.4137511447770521
0.5421316523861606
0.22698101896094158
0.8237304811482318
0.08715818944619969
0.9407958754454739
0.4026488757808693
0.540862942871172
0.7290799934999086
0.5729595263837837
0.7133971493458375
0.502674517716514
0.24863197671948
0.8717157577630132
0.056321931624552235
0.45520646881777793
0.6473929508647416
0.17213775566779077
0.8826801679970231
0.8081410863960627
0.5793278346536681
0.7102674104098696
0.017913139483425766
0.9910415210179053
0.4688308337936178
0.7030841062369291
0.023335861624218524
0.9880876603128854
0.9741873672464862
0.44942973894649185
0.14234290007152595
0.42834020909504034
0.0006564716168213636
0.49964121679659
0.24920235032914206
0.8734294276218861
0.059134895069291815
0.4625873741460964
0.6269826798525173
0.18650481180520728
0.9027726194472052
0.29067804518854246
0.8536805963376537
0.010652042605215684
0.4944297775218729
0.23715808280394413
0.34961781234596856
0.25878430643933825
0.3705906731192954
0.7970959910308011
0.0701399541576393
0.9644398342934437
0.3761631269589998
0.5617954125045799
0.7171415354823694
0.5124617009714711
0.2354664599406533
0.8510014514904469
0.009770417673280463
0.495114776189439
0.73680992264417
0.1003296569106169
0.8833964961231686
0.3082406869507395
0.8292699876474217
0.08533442151383497
0.45513456969638355
0.14741554713691585
0.4222636639024131
0.5073730661533773
0.7453044189314824
0.10964759145281278
0.4139180975034833
0.5424916348129045
0.22777654716628604
0.3235964675550349
0.8362161864642985
0.06626684713410214
0.966309146315325
0.38305636431323364
0.5584707430680282
0.7046494398382492
0.521694868861232
0.7351165562286042
0.6007024868158624
0.6351802533317823
0.18213473778450862
0.8933037856477313
0.3033326098229736
0.8131450122164097
0.5934274342434946
0.2023016131715849
0.7718960367201362
0.6099006370641291
0.6637977703649085
0.1670632786990609
0.4145152271958068
0.5426049976667855
0.22772093839012086
0.8236355964036193
0.5859773058036808
0.19138536357786506
0.7792462231882382
0.6024420721805654
0.6360195345478132
0.6800366289971862
0.1442918204702437
0.9273656892764848
0.7540827212797012
0.6229433730768505
0.18046970490831882
0.8936212257540319
0.8012357850093395
0.0680023779568728
0.4650212947744876
0.6346615863440093
0.18242482774076052
0.39263997072703205
0.05367947439663112
0.9378800346457865
0.905812010547379
0.7960868845693767
0.09988034816342406
0.383645944588352
0.5576274579507299
0.7036076686927117
0.5231808761018328
0.7374022433068603
0.5980308955477085
0.13823987511568703
0.4220738328585867
0.007590981578687206
0.49571521443431266
0.23550840161624365
0.35099567990982905
0.7597963103908114
0.12010181485675275
0.9242628185020294
0.7564960361050908
0.6178295036079362
0.6754601289576385
0.13004146167077124
0.9349753873830196
0.774455188337015
0.5971454947139136
0.6369128464721143
0.6736080369155388
0.13144238185486756
0.43030961230397224
0.5192125644243788
0.23938616082887165
0.349053104815539
0.7627139288233593
0.11082958188490011
0.41330466142972
0.04133344950969331
0.4793256383272819
0.6973488696385175
0.5263236559403595
0.22109104206901975
0.3267060463258531
0.3327101942850277
0.8335225640621502
0.5822464160737582
0.7088147877366282
0.5201004784903489
0.7399495221907273
0.5976765976811294
0.13866168621461838
0.9228261390526313
0.7572758873575367
0.11927923158509657
0.9247353682294488
0.25610575030441396
0.3680408729123883
0.7998619868885726
0.06685825166641735
0.4664334257831797
0.6329939859278966
0.18349916249280795
0.8923731717513874
0.30332512539462186
0.31311812534113415
0.34344092055107467
0.3272874799440615
0.8344026571139693
0.07861388704623096
0.46069305640412495
0.6436759405769408
0.676206997333793
0.13039827402099036
0.433816671022214
0.5252171746979002
0.221278129494749
0.8268454340577591
0.5825489551643841
0.7087211702018976
0.5195941878191661
0.2402028911456
0.3485226395423524
0.7629868467338383
0.11066248614224605
0.413414926326368
0.5413240934140049
0.7293359247269109
0.5723361232376192
0.21383166988380253
0.752321357227629
0.6235951658163685
0.18429208366433159
0.8999117547064088
0.28344206826295704
0.858263675152557
0.5039429943426512
0.748024680535309
0.6181140647095162
0.17519494175212458
0.8789398705703206
0.31052815687144175
0.8368547486024909
0.06582506350241601
0.9648863874317612
0.8847365567053203
0.8075697327731177
0.08046421853941865
0.4595232131832745
0.14130161830689758
0.9292270904697943
0.7531522013596259
0.1214097390184179
0.9314807082118932
0.7681311058113351
0.1159339665027801
0.4067461059021298
0.04662682689377107
0.47569428468705155
0.19766823135432787
0.2759179271233734
0.34641579794697464
0.7642291580268648
0.6139791113382671
0.16162263811565936
0.9182111498375889
0.7830780800723005
0.6079648071317933
0.6295960725983605
0.6850779839151073
0.1486719454987906
0.9100080326898023
0.29444666698691435
0.3439789017138537
0.2654800314921886
0.8667106380162295
0.5344180588435847
0.23082246008561924
0.8142455139313824
0.09238511539297178
0.9498396802810021
0.39226574829081073
0.5528751778765582
0.6884052072418854
0.5305227043863852
0.23278528434457257
0.8171934779384173
0.09089960082201287
0.9467357902321965
0.40150976259610616
0.03166603948920965
0.9838923201605212
0.9445767968136352
0.9007508397044148
0.7839832325989846
0.607489584828727
0.6298451389011461
0.1849400939536281
0.8994723433279432
0.2846311691100709
0.8555937190540135
0.0018887330952566117
0.4988038028241135
0.746187235636171
0.619032830116339
0.6746105699858163
0.13092579669319093
0.930629897484323
0.7689303207735065
0.6133373355260119
0.6620655888982583
0.16884512029355392
0.9075168633135036
0.2962108048668597
0.3499405186448712
0.2586062644550111
0.37020858644973487
0.7973170897748787
0.5699684310820885
0.714037191180978
0.5003727543517016
0.7495651607168838
0.6242255943652708
0.18581194785656407
0.9031876563676633
0.29007461870787665
0.8549626905005425
0.007996801374247298
0.4958795289276168
0.7359450392250437
0.09973605262348428
0.8837252449593507
0.30788560735527426
0.8284636923635844
0.5857052112696692
0.7066512152377982
0.020666358119342476
0.9896629987633787
0.4736738681094721
0.7006611269025598
0.016795781906694174
0.9914790766488295
0.971042077842867
0.9519157796457876
0.8946399485575967
0.30264944839291275
0.8171772007772233
0.5909228649979923
0.19666407839395106
0.7764237568189856
0.5941928299434949
0.14028150722151622
0.9288822069065645
0.25232428350136615
0.3735935981676448
0.30928932057577185
0.3374054490705021
0.814693801861722
0.09264545427868143
0.9492669742903672
0.39252349513117224
0.5536122398043517
0.1877782306401059
0.781109915842535
0.6088880659663118
0.6320791623438708
0.6820053863339126
0.6433684315707069
0.17781975431717
0.37591764354147017
0.5619190482830163
0.21683891818975098
0.26266666056471877
0.36079301341669634
0.7882273698342033
0.10393315978581086
0.8852582850377075
0.3073708489537239
0.830680873215897
0.5846442896581721
0.20374102794448845
0.27312936302041635
0.8624508880311623
0.035556141432607546
0.4819758812955115
0.18771535975974984
0.28108080764650367
0.3589674833929166
0.7570395763323177
0.6194040618720464
0.6746729074511677
0.6308942668547388
0.18064660116215236
0.39398196010733955
0.050933817110490054
0.9432830307632685
0.4031142247549724
0.04014185298001394
0.9798675613710657
0.44536793665611185
0.15230077286832966
0.408102296438301
0.045700881542870775
0.4727239737112541
0.20113609786494635
0.26648209209088236
0.8665147527644876
0.5335356820141897
0.7332243952259887
0.06649231648771092
0.9667385753709823
0.38369565023458563
0.05790418782271445
0.9534620324557181
0.8982077022374142
0.8004059602390043
0.0675360644236207
0.9662318485497963
0.8838264646183234
0.808084800693905
0.5783184389874805
0.21071823238162324
0.7691373417619616
0.11439361222437583
0.4115491402335465
0.5439507418486755
0.22021105521707796
0.3273868354735896
0.8343381386075635
0.5788940433994867
0.7100606290041469
0.5179555251961574
0.7407770795107353
0.09443995141191408
0.8901559188961983
0.30394547802279703
0.3147933650179766
0.8425418053520843
0.07432690288987942
0.4549932925438043
0.1472573052160442
0.9219767555769067
0.7577004659397062
0.62090561146033
0.1734185941168107
0.8810641320305876
0.30543567962013185
0.831168878445169
0.5824309337476734
0.20853842550422996
0.7697463492222596
0.6150648067123257
0.6607253794791177
0.6696368184930179
0.15627039805985987
0.9218645587970968
0.7890371727116872
0.6054202592349611
0.6346601630793884
0.6824255393876228
0.14264152199029922
0.9286791793711018
0.7503781560517382
0.6245591370097827
0.18671233809436671
0.40456481714500114
0.5437959632836282
0.7197380552242976
0.07762331314734183
0.45920458110049367
0.641426363697974
0.17879853592603467
0.3773818117333576
0.5611860698845703
0.21549688541563228
0.7594309207634069
0.11930797336390242
0.924719046219252
0.2561424002342392
0.3680220581300091
0.2998126875027083
0.816890285233967
0.09153861485538073
0.445410991407698
0.1522315468173474
0.9080150258669164
0.795488466421375
0.5983494867105037
0.6381991331872996
0.17211136341211386
0.3826632642594632
0.05811809585429728
0.9543317266216036
0.8978035589971114
0.7990821510902606
0.06920889078173786
0.9609852877038065
0.8788517779903486
0.310447985684732
0.33670409259502776
0.315534195600776
0.34021015517646447
0.8218381625483744
0.08810387831181288
0.9402000051632058
0.9044098087761085
0.7938542664924171
0.5950162260851357
0.13999087340198457
0.9279884952993598
0.750849367264891
0.6240717762848362
0.6859804671548773
0.1529776276438497
0.9156834197929129
0.29118077366729267
0.35440198189462535
0.26005462621105835
0.8699707794003189
0.048836418631253764
0.444331671402324
0.6489116850425489
0.6598885802668519
0.6690162043669261
0.6576793968561105
0.6710224936250597
0.6625356281583663
0.16457786087994464
0.4177032017323654
0.04010981699684635
0.9799449722631834
0.4454365753335878
0.6522816524666268
0.15798597811954096
0.9205110853654332
0.28577669482911006
0.8571116516250186
0.0001397335436195135
0.9999301327334251
0.9997564308869187
0.9996334427269176
0.4992057549825404
0.24844206011039205
0.37162452199845575
0.3063675946323201
0.8301525318820495
0.5849199188523926
0.7035116904298775
0.5229999534785748
0.7374928164936136
0.09792839639703743
0.38852813880657777
0.547374114044942
0.695060975063825
0.026477689272724092
0.9691520207852591
0.9526788654620759
0.3976762522943318
0.5491472219291609
0.19417251375853084
0.2735192043473944
0.8476144140877295
0.5135707207373343
0.7351577455410734
0.6006518515350763
0.13522091566119343
0.9322596040146891
0.7682451970176771
0.11586017385707237
0.4069135436147917
0.046512218861607835
0.4757663147174753
0.697656084492337
0.5259122899733484
0.7214169467042666
0.07672285460284911
0.457731353584677
0.6460084083664697
0.17601136173470877
0.38071380148176104
0.5590918149391655
0.2126415924867615
0.7520618886046577
0.623938508273568
0.6838764211861417
0.6502490358252544
0.15870021149748936
0.9206498308922164
0.28575166827067733
0.8570936398755293
0.5001636406814214
0.24991721057449467
0.3747971339325886
0.312111240637023
0.842906714475248
0.07659304089611396
0.9575368744553998
0.39623155901790597
0.050873079599114135
0.443252425029641
0.1531291084829718
0.9151031932269689
0.7924464806274045
0.6016939042019658
0.6366525671910495
0.6814142568910029
0.14317958839819767
0.4283758583769668
0.0006558198656421155
0.49967110651778057
0.7491859768633731
0.6234536406700499
0.68412277410971
0.6501260514487512
0.65827436913969
0.6708626957261004
0.6605250692809932
0.6694932947866619
0.6564604148443323
0.17164009096450172
0.41369070461951196
0.5421628259064164
0.226934675272787
0.32378470702678896
0.33711534066242166
0.31569333662628196
0.34020008554216474
0.8220559857145417
0.5884836951154284
0.6900642493274063
0.5299673905537929
0.23110813242965378
0.31412949893274345
0.3419510511739645
0.3251172704913188
0.3293809075548779
0.33530930773122236
0.8303235555067658
0.08483816261286847
0.4531844781595282
0.6484039311762899
0.6756678275705781
0.13067194461473264
0.4341584536305163
0.02510827293735929
0.47072197691886686
0.2021385346306488
0.769992977642687
0.6149424759787507
0.6601722608902492
0.6699133917572908
0.6571983175817877
0.6713395676051732
0.16225119077716954
0.4149680344562512
0.042240367096383125
0.9769266611547209
0.4490285016945563
0.6499822089681402
0.6584063644113485
0.17067471763584763
0.910267867759103
0.7948355484986678
0.09452552456059493
0.3897412078513298
0.05311521890689619
0.4380400329537224
0.1559456511749886
0.920928034815006
0.28758094998192973
0.35223835762008093
0.2612586315954104
0.8683855376730207
0.550121134496294
0.69173582692747
0.029115859128069133
0.9771411688998342
0.44892511653597467
0.14943111984757707
0.9096591996494681
0.2931824511324521
0.3455352387391031
0.7642439792107325
0.6139715219323989
0.16164166157250293
0.4182016530248802
0.033056028245482594
0.9829221926047467
0.44212500925641507
0.6539059940550942
0.16419308638432994
0.9179032034589909
0.2907870913622901
0.8541181430045981
0.5104099335731007
0.744794012454804
0.6119703642325476
0.6627645775733981
0.16470954986289144
0.9176413432869595
0.7902026456722524
0.6048977197206113
0.13285380718298256
0.9335711890307721
0.7675283684220631
0.6161132648703642
0.6565267639816739
0.6717364987707697
0.6635781425284222
0.6672343364043627
0.1644218387082219
0.9177733375399839
0.7905925654049497
0.6037269144726451
0.13550585581106134
0.4317586711549666
0.018479926860891283
0.9904843611002434
0.9695977547089569
0.4521973356604576
0.6469157673127484
0.1725137363828253
0.3824850180535577
0.5577808985253796
0.7035304699384142
0.02299062436213717
0.9875259794062003
0.47297284987871535
0.20101351544144563
0.26617708295816556
0.8669112051720731
0.034191949758678675
0.9809427305299323
0.9391856171132531
0.9043676780129317
0.7939098960487172
0.09509471597266383
0.3897085009084549
0.053188742720521986
0.9381195587629918
0.9059392631752416
0.2960385394108016
0.3500273668614682
0.25830159173347056
0.8708486639370676
0.5479721976735163
0.1947600696585141
0.7754150402033702
0.09665120686986484
0.3891133595316205
0.05141093165730126
0.4430445332254749
0.1524701465968974
0.9159524266724475
0.2917709958855994
0.853610961989034
0.010633362748194486
0.9944313064333983
0.48712832207093015
0.7246956503367983
0.5712305392371491
0.7142626600398216
4.2572617530822754e-05
0.9999710842675995
0.9999524391896557
0.9998978953517508
0.9998066657863092
0.9995778533339035
0.9992344493221026
0.9982999431376811
0.99694374811952
0.9932101747835986
0.48773933527991176
0.7228046592499595
0.0760814429668244
0.4539026061538607
0.6475582698767539
0.1742028822482098
0.38140428412589245
0.05537420237669721
0.956565821019467
0.3957403927342966
0.5520990457443986
0.1926389574073255
0.7786728760402184
0.6028194714745041
0.136086445330875
0.4299425501085352
0.019401698315050453
0.9897956069326028
0.4728448703244794
0.2009550167422276
0.2662140175816603
0.8668310018838383
0.03435792907839641
0.9808523982064798
0.4390171583800111
0.1544799818948377
0.41873168779420666
0.03233337105484679
0.9837722713709809
0.44341658375924453
0.6493701675208285
0.6595677862933371
0.16801489959470928
0.9081492937111761
0.7958022974489722
0.5979311750270426
0.6385344087320846
0.1723704352916684
0.38256382767576724
0.5577243537700269
0.20352917280979455
0.7729907812026795
0.612527091318043
0.16047217493178323
0.9197620046907105
0.28180292778415605
0.859098058193922
0.0068436879373621196
0.49462503095855936
0.7370469834422693
0.6001955061510671
0.13343108649132773
0.933284456608817
0.2667399813362863
0.3666300092590973
0.7832050326105673
0.6083974836510606
0.629391192982439
0.6852967731538229
0.6485463364515454
0.6600713104417082
0.16971614307840355
0.4068411322950851
0.04651786031899974
0.975763546070084
0.447649812878808
0.15093041269574314
0.908875461347634
0.7954401831375435
0.09837172125116922
0.3882492278062273
0.04708584674517624
0.44507736194645986
0.6519729184219614
0.6573948083969299
0.17127183231059462
0.9121658635849599
0.7899935886962339
0.10488113507744856
0.382861682533985
0.058537687407806516
0.954983949981397
0.8972562549461145
0.7969773407676257
0.07019838615087792
0.9646566642913967
0.3765426472236868
0.06075115967541933
0.9655921659141313
0.8839026589121204
0.8080162157712039
0.5781693880271632
0.21091148379491642
0.7694831633125432
0.11512776307063177
0.9109418548760004
0.29400979640195146
0.8451816164306365
0.01477949193213135
0.9906568868609611
0.9692539997631684
0.452872932102764
0.14755538097233512
0.42420624176156707
0.0063950490148272365
0.4928646340267733
0.7378167811839376
0.09884972823783755
0.8880120732064825
0.7981738320959266
0.5696628156874795
0.21321117138722911
0.7527693993761204
0.12312675069551915
0.9345298975531477
0.7747995192767121
0.09673108480637893
0.8871505745919421
0.2984896357229445
0.31852098999661393
0.3368331278616097
0.31571238802280277
0.8401904255442787
0.5720302983536385
0.7134965396253392
0.5026095041830558
0.24866472237044945
0.8717608821461909
0.05629084538668394
0.9552529533102643
0.8973410983744543
0.7971790443116333
0.5701561862661038
0.21442599408328533
0.7511853174946737
0.6242697736888658
0.18591195830958895
0.4031334792380221
0.5401248422567733
0.7299222008441575
0.570463449053932
0.7147644607466646
0.5017404626705684
0.7486414864542894
0.621710047358647
0.6813286317919847
0.14271832586382516
0.4286389287735801
0.0002496124361641705
0.9998742084135301
0.4995669255149551
0.7492244695895351
0.623312063224148
0.6844339026138186
0.649451613862766
0.15964704725774936
0.41816231521079317
0.5329841509810649
0.7330041421810165
0.5670306139218155
0.21648075815755874
0.7579400333634112
0.6210289697628468
0.6736087446042802
0.1314419535046909
0.4303114994254429
0.019215431850170717
0.48938471917063
0.7240576403855812
0.07521927377092652
0.45456260425271466
0.6476555164554156
0.6740894161048345
0.6317052303347737
0.6797183983435389
0.14451554699917324
0.4276802357926499
0.004785837314557284
0.9973476808518171
0.4935131789825391
0.23755355313187465
0.848019979079254
0.013482140755513683
0.4849428595334757
0.22627653993549757
0.32326308224583045
0.8364150944980793
0.06613645073957741
0.9658941173402127
0.8842325716104824
0.8077616103109904
0.07853904279181734
0.9604558185092174
0.39379147125873715
0.5511358805524651
0.19315099727828056
0.7779352664074395
0.6031512019690126
0.6349473591835704
0.18252250473597087
0.3928618565259967
0.053568114090012386
0.4375103467318695
0.15624428918818012
0.921862589137163
0.28903815790545195
0.8554160076018889
0.5096698066336103
0.7449047281988896
0.611434294085484
0.6629699065815657
0.6643608408921864
0.16780384388403036
0.41560788921196945
0.04121937367017381
0.4792672891053371
0.6973780442494899
0.5262802218494471
0.2209902641188819
0.3269972236303147
0.3320457006338984
0.8339752348547336
0.5829778113693465
0.20845005911542103
0.7706518867053092
0.11467214926960878
0.4111391329788603
0.5444266187842004
0.7199589279480278
0.5774890572938602
0.20924131022184156
0.2664652270032093
0.8662485874083359
0.5336706142988987
0.733103537990246
0.5669194189249538
0.7165249719982967
0.5078871739387978
0.24605256848735735
0.8612261675298214
0.037892768130404875
0.47662844782462344
0.6991857610410079
0.5252771810919512
0.22149226506007835
0.8262483603321016
0.08296944221365266
0.4583927316707559
0.6455585095682181
0.6771902266773395
0.6300325703341514
0.6849760854092892
0.14945525515940972
0.40964534212253056
0.04316315334290266
0.9704833146824967
0.9517538414511364
0.8951557633408811
0.8024177634215448
0.5665340379346162
0.7167329642397817
0.008569218014599755
0.49521179086877964
0.23475291684735566
0.8511217566265259
0.5109315030276775
0.7424552309967112
0.11313209586660378
0.41163361858343706
0.5431989986682311
0.7205572288075928
0.07667016179766506
0.9577586371742655
0.8961053629755042
0.3009402345633134
0.8182759485498536
0.5906178841250949
0.6963892930652946
0.5267442582116928
0.21880345200770535
0.32808298445888795
0.33583631450892426
0.331837448553415
0.3335619981808122
0.33224237128160894
0.8337488757388201
0.5826372771116439
0.20866406860295683
0.7696608846599702
0.6151693043066189
0.6609054713335354
0.16905799583764747
0.9076241693110205
0.29594353440916166
0.8500731965759769
0.008492242224747315
0.49563133079209365
0.23556559105054475
0.3509058989875484
0.26009297181735747
0.3699515992193483
0.7989109040936455
0.0692902244918514
0.4613265674270224
0.12846744892885908
0.9347589568933472
0.2746854573779274
0.34702464190195315
0.2619724459364079
0.8612012768862769
0.03764579145354219
0.47724027661024593
0.1987538499524817
0.7746312534727622
0.5969973527244292
0.6370405094930902
0.6736670030804817
0.13142628001514822
0.9303804898227099
0.7690588625846431
0.11449400594574399
0.4114715252944734
0.044201294775120914
0.9700789845373947
0.9524290364352055
0.39682848198572174
0.5476179969846271
0.6944507978623733
0.5258060978085268
0.22119633544934914
0.8269018246792257
0.0826349688868504
0.4586672529694624
0.6446573259891011
0.6776712103164755
0.6296621478395537
0.6846653543470893
0.14979283371940255
0.9092268093663733
0.7934027142764535
0.5953621567750815
0.1388270406750962
0.9266801101912279
0.7551619890728034
0.1224189747008495
0.9309083346743137
0.26892082518315874
0.36358619411475956
0.786956424213713
0.6060325380240101
0.1266692933277227
0.9355626636533998
0.27831240312661976
0.8529997058503795
0.5109372045262717
0.7424485430819914
0.6131497149181087
0.1616525215213187
0.9181970575009473
0.2830257884343155
0.8579949800041504
0.004580877779517323
0.9975853301002644
0.4924106429098174
0.7381085760716815
0.09920731099555269
0.8869042829028331
0.298613284365274
0.8189512022363488
0.5865494759054855
0.6910991891345475
0.028470027958974242
0.9779448263288941
0.9482833856309298
0.8989031481323764
0.28486239051562734
0.35646966108470224
0.2514364569215104
0.8742206765164156
0.5608101743855514
0.7156886469456367
0.5088242583442479
0.745587630517548
0.10955939142149873
0.41384817389189266
0.042585716932080686
0.9776656991161872
0.9486666716984473
0.39846170938108116
0.535128648072714
0.23237271851394325
0.8133713217976037
0.5930692410329357
0.7014778923767153
0.02035456441808492
0.9893325123994146
0.9740799288265407
0.45033748747664504
0.14201875432627276
0.9287158453953452
0.25243895180756226
0.8737726264516823
0.05919217690825462
0.9625589791394304
0.8771189329854678
0.8114323974295985
0.5901334068912547
0.19711978323175572
0.2758888836251572
0.8464304240478668
0.5142695270478725
0.7389284614182543
0.09928193964879028
0.3868824676028453
0.5487453086534515
0.6941332050191704
0.02353671204764396
0.9725456087908242
0.9509829950984567
0.39119234270765446
0.05440357432235032
0.9404457652999554
0.9028234537690878
0.29074334443430416
0.35359071515267715
0.7607007959159091
0.11952747209579684
0.424366161954822
0.0065363711619284
0.492703253752552
0.7380152517289389
0.09870477643562481
0.8881455813534558
0.2979773801926058
0.31976104067871347
0.8379141059122048
0.06540268065873533
0.9672366549784783
0.8873457227600738
0.2985143664118368
0.31848382935277186
0.3368518347851932
0.8157011263247114
0.5901886805368122
0.19703116713208146
0.27599612725316547
0.3463614390930161
0.7642887607507873
0.613945018441882
0.6617622318444774
0.6681423064146657
0.15808579890290275
0.9207128965645097
0.2852412717184052
0.8573640883259941
0.5008812397136353
0.749307609978132
0.6233930101443548
0.18433609005296603
0.8995309194433503
0.2845942813437432
0.8554750123003032
0.501946179108927
0.24901152472011745
0.8715565158927348
0.5563481900899205
0.2050946126691997
0.7724526927049737
0.6098349172098096
0.16377150619518943
0.41701130717410706
0.03954119060654193
0.9801987641549204
0.9463627666700631
0.4018109853786882
0.03139424487017095
0.9843009697215166
0.9450748531671707
0.9019699931377545
0.28239816628047265
0.3587702800577972
0.25591735195484944
0.3681269603257533
0.3001741305924952
0.8164635195571464
0.5917605809809174
0.1961697602237109
0.27667073337943293
0.34408269336563535
0.2654504870006349
0.366786475176923
0.7843630186107475
0.6057432655361481
0.6268153265700676
0.686042066605296
0.6530707943020388
0.6656368139956612
0.16617403185227886
0.9169091097428463
0.2913010659394786
0.8543475445185322
0.5097769108251669
0.7451110639958642
0.6118032553931698
0.6628177333914209
0.16461955656995997
0.9176901880418882
0.29004077569697984
0.3549791343684774
0.2580534315784462
0.8709656547871418
0.04838766349712387
0.9435490881442092
0.3991930488264188
0.5342749352857936
0.23084789438871667
0.8140108271036297
0.09198738340637647
0.4499775031581521
0.6416942248761188
0.1790918504993897
0.37700466328533366
0.5614633355871774
0.7152399522601627
0.5093213565414771
0.7443589293689001
0.11213426169706509
0.9121869546361268
0.290000213048188
0.35487590736011043
0.7578647508635186
0.12103281531017274
0.9237364621658344
0.7566373893641867
0.11728628230048344
0.9256698698736727
0.25566889412584715
0.37166201282525435
0.8063559859874658
0.08009741851128638
0.9599512236600276
0.891087143245386
0.804395389452111
0.06544496258720756
0.9653243927459698
0.8844947524776217
0.8067149659909774
0.5810097664943896
0.7093728041509166
0.5161612701194827
0.24188884638715535
0.8467026356665883
0.512180298101157
0.7360361956234556
0.09962539965636097
0.38378053973428905
0.5580773047113325
0.20332206637249328
0.2732130778313149
0.36290515001746826
0.2862893902347423
0.8568552974029444
0.0010078278137370944
0.9994956089940388
0.998236064624507
0.49684959376463667
0.7432591555989347
0.6126832991139963
0.6602034535317216
0.1698677479289472
0.907129632512806
0.7961757544835564
0.5999585166864563
0.13354958215495571
0.9327366891084239
0.26604588588816114
0.36671765716164373
0.28441269777249545
0.8558100082736928
0.5017209819634445
0.7486435983446427
0.6217403561458923
0.6813135072006844
0.6427416539518163
0.6786272058088798
0.12528587930137292
0.9373565834830515
0.2807714072987437
0.8586377319588792
0.5062125043186825
0.24295697928755544
0.3624038741691038
0.7855339024972636
0.6069889006321318
0.6252012134646066
0.6872772912611254
0.6558691987884231
0.6710581933730282
0.6625168246100657
0.6645892588421702
0.6677053090825211
0.1651092634710949
0.4174443837837316
0.5391873502521776
0.730406086309813
0.5720489993982483
0.2134790531708859
0.7525744381127879
0.12371085843187757
0.4342230317124631
0.025075443903915584
0.9708292440336663
0.9520853611757047
0.39479879272403196
0.5525853443541564
0.6919069971772842
0.5290388718713075
0.7266608479840215
0.07410663345945068
0.46270230374648236
0.12752030708361417
0.9362397849617992
0.7778479685075581
0.10326338160666637
0.38486027444014326
0.5575069127953611
0.7053697585361078
0.5222840946225915
0.23445960646495223
0.8515048103581648
0.5116245707904454
0.2439359291747678
0.3619187234144192
0.2877276919898577
0.8522298439056613
0.01136934052919969
0.9933377985144034
0.4876717377046589
0.22271662708953954
0.32613977140863426
0.32899171437020414
0.33525189402280375
0.8303904028143734
0.08480277154012583
0.4531888092169538
0.6484053569438402
0.17567143274936825
0.8806619771348778
0.8091502041788772
0.08761046073050238
0.439455818181159
0.1552716135920491
0.4184541126014665
0.5329526950663421
0.23253158875741065
0.8172955232148524
0.591108037653612
0.19662477512611076
0.7766265771351755
0.09410855566966347
0.3904151449096389
0.5543040191405453
0.6905525249312632
0.5277701048180461
0.7280563977255952
0.0724912972364109
0.46368568582693115
0.627042907231953
0.6864747315412387
0.6527264123142231
0.1655801531742327
0.9162009349092841
0.29177746034110896
0.3536186932469718
0.7606219812296331
0.1194447485904675
0.42464856879087165
0.5059297746629454
0.7431283839396201
0.6126734638819471
0.6602158831956331
0.1698882399359718
0.9071136132406536
0.7961980981053784
0.0999324441945646
0.38362704336759634
0.0576943525520619
0.4535744583699852
0.6480887931247707
0.17497898082365282
0.37927257546107285
0.060119556670542806
0.961150890798308
0.3786770036967937
0.06017224831157364
0.4610923576692585
0.12882858273223974
0.43533774561365135
0.024030211818171665
0.4722902739304118
0.7003782929386944
0.5169978612975683
0.2412559452059213
0.34616687209927477
0.2643516991811339
0.3637952927092556
0.2868351800425444
0.35554478227277286
0.2519140937074553
0.37391897541237995
0.8088899874128401
0.08770817398908548
0.4400326279574074
0.6549827248672955
0.6684784088283777
0.6579442424408626
0.17002079865778796
0.41102130216313526
0.5442433007992804
0.7200504566717427
0.07747381794615649
0.4593099622288719
0.6414385229873005
0.17879245628137141
0.8774005872255657
0.8111775165889412
0.09050497677526437
0.4469044338911772
0.6505712168000173
0.15908173235948198
0.42019973433343694
0.5359919082839042
0.7314471000281628
0.06396347124245949
0.4680144459416624
0.13903189543634653
0.926561589789344
0.7549503894697409
0.6225204838847276
0.18078992844675668
0.3939799752261024
0.050804998085368425
0.943331986956764
0.40327106398763135
0.5404222081997432
0.7295442774775438
0.570740387076512
0.7145077063178178
0.0011436301574576646
0.49942626172560267
0.24808555032359436
0.8720509431441315
0.05609992035897449
0.9562029652879573
0.3949281591339968
0.5522916604531929
0.6916271264490206
0.029124380846042186
0.977135120483581
0.4489169387961738
0.649441936518997
0.6596463417808991
0.1681626689096447
0.4079821724444628
0.5455053737096023
0.2232795473828446
0.32585163571638986
0.8282544817775488
0.08587227851967327
0.4568034777767025
0.6461099778534845
0.675935785198817
0.1307821071241051
0.9343609314819332
0.7745186332904268
0.597046050184872
0.6367797091370448
0.6737974030256737
0.1317287512938492
0.9299842119216919
0.2693504690832924
0.3648362457170151
0.7853514997987077
0.10719449052703567
0.37560101933195256
0.0621650229441002
0.9679404491616879
0.8890747409313917
0.3013081820390653
0.3180959014571272
0.8399134381907061
0.07223077901289798
0.4637452396855224
0.12725823858636431
0.43637063476489857
0.5274196596001275
0.7284766550292261
0.5731376873445697
0.7131867469870485
0.502747290476691
0.7481380584649742
0.6220237363304477
0.18105165412998758
0.3936009716708213
0.5512158715573605
0.19301897872355767
0.27749677826068364
0.35343897622078657
0.7605354156985413
0.6192420960578602
0.1746926625201013
0.3811595280421898
0.5554986635979731
0.20613738690735772
0.7699742396944202
0.11489080981118605
0.9103270629420877
0.29480401377077214
0.3445411121356301
0.7647325794678181
0.11566526637761854
0.40688856958877295
0.5465471169736702
0.2257497597602196
0.8226715140626766
0.0884190815850161
0.9401654590619728
0.4048559929069597
0.043665746081387624
0.47021676087751985
0.7014150570321362
0.020382391841849312
0.48931286355946213
0.7240772923978511
0.07533928344491869
0.9545139085093979
0.8974681490799412
0.29931184466113336
0.31907678858260624
0.3365248306072317
0.8160510427551344
0.09099696055636741
0.44667370108072646
0.15141710147145204
0.4066827917122282
0.5465360569651239
0.7257477757520974
0.5726719067606609
0.21341990501969121
0.25266501388978213
0.8736063980322797
0.5592904298682697
0.7124049522099085
0.5021959310979582
0.7488981582573615
0.6211487600812688
0.6815968925657216
0.14345448336098343
0.928024531021947
0.7508009668672457
0.12411075751879252
0.43597528190002777
0.02798391555552371
0.4781936274084728
0.19742277829209343
0.776288130262401
0.09597910509910434
0.8895102069072891
0.8007874078466557
0.06835236202459782
0.9658085599367041
0.8842517184675671
0.3078131055808626
0.8283853764878586
0.08580729682580568
0.45657558369566686
0.1457355189777445
0.42706691374769434
0.505216509453021
0.7473838771984447
0.11849508358864114
0.925110230455175
0.25424152132472955
0.37287827022373676
0.8052580570511054
0.5817421530082356
0.20802978400024585
0.2709831996471621
0.8644778211019002
0.03644612024072558
0.9817769240180496
0.9387827658792958
0.4056086149357725
0.045240537234349176
0.4734696666128002
0.7002766152145341
0.5170491923636291
0.24135332950390875
0.8461202027683612
0.5141652250022162
0.23901113745523617
0.8492367980070412
0.011889772227732465
0.4862101879552938
0.725400761642959
0.5703969815513119
0.7147862483107019
0.0018587326048873365
0.9988188598072156
0.4961960087821353
0.24402649255353026
0.36211761116283014
0.7871871626120992
0.10249921452486888
0.8861243801075034
0.30474006733857095
0.8319725260080304
0.583891397487605
0.20780634216498584
0.7706009031098802
0.6146375279058702
0.6611832806956954
0.6693775957101025
0.6573766318033449
0.6713039940223098
0.6621507354720961
0.16501645997050218
0.41743070498341694
0.5392089716042392
0.7303792866878211
0.5720660958613735
0.2134743717906531
0.2525767192710191
0.8737037706596311
0.5592108553100843
0.212580164487008
0.7520929762977175
0.12395351170562208
0.9338384909497108
0.7752682544814888
0.5962516294093803
0.639372263016412
0.17628149478696287
0.8806016152666416
0.8086910989659373
0.5877770996885374
0.6902421884296928
0.029373219702392817
0.9814071065920871
0.9388617571385112
0.905324741412187
0.7953535079723224
0.09829486210946925
0.3883439858618658
0.047038928663823754
0.9452302972204052
0.4021402021171525
0.5328166176623199
0.2325539703015238
0.8173167573695537
0.5910821915895212
0.19664634083164856
0.7766424971632659
0.09410061055677943
0.3903877058182843
0.5543159267981537
0.6905999768641777
0.5277163647697307
0.728081235603895
0.5724675607634708
0.7136431804683525
0.002065098669845611
0.9989366904483177
0.49638126412173733
0.7439891787944362
0.6118309747253079
0.162832589878235
0.9146430631517433
0.2926169525599107
0.852713023807155
0.5111089164274745
0.742248268565163
0.6132498519436922
0.16200109259807505
0.4187513791548554
0.03229301064857282
0.4838525111845229
0.19349091945332475
0.2743480439239647
0.34694108681287616
0.7620762698643375
0.6111147868796252
0.6627042953623459
0.6646800863381941
0.1676589882117696
0.9151766575523652
0.2924116628128104
0.8515658488031477
0.01171612142934464
0.4941342939855531
0.7372925643867347
0.10007128887809813
0.8834970107709523
0.8081213175610173
0.5793377628433518
0.7102996173780411
0.5178341195860412
0.2410750574490521
0.34378646852565
0.2656029207573738
0.36713696795050055
0.7850575299526099
0.6072118057636544
0.6255923023272771
0.18713518377626315
0.9054557105409913
0.2953171122353524
0.8481869959214237
0.5133988651505206
0.23444945621304214
0.8515214567014482
0.5116170671826694
0.2439470870885998
0.861882653873181
0.5378085458942223
0.22705977730220184
0.8239698560209945
0.08702134332270361
0.44083378071081825
0.1523848302604165
0.4159931690664962
0.5419422610721085
0.22890584520064294
0.8227876476885285
0.5886040294135455
0.19000431324820966
0.77999770900351
0.6059687715605833
0.626695481070783
0.6856446949532256
0.6532065524079371
0.1653399471542798
0.917313813813962
0.2893899671325926
0.35530310720787384
0.2593601611733902
0.36933905791374855
0.2995833997265436
0.8184698847471736
0.08682805148418993
0.9407163528085221
0.9026810617069714
0.2907848600298166
0.854115459107561
0.510411693219794
0.24479403041186742
0.36197035532677546
0.7877645531552844
0.10220956592820585
0.8863913943932857
0.8058277253585402
0.5814601528691128
0.7070726579113398
0.021461517550051212
0.9892082060396206
0.974023765156744
0.9502285950293299
0.8920729486562777
0.8038986739120446
0.06472492369357497
0.9676299077982549
0.8867294759256765
0.29882084697601385
0.31932430280721746
0.33640057244338095
0.8161127249186393
0.5908372481644619
0.1967683990369551
0.7765814522281289
0.09407008389825933
0.3904640024411492
0.5542777951341122
0.6906343010195997
0.027603805909166113
0.47838547758874483
0.1977875068259891
0.276104275835678
0.8462541970366146
0.5143724171502981
0.23878165613859892
0.8493514065339696
0.5118162629369181
0.23621451770304702
0.35039812175091356
0.7578892377496231
0.6210552544216625
0.6737243477255106
0.6316417632333469
0.17975383109296672
0.39449709717882797
0.5526216323487461
0.6921945654030424
0.02839911574847065
0.4779879383277148
0.6983801304304507
0.023856807878473774
0.47217095413361676
0.20043605213868432
0.2669615985942073
0.8665029728435911
0.03351481136633083
0.9832382989116013
0.441471060476033
0.1542643495486118
0.9149253870709799
0.2922926590545103
0.8518833790731151
0.5115581837599166
0.7437316731666215
0.6115306767751463
0.6628623528522439
0.6641733083524741
0.667882708075922
0.6658140209037811
0.6665970192698296
0.1666394996282179
0.4166764205729123
0.041631033178418875
0.9791844526480418
0.9479001442377921
0.9010346611321438
0.7838557620416395
0.10806447360664606
0.8795610363304149
0.810215665231226
0.5861029819061514
0.1913149254687596
0.2790983668237459
0.3521494988235645
0.7613632541615516
0.11833987323916517
0.4251897430513054
0.5039573859830853
0.24798982034553774
0.36807048969785683
0.30008774291491136
0.8167525116587058
0.0915608007053379
0.4459186991734896
0.15202443770249374
0.4073556712537538
0.0463200185331516
0.974627458723262
0.44627988649881445
0.15182548412121832
0.9064480903034564
0.7966527962416876
0.6011834132368676
0.6359012094326317
0.6800924481067341
0.14408461944549344
0.4269801442278549
0.5051988887425978
0.24739839491667226
0.8684730432578363
0.05013844760833308
0.9417199620511383
0.4041398918197956
0.03961186821106821
0.9801940351317171
0.946304228506051
0.4018476396158803
0.031467059830902144
0.48420442157657817
0.6949018780724145
0.5265722451149486
0.7190117746358737
0.577994078892516
0.21048028738005087
0.7687832927331328
0.11359311870182864
0.4119515332276933
0.543520659673959
0.7204271105292719
0.07618399625062011
0.4579940013354644
0.6459715278178919
0.17694935266627
0.8801527167670429
0.30990647451835684
0.33717319584684446
0.8157873887685128
0.0901207514689304
0.9471270050271414
0.4008833662373945
0.5339332868170459
0.23302477347897366
0.8170660969917662
0.09143618057714775
0.9454923684825189
0.4022461192798801
0.5329915867769159
0.7330159216071479
0.5670206933282316
0.7164896523754578
0.007957945432281122
0.4960057679563761
0.7361270067922305
0.10019055611337535
0.38343719457043335
0.5582794952206314
0.7042242970492225
0.022887732222443447
0.48635789775289595
0.7255690841411706
0.07074435756658204
0.4645052731211763
0.12613816960947588
0.9369307959568687
0.27933542855316773
0.8564257674734108
0.0014126263558864594
0.9991716090298723
0.9984438894025516
