0.37416388938436285
0.6887584273936227
0.4400144631799776
0.8175327745848335
0.8850616264680866
0.14514053831226192
0.29022564433398657
0.5805118469579611
0.6609648046724033
0.822166835423559
0.8937310683832038
0.16343077141209505
0.3259159766312223
0.6561497090442572
0.797042782389326
0.3597032851539552
0.7037891740910709
0.4700708096206654
0.7839217493892647
0.817767681699479
0.3856569569034036
0.8961937508720439
0.1679320497205481
0.33410218625795096
0.6701188735896721
0.3383437504817266
0.6844475477118976
0.3495498138072435
0.72955664555775
0.42883938518934883
0.997329086821992
0.5063721853366587
0.5147055715497117
0.524519152357243
0.056879473762819543
0.10584720893530175
0.24697677924996242
0.380545842286665
0.8865941966651008
0.6469182177970652
0.79573031453765
0.3397455044905655
0.6857238411321305
0.3460498751082923
0.7233798207889777
0.9154352251207456
0.7059802421426866
0.9743528978142422
0.04286873701494187
0.08414960477966815
0.17025615111924708
0.33854963863268495
0.6849279971793294
0.3503085132979322
0.7338774037198164
0.4314255063945893
0.9797849471797235
0.5543113319727127
0.6217914571461733
0.6928698818082921
0.4480013153224718
0.8337478589091916
0.41724778510979377
0.9604759509384166
0.10600666864775121
0.24718486075289547
0.3810503105632961
0.8891148385591805
0.6512153717048932
0.8105181214341428
0.35061977634904906
0.7315137930563651
0.43568072919151746
0.9709746818698477
0.035695440135896206
0.07140625733882189
0.14277425222098827
0.28561382181942463
0.5711520798504353
0.14253302666475065
0.2842726633534767
0.569552190718241
0.13809753980604
0.2802231615060009
0.5503764759050682
0.11588728640344925
0.21810651250416413
0.48601389781106263
0.7694082430098206
0.7875376087904442
0.32696730745374225
0.6522256305615883
0.810676847002469
0.8459630691504572
0.4731761382136028
0.7901022768637631
0.33020455224323086
0.660409106320003
0.8208182109228801
0.39163642888888717
0.9082728396169841
0.691545706737088
0.9455913874262478
0.0786828754353337
0.15736536536132917
0.31473120563896373
0.6294619421241805
0.25892577241756953
0.5178468053345568
0.03570169085287489
0.07139417837606743
0.14281693811062723
0.28553481097333133
0.5711952128913254
0.14226501368102618
0.28503119718516245
0.5687922906363383
0.1394758939568419
0.27724376117112115
0.560712150647305
0.0960375051072333
0.22331542446045205
0.41539712011581287
0.9557779718306847
0.5991129166504834
0.7292766479949933
0.9275427147513255
0.7454805848246906
0.8903256558987778
0.14936658355873078
0.30623864952940494
0.6051604768726975
0.24106383745674975
0.4062302196980454
0.9219279458047822
0.7344937662419397
0.8908129414485302
0.15668691805331036
0.3133128010085784
0.6268697425839491
0.2531291338673327
0.5072958648088388
0.013462580245686695
0.030587268789531663
0.04847922857152298
0.11307172628585249
0.20929776481352746
0.4830486385617405
0.807894213590771
0.8589523388363887
0.49280725335120223
0.7590517934586387
0.26810432446654886
0.5362055496079847
0.07241491382592358
0.14482601342024282
0.2896672844653949
0.579296423937194
0.15865769577794708
0.31725054868729785
0.6347299552289769
0.2686741111392621
0.5382751657743938
0.0756368289294187
0.1551166747813113
0.3007189693162218
0.6154512905050069
0.2172010778740514
0.4872555095353164
0.771084769279696
0.7926536158483941
0.33483467958285473
0.6718280247587245
0.8360246507218108
0.9298705038672779
0.2268983476969879
0.4225772134086583
0.9857489077257924
0.5184948877140414
0.5366845976095647
0.0738574841816444
0.14722666825400665
0.2966506310040131
0.5862211582716554
0.1802549066778738
0.35269692592555657
0.7366443286882713
0.3951631805684883
0.9153282684856094
0.7056517686287407
0.9738116435182746
0.04136518080485985
0.08275897189741954
0.16541971528204158
0.33095673273783177
0.6617990239756182
0.3240787007671315
0.6469710297533311
0.29565677014761604
0.5896045424160548
0.18580089687020518
0.34621115325717255
0.7236723671085201
0.4160945842450019
0.9571894104301464
0.10187857015989721
0.23500822787173092
0.3918876866810024
0.908779185730964
0.6925545605190564
0.9476243761309888
0.08271062205312774
0.1654822253040038
0.3309034749981947
0.6620815488277003
0.32327832575538196
0.6475326188956387
0.29408962806337513
0.5920845566433854
0.17440776564762928
0.36442600277950987
0.7132422491558827
0.4967817996221129
0.7553432349232025
0.7605341224989388
0.2713121401320677
0.5423812199442182
0.5858576083264779
0.6681789620779455
0.3403215292200912
0.676538011583034
0.36895327191450633
0.6985917923157103
0.4606887648405973
0.8563378875260241
0.9977052199246828
0.007625463738804683
0.012067921197740361
0.028070700267562643
0.05213597201509401
0.1200228258385323
0.20085727801779285
0.46862620499450713
0.8598045783583075
0.953923061984824
0.09559050304233097
0.221820058504818
0.41336769275949337
0.9507578098564409
0.5934137269796338
0.6726550196181051
0.36119384222547524
0.7065042998001445
0.9764231076405849
0.04345648846356198
0.0905780591419898
0.1774931445834227
0.3703681173501536
0.7026493056910113
0.4614548303943593
0.8682125635095872
0.9473781582491938
0.08224010546109639
0.1645498294092249
0.32885837837238796
0.6579608983010985
0.31567765507497825
0.6323318763752468
0.26222233721637167
0.5283509393339045
0.052795613795751706
0.12316941964672878
0.18969798705074936
0.441896214382723
0.821292185690254
0.8925853330001701
0.16016827392741106
0.3203403905208688
0.640676870389143
0.7813710216141772
0.3126866174861789
0.6254337867721915
0.2508087093301583
0.5018539522425272
0.0031051823461893946
0.007179297797847539
0.013412550673820078
0.031143338652327657
0.047027888242155313
0.10968077648431063
0.20373655296862125
0.4699731059372425
0.783696211874485
0.8173924237780739
0.38478484758525155
0.8945696951996069
0.16413939034100622
0.32827878079842776
0.6565575614804402
0.3131151234556455
0.6262302457471378
0.2524604933860246
0.5049209849094041
0.00984197822981514
0.019683928054291755
0.03936788614373654
0.07873574190307409
0.1574716039467603
0.31494290893897414
0.6298862989060581
0.25977210749988444
0.519546375668142
0.03908582232543267
0.07817921444075182
0.15635106770787388
0.3127317887265235
0.6253882520832121
0.2508976059325505
0.5016770158545114
0.0038936623896006495
0.005880229466129094
0.013713308260776103
0.025474385591223836
0.05875817174091935
0.09798902738839388
0.22722394205629826
0.4232136197388172
0.98701361566782
0.5209615975909401
0.5418685973563697
0.5839261414366774
0.16705852790619247
0.335094095004024
0.6692111509037204
0.3423306973709259
0.6748888566507958
0.36638690167455934
0.7161646152089816
0.9909534942125902
0.5306588345265482
0.5487443895253818
0.6125034875003621
0.21041951156803407
0.4822101428289898
0.8118315289029852
0.84534369155881
0.47242474425002
0.7873824864800554
0.32670868129935116
0.651479376363568
0.31173303644754924
0.5952132207457907
0.22143803784274496
0.41187020140932873
0.9484963217983022
0.5854690571140964
0.6684969613270368
0.8408998969825916
0.9278944418474566
0.2483638997655362
0.3775911235716194
0.8801780000794679
0.6353717441961635
0.7707048362062778
0.29146883002249524
0.5828851782134734
0.16595644209883176
0.3311186525679659
0.6632148204662371
0.8254521257185843
0.4048143152031116
0.9248534724465571
0.7413247105141636
0.9035316611989401
0.6782147540652659
0.8738069526734762
0.9412131323188078
0.06872129696421325
0.1393570953514427
0.27682019327767193
0.5623769978992641
0.09417824124102481
0.2195454510510899
0.4080850390018895
0.9405597432050854
0.5695959949225653
0.6382154869788792
0.7808254456031136
0.7974909734621178
0.36060635070316494
0.7055886553134769
0.4736763567489106
0.7911070059635676
0.8321994660946075
0.41441431394196115
0.9538132461893838
0.09518802107777447
0.2214722054777667
0.4119403987424448
0.9486349888611585
0.5858746893063653
0.6681845482380595
0.8402448153938167
0.926705466088606
0.2437307413201779
0.38638732372783124
0.8972862169612199
0.6717699389264453
0.8360933480726089
0.4300002727541141
0.9771844059578143
0.5481226135452744
0.6118664629175328
0.2081229892501142
0.4787080718379002
0.8012269385217223
0.3680188031576108
0.6972473613277543
0.9561137963028159
0.10068421688629314
0.23167145199840888
0.4359723942470737
0.9716514976462349
0.5366562082490418
0.5738009328197222
0.6471129920100793
0.2961800591147039
0.5874763668398373
0.1832577697641682
0.3582009878300596
0.745957953913603
0.38911795071908273
0.9012211675872095
0.6855312852712814
0.8506401081976946
0.48154627782059833
0.8107790476060472
0.8460920740326401
0.47355310985585675
0.7907380965189077
0.8320212645048741
0.41213564792997204
0.9512315883475821
0.08798524120356888
0.18381452083121985
0.34806610422674567
0.7275078592356294
0.42344813075033017
0.9879947756999172
0.5224368135968689
0.5464319906604942
0.5865114076877944
0.18084270643885247
0.35386623701197095
0.7390067929518409
0.39978964198962785
0.9325136169209145
0.7320937328913715
0.9373285436886363
0.7191433799162041
0.9071548215579242
0.689203077723505
0.9412950084952172
0.06850408733589575
0.13895883871009573
0.27596824389183894
0.5597456652903929
0.09997220223885961
0.2330978771788068
0.4330539092188701
0.9842102256370708
0.5550912969338242
0.6024913302098867
0.7359305233112536
0.3942119319399353
0.9129508398182224
0.2030836921185255
0.46103796549141407
0.8674189783632755
0.94569913300802
0.07902045556693338
0.1579185428272467
0.3163869086711202
0.6309117385535501
0.2637936487735715
0.5255746280017775
0.5590224926127121
0.09845317868166603
0.22840001509757712
0.4249418320832774
0.9914783044951037
0.5288627066474874
0.5542997397424188
0.621813706762623
0.19276976303081028
0.4481619647995103
0.8337003100314178
0.9179518433811609
0.2090402090398129
0.4825259090575855
0.8068830332776997
0.35583720935392193
0.7469527669309173
0.880502116837306
0.13649263745173812
0.2717644493095577
0.5454825130291283
0.08901066056569107
0.18681223137537017
0.34530248132068664
0.7223493235651404
0.412935570377158
0.953098923957441
0.5859769006783608
0.6797663013858255
0.851720102771651
0.9846902056306135
0.016255411086604
0.03251082240603864
0.06502164457924664
0.13004329008981586
0.2600865778513253
0.5201731594279408
0.04034631515969522
0.08069264708319679
0.16138524014968425
0.3227705399040133
0.6455410202033818
0.2910822788544465
0.5821639616624452
0.16432887702831067
0.32865680038230494
0.6573178922990337
0.31462124109384604
0.6292577409767546
0.2585002231935505
0.517061481543351
0.03397037522518076
0.06818489107536152
0.13612564152572304
0.2733499158639461
0.5431597926653922
0.09028687051613815
0.1766064558760263
0.3691125699551776
0.6982776301447302
0.46003182281856425
0.8565870831371285
0.9983304163033608
0.0025202076358255
0.00504041530075483
0.01008083057240583
0.020161661261226982
0.04032332223141566
0.0806466449284926
0.16129328939132392
0.32258658087812364
0.6451731550041586
0.29034631748800166
0.5806926275254227
0.16138528488227166
0.32277049525873736
0.6455411097267643
0.2910821002733428
0.5821647369884886
0.16432765606441535
0.3286572194774635
0.6573125316062942
0.3146326926362235
0.6292463117861189
0.2585231411794666
0.5170157647808082
0.03416885869228281
0.06789521250175312
0.1362863356480375
0.27207676065154374
0.5461409785784781
0.08728279641945846
0.18250016315141693
0.35706575599033386
0.7497760432306677
0.37528450836543925
0.8755690167308785
0.6261380334908608
0.7522760670108255
0.254552134021651
0.5091042681015097
0.01820853617391549
0.036417072609765455
0.07283414437551983
0.14566828968236223
0.2913365784334019
0.5826731605920941
0.1653463119000662
0.3306926387012936
0.661385262501426
0.3227705920871813
0.6455409569316544
0.29108215231099166
0.5821640662034042
0.16432908611022867
0.32865578803466633
0.6573153907665983
0.3146269668650348
0.6292710998677649
0.258486886654282
0.5170357621391304
0.03400953547679819
0.06826750311302021
0.13591082638595253
0.27281371247954667
0.5446350076235831
0.09372659496148117
0.17191872937837616
0.3594660648377612
0.7032945381943136
0.4691041042387951
0.7819438959122635
0.8139464726264123
0.37774409758276306
0.8807133815425914
0.13621492811944336
0.27324769168626517
0.5433135383063927
0.09056432152283378
0.17714562109904364
0.37004022172186524
0.7008911028970033
0.46874588684295304
0.8593891566270031
0.9531516741553787
0.09380915979272686
0.218843524082331
0.40646756571368314
0.9379046139656566
0.5634312979818787
0.6265574206481688
0.25363363974611275
0.5067484821483959
0.5153280129597988
0.5243694122764282
0.05624614140833728
0.1051986113016028
0.24112834950210527
0.40596288011875004
0.9228265135316178
0.7358817385102157
0.8941252011281904
0.1627639985526912
0.327479348925408
0.6500830825534649
0.3084483499696944
0.6078916296246462
0.244931362074567
0.38852529021096416
0.9057451182161458
0.6736404166149441
0.8626550322805997
0.46068736020242795
0.8563346702721901
0.9977017006895039
0.007612331042764708
0.012048954522470012
0.028011691698338836
0.05209818255389109
0.11985176021698862
0.2006109922658652
0.46776432334445417
0.8628223643172532
0.9595221500203479
0.10851113180979155
0.24337610343354754
0.3852412015257869
0.895284055673983
0.6658121976943221
0.8313803139026277
0.9137371326505672
0.20003309263847768
0.46671598707325757
0.8664163197390735
0.9662911822379101
0.11602772129117511
0.2185975482861977
0.4848330359964166
0.7663884842186235
0.7830211088003125
0.3157980774412863
0.632694787287619
0.2618495371134486
0.5276053182024043
0.5513043937971815
0.11823378028930165
0.19740509026451036
0.4573101065470837
0.8521203380660154
0.9854905327374581
0.017856512538855895
0.03571147538605146
0.07142491769627668
0.1428478685556911
0.2857036344357766
0.5713873315835372
0.14280422663432546
0.28558175248326734
0.5712607729947194
0.14212482506991364
0.28473792382283136
0.5689875967218541
0.13992824227898382
0.27497379315900616
0.5582482464669738
0.6081962557218503
0.7459316304884851
0.3890819656953681
0.9013309688889422
0.6851768932829145
0.8512612221238669
0.4813920806045644
0.8101352280355059
0.8512275208195206
0.4812635220005177
0.8104275521473028
0.850713385414565
0.48170068333274685
0.8110564320522826
0.3467241277685389
0.7256729406071827
0.41912787189357914
0.9671344718080945
0.6120329037366901
0.7084112418524455
0.9794436073862016
0.5523358355567325
0.6207754431234207
0.7020153377088718
0.4648065329238307
0.8731627899978776
0.4396472832595464
0.8168551311537158
0.38365111011080444
0.8925721400883049
0.6591910526913125
0.8193571191222873
0.38773964036954567
0.9043834781623445
0.6740091804822441
0.8636240809573792
0.9616525695601013
0.11859069037018344
0.19821332435822114
0.45853032247396186
0.8550473767099902
0.9908583789656404
0.030542976543074474
0.04839826907846145
0.11289075008244254
0.20970062928972766
0.48381911258911714
0.8066198386368342
0.8545422273746226
0.491326126473723
0.7785127827955876
0.3031801115430426
0.6238783886947203
0.6913873414450791
0.94341694022296
0.5762679171457421
0.650613286299631
0.30900840627145953
0.5986231447313912
0.22805353222065605
0.42535386682720855
0.9908146838424727
0.5304877824673895
0.5482499723730143
0.6122467803652398
0.2085643293976318
0.4801145715464372
0.8034946586121805
0.8748078240605537
0.437865042447811
0.813175017683534
0.37640987092163414
0.8777606476796791
0.6307634149270598
0.7609251801331993
0.2727967649116181
0.5446474776254036
0.09365897640236653
0.17205915629165247
0.35980437754187733
0.7039226454216987
0.47058955070679076
0.784318630641792
0.8196143602544907
0.38825042950338684
0.9058972976345103
0.17263253161218017
0.3611418333603069
0.7063954524928704
0.4762979855586309
0.7938740461249836
0.8415475326182786
0.4295779125241097
0.996244609093992
0.00419840298127383
0.008412094437517226
0.01680890074931085
0.033686584094539285
0.06715161958709359
0.13455166947096586
0.268845378421247
0.538682789541781
0.07490870545734651
0.1537855007336475
0.30350906413514167
0.624844208592549
0.18791702439193614
0.4384713778854348
0.8139773627044633
0.8784468213852961
0.1313958248065319
0.2647600334312301
0.5246219955442939
0.5571251557848882
0.6062051146291196
0.2478106203780044
0.3820958496653475
0.8882151386933401
0.6558248040091712
0.7974894592480268
0.36060391104547307
0.7055828556767665
0.47366559770307504
0.7910813148773741
0.33216250967234373
0.6643254971131682
0.3286498012312222
0.6573015135363676
0.3146011104399804
0.6292108188499697
0.25839396627270617
0.5168189940159209
0.03360558548592962
0.06733514863299206
0.1343632141361013
0.26922233891673386
0.5379373230971396
0.07810242942650802
0.14848391158739105
0.3047955819638446
0.6017634051386267
0.23483784546260722
0.39139810303458944
0.9080403466941789
0.6908365527924616
0.945271738426527
0.07432033232180402
0.1525774322799407
0.30117232055636123
0.6180993410525844
0.1969950377533678
0.45694784010993317
0.8498087652260438
0.9828816948283929
0.05740766259259544
0.10724698074045591
0.2494060559256468
0.3768639293848537
0.8781173579045571
0.6322725523787085
0.7635072682460304
0.2806777208461426
0.5487787351594307
0.11239289506920613
0.21013332187430933
0.48180557845626026
0.8112290215212852
0.8471294069022406
0.476421956991544
0.7934544181625824
0.3405823897337541
0.6775045775575563
0.37038524603121914
0.7026921844226308
0.461529082065681
0.8684049983858131
0.9476368684263434
0.08289581415010616
0.16566953383153304
0.3318273795885034
0.662434023222886
0.32682129452587105
0.6516891621868126
0.312167849362595
0.5945501309179235
0.7205958385893609
0.9093251267331652
0.6946344454481732
0.9507846988271922
0.5934944467444438
0.6727524430898484
0.8610154461930506
0.956886542000575
0.10008290177211165
0.2331705610267818
0.43338215025141835
0.9827310489490628
0.5572590325318743
0.6067055054882076
0.7485674993949942
0.3779937778308522
0.8819651312951464
0.13795259766629897
0.27981502140755765
0.5498520208348054
0.616321336798137
0.7160246639396064
0.4907060167461168
0.7800856780086178
0.3006431589310523
0.6157164270698559
0.7175396548118442
0.48805804856237955
0.7717696200706996
0.7954933463188354
0.3390325879154261
0.6868581536400598
0.8453860724112019
0.9725252035132144
0.03756635935860686
0.07701240424648859
0.1523005905910395
0.31064356403658167
0.5959271407919005
0.22307364389416762
0.41503509745234624
0.954603600432165
0.5971937098365743
0.7251563347817864
0.9209971946547739
0.7121397228620481
0.9945651940070093
0.5126709449396003
0.5288532586710062
0.5542868815246038
0.12176343190367334
0.19272088518482633
0.447972072113771
0.8334138685604557
0.9169495570531581
0.20859490634757094
0.4802062133385334
0.803647501335945
0.8747318378591444
0.4384001206490211
0.8141712867072783
0.8788993701746222
0.13086874218424782
0.26369037019321695
0.5254286892013624
0.058666420431109145
0.09780546888941899
0.22685705416370183
0.42247959156520665
0.9855452603660524
0.518027543585049
0.5359929805563297
0.5722645532223396
0.14355814686859958
0.2880923792545218
0.5752103420090862
0.15432001967565157
0.2988820447935723
0.613381456641946
0.2111684346164111
0.4925730715622194
0.7587057283381
0.7672893491399009
0.28512807431980036
0.5683945167984348
0.6387424267595634
0.2755308643972967
0.5588751972536556
0.09821815413306467
0.2276901807927061
0.4241207671002485
0.9888820593478158
0.5246229286130983
0.5571279792056885
0.6062021750840358
0.24780475578154437
0.3820840835396666
0.8881916681420989
0.655777804000536
0.7973956744826864
0.3604155695065856
0.7052070768550038
0.47291325594414957
0.7895801347331144
0.8291509618575219
0.40831600534147583
0.9416186443704646
0.07078885415103287
0.14138008176814765
0.28300120460335165
0.5657620837446302
0.13249691415694542
0.2625676827155985
0.5292476072208956
0.053799330518813804
0.12224325683200732
0.1937205527210608
0.4518560532014817
0.8393239525612444
0.937366090976866
0.21919887568219565
0.40708861613529734
0.9394471518753562
0.06544103191117756
0.13185707622324117
0.26273949776077643
0.5293833377072588
0.04900868170079775
0.1136232852586545
0.2116540033603087
0.4935852128546685
0.7607228716369718
0.7710484399285633
0.29260220620199107
0.5846565339888912
0.6713274478679523
0.33771084147156216
0.6829908450017683
0.35926471554557793
0.7423369842872489
0.883107556583127
0.14123048930196092
0.28242272086208686
0.5649107413482852
0.12974593360559084
0.25972060108324513
0.518647980003152
0.03830280542024411
0.07559959992067888
0.155224077985622
0.30038107302971184
0.6158951693214476
0.218133603251772
0.48603422386804596
0.7694915720494464
0.787215151154669
0.32641191835864447
0.6507711123849731
0.8094745002454147
0.8493028328812215
0.48031915139290504
0.803199071349809
0.37382272465038113
0.6912532582937274
0.9437719834677409
0.07713442808017135
0.15187320811674
0.31107066245749593
0.5967506738379598
0.22572801078786142
0.41922907350817695
0.967364871990867
0.6124636496242601
0.7102807504998054
0.9820801999303512
0.562313007627381
0.5940992727410048
0.21947708146763034
0.40760510723339394
0.9403359737480059
0.5680465034965891
0.6365930827741977
0.7719158413237892
0.7957239075039979
0.3397383954725228
0.6857028499362059
0.34601461319834925
0.7232810959103517
0.41530748407240026
0.9556225368578453
0.09873771606362425
0.22875881355139427
0.4261484182497952
0.9930439052986912
0.5094032422348391
0.5192947636824101
0.03736883195233531
0.07669077004538849
0.1514284439617768
0.3116459248121828
0.5949716272298247
0.22119286705856211
0.41113621095428243
0.9472719450714067
0.58204579752055
0.6640868266986217
0.8281817596289329
0.9063554131134879
0.18773943628184497
0.43788064434193075
0.8133785903919488
0.8766427408263553
0.12876613120897673
0.2563458953227382
0.5144064933119807
0.527104019158287
0.560799780767411
0.0962089957029093
0.22366793366381899
0.4160861010896042
0.9571716135833412
0.6018441734195221
0.7349374267214444
0.8917540369438939
0.6584931746765506
0.8170016061048955
0.8839879611332435
0.14303693859255873
0.2859213181945961
0.5720867513737176
0.6439294519077521
0.7889571491396055
0.8243747361993883
0.40265524547430687
0.926406148733804
0.24343252761173062
0.385310663288692
0.8956132185994647
0.6662550546170678
0.8324118626187555
0.9149410547397565
0.20476764207705855
0.4725160370580852
0.7875953135080636
0.8269115360744763
0.40211169989197515
0.9358190281491261
0.22124356252606958
0.4112543509108946
0.9474504679674283
0.5824617331672926
0.6648635029268917
0.8299676912720315
0.9093289035081398
0.19463050342164934
0.45079988264478743
0.8434553747065365
0.9228125820227433
0.23594403461902402
0.3942856827925425
0.9129667360393796
0.20276548058609478
0.46168235086952336
0.8689251575269736
0.9485341372492258
0.08556009767926298
0.16866352569195442
0.34130197382182814
0.6784764362382703
0.37477516612852924
0.6877826571289916
0.9380654374544974
0.06363075174158439
0.12726199423195794
0.25452274770941585
0.5090473423479125
0.01809301893808879
0.0361921054427512
0.07235943025443703
0.14474936318583786
0.2894682683981955
0.5790584580972791
0.15781199376215227
0.31614251068094745
0.6317671203287318
0.2653774509963114
0.5242967536323704
0.05628348249592818
0.10524322307901457
0.24051526619587094
0.4048605647403747
0.9249507361091673
0.7415106641419698
0.9039121364185121
0.1794406363624148
0.37195424031233415
0.6930070676025935
0.44900050936848857
0.8342888980987482
0.9205032656609546
0.21408439963124692
0.499426155583933
0.7519059642218053
0.7530165794596542
0.25701828915043734
0.5130324207420927
0.5300014553358778
0.05020699920714833
0.11713742249412462
0.21492746094008908
0.48844557820120826
0.7737699468852952
0.805348608904751
0.352899946825346
0.7370118659164291
0.8959632836049423
0.6668622241413686
0.8339509160432499
0.41710444155614823
0.9601707217516378
0.6069317295041401
0.7487812885956373
0.8786661002668552
0.6311114788695704
0.7641761142294854
0.7763990720559377
0.311587317235535
0.5948539327073377
0.7209583347430453
0.4106662263220642
0.9463342462549917
0.5801638429693412
0.6603347207419574
0.3206627597392071
0.6413512761355378
0.28260383955785073
0.5653293023933657
0.13053836734616198
0.26156037423061207
0.521907071233727
0.045882632286520675
0.08941077679628506
0.18613721162546426
0.3469152732286602
0.7259798520244658
0.419851412094431
0.9680158738628961
0.6107201540435199
0.7059371511859354
0.9742524704779498
0.542742983874632
0.5842662181239575
0.1704831773240585
0.33901704411255196
0.6868193369591609
0.34533552525681444
0.7223540226113982
0.4130317488743458
0.9527105073793791
0.5865771240496542
0.6809572700294666
0.3541181967302691
0.7394680257712025
0.9008684063737746
0.1843505161232315
0.34942203742684796
0.729841798893176
0.42943880046368577
0.996962936304044
0.5055179036862683
0.5115309413522482
0.02183450575103052
0.04564788384595886
0.08924346801359206
0.18739805021323264
0.34391234116628766
0.7190746525302529
0.40689943920006044
0.9387984462664463
0.5650973693991546
0.6301942619902547
0.7603904313291423
0.7707760943740141
0.2915598179679364
0.5831120067741722
0.16625834562000819
0.3324003439047374
0.6649237094679847
0.3297243987035472
0.6599408896290697
0.31865155618288554
0.6392714393441565
0.2765745545329992
0.5620067765121348
0.09547222653054632
0.22195353108691052
0.41362122690770775
0.949816306354478
0.5910236039489973
0.6782019930833485
0.873829523276072
0.941277821053518
0.06879679183475673
0.1394856737460941
0.27726236288435757
0.5607503126375377
0.09617103313212283
0.22343948209891096
0.4158883598865941
0.9564944489393383
0.6014081859320868
0.7308830666297581
0.9345596527564339
0.724145789135946
0.9175368926953524
0.7095788286824245
0.9836365313676652
0.05604154587490484
0.1043914676993154
0.23991289507830516
0.40218704158905894
0.9359730451833457
0.7216529303987045
0.9116574035433587
0.19880499661667272
0.45961980236461386
0.858700362558011
0.9937488358991686
0.011453983228420839
0.02238911946187727
0.046624611160950735
0.08680232526967302
0.18129531771410257
0.3552658243570477
0.7405619495548308
0.4049508767493535
0.9251397047773935
0.7418685743177775
0.9031864780408796
0.17769511108053848
0.37022391095524654
0.7023851301637478
0.46228832556516863
0.8700111612561159
0.9508379916369449
0.09356991737149656
0.17224821378476918
0.3602425321005285
0.7047423007898033
0.4724583239585627
0.7874611458391882
0.8268604214827064
0.4018278218281921
0.9372930719691794
0.2190676120808348
0.40688903897535056
0.9387685410911217
0.5650523414660711
0.6300894230080303
0.760247512429487
0.770273770642234
0.2907916901167482
0.581339210504666
0.16365501334075816
0.32486859062919393
0.6536435504676774
0.3033805529412348
0.6243397077196278
0.18910862613120116
0.44120767927961424
0.8186877412954345
0.8893362370145041
0.15171171966358088
0.3122430194343906
0.5946245886443648
0.7203771071217488
0.9099924950860441
0.6937642875418533
0.9521037699596491
0.08944924100069329
0.18625321373110637
0.3470852922764607
0.7265192101476714
0.4180653087387327
0.9650672686402686
0.6136978889408056
0.7119079878029879
0.9936635593767278
0.5112517079978716
0.522017041919753
0.04598530175280757
0.08709637384163216
0.1819775920594111
0.3561731993686408
0.7474721351172775
0.3817850866180379
0.8902181364246644
0.64908856866532
0.8059896946360823
0.3541668336256407
0.7395839011878707
0.401042220328236
0.9348977862973697
0.7252634900214616
0.9212333218601998
0.21257144183618948
0.4959588953643106
0.7641193583258428
0.7762245271878783
0.3105363313516136
0.6006103306717705
0.7315021976828575
0.43565254661371
0.9709433094249107
0.5355362744594458
0.5711925181967672
0.6422708338941447
0.28501063722069375
0.568830135074677
0.6394650990550872
0.777191411179956
0.8110051377152558
0.3464670595130883
0.7244282633182593
0.4173623825481627
0.96082341222791
0.6056067491590511
0.7463698030915111
0.37945830382523127
0.8839168097474612
0.6428328386100475
0.7856666383740958
0.32133231562329456
0.6426684758043848
0.28532734033069573
0.570671020046575
0.6413233047351241
0.28270379922469147
0.5652093571261503
0.13067017696448602
0.2610890458454378
0.5231847545364872
0.04385332882520743
0.09147702396148816
0.17955132306087762
0.3715386188123375
0.6922348034568131
0.4472445184655953
0.8311037514940836
0.9132002183760051
0.20040551605052315
0.46727462179842405
0.8620849562867079
0.4587971893779468
0.8548421017185319
0.4919392574520316
0.7782125088560861
0.3023944938322529
0.6209094467340037
0.20151079740026034
0.4636000611935742
0.8724786468083039
0.9443019328464288
0.0777479860407766
0.14913307197275572
0.30614729356602766
0.6042608944117092
0.24001959487213753
0.4016607512894552
0.9371246312803123
0.21945087585481815
0.4077031248307321
0.9402074755053036
0.5681605450517964
0.6360707487910986
0.2731256913684774
0.5438023452297784
0.0917856061423663
0.17873415752546862
0.3721244117477909
0.6934599142987281
0.4514036053151358
0.8382773595512845
0.934489766281331
0.22432573544210754
0.41795269466820173
0.9590390486700926
0.1075235930911731
0.2443745783821214
0.3871103632845916
0.9032566758105531
0.6774659597140271
0.871016585821053
0.4513789971242659
0.8383735259412788
0.9343383271188941
0.22439326223684475
0.41728868655627593
0.9605709908646531
0.6061409417598043
0.7474994370422792
0.8816557242535055
0.6405096683010925
0.7735720934288111
0.3049605034175329
0.6020989654934965
0.23546319719753228
0.39278612841735594
0.9106409540690947
0.19604909521876834
0.45484245030093007
0.8469406407384668
0.47610832095961086
0.7935240431979764
0.3409562442393508
0.6780043306935113
0.8735953712603077
0.940522456454346
0.06955199988442473
0.1380969131423626
0.28022217185935006
0.5503734453232028
0.11588372956612147
0.21809546399163082
0.48599609604571015
0.769354271935299
0.787489883165108
0.32705261986120604
0.6520371932710987
0.8113738246029243
0.8476325989759061
0.4746527352544945
0.795012347312877
0.33806225305306725
0.6839505326061044
0.848356449016137
0.4780144630931318
0.799580346327275
0.8650300712615717
0.4641907653713133
0.874671542289434
0.4383055515354499
0.8143590510590002
0.878103969298536
0.1322015596961137
0.2633684989705216
0.5311919718806166
0.5469429994409438
0.6095100598759018
0.20339937493554316
0.4692849744751584
0.7823349170212168
0.31465501509956084
0.6293706479191314
0.7585903180297464
0.767418604606064
0.28460067193373106
0.5702924478973728
0.6367698110407218
0.2774616078531835
0.5509783417801373
0.11764081192086451
0.196166669978993
0.4550178778008558
0.8467425351263955
0.9757110441860277
0.044196460949024186
0.09229824805515818
0.17483513281331398
0.3662569419830106
0.7159275054582395
0.4904336292820517
0.779756291594822
0.7995948157331441
0.365057213435648
0.7142471619008575
0.9999036611698102
0.00018077855929732323
0.0003429423086345196
0.0007140454836189747
0.0014013620093464851
0.0029058214277029037
0.005416436120867729
0.011314952746033669
0.022149261087179184
0.046243999153375626
0.08763573318719864
0.1834959238767624
0.3576001971960068
0.7444892078638077
0.387450724869268
0.9036870599375106
0.6785899402166251
0.874635935149854
0.4382367140497081
0.8142175687826239
0.8781909969111439
0.1323585565551184
0.26227570610353723
0.528457663138397
0.05300907537457533
0.12359627947444096
0.19055192463565618
0.4445804276037961
0.8256842768751085
0.9057631413743366
0.17236593048437499
0.3603570956911426
0.7050889678357635
0.9726788522384595
0.03910538321360946
0.07821427984163165
0.15642520459368825
0.31286333967000246
0.6256766561418772
0.251414831756847
0.5027681328938343
0.005782343592727557
0.010949537449050695
0.022944436059333384
0.044690625043585896
0.09304765099659562
0.17338616121560335
0.3629008624702692
0.7096731849014759
0.48386052998830564
0.8064356595859863
0.8548146785760764
0.49185591968125664
0.7781454331416171
0.30262875685002655
0.6202721622539684
0.20245838692062534
0.462533961806912
0.8708687036996707
0.9514542062825058
0.08845528561505489
0.18472307818592526
0.34991488204104826
0.7330329184769653
0.43286268375231884
0.9838895431894343
0.05518113949801773
0.102550218696706
0.23635002004448324
0.3945766498800367
0.914147129515186
0.7033018158108462
0.9690961121523287
0.03197263850597665
0.06386938452487811
0.12786691525252536
0.25558698165696114
0.5116316677303985
0.021676481032045558
0.04536706261569634
0.08872020349372178
0.1855269691441208
0.35063863219693303
0.7315650070086122
0.4357371498190332
0.9711423256085254
0.5359774307871703
0.5721951875311788
0.643797189637553
0.2884545935958158
0.5760546948586125
0.6554052884166595
0.7981152641004883
0.8618555291031953
0.4580860551795922
0.8536721140262671
0.9885942245891783
0.024063463526545092
0.055939390702405944
0.10406633646925911
0.23938262002775446
0.4006404421525076
0.9340926047880203
0.7236549207300413
0.9160588803642895
0.20712160895345733
0.47673356760060415
0.7972334668156691
0.8600732180348132
0.45457865597563796
0.8464589485956822
0.47441966642509215
0.7923375657119323
0.3356821994238999
0.6688467135827523
0.8414852212881669
0.9295449041819666
0.2465713487181347
0.3796633369347546
0.884578189055901
0.6439055041118991
0.7888112019281834
0.8250815996725578
0.40394762097275816
0.9294770226988476
0.24640618625562638
0.37952872191090137
0.8840613199863583
0.6431186744302977
0.786254745995393
0.32244920561788604
0.6449592136195861
0.28985763047239743
0.5799591634131502
0.659308928065002
0.3195920354046393
0.6382113220752217
0.2808133644575719
0.5474837294896133
0.11053716079914011
0.20551034185336903
0.4734597156057134
0.7909133557695895
0.8312166021496523
0.4134095190966036
0.9508434452291112
0.09357902163174003
0.1722693358315155
0.36028173530939966
0.7048337913583964
0.4725345240731258
0.7872321189497598
0.8264174234645907
0.4008815706183668
0.9345758836425375
0.22462027426809072
0.419944760389626
0.9629325922578573
0.6211815011047293
0.6915779356786516
0.9456711375969462
0.5788041096820962
0.6576692841481417
0.31527750359964557
0.6308297992800362
0.26077415762119927
0.5225253522512503
0.04407366915256716
0.09205549134640023
0.1743406033492647
0.36431378760607913
0.7129950075177476
0.4963367806340102
0.7542762088705786
0.7586729309114162
0.26722566908574663
0.534937846212415
0.568662186502479
0.13925890150130726
0.2765928112785332
0.561947982700076
0.09567864806740545
0.2217241956095677
0.4131730444787536
0.9503781170933507
0.5921333782316651
0.674531917728018
0.364657453232212
0.7138129468366969
0.9976322060392704
0.007475317630451173
0.012499632721301168
0.029165153217036277
0.054164061206392944
0.12292410724330693
0.19476465065963566
0.45099217956885695
0.8431459958665073
0.9237206434190739
0.23745118183433078
0.39776201752829365
0.9195394259004388
0.2185016059956979
0.48524339639698155
0.7672378155984916
0.7849724950792734
0.3186966323701199
0.639377379528014
0.7767699322430417
0.8124528957123403
0.34383701751357876
0.7189325212675612
0.9065875088563189
0.6882049356645439
0.938880324101774
0.06538170657586306
0.1304625883931294
0.26139837852679193
0.5223237334284931
0.046829475584672764
0.08602955477545038
0.17990213551092893
0.3519612264353782
0.7352945529855788
0.392158900416689
0.9098062012926675
0.694123823341215
0.9529453891736921
0.08631022338522598
0.18055716290837154
0.3531724836793728
0.7380909378407523
0.3968284830043558
0.9206408479367383
0.7142516799794976
0.999915450665867
0.0001961443922482431
0.00045763031812384725
0.000839667278341949
0.0019081562059000134
0.0030231245327740908
0.007052463945001364
0.01309880567714572
0.0302249644882977
0.05038295779377222
0.11589308269321918
0.21812960878014565
0.48604849725961685
0.769529178738594
0.7871164381795097
0.3261851669230964
0.6504202487121802
0.8086405996000394
0.8477652081346605
0.476765157392947
0.7973413503787015
0.3601551113824826
0.704944624012569
0.9721298468939494
0.03893285756930709
0.07465372188016772
0.1531526860781014
0.3026432367041707
0.6203012224286795
0.20257715697516687
0.4627109412685968
0.870489772525616
0.9530175666150171
0.08608410562737845
0.1799887877132278
0.35215591118321754
0.7355903582065366
0.39295665323152207
0.9110390727582853
0.19695279642473906
0.456905409344472
0.8500405184458941
0.9832231344480533
0.05848727686679922
0.10757517043384723
0.24444713900447823
0.3873318933765404
0.9035699329688214
0.6782339942583349
0.8740445619332604
0.9385207262530457
0.06453952635638416
0.1290867121424526
0.25815432076342404
0.5163412014953792
0.03264954363112338
0.065413047617767
0.1304274742724374
0.26133651682175696
0.522210564929992
0.04627500943024643
0.08778950019041076
0.18278038140852004
0.3587257305625826
0.7438177545554936
0.38656504548271187
0.8969000895158388
0.6708890834415797
0.8393845039827283
0.43608363036764786
0.971792133001145
0.5382949736376759
0.5756830628379248
0.1550310357415583
0.3005403496499639
0.6154860680981074
0.7172968079976272
0.9873318555764854
0.5225112648040522
0.544061466207495
0.5919907923671417
0.17427795610274188
0.364117485267343
0.7128887156140991
0.49512387011782266
0.7646608482464217
0.7744427016878035
0.30668835452524945
0.6055794827989303
0.246299941878533
0.3793873581744265
0.8835533140518237
0.14235102300881408
0.2844576511706691
0.5698927551566157
0.6373409917287063
0.778591978829354
0.8032741160423029
0.37414084290503524
0.688674205186544
0.9399045802420005
0.567255874077091
0.6347176225099247
0.7686460799304768
0.7882541773433331
0.3255471720767673
0.6549850355077069
0.800265965401195
0.8669804100936744
0.46516416940721683
0.863914542744169
0.4622117073449772
0.869728315534303
0.4504245726566296
0.8421792224107776
0.4247147692076396
0.989933011616813
0.02728844396187924
0.06062127344193868
0.09585001823143102
0.22295766224851832
0.41464626748347655
0.9543229943374172
0.596115530730458
0.7236183309869375
0.9155443955096416
0.706576476310147
0.9751656248699874
0.5460334213275928
0.5871883214858826
0.6821753156254999
0.3565533877990674
0.7482477701560128
0.8774159472377505
0.1296793191577308
0.25960273056989536
0.5189613800612278
0.039021333592245355
0.0743197604897432
0.1525756935006939
0.3011698553455062
0.6180856818100438
0.19699034272343852
0.45701763330725953
0.8496283660060726
0.9824583063309547
0.056715458107646555
0.10561643709661439
0.2463969768723473
0.3794928564457223
0.8840153032215312
0.6430038775142748
0.7861051304207649
0.3218131448957138
0.6441150479367934
0.2877413377573248
0.5774377081252169
0.6499878345057368
0.3082845574535895
0.6082595112384297
0.2460886520857457
0.3886845580418594
0.9004198206821457
0.6836425897490699
0.8477702090458479
0.47677398956147954
0.7973549649468623
0.8601356026192661
0.4548870231374167
0.8470427645952441
0.9762625686416868
0.04389453059411608
0.09139037385466509
0.17936254051164724
0.3719096285640262
0.6932797632762231
0.44845299018197693
0.835439762857277
0.9197065084299538
0.2180655824195128
0.48595111854956485
0.7692502522259019
0.788080917292973
0.3276494924793951
0.6489552622078918
0.30571337006404065
0.6036290756601375
0.7384945092489943
0.39891118826926686
0.9304365717689507
0.7283047251112293
0.9251155760139227
0.7418318074487615
0.9030981530377176
0.17753325792727992
0.37045117508387193
0.7028069429215975
0.4617812725773547
0.8691041648271494
0.9483597646176349
0.08515889733098447
0.16939607192762196
0.3426449759863317
0.6757303359918296
0.3653156371146906
0.7169594606966712
0.48665314275422134
0.7701815164764412
0.7903628243657295
0.33072640871978365
0.6614497254777234
0.8229032581439242
0.8958027352637146
0.16662061560782604
0.33320320295752026
0.6664711383054964
0.3328778976283502
0.6659815847233403
0.8311658907623496
0.4132931145722978
0.9506782586104237
0.5925416218524333
0.6755654694861732
0.36553182438365184
0.7174035724892747
0.9874919324647635
0.5228964591224212
0.5447553352860268
0.5931727436254732
0.173772298701806
0.362376087839948
0.7101039398112334
0.4817305418255273
0.8111182891880162
0.846844995074207
0.47592037529102527
0.7946046427532565
0.34362005698494613
0.6723297962453216
0.3602196269494016
0.7050436004647054
0.4718001965957228
0.7882716272142716
0.8256277888140175
0.40510063638794236
0.9256800193397794
0.24039791614632122
0.40462471687351353
0.92448070977116
0.7395902338030282
0.9010516548005398
0.1849310637335293
0.3502927384688519
0.7338534426526166
0.43150925092049874
0.97994841291802
0.5545529394003097
0.6215416689810809
0.6922415445442311
0.4472565180331003
0.8310841012571473
0.4131354576384183
0.9503080756112467
0.09200897696428001
0.1743039374705404
0.36403440521098673
0.7126883552409708
0.4954435108520556
0.7653030073852278
0.7742564353684429
0.3065771966648754
0.6047122764575761
0.7416227342328057
0.4042590781173203
0.9288260603207164
0.7472624671354424
0.8813045255374163
0.6395013870496769
0.7773240612295922
0.31060003460152075
0.5958222420304082
0.22284476979984902
0.41450106698903255
0.9539398689812515
0.09562572438153438
0.22188943522633053
0.4135725234518759
0.9509300356148742
0.5930223014147487
0.6733489862526767
0.3628117381304037
0.7095097105775494
0.9834747219865676
0.05580904654925689
0.10381323081674054
0.23886880313511938
0.39964315376710147
0.9320224836701527
0.7313546573568601
0.935243195242947
0.2265049355919473
0.4180362480110489
0.9649809001130052
0.6135486070124898
0.7114798733673524
0.9932645871303976
0.5099973115429748
0.5199180306808557
0.5399586103740148
0.07979466902907006
0.1601408075366635
0.3184131214511581
0.638771771802567
0.2756208199134562
0.5589779645088129
0.09854663113947026
0.228221667726757
0.42574146325932816
0.9903398022288457
0.5295363550831098
0.5492088406754192
0.6141600447590463
0.21258049781317823
0.49595437923562713
0.7641596722532995
0.7761247238668147
0.3103058499691542
0.6008372630167287
0.7319455792894587
0.43703950467170216
0.9692900382797234
0.5323472432501148
0.5646391715854406
0.12934033389319666
0.25861867709318176
0.5174853169592097
0.034350727015407756
0.0696942587965168
0.1383942823158577
0.28124021203257143
0.5469016027636826
0.10943428523023613
0.2032187749282457
0.4689680674346164
0.7816556172911078
0.8134333049238194
0.3765614340954926
0.878641667048214
0.13176453521009535
0.2653753840131685
0.5243039295310155
0.056302103941561654
0.10527617327170447
0.2405988114187494
0.4049704328645021
0.9252362842671573
0.7420130675018299
0.9027273367100861
0.1766704639303498
0.3688439768156968
0.6991744719562121
0.4590794014802668
0.8576419681194238
0.9945524404465687
0.012657535960897803
0.028923898236826062
0.054391549434512854
0.12202821997925639
0.1929688067175448
0.4489582618698478
0.8348960811272264
0.9216137025796343
0.21184732401161455
0.4938774483453017
0.7616539750306401
0.2717019626579713
0.5453265323594678
0.5888220105262008
0.6851513448054902
0.3512902403890621
0.7313585521478672
0.9352512912300881
0.22652064234716818
0.41806816397001967
0.9650729983695783
0.6136635724978987
0.7118240956624504
0.9938390999450348
0.5116638169565704
0.5215596483903937
0.04507038785959594
0.08819477332872339
0.1841771470499225
0.3488530101021752
0.7289272918133065
0.4267204517091159
0.9937685991753824
0.5114242328854743
0.5224221882817801
0.5464913348550908
0.08666988226468675
0.18103037288528867
0.3543703461182304
0.7398685471853241
0.40210050335736014
0.9357926549273543
0.7211951319768559
0.9111387140583247
0.6972793953318615
0.9570568235067185
0.10162151575786993
0.2344733597128652
0.390851286763791
0.9066758673870936
0.6884490221564192
0.9390022213046905
0.06599182955687866
0.13149913382949308
0.2649420913076028
0.5250150830252096
0.05831765165203251
0.10838582721771672
0.24562626925762743
0.38920149474870414
0.9014508478576317
0.6866883447219152
0.8450600712967571
0.4713668662006967
0.7864952640957199
0.8229409305786248
0.3959429193637334
0.9168247066554613
0.7088936734071467
0.9796768754895311
0.05414182634558529
0.12286986212711781
0.19471636333037168
0.4510761958081275
0.8429554575122893
0.9231910305388737
0.23703585015027784
0.3959181199024897
0.9169563282339368
0.20861523688654415
0.48016903692041524
0.8036612752475776
0.8745939644577447
0.4381546074000653
0.8138074145826977
0.37762235465925187
0.8802260366501287
0.6354791357007343
0.770931566687068
0.2919661376508884
0.583535528217908
0.1675593693216797
0.33463042599032633
0.671214086964028
0.8375449721643236
0.4333911949652247
0.9827487435541116
0.5572961613943335
0.6067751738592051
0.24871363033889793
0.3782799609180074
0.8825622325821314
0.1375843574933242
0.27895240814541467
0.5544890077435412
0.12142226021387614
0.1920708281104453
0.44663425034377724
0.8307982434052974
0.9115211763710249
0.19816343960701488
0.45870875773834996
0.8554568406252656
0.49025585965137
0.7793417475477327
0.2989131171198096
0.61345882594469
0.7112850801786408
0.49291694155544974
0.7591609360533766
0.7684431676461827
0.2867652184795588
0.5740177647676319
0.1468186409038026
0.2955808709957637
0.5892248271265998
0.18722250804421492
0.3447170765721239
0.7202435723738745
0.4097158324730117
0.9439587020897307
0.5773552108148579
0.6498965121281799
0.8073836757685058
0.8571999459236395
0.49931104737333953
0.7515560740139335
0.7535866007965524
0.25670041851117276
0.5155822455126327
0.5235360538354144
0.05491416799486615
0.10198962659342214
0.23532146302750334
0.3921211376436986
0.9097307954216376
0.69397271311027
0.952399507019436
0.0874152411124669
0.18313556240173057
0.3579565080581233
0.7452251791255549
0.38984908841666766
0.8998765177675523
0.6824128326552454
0.8572578289022204
0.4994259047671221
0.7519054739386775
0.7530155844578985
0.25701535990810953
0.5130350875842851
0.5300069333752617
0.05021774015040137
0.11717435362515971
0.21486328955506906
0.48832013533683494
0.7735155167756602
0.804843287129188
0.3518750586954411
0.7349976577970665
0.8918740077642724
0.658744689222658
0.8175014893931802
0.38495332811726257
0.8949679298675619
0.6648742285033222
0.8299935515387915
0.9093757971131708
0.1947934843483381
0.4510348266339861
0.8432165075209923
0.9236766583344433
0.23776470703887753
0.3982283756195102
0.9182829735218547
0.7154720030666795
0.9895379950175993
0.5259507512382697
0.5597149576060474
0.09989627500181086
0.23299973557004705
0.4327919279458001
0.983762193704024
0.5563421179831494
0.605422505264869
0.7403187921154313
0.4044733387127053
0.9241734228853602
0.23900236361077987
0.3998034330725204
0.9325490666378755
0.23215593057102524
0.4374258785683196
0.9689832231088076
0.031640167318983003
0.06340999671374448
0.12669035751605406
0.25384222029242665
0.5060786765534431
0.014079185697482899
0.02632830018410459
0.06016294111032039
0.10131736495532095
0.23132667737081647
0.4351870873942971
0.9763330388814211
0.5432376005046535
0.5903884843864944
0.6768641026574187
0.3693788950040471
0.699595899117412
0.965720923471963
0.1149104269570671
0.21468795073451474
0.4984638806199655
0.7529244691831991
0.7553835414873902
0.2612591943179723
0.5220205322548281
0.5460095058660954
0.08712088855099864
0.18212313140975311
0.3562117345863953
0.7478248176630586
0.38212327685323544
0.8882738208048977
0.655932621244574
0.7977213583362754
0.36129549582256004
0.706168481556233
0.4757973131199833
0.7944257612980437
0.3425563080236316
0.6755873179063201
0.36559419057448395
0.7174783629016019
0.48775212667533197
0.7732947955955751
0.7934462657722179
0.34060048437095247
0.6775462727237027
0.8704660137882456
0.9528801840788219
0.08679350253078155
0.18127791202277876
0.35523112694500014
0.740493698453065
0.40480824824771844
0.924858568207128
0.24131084140390158
0.4035508753731847
0.9281189721077681
0.7489390839182306
0.8786131032684352
0.13180276023922488
0.26524972211336717
0.5241382204112597
0.056140677916118875
0.10426929889945313
0.24003464676206931
0.4016982445609756
0.9371941381832585
0.7195754515996668
0.9081760525878053
0.19046660454478115
0.44441173772793263
0.825341998715885
0.9045976114284713
0.17442295196815394
0.3644951928581577
0.7132660843490157
0.9969672755978536
0.005529501941055059
0.011549222748726606
0.021875760052353144
0.04583446588367224
0.08957453910261393
0.18644332326948643
0.34737206622958183
0.7255687974393368
0.4214420803182293
0.9615288898930885
0.6184045748377685
0.6976360830885824
0.95789417688502
0.603166551765753
0.7380705203395337
0.39679629149031825
0.9205447540734895
0.714140198804671
0.9995599210669752
0.0005999486311338842
0.001184633991215378
0.0024379465030506253
0.004643148044124246
0.009530498180538416
0.018816794268786907
0.03861039783805609
0.07477876637130976
0.15346470661461353
0.3030223287642002
0.623625822365284
0.19059862199355848
0.44468906527617946
0.8258863092632964
0.9062281849619467
0.1719229226873722
0.3594861041929107
0.7033319495676551
0.9692325638316106
0.031993874814361334
0.06423570541664958
0.12822345504537225
0.25743873324245214
0.5123979086056352
0.02876310984720476
0.05355892708757892
0.12497067090589553
0.1875327865127474
0.43756569223478436
0.8126312652602792
0.8752630073868204
0.1255248227098491
0.25105155279743485
0.5021011982171331
0.5042109796486329
0.5083928718231618
0.0168162617192138
0.03360200539464131
0.06732608296442777
0.13434698549099267
0.2691822596825659
0.5378762306645513
0.07794976051081903
0.14881932927528396
0.3055733480723575
0.6032120066229254
0.23822380651836284
0.39655140141258016
0.9200578351737931
0.7131606380280573
0.9966423591540661
0.004975811752956361
0.009982617979403585
0.019934241485316306
0.03999246086459607
0.0796749769942835
0.15984586556442082
0.3191958195529878
0.6406232411973178
0.2734396909654606
0.5546918968320824
0.10157127879210748
0.23439261718885973
0.3906600853661075
0.9063204091507941
0.687640579912113
0.9377822327369358
0.06306082959054038
0.12612547393655404
0.2522471331176348
0.5045095252571627
0.00898090298869647
0.018022842064965516
0.03598464804235846
0.0722439584787935
0.14360289298929274
0.2881976221688092
0.5754034081473947
0.15478179047931917
0.2995651104138233
0.6149995998712257
0.21412982072797604
0.49954977683955804
0.7505609403597191
0.7511257550504524
0.2522476358280983
0.504510768892942
0.5089827947085723
0.018027578393230215
0.0359931678394787
0.07226528594037518
0.1435554382042028
0.28808767918962985
0.5751985555980355
0.1543044415593613
0.2988397824228741
0.6133083497406915
0.21098800402251072
0.49230346881086007
0.7580067972885445
0.7660740784194786
0.2820889098511543
0.5644462790514808
0.6279391221469268
0.25685421089292504
0.5127328128437512
0.029370922566158697
0.048980509891407564
0.11357147811213508
0.21153321315068752
0.49336367496289313
0.7602258664555848
0.7702991748519707
0.29084246055572294
0.5814409146260004
0.6639800298726186
0.3244205051159952
0.6528078109840862
0.30155872178147547
0.6189817395352293
0.6986645889410283
0.9609200602280907
0.6055297818675172
0.7461853071581572
0.37911988215637393
0.8832092465017922
0.6415405642765108
0.7827759504725691
0.31604018615325913
0.6315920865745284
0.2653814527729992
0.5236827789922245
0.055178119480842724
0.10254367749439552
0.23633760178927332
0.39454957912676036
0.9141000823583454
0.7031993300479371
0.9689017008931842
0.03154100169194862
0.0630972659564577
0.12617926934035495
0.2524195908335969
0.50468653452117
0.009632528090151027
0.01900559716159478
0.03893458948004991
0.07465660781599581
0.15315938415005803
0.30265570525079966
0.6203303504735231
0.20262197035481222
0.46266276395181194
0.8703938872786239
0.9527018370863516
0.08655601795180701
0.18092453593271784
0.35403657183633186
0.739323143789079
0.4005212873162236
0.9338550751272123
0.2231788997305557
0.41510780120734125
0.9552155963610858
0.5979312004346866
0.7271123932150658
0.9229748171637766
0.7365745575807523
0.8950242302380502
0.6650483566627372
0.8300970928685274
0.4101926341536455
0.9453871840960346
0.5782724338059779
0.6565525265759788
0.3130859507655259
0.6262044426694047
0.752376165939495
0.7548662924964447
0.2593339638260659
0.5191494968894403
0.5378350847167894
0.07752382164471783
0.15028734115185216
0.3077764123445377
0.6087184984935448
0.24379801345639862
0.38652934023411945
0.8968304655281827
0.6706444603914861
0.8392599544895347
0.43743750889552757
0.9689662842429243
0.5316522892971989
0.5634264107211493
0.1265487178170588
0.2535820819612127
0.5066796964092646
0.515552847617073
0.5236746552400291
0.05506264281575568
0.10243484290549532
0.23599766299594194
0.39435841352678835
0.9124963623471558
0.7020676816173363
0.9645611216255929
0.12400511297164485
0.19097692560171708
0.4439462579903193
0.8273753243265674
0.8998405366728548
0.182588047668105
0.35696680631372146
0.7495783864578698
0.8756210060964804
0.12624298071023077
0.25248499296139926
0.5049743369454518
0.009933505003573373
0.019882267632056028
0.039749278337694705
0.07955958996899426
0.1589666004292667
0.31817731307819486
0.6361105153337121
0.27331963370670564
0.5430993475602008
0.09010464712628163
0.17630352108972147
0.36823156534228474
0.6974027764517814
0.45729863879387267
0.8521050261915661
0.9854523038084153
0.01781060206121765
0.035543718113331124
0.07121141385869123
0.14229885017266497
0.2851555995293893
0.5683609355473891
0.13867547249537893
0.27539662999333814
0.5586076605832204
0.09768217141390778
0.2266229183296673
0.42196821043035015
0.9845923390821554
0.5160276127571706
0.5321792013419326
0.5640513270045631
0.12859854611451738
0.25668976714950986
0.5156091952812858
0.023492808832088485
0.054789557994809
0.1017980799661018
0.23476891976315528
0.39153108769096434
0.9079573010094464
0.6912864605255891
0.9434861262270715
0.07642525824485347
0.15089792798971757
0.309606627386529
0.5996839123545215
0.23256904180743732
0.43194258894072846
0.9810536034638062
0.5597939787257928
0.6000261756998952
0.7333928204025142
0.4331171079247724
0.9829373087559361
0.05766752906492911
0.10851461763377301
0.2433580381621141
0.3852156813372858
0.8953668741742149
0.6660122771572787
0.8310592422203626
0.413095292809885
0.9502137661329471
0.5918347675760742
0.6739014945342205
0.36343167544691823
0.7112349813978653
0.992794257006608
0.5089763970172498
0.5180139296862762
0.5359664371935651
0.07217749036499299
0.14374415419297293
0.2885278115281835
0.5760132644791156
0.155696725967573
0.2988114199251868
0.6123607690678909
0.21006570223835297
0.48168896563583985
0.8109147782670334
0.8465607709076721
0.4742504177556839
0.7927367661322933
0.33425653574522585
0.6704625029815361
0.3389889259415213
0.6867073167231865
0.3451555705687497
0.7214998958515935
0.41199473894084804
0.9483760248695035
0.0852324346487876
0.16948447327013128
0.3433787653048057
0.6725592010770924
0.3608083442377392
0.7059207296115346
0.47456986308679916
0.7920981784700416
0.8351986665220466
0.41932159540010616
0.967671486956533
0.6129553093051072
0.7097973045310937
0.4842919975926634
0.8048874046362471
0.35202380549162626
0.7351446142420173
0.3924098024435807
0.9095692653791048
0.6952447929943446
0.9494419175607618
0.09025956754339859
0.17675021424656734
0.36866003536852077
0.6987458522198722
0.4595034226367716
0.8584599712048657
0.9932871290075127
0.010011762235080823
0.020023510296596214
0.04004703534883447
0.08009405602933839
0.1601881714304909
0.3203761948971078
0.6407526248367503
0.2815050150093157
0.563011099176947
0.1260187562147621
0.2520412302692421
0.5040787650505081
0.008172669709892944
0.01630766928428784
0.03267518163193017
0.06529135466553271
0.13085516216233373
0.260756173171103
0.5224870014935732
0.044006023585097864
0.09188921010354534
0.17404355120379478
0.3636809887830168
0.71186000155285
0.49372637367923744
0.7613828201428987
0.772262815531576
0.29673815550631844
0.5863809741276782
0.6805134130408987
0.35348898443044163
0.7373429589788429
0.39753748101065867
0.9190983977459837
0.21710304738371633
0.48694046793389134
0.7707559432892594
0.29151186809758656
0.5830237656191457
0.6660475019307341
0.8320951375062577
0.9141898448287975
0.20338015421293676
0.46925984625704587
0.7822715858928859
0.814538460719632
0.3790844055765774
0.883161401579855
0.14135692862328142
0.2825944971991703
0.5653108187252656
0.13050055483472534
0.26148688822286204
0.5217567688087001
0.0454633247863967
0.08898568392032757
0.18671083927620202
0.34516240120865405
0.7215137672610581
0.41202167517622
0.94843299878994
0.5854035952652339
0.6697695929033216
0.8432318127597682
0.9236157252162229
0.23761230963282287
0.3980761819984764
0.9187109575141221
0.7165723066136707
0.9914942203031387
0.028886881831567734
0.05435579124605283
0.12189519294770434
0.19325322273653
0.4483961520018056
0.8352688087616116
0.9195612916082609
0.21851652589975856
0.48464140875148587
0.766156895464519
0.2823180509440135
0.5646211928979028
0.6292576190026011
0.7585000700200908
0.767060787853552
0.2839694644790143
0.568182592978701
0.136122952477308
0.2733397703268565
0.5431476054945961
0.0901933585118968
0.1765090735279955
0.3685449353652075
0.6981446158606559
0.45867532727424987
0.85532957786927
0.990717062872136
0.030040998331969604
0.05056432701530866
0.11552913617924787
0.21740165626397356
0.4874995402642526
0.7729154933476821
0.794789573905291
0.3432260005210992
0.6737032760574948
0.8627378277014941
0.9607680829067249
0.10586045993841253
0.24700679603847675
0.38059131513000466
0.8866421856801026
0.6466913148469757
0.7954039834439754
0.8386340625875164
0.4353243038931396
0.9758750872861128
0.04451890324708074
0.09343990765046328
0.17271229776088148
0.36132720462046564
0.7060557065997273
0.4755879775912035
0.7939493908197619
0.8418050400505308
0.4238444281218108
0.9883138860750478
0.023502742289565504
0.05481810390483588
0.10182340967003256
0.2348972966428846
0.3916691152844578
0.9083403781987727
0.6916734827973414
0.9458546630048659
0.07920146099058911
0.15843367803609
0.3167908236500807
0.6337046715198085
0.26728488798835315
0.5351229080115445
0.06847198089235462
0.13888373953523114
0.27586583828087896
0.5593458273215219
0.09940453027957119
0.22981498000444844
0.42935637233313173
0.996896578813903
0.5057558078842703
0.5109023441036697
0.5227777696563862
0.044582760048797354
0.09355635775136761
0.17223509625182487
0.3600575299351476
0.7045505992718972
0.4715423394518439
0.7871017966535874
0.8232499360165093
0.39747637530672364
0.9189762476889882
0.21685868591885082
0.48645198487793095
0.7697783741750754
0.7895577015879098
0.32911445139325224
0.6582331896934193
0.8164525589672849
0.8829203677887563
0.1408255047572311
0.2817119478422683
0.5632714306993876
0.6267868792347144
0.7533301110379398
0.757757604616927
0.26179391247569583
0.5274924060504418
0.551084641716443
0.1177694880461786
0.19650699355406687
0.4554834700538777
0.8485890087322332
0.9781228435749654
0.05051448414451443
0.11613517694058828
0.21849164870218374
0.4852468771277927
0.7672466538497247
0.7849817235546652
0.3187422890623566
0.6395602486736607
0.7770448308438063
0.8114767987572122
0.34725305819301866
0.72527543475735
0.9212464842712507
0.7126441904401872
0.9959790424618404
0.013806257280521095
0.02566308353561908
0.05913539067842066
0.09875115239992738
0.22870272118598223
0.42621645890176296
0.9929969143122435
0.5096754376136232
0.5187406354525592
0.5385184848564677
0.07599983035470359
0.1556613229040522
0.2987512813997455
0.6125125767430291
0.21044447264284827
0.48219208064256236
0.8117915060720406
0.8452703252842184
0.4722713175578974
0.7878386481315829
0.8275198556075338
0.40027890852070414
0.9327602374542039
0.23368358926381916
0.4312353207496926
0.9801454656990245
0.5535564685997088
0.624925662385067
0.6877328093978576
0.4378892876848113
0.8134083345357794
0.3766869100218173
0.8788318517326843
0.13109113997779787
0.26406006165780127
0.5262881186790764
0.06027047804673202
0.10154950065771118
0.23048849042970687
0.4336332941893488
0.9727352750487626
0.5392207736440469
0.5784407799073961
0.6568824762362055
0.31376406221534126
0.6275318756524939
0.7550544383411761
0.26012241415446624
0.5202314404887147
0.04051443227217533
0.0808304482488893
0.1619052379974164
0.323565560975112
0.6481086376588792
0.29377491751802154
0.59170403360622
0.17888193638646044
0.3724285152857192
0.6940581673989072
0.4526266057800967
0.8376721540116705
0.9329201776126865
0.23398588070995174
0.43040089748683386
0.9779626069648657
0.04977817364851944
0.11478467800770886
0.21443257812643424
0.4986896427581087
0.7532377534080297
0.7574530109122861
0.26246367729618214
0.5290815445769113
0.5540032231947407
0.12266998915583827
0.19503198115853593
0.4501910129911266
0.8413236418855377
0.9292223969532643
0.24663603116641752
0.37998313366551884
0.8849968435824849
0.6449173373694066
0.7899569741857704
0.3297912969137542
0.6601327894604765
0.3184031796117779
0.6387626956857275
0.7755598416551948
0.8089475343294907
0.34834817246883176
0.7280078569601756
0.9246126491343603
0.740111605176935
0.9017958955082577
0.18732029560487717
0.34412253473419696
0.7196190489921719
0.4078612574667204
0.9412189098657109
0.5687089917773847
0.6393997504783329
0.7767481158371083
0.8124027079611551
0.3439283955376595
0.7191000913735479
0.4069759606209118
0.9388527111732401
0.5653276100347284
0.63053286014474
0.7615544215659611
0.7718877233273815
0.2958522494882345
0.5894400011748075
0.18621184866060503
0.3470254503772594
0.7263079622061923
0.41884825404849835
0.9664882873767056
0.6170396666566376
0.7153105906618293
0.9890628202701919
0.5252595632045995
0.5580741341691464
0.10923889817786403
0.24263245920883492
0.3836413841927424
0.8925574242603034
0.6592298427422065
0.8194515028444584
0.38788831018609926
0.9047438576235436
0.6746611111739185
0.8652218246716075
0.9638880979910027
0.1240646771620959
0.1885598988737911
0.4396189630497247
0.8167411456815898
0.8834698912978638
0.14195504513918422
0.2838948277931195
0.5678507074771915
0.6355487731925678
0.7713570049963892
0.7924316632852424
0.33578290659352206
0.6683875762100797
0.840817773132585
0.9272524667030666
0.24562011446687393
0.38918471327633597
0.9014242889243178
0.6866284613206517
0.8449652201961726
0.9710812585253734
0.03603840185678564
0.07195091966423206
0.14440728435874917
0.28753855609102175
0.5769691988243721
0.152229424653342
0.31068438684451394
0.5959782082645688
0.723206357070012
0.9151629521511495
0.7053253087506164
0.9731516303436365
0.04005224927095696
0.08010807022219524
0.16020386927993968
0.32042239408474416
0.6408304563956335
0.28172108650323935
0.5632925355457701
0.1268015551904682
0.2533894873340614
0.5076029492774978
0.012032070459099486
0.027970390918198973
0.052034531836397946
0.11969406367279589
0.20032562734559178
0.46705750469118357
0.8618493843823671
0.9580737687938381
0.10364753761678003
0.23854507526266389
0.39896515049622394
0.9307428011088632
0.7286731019557919
0.9260962043772452
0.7428174083761405
0.8840723182074726
0.6431446303904522
0.7862892682605889
0.32257852907059714
0.6451570880017243
0.29031410146853887
0.5806283298588824
0.6612565321847796
0.3225135123648215
0.6450254889787175
0.29005277730175294
0.5801037683268078
0.16021504500531591
0.3204115008120425
0.6408504011342302
0.2816741310816724
0.5634512245305814
0.12650583279901184
0.25349955895217136
0.5065113304881379
0.014975249912822619
0.025069654278922826
0.058435261831618845
0.10784471151418984
0.24510181182995439
0.3882371233776212
0.9058611486107111
0.672592658578651
0.8607340232410934
0.45596511679468676
0.8493081633350812
0.9804156430473085
0.05281126679619774
0.12320065783569589
0.18976069160271436
0.44202138227410614
0.8215427682735026
0.8930855272628833
0.16117107038735412
0.3223421249713283
0.6446843057929073
0.7893684198788833
0.3287370684556663
0.6574739129282534
0.314948766521411
0.6298951963544823
0.2597937753016595
0.5195842127432115
0.03918130011879839
0.07831300917314366
0.1566870535025373
0.3133130718488246
0.6268702843226492
0.2531302171119023
0.5072980318800546
0.013466913398588076
0.030595936172176152
0.048496559844352305
0.11310640093870461
0.20936709875240922
0.48330939281731844
0.8082935903221369
0.8583474345796276
0.495686568407109
0.7643223555933218
0.27669158612843603
0.5621722348732874
0.09455931340926327
0.22061276790918782
0.40936518309172243
0.9447679658187553
0.575998332031304
0.6556587804516312
0.798744294734206
0.8625032660493162
0.46041910181520507
0.8572091706446372
0.9993301600625273
0.0015904362662695348
0.00366873579332605
0.00611837871838361
0.014183682622388005
0.02642187336459756
0.06162517052143812
0.09496056195348501
0.22109481412917376
0.41106938384473324
0.946997432038188
0.581954764231341
0.662315715191653
0.826653205032926
0.9011320997669827
0.18532062391750515
0.35086609586142004
0.7320053905714303
0.43715626702760346
0.9695249912911095
0.5330479416588787
0.5658479242993053
0.6328116643126123
0.2617198857187759
0.527346081828
0.5507858510536607
0.6171969442511909
0.19533078881795518
0.4531625460658688
0.8438241014373489
0.9689025575353298
0.031540023133857176
0.06309528931160457
0.126175380370114
0.2524116459535435
0.5046709461603314
0.00958578524296172
0.01892851764569059
0.03895189811009914
0.0743675793055445
0.15263757528737187
0.30138418916612864
0.6183552015572786
0.19770907241036184
0.45785667753079906
0.8534884975524619
0.9873415010806639
0.02253650184138678
0.04409159833448939
0.09209719524369575
0.17442101699998602
0.36450190242612734
0.7132569138193503
0.49694839751464315
0.7554934768122621
0.7614752281515393
0.27172976077417843
0.5454126387194265
0.5888721827359404
0.6865333530004136
0.34474651466007344
0.7207429053087253
0.9102363543061074
0.19547082454664633
0.4534435504465364
0.8443852007039823
0.9700280238466803
0.0337870035727974
0.06760445234249346
0.13517849150230177
0.2704942077980377
0.5405463130446151
0.08157935764756985
0.1626723413937725
0.3272959004389122
0.6497166177723557
0.30722666208748706
0.6066732491017319
0.24846746228286065
0.37790874048369005
0.8804207524517551
0.6363450449716765
0.7721636617498007
0.29634148365585133
0.5877391197136603
0.18307711635134183
0.35916570757399313
0.7425013361789752
0.8834401733183768
0.14188034570543095
0.28376069519435987
0.5675213810172863
0.13504277719766833
0.27008553891209885
0.5401711458689533
0.08034205608419143
0.16068435038323514
0.3213684631336946
0.6427378769149072
0.2854733733984176
0.5709505577688105
0.14189731577062048
0.2838117604260333
0.5675682710716501
0.13519750841078348
0.27033420611405745
0.5409117756644264
0.0812141869973857
0.16340387478703633
0.325835122843273
0.6560551163274795
0.2972324439615477
0.6100767674506642
0.2045750600809697
0.47145152307348326
0.7868974251905456
0.823550471366616
0.39807845893665217
0.9187131274666172
0.21658046019729227
0.49150671518873423
0.7789290338987485
0.8043847864319105
0.37201420063502155
0.6929419773805421
0.9488722340902314
0.584756195457885
0.6717096271167975
0.8363392058527097
0.9306129523611162
0.22810834806296043
0.42545467978925444
0.9910465536522679
0.5311648980423342
0.5470731507521123
0.10982543023419566
0.20397243584739044
0.47065089421812445
0.7842583057936281
0.8194932642218191
0.388009578542551
0.9049258839513641
0.1750856660073623
0.36677480197977275
0.7154784292215481
0.48955871516955085
0.775984322943259
0.8098097580077592
0.3499900357273873
0.7333005068066996
0.9332834192318842
0.733258457534248
0.9335922336613294
0.23242468241369352
0.43164594360860065
0.980479862424545
0.558615503978217
0.5977018795383628
0.7266468747402541
0.42205122995073907
0.9847200687800068
0.016345416981494054
0.03261561269755475
0.06534966061008163
0.1305810625781305
0.2617076305905357
0.5215079088229686
0.04497658697073348
0.08799238229403272
0.18382784549612552
0.348048078129068
0.7274760794825852
0.423560240335064
0.988202320470009
0.5216964670980815
0.5453976768476423
0.5886437452281825
0.18534466761047952
0.35091212650877424
0.7320995980990119
0.43734181989566423
0.9691736921085976
0.5322003775218036
0.5640040302532725
0.1284963381185662
0.25650440974277444
0.5149619074654765
0.025041061831871048
0.058382846356835216
0.1077327542589046
0.24476152297575027
0.38796148099936545
0.9048282881267369
0.6748947361775208
0.8663816322514322
0.4661765286582522
0.8659320254228078
0.9682603635301348
0.11108699621399865
0.2063058047206141
0.4760872191982344
0.79348732274957
0.840866355720209
0.4278417109453585
0.9982463039632421
0.002413002192042768
0.004673472489230335
0.009590893634594977
0.018937871558591723
0.03897415264509618
0.07440920476801693
0.1527833710424602
0.30160288186743855
0.61907157022506
0.198483159794705
0.4603322726325132
0.8573099990608171
0.9991659561928827
0.0012615403102245182
0.0025233190681319684
0.005046042060712352
0.010093037912156433
0.020185121858958155
0.040374535718001425
0.08073452743701637
0.16148431575857103
0.3229533659759909
0.6459677745588124
0.291782953805523
0.5838100780383684
0.1673759409750346
0.33585063397185877
0.668161109671928
0.3402900409710128
0.6766109788441099
0.3691235232690815
0.6982976294239052
0.4600641919823829
0.8566861537401564
0.9984179312887136
0.002817307919031009
0.005512545554665849
0.011513372330227867
0.021806041651871055
0.045565208012703806
0.0891772914910689
0.1871436450164765
0.3445021358784288
0.720498405629769
0.40950267811422236
0.9449819112778641
0.5750224461371545
0.6541952084226068
0.8038739344920032
0.8723961873620283
0.44401166099123657
0.8274746292736381
0.9000683531921823
0.1834355812461581
0.35784558646264486
0.7450910484476481
0.8882228647999
0.15584027720615268
0.29752033995464444
0.6106657395139337
0.20570641945232637
0.47391307732323185
0.7915755586000159
0.8331520709034521
0.41630318816169165
0.957610667886911
0.10270750743802637
0.23668027378153056
0.3952202886575833
0.9155016129370779
0.7058506368484814
0.9744454162137117
0.0423966899397783
0.08589202113216743
0.16806087066652253
0.3400585384806618
0.6761802806286141
0.3681077474320773
0.696847524784971
0.4566838039609138
0.8503788647358306
0.9842071036400739
0.05507667860365473
0.10247055694344454
0.236061414150754
0.3944555920897983
0.9123395286151208
0.7015558887796942
0.963780722435331
0.12275187665363774
0.19527181243756786
0.4493204877944663
0.840077735716477
0.9261729573190678
0.2431005398684647
0.38449755517649464
0.8944546621351037
0.16231627107481472
0.326654033298837
0.6511341664590873
0.3103244962694589
0.6008757495437749
0.2320176601933781
0.43718748894752935
0.9695821836357936
0.5331890535599086
0.5654472240421455
0.6318711339263245
0.26276557162054814
0.5294378849794157
0.0491089379938785
0.11384472373174503
0.21206280833575875
0.4944439281243831
0.7623005607165396
0.7785378890403081
0.303139010531595
0.6239782164047938
0.6910106319701299
0.44406350041390397
0.8275496081332676
0.900338474632008
0.18269599042832851
0.3585560452193022
0.7434792760759592
0.38539605963160284
0.8957921006367542
0.6665842311049346
0.8331684324366506
0.416336998983752
0.957673565892037
0.6028476085921284
0.7369447405799292
0.39576638778089546
0.9165280081506353
0.2080636447062716
0.47861966385971755
0.8010236505651847
0.8675559673283715
0.4461714921926614
0.8297209595039021
0.40993000636808574
0.9436395482625812
0.5767319829028565
0.6515117954404559
0.8118102668668143
0.8453042781620752
0.4723427805583924
0.7879616019781679
0.8280712964769918
0.3985108738706913
0.9298377644445281
0.2268596909707412
0.42248225666116923
0.9855401605600491
0.5180161183525342
0.5359721540880855
0.5721860664780252
0.1437655943154823
0.288564979826333
0.5759569111396559
0.15556642474257387
0.29845371964620426
0.6130046272883192
0.20995241895434447
0.48391450435156
0.8052275377558544
0.852659741678508
0.48651417027576827
0.7699653294112068
0.28986866993363947
0.5799852953059599
0.1593507022189442
0.3196941798669286
0.6383941530948505
0.28124029832542874
0.5469011326204054
0.10943597459117882
0.20321676463936456
0.46896401658887044
0.7816476366715506
0.8134170410048682
0.3765293905453291
0.8785465780820232
0.13160705415066332
0.26540375023614615
0.5237350516254082
0.05527497435105033
0.10276796511607245
0.23670963814947754
0.39541634474880993
0.915710627567023
0.7069705431640614
0.974671096628299
0.04504528845427558
0.08813757117604837
0.1840873442706652
0.34864391561131924
0.7285373538034037
0.42582685433444567
0.9922717935987748
0.5079888400214259
0.5159699179639574
0.5319708454771899
0.06386418928741477
0.127852297591744
0.25558088478283025
0.5117169012664817
0.021486375102540478
0.04492590457084589
0.0878986561729107
0.1836099270149134
0.34768831270048395
0.7266270659165457
0.4220037099730689
0.9846340367221273
0.5161368373373989
0.532281367428368
0.5645550365443341
0.12914081427152269
0.25820455959183164
0.516539802600164
0.03292980362311937
0.06631749862572178
0.1310479343519546
0.26411047589499503
0.5262052419129759
0.06046909143333323
0.10079461435088888
0.2319315691711381
0.43628609576262534
0.9724247534759343
0.537382618553238
0.5767088253924157
0.6514807382482104
0.3117343266203534
0.595205561054172
0.7214646654610988
0.9119139345712028
0.6985999418830033
0.9606602307758294
0.6064362794568297
0.74758820788702
0.3823710634314921
0.8873159431095701
0.15352293231990188
0.3032005977584049
0.6238269336754456
0.19127187112462707
0.4438087198068388
0.8270085906842723
0.902342514396878
0.18555018547340296
0.3457105506386142
0.7226680018065963
0.9140898184559774
0.20317582180723548
0.46886690286919475
0.781445658300072
0.8129561683454085
0.3758417601638939
0.8769124096434098
0.1280313547467813
0.2570698232157156
0.5130866818362847
0.030209433083655313
0.05051197699503973
0.11613063386175781
0.21846612845547497
0.48533505154773593
0.7671464388258755
0.7847745130129624
0.31908503369777463
0.6400238910864573
0.7752875763690099
0.8077755727863405
0.3587171153340023
0.7437995112559292
0.8865324316720944
0.14682508853729814
0.29563381790649146
0.5892840005690232
0.1874943746079225
0.3437616641749628
0.7187771169701591
0.4063005198549945
0.9376159110688604
0.5626941520313267
0.625448862410849
0.7508385970140807
0.7519470839470159
0.2529409702401608
0.5068573111202568
0.012740086094709113
0.02938421774888411
0.049009960726834834
0.1136201296467334
0.21164672682061791
0.49357306864112616
0.76070970389992
0.7711096424900461
0.2926913537958171
0.5849516468297224
0.6714158210670575
0.3364744492864702
0.680777610919904
0.3537265099294018
0.7387602385424543
0.8991990220674779
0.18144514615414664
0.35484987165546045
0.7419100746628828
0.4033109935990069
0.9272751092794351
0.745654098194791
0.8892722406890243
0.6515765704971272
0.81201040520682
0.34546203137142584
0.7219309331267141
0.4135874189378228
0.949737004673807
0.09086799330543727
0.1778440527850762
0.3732519259210676
0.6899233071599156
0.44219784301822074
0.8221150292665698
0.8940164438972715
0.16385683542466722
0.32453987255576067
0.6529859652800951
0.8020657999149989
0.36975630139932036
0.7004505801014602
0.4673069329292048
0.8623503884882666
0.9600450630823616
0.10662126014358364
0.24839092485490255
0.37767198440269567
0.8802674328326248
0.6356579061539378
0.7711912996019237
0.7929357899993192
0.3340976859908551
0.6701353841926903
0.33836377717670985
0.6843416910269298
0.3493962703796569
0.7297984038596042
0.42932336652302183
0.99683034355985
0.5056235209631268
0.5110029614006635
0.522982424532529
0.043523683067178354
0.09095301848719828
0.1780007463239599
0.37357863975921646
0.6905209758551791
0.4445046561595518
0.8255478893988766
0.9049873064795975
0.1752682052028831
0.36698729239287786
0.7151738492830191
0.9889490781060886
0.024754082318395376
0.05735118268057704
0.10685934731736779
0.24901227559894323
0.3784414166584611
0.881402188912034
0.63974986600806
0.7746474706509616
0.3070310393231921
0.6063793976209126
0.24778522629640065
0.3827512580610346
0.8869326738931704
0.15274108116864227
0.3016979817475658
0.618715791410068
0.6988573549024295
0.9597264430485666
0.6091501373157371
0.7424702631251421
0.8833777934196405
0.6417558262764942
0.7835114130284637
0.8170237832528073
0.384045170241734
0.89309417057666
0.16118451103102416
0.32238624955061823
0.6447170309256762
0.28949532823753543
0.5789294124697335
0.1581037264841143
0.31559399963589385
0.6321683804271743
0.26335637937881984
0.5311225627665408
0.04731435203575529
0.11019654507981613
0.205008351826109
0.4719237645622343
0.7884523703251034
0.8260502168268431
0.405396443878999
0.923097191582201
0.2368198357289657
0.3955142245395109
0.9160303265089169
0.7070560043503065
0.9766188620997127
0.04698108014417812
0.10961287788813934
0.2035016862791963
0.4696250486886129
0.7828784965677187
0.8162448272632901
0.3812707847391721
0.8896121144935023
0.15197296324186027
0.31123300991021097
0.5971316082868725
0.22643608090584166
0.4184110807836987
0.9656604622723535
0.6151665638026316
0.7140900274680462
0.9994390766951256
0.5019439779862296
0.502959196222946
0.00688512044143863
0.012808460101950914
0.029509819694794714
0.04930264945141971
0.11403241544030607
0.212683490710333
0.4954375005327165
0.7652821014635265
0.7742241141677368
0.30649748173891567
0.6049682406883221
0.7419656499987468
0.40263146432698704
0.9263610296766274
0.7433319799310993
0.8851167168468237
0.6452181767963339
0.7904973869153764
0.3308421933907084
0.661928508838173
0.32361290682456456
0.6483244169212412
0.7931089280173182
0.8401236748613883
0.426341575657716
0.993307678232668
0.01005475444253534
0.020104755531065166
0.040217125439085066
0.08042668900452554
0.16088749305345118
0.32165887439623475
0.6434386344626546
0.28675708736409433
0.5740005802945234
0.14678900889703073
0.2955035979975946
0.5890837280312553
0.18692693606135435
0.3456547060632147
0.7217697399901226
0.41325663987663575
0.9505515215569176
0.592494514916325
0.6752915888500866
0.8669463383848779
0.9650947483896744
0.11378235346637666
0.2119434589985758
0.49419012339785695
0.7618314521387219
0.7775558177672792
0.30125684672384523
0.6179403925489169
0.697062362334691
0.45638080770731904
0.8512374103884213
0.9812843315012287
0.06046815775334835
0.1007984708994627
0.23192214407026768
0.43630028888583183
0.9724560044705868
0.5374393947713543
0.5768395588675048
0.6517068819957785
0.31223340376163833
0.5946510739449877
0.7204456048493739
0.9100523325032555
0.6935187055205461
0.9514895793399774
0.5885298520734068
0.6848626639111899
0.3502093507850077
0.7336065314884763
0.9311489699175581
0.7292526912933681
0.9274997242901009
0.24537953722756356
0.3901740760775283
0.8989995571319014
0.680815414089011
0.8538088510686066
0.48888376558898017
0.7746241730055772
0.8071180664410349
0.35622526885708794
0.7478585569770075
0.38218409489491023
0.8884259586338885
0.6561301040055696
0.7970014096645173
0.3596278351615183
0.7036306531517766
0.4697613619209733
0.7832725306216162
0.3165453065885231
0.6330903504276648
0.26618168389541097
0.5323609558981843
0.0647256005613599
0.12944793043425307
0.2589073270210065
0.5177650634432212
0.03559116160613485
0.07112129015149549
0.1424867141759023
0.28436308435630053
0.5697637588018551
0.1384899502445478
0.2806419341941364
0.5487107472727075
0.11243602194008417
0.2102241512038745
0.48196983395610005
0.8120861065108329
0.8443851494521368
0.47002792832790874
0.7837867831985932
0.3176040839171037
0.6351776503724977
0.2704926297592465
0.5405427551013418
0.08157379031763412
0.1626593013643287
0.32727172557497397
0.6496606456348673
0.3071337670844514
0.6064550649025477
0.2480663477035705
0.37699219334172085
0.8789840849349275
0.632968633697601
0.765936838084599
0.2818751518498175
0.5637441044091247
0.12749583981349133
0.2549840442079585
0.5099986134155188
0.5199209255806636
0.5399715802632272
0.07981338680838235
0.16008466348284855
0.3185975282685831
0.6390494473744184
0.27626628943835385
0.5602249797084369
0.10140501023852266
0.23089404526399449
0.43454656249377877
0.9741642225999385
0.5425705113739241
0.5846433239930775
0.6712547337519936
0.33761190294171683
0.6835927001957316
0.8574253859405871
0.49414716236060485
0.7617340011638589
0.7773666646389756
0.3008347050927114
0.6172867953137029
0.6955415714473929
0.9535069080884568
0.5946358288347255
0.7203998507466167
0.410098086373182
0.943427107820753
0.576306384667987
0.6506634627876338
0.8091298851068132
0.8487437958538067
0.4787222759332508
0.801263275789097
0.8679302404925693
0.44704235772951506
0.8313399825419765
0.41365747747477144
0.9498726119054481
0.5911557112412993
0.678391403373098
0.8743758946075104
0.9391666875162628
0.0663822220521979
0.13090501021360978
0.26375626103254035
0.5255668329773471
0.058938774425769225
0.09837657894240692
0.22792781668249518
0.4247253236826509
0.9899576159659773
0.5273355101526249
0.5605752031260636
0.5957565029966645
0.22277453957940452
0.41424948794883676
0.9535600112867542
0.5945589872135315
0.7206121161289047
0.9093638770282269
0.6947653554670978
0.9509931095817592
0.09314834343967959
0.17372340749716386
0.36246152297826484
0.7102745490847155
0.4820728033373598
0.8122892745886929
0.8440619238244835
0.46937289819470607
0.7824995969131123
0.3149896718095988
0.6299945877399296
0.2599739760917146
0.520016468653921
0.039800476894015446
0.07984485971974209
0.15944664797279984
0.31986641814000905
0.6372951283119619
0.2784928116307128
0.5530945123755373
0.12372948150732554
0.1908781764213927
0.4451737949857488
0.8247023646254092
0.9030907140404452
0.17751443674205802
0.37041748242336325
0.7027412777824793
0.9616697122983169
0.1185305598191917
0.1981207043863833
0.45861932542175055
0.8552269795909524
0.9904830623709131
0.02979448818950914
0.049823112989543006
0.11624874212429859
0.21589353767922148
0.4903848781832494
0.7795938287163153
0.7994364563201088
0.36444772765389644
0.7133305300667416
0.9969163469504565
0.5057860405941028
0.5109779716876801
0.5228551846812479
0.04485217944602482
0.0930173076048959
0.17321871925378218
0.3621840743580833
0.7086215515155345
0.48023092237417586
0.8029930117190816
0.87355944342562
0.4404858223570045
0.8194408013659995
0.3879385975887999
0.9046642658067867
0.674684902332956
0.8648728540574666
0.46460886899149045
0.8733100731042214
0.9399777016660664
0.06745730174588971
0.13491272405372
0.26983298076083884
0.5396470106788911
0.07932441649609245
0.15861880482407287
0.3173736984608695
0.6343067392008379
0.26909246228751726
0.5377103514620103
0.07736048070364632
0.14988963381620124
0.3073934185085818
0.6072184621589258
0.24934909425792284
0.3766277260729112
0.878743976005353
0.6312669969920535
0.7646102773433086
0.2769584836787544
0.5612755192560144
0.09704978429363109
0.2264482052414678
0.418106367404107
0.9651190001750365
0.6138317126606125
0.7120384833251592
0.994389413332101
0.5122165110369679
0.5283384974463843
0.05277169783948921
0.12312056796508841
0.18960432466701604
0.44169911643257365
0.8209144357242621
0.8918126734497491
0.15868255434907041
0.3171686993155163
0.6345689482113812
0.7689087746839505
0.28877980855759233
0.5751768600894138
0.15386706372373737
0.3042970670503564
0.6218101795529947
0.19280379722476937
0.4482221358339302
0.8335471562459134
0.9175983277091291
0.20966975222108886
0.4838517554453574
0.8065182536956854
0.8549202437570784
0.49200628252583556
0.7777128735615406
0.3016425352252554
0.6187869971909095
0.6990036490315106
0.9592770023155026
0.6080226176127326
0.7453262701164931
0.3901361467142124
0.9001483277534135
0.682864412345225
0.8588938050379511
0.4926891121431254
0.7588186739594676
0.7676249660144094
0.28526517501450144
0.5705151471483987
0.6410911375423893
0.28202991365105845
0.5643190026166849
0.12837954561109655
0.2576722929079551
0.5122047060285695
0.028083415381843224
0.05250236747087911
0.12038937804754823
0.20268912508618087
0.4615474600577727
0.8683478224556893
0.9476941561151762
0.08282730574137531
0.16589872419717722
0.331187214149395
0.6633507012738846
0.3257252574840095
0.6558446290146094
0.79753071104642
0.8606802233553026
0.45574307601782493
0.8489785230776761
0.4792375622491818
0.8021488323865924
0.37005236276309006
0.7009010887995828
0.9686661731393542
0.10957358469022438
0.20358317851787433
0.46951386966975406
0.7830214946297929
0.8157993183995131
0.3826968002540525
0.8868554613727611
0.1526124341180548
0.3013266500784084
0.6182691209251061
0.19750435257446952
0.4574095218558796
0.8524449305841699
0.9860139743250329
0.019408404448768124
0.03753790326300077
0.0769679261429701
0.15222683822503313
0.3106793813058175
0.5959678400540724
0.22318615650874563
0.41512183827580884
0.9552458155667409
0.5979847245907877
0.727227190247504
0.9231963640777394
0.7370487359876279
0.8958956881833728
0.16691540431929752
0.33370377629762515
0.6679642599192448
0.3339992369583342
0.6699453994515352
0.3379453043162357
0.6836954781610984
0.8478902274218854
0.47695414879126474
0.7977880127145909
0.8610598650702741
0.45695446262834594
0.8498170920065604
0.9829057276656386
0.05738806532463059
0.10720146360108629
0.2493225458310917
0.37656763033010066
0.8786528580822051
0.6317430632479955
0.7653076295682695
0.27428388240514323
0.556607965787407
0.10460592139861546
0.2414221930957865
0.4038005201437045
0.928494042775128
0.7498065355757717
0.87536075557
0.12568335485411808
0.25143157452112064
0.5027982842293568
0.00582742496044375
0.010851628321688622
0.022664797899778932
0.0444138337043114
0.0925822741119191
0.1756559518398717
0.36566659645177424
0.7176003330387175
0.4881789880164433
0.7716463003889658
0.7952454873884562
0.3385388034803327
0.6848877228039782
0.8502482486655936
0.9836952117329929
0.05627197559806518
0.10517008221358992
0.24116506258724257
0.40584580454742536
0.9225390803185292
0.7356955389550421
0.893296576308785
0.16151688748504966
0.32315581932198256
0.6461896632099524
0.29292825495940633
0.5840869693201967
0.17015709765837528
0.3382866912870668
0.6844955473789014
0.349353540368611
0.730368516233284
0.42790190866799094
0.9983757363515906
0.5026187230541836
0.5052292130421847
0.010489867796422914
0.020902621850837022
0.04192259127739817
0.083737415028736
0.1678524890448898
0.3341199674177915
0.6701911664567888
0.33843678937410004
0.6846670625382103
0.34983333680429496
0.7328395157237537
0.43261265629553236
0.9819482595776208
0.5620364022033755
0.5942946792056318
0.7198326866491698
0.40844111805199645
0.9417835448111873
0.07118863461073488
0.14225716784130782
0.28499778697732836
0.5687822687905282
0.1396331524301786
0.2769089101930149
0.5611344116041437
0.09690871395287104
0.22596770484233275
0.419830889091827
0.9679577064234763
0.6107811057299841
0.7058762955421116
0.9744964336859994
0.5421329927339684
0.5852420709561557
0.1695097254414577
0.3434070677612908
0.672661728807725
0.3611846685234923
0.7065311947953887
0.47634010706678964
0.7932585458620451
0.8404163784289267
0.4269340757164173
0.9944857642403804
0.5124389406701084
0.5287088062032126
0.05363246341585182
0.12472534106927924
0.18846130502060987
0.43898010527482256
0.8159484915086068
0.8814087022619788
0.13977052908740006
0.27465824779937975
0.5571289882354904
0.6064454839506652
0.7480472104507498
0.37695382579113357
0.878907576930942
0.13281527333310805
0.26563042725319974
0.5312613917340059
0.5625210519356187
0.6250440149451606
0.2500861189037096
0.5001798819575924
0.5003406534378882
0.5007118875510059
0.0013931857829447836
0.0029239239811431617
0.0053816808213014156
0.011252623342443258
0.02201598568353802
0.04598901164717972
0.08708528662100434
0.18199785519391298
0.3561698589473963
0.7475446052849293
0.3816095963411499
0.8904164583072998
0.6487528385187034
0.8053181770665105
0.3528238541330211
0.7368977083242498
0.39567041661939584
0.9163408335007261
0.20768166612833738
0.47786333318799734
0.7994766654446721
0.8645783346437383
0.4635316600033548
0.8723758349369746
0.4439704049145803
0.8273940020008013
0.8999049753474537
0.18311097085825168
0.35792092091287486
0.7451396722171921
0.8896910211478826
0.14950305077945814
0.30681476258905604
0.6058342213509604
0.24676648821332492
0.38031288172351196
0.8855644293362275
0.646373510156991
0.7921360734326299
0.3352504975046031
0.6695182336843573
0.34343886640272103
0.6727097090042662
0.8613200290128589
0.9560818886675406
0.10063652423559688
0.2315617485146504
0.43574159071431495
0.971157421299722
0.5359999775828328
0.5722289045224898
0.14367176496307366
0.2882821816310752
0.5756524191820063
0.15513763125636615
0.30073902691947296
0.6153325267368928
0.2170254884113092
0.48674868076341227
0.7704863703111187
0.7905764889728744
0.33165604117675684
0.6628104496921878
0.8276226617163047
0.9001641468203161
0.1828966529283207
0.35895736879319884
0.7428170798229985
0.38407166159595363
0.893143321183743
0.16128665008000098
0.32257328132982366
0.645146591385128
0.790293156489497
0.330586405179929
0.6611724234535359
0.32234532208531164
0.644690169225214
0.7893822438782081
0.8287597269809339
0.4075275414797943
0.940047006966779
0.06762259287643246
0.13514709324226715
0.2704086331068538
0.5407028250047006
0.08188630235963501
0.16258241870673373
0.32691960025113076
0.6521302090259269
0.3108522224065382
0.5963138123624958
0.22387765455641784
0.4165052346070297
0.958010588423349
0.6035210576665122
0.7382926518039312
0.898458575073164
0.6797315873845946
0.851648737443611
0.9845552386541385
0.01596594913280569
0.03196289364132099
0.06389479050994851
0.1279288210789673
0.2553722187294625
0.5112327300594188
0.021977130469167605
0.045907445542979985
0.0869320189813152
0.1816767763812095
0.35554045671597123
0.7462381767109036
0.37919409017194994
0.8833917566225864
0.6417712347174529
0.7835571322066244
0.31710001890314743
0.6342599703348242
0.26837092902860604
0.5369583423889708
0.5737035376951098
0.14822985886712559
0.2932877960265614
0.5904799384297803
0.17706220064428635
0.3697217596345581
0.70041152194608
0.46719884339836426
0.8622539160423912
0.9585778984765057
0.10514383608824573
0.24105036139371805
0.4061705501808319
0.9220861866488121
0.7348545306304004
0.8913878464954905
0.6580049288168084
0.8157809905242175
0.882523247768404
0.1376661838439759
0.2788418305281084
0.554265958169708
0.6217146494600456
0.6926489843754098
0.44779704153188504
0.8330978716840036
0.9161863072367851
0.20738748586154543
0.4772601898002904
0.7983385672851
0.3620637161366176
0.7087475261942018
0.9797485280723777
0.05422767129493877
0.12163488514488563
0.19250293989898637
0.4474555210908875
0.8324710874585435
0.9148850069905166
0.2050045657379087
0.47191423989715986
0.7884779734595213
0.3261100379459094
0.6554883173957933
0.7982508052082267
0.36224868026329204
0.7085671866661869
0.4801226498966571
0.803507025790168
0.37483631051145494
0.6879050659481436
0.4384321053803433
0.8140591541887261
0.8786369880253915
0.13175565408891998
0.2653411708015483
0.5243977470381651
0.556209239148302
0.6050861529074609
0.24096287370775826
0.40565314010018483
0.923731132526882
0.7374845382582862
0.8978015730099287
0.16965709364740178
0.3436782345524989
0.6721128251519985
0.3597515876463149
0.7040001258137636
0.47037865917081945
0.7849944064219017
0.3187700205889996
0.6396133170637768
0.776976931723766
0.8112198916787747
0.3471107318473514
0.7263851712632459
0.9183484142413363
0.7157232751196716
0.9899257456127089
0.02719581767451018
0.06101383233908564
0.09648492257110775
0.22447806014679372
0.4174486205447465
0.9608032624237239
0.6059183148026932
0.7469310062879231
0.8808586543309502
0.6357435104146134
0.7724637060891837
0.793950727005722
0.3418081955460366
0.6738495377067011
0.8633259170455858
0.961025172524387
0.11736891776672564
0.19565050906385295
0.45383167153340764
0.8451323544722982
0.9716372549592052
0.03671885930816643
0.07395842255209573
0.14739328488940373
0.29660997085738927
0.5868417986202985
0.18138925501261838
0.35535523254657164
0.7403732395032421
0.404575065971585
0.9243840897106566
0.7393946993688587
0.9006581998837646
0.18413652916206047
0.34873417898779735
0.728748875495512
0.42617145730764605
0.9930976137402467
0.5095030287920963
0.5194676348473877
0.0373292856675107
0.07658307399833575
0.15133034030441195
0.31017561885528266
0.6012701836880296
0.23141365524497814
0.43516907893354073
0.9762787680374458
0.5439288786437828
0.5913656098709907
0.6793044295045547
0.3718210630759131
0.6927616938774008
0.9481492730265018
0.08366693876450881
0.16783837211551145
0.3344398256158456
0.6707684070570394
0.3398101829516236
0.6856592854601331
0.34591241032467224
0.7231443775235675
0.4147953368665185
0.9548349154356401
0.09692530042957515
0.22607764380518347
0.4184634012635797
0.9658349717501551
0.6152588767290581
0.7168540443235543
0.9864331057178788
0.5197698217525613
0.5394404612015933
0.07900680767488666
0.15788773010717705
0.3162790011847392
0.6312991499435157
0.2644942084152717
0.5272698917542584
0.0607806422340218
0.0960943175596185
0.22356839140411466
0.41574558324646205
0.9569491647416726
0.5998108347703237
0.7328866853786167
0.9324168215389363
0.7322685098915827
0.9369367125909775
0.7206904737104196
0.9092001247627195
0.19437692378414795
0.4502768976963125
0.8419605370727368
0.9241549576690886
0.23893688173848204
0.39974384699598886
0.9323075990541838
0.7317959732317831
0.9362725738319568
0.7220550463243853
0.9139591928105801
0.6993778848845977
0.9651641504315194
0.113914608664345
0.212211788573768
0.4947285070666112
0.7629249725723639
0.779680139181437
0.2997161297535058
0.6149361361458432
0.7147956422995776
0.4981380494136829
0.7521216751192696
0.7542585354822222
0.2585019290854689
0.517064778105123
0.5339775001630187
0.06819727740366943
0.13615231780568138
0.2734013778390363
0.5430871865246445
0.09003109161858447
0.17621690878877416
0.3679980208398774
0.6971770862583071
0.45624477465753444
0.8510261932970025
0.9822690805012826
0.06193572687334381
0.09568847037735395
0.22169615459279157
0.41311887180199847
0.9502611808129586
0.5919286121206824
0.6740915988048073
0.8638081997050904
0.961991392163327
0.11929529177723452
0.1995280761620961
0.46546243206830695
0.8645185398636386
0.9634121983835939
0.12213677851832472
0.19349284257623367
0.4514370857796166
0.8384229393559508
0.9346564863517415
0.22478933702223003
0.42026278539560735
0.9636028141248971
0.6224878500506748
0.6943315384851303
0.9526518855127506
0.5864488393708598
0.6807178247254342
0.35361546630156226
0.7385115086217411
0.3988216655852739
0.9305781380389817
0.7282211181300227
0.925742477964377
0.2403390127583407
0.4045409290702082
0.9241945213871077
0.7391361717891414
0.9000252174155321
0.18335144518641755
0.3576691070920788
0.7446359673631378
0.38770859633223154
0.9043266754015349
0.6738752192759421
0.8633908156189136
0.961141257052077
0.11765651660971344
0.1960967683698982
0.4549548283684999
0.8471102709881961
0.9763867860019673
0.04334664446651004
0.09072542397188954
0.17741871290490963
0.3709659659652971
0.7016105815418996
0.4637108181195799
0.8729744617012329
0.944572582753608
0.07556941380607896
0.15516715534613468
0.3004466080456041
0.6160299643524922
0.21863212031894363
0.48450557031901553
0.7658860235242173
0.7817725764180068
0.3135434317809995
0.6270887336868327
0.7541756195714697
0.7583588090783451
0.266698812803952
0.5334272793552373
0.5668249933223706
0.6337863638764247
0.26709588887752034
0.5346819736878388
0.068873740703566
0.13970921564032324
0.274506505636964
0.5568558910163119
0.10586921151843853
0.2470151936286129
0.3804459284292534
0.886378081748262
0.6472757500887383
0.7967294539266732
0.33640851284144446
0.6804801565012895
0.3533642970432993
0.7377649713016581
0.8982289163395762
0.6682840055145789
0.840474260126939
0.4270422739791684
0.9947095387033187
0.5128565922786947
0.5296194198890589
0.049473281105747446
0.11457134710508399
0.21351792794303037
0.49734812503447756
0.7564159460016526
0.764782666839892
0.27468621809384786
0.5571812409616541
0.6065670279785991
0.24823070227284916
0.37738205218920484
0.8797028345288709
0.6346507540729363
0.7686887873278465
0.28835793695179746
0.5757355638197623
0.1558826089312788
0.29754999090800993
0.610784820310073
0.7058855268114712
0.9745132384705357
0.5421747700020205
0.5852983843069524
0.16965049298596568
0.3436660536681302
0.6720695920521393
0.3598290381778497
0.7039682122995146
0.47066532136523165
0.7842948001925834
0.8195280755462591
0.38814047476626
0.905126402823953
0.17576160037424415
0.3652877014828846
0.7169153295690194
0.4865155031729955
0.7699668913264759
0.789873002708191
0.3299898536351975
0.659370250737993
0.8197749973041937
0.8885163344966713
0.1556908412312623
0.298824187804712
0.6123184606258292
0.7099865170603152
0.9815043392009102
0.5606452597712632
0.5959294554195367
0.22308221165440045
0.4150116946257185
0.9546276284672786
0.09724111770628951
0.2252478238369804
0.42119490579352714
0.962524366506841
0.6207886613847222
0.7020875734160654
0.4644168587110471
0.8736578873649705
0.44067520982935093
0.8198269221174996
0.38721267820801586
0.9033310058293864
0.6777567818353418
0.8730905198899563
0.43954398640198633
0.8165755830123089
0.8831668925413396
0.14131807739613578
0.28269900049781427
0.5652407676097937
0.13071744694025256
0.2612222388270311
0.5232216859585606
0.04326626085094176
0.09045040185446851
0.17694492617738433
0.3695759403635748
0.7000282934168354
0.4667071786534507
0.8663969808840193
0.9662543881277088
0.11604053745395504
0.21865715525927953
0.4845459846837912
0.7659831819473766
0.7819487206579652
0.313954662240576
0.6277109598158859
0.25567369125201367
0.5110841623682063
0.5231773195555434
0.04387793960631825
0.09153245919151232
0.1796163580729626
0.3713330608443357
0.6917855461360887
0.4461974243458826
0.8297578772180714
0.9100193541089538
0.19380268672830425
0.4519977315503638
0.8398161320073996
0.4355841455690097
0.9707767120853532
0.035307239362737164
0.07060494154575281
0.14122514371410944
0.2824350240989588
0.5649387194425799
0.12964473586180247
0.2595355448429473
0.518824944854714
0.03863515451666899
0.07479874283308163
0.15353425324428827
0.30313173891045153
0.6239636731334031
