0.37416388938436285
0.9388959959032945
0.5664027775346767
0.6933641375508159
0.9511847601097543
0.08792069539777003
0.24809317334438674
0.3770614720706362
0.8810612725501414
0.1391515614814125
0.4011531097930856
0.9373021688661538
0.719102476577973
0.907184345589485
0.7203282705449965
0.9098813246819191
0.7255715462088119
0.9214036238845438
0.7427252943452913
0.8843901127984282
0.15206754760583863
0.43651093455264345
0.9721905227634124
0.5376557665586006
0.6089837399777025
0.7429045962926466
0.8846971773018595
0.15158885152777657
0.43694398837396875
0.970681726175826
0.5342365218966734
0.6006915306206793
0.7316855548706371
0.9369032223185059
0.22060626366874203
0.4093618225888349
0.9760470932233147
0.5447145537182223
0.6243741463404149
0.68944634476793
0.9404388892871793
0.06936257419874892
0.20025465782964602
0.46786731079919264
0.8605718453763984
0.956466253468534
0.11718045052839443
0.214853044541087
0.48830784676829353
0.7774030214059167
0.8008751258894335
0.37131402152590454
0.9418177974876016
0.5751882607873995
0.7163178891350981
0.9917258079512976
0.5278912923240568
0.5523399349185638
0.6247319536923897
0.6884000150021166
0.9392022418614943
0.06629345644614659
0.19350808297167532
0.45159743263502605
0.8388389936590102
0.499548883351963
0.750594648940023
0.7517019285296556
0.2537934597930871
0.7560080856201239
0.7640974279202055
0.27633897867053747
0.8120489055290818
0.8443446262099314
0.47045186077593826
0.7850432854320388
0.3497577788075432
0.9828478916315362
0.5575904810393695
0.6089229625358712
0.7427806972991675
0.884515790065052
0.15223508267081343
0.43569385816226713
0.9711286491074134
0.0380577566975262
0.10892376230913214
0.24278257918194868
0.3845138735778164
0.9022293594025541
0.18569195093004964
0.47112292257952504
0.7880634725152049
0.3589409133128356
0.9927768367633689
0.009516833903035149
0.027236167079536244
0.060693210834870115
0.09612639222177677
0.225569211790571
0.4214428604755085
0.9927825442573521
0.009513942728517577
0.027229534840444103
0.06069221251527779
0.09612363533233292
0.22556468899711035
0.4214438514027279
0.9927808976790402
0.009516155550954863
0.027235968416789547
0.060695226275129244
0.09612904445384629
0.2255589893029537
0.42142380189034157
0.9927822611352894
0.009514747391222045
0.02723095045075752
0.060695565276546404
0.09612868682597764
0.22555773760541342
0.42142389129730873
0.9927821717283223
0.009514434466836974
0.02723097280249931
0.06069554292480461
0.09612860859488137
0.22555774319334887
0.4214238857093733
0.9927821521705482
0.009514435863820836
0.027230971405515447
0.060695538035361096
0.09612860894412734
0.2255577428441029
0.4214238844870124
0.9927821522287559
0.009514435660094023
0.02723097102716565
0.06069553783163428
0.09612860856577754
0.22555774310603738
0.42142388550564647
0.9927821517921984
0.5095144356891979
0.5272309711144771
0.5606955380062573
0.596128609002335
0.7255577426403761
0.9214238841377664
0.24278215141384862
0.384514434466837
0.9022309728024993
0.1856955429248046
0.47112860859488137
0.7880577431933489
0.35892388568026945
0.992782152199652
0.5095144357474055
0.5272309712017886
0.5606955382681917
0.5961286081001163
0.7255577436008025
0.9214238832646515
0.2427821487071924
0.38451442815130576
0.9022309610736556
0.6856955880939495
0.9711286739911884
0.538057717756601
0.6089238895510789
0.7427821573219262
0.8845144480874296
0.15223092393716797
0.4356956026167609
0.9711285468074493
0.5380575614690315
0.6089233306702226
0.7427815425035078
0.8845173649897333
0.1522359642549418
0.43569522636244074
0.9711290441337042
0.538058990117861
0.6089238037820905
0.7427822633471806
0.8845147367974278
0.1522309705032967
0.4356955551193096
0.9711286315578036
0.5380578008189332
0.608923678053543
0.7427823671896476
0.8845141225901898
0.15223007084568962
0.4356936095864512
0.9711260415497236
0.5380705571442377
0.6089405489619821
0.7427757496770937
0.8845157295872923
0.1522322799428366
0.4356987169594504
0.9711165290209465
0.5380742731213104
0.6089079899247736
0.7427357400592882
0.8843726560880896
0.1520748864277266
0.4364454439491965
0.9724068503710441
0.5379779520153534
0.6090353054460138
0.74310147415963
0.8844937727262732
0.1522594224079512
0.4357726267189719
0.9711284499499016
0.5380621137737762
0.6089296860154718
0.7427970136341173
0.8844615862180945
0.15228600607952103
0.4356153896660544
0.9708981376024894
0.537564057362033
0.6082666439469904
0.7460626329120714
0.8887805387785193
0.15059192286571488
0.43602678092429414
0.9714636664721183
0.538871544849826
0.605831436580047
0.7470139230426867
0.8804454252531286
0.14034946070751175
0.3993999651283957
0.9311709266039543
0.730033654224826
0.936153702205047
0.7223557199176867
0.9130381986906286
0.23397739039501175
0.4304058245033957
0.9784121375414543
0.557792443287326
0.608883194392547
0.7439011300739367
0.8859996244718786
0.15603549586376175
0.4221660784096457
0.9852175574633293
0.517539757740451
0.549923233455047
0.6163986886676867
0.7162608549406286
0.9920340310200118
0.5278179339074995
0.5515322547289543
0.622855919849826
0.694698624080047
0.9511154855426867
0.09284776900312863
0.23556430448661558
0.3940288713492919
0.9294619421416428
0.24639107583789155
0.3797572175390087
0.8886154869687743
0.6553477714478504
0.9230643042828888
0.7377788715821225
0.8982119428401347
0.1838910760707222
0.4735072178882547
0.7948654856882058
0.8740977690031286
0.43868930445751175
0.8159038713783957
0.9450869422580581
0.07451607601251453
0.21569471794646233
0.4901779853971675
0.7803477685665712
0.7980643034970853
0.362778870126931
0.9607119484862778
0.12139108424889855
0.19225721471593715
0.4511154861829709
0.8428477696434129
0.48556430600001477
0.7690288654703181
0.30446195031981915
0.8713910683291033
0.9422571951581631
0.07611541633377783
0.2178476928093005
0.48556467061280273
0.7690294955100399
0.30446190328802913
0.8713911304948851
0.9422573737392668
0.07611547547276132
0.2178477829147596
0.48556434208876453
0.7690288712910842
0.30446194438263774
0.8713910789228976
0.9422572250769008
0.07611545975669287
0.21784779589506797
0.4855642653128598
0.7690287588338833
0.30446170119103044
0.8713907551718876
0.9422588196175639
0.07611756862024777
0.21784696870599873
0.4855644661874976
0.7690290349710267
0.30446233961265534
0.8713895661057904
0.942259284114698
0.0761134987405967
0.21784196750377305
0.48554658200009726
0.769009360781638
0.3045556804863736
0.8715508562745526
0.9422472439764533
0.07612941318075173
0.21788768426631577
0.4855617215798702
0.769032427779166
0.3044715783325955
0.8713910562219098
0.9422577641962562
0.07611621075193398
0.2178496267006267
0.48555769826634787
0.7690357507381123
0.30445192370098084
0.8713622671784833
0.9421955071447883
0.0760333304933738
0.21825782911037095
0.48609756733640097
0.7688239903363865
0.3045033476082608
0.8714329582871869
0.9423589430807624
0.07572892957250588
0.21837674037669785
0.48505567814572714
0.7675436825666111
0.2999249956337735
0.8663963658036664
0.9662542067526374
0.11701921277563088
0.21529446498607285
0.48912977482541464
0.7792471737775486
0.3038007280556485
0.8723015171708539
0.9447240553854499
0.07611039929906838
0.2179876412556041
0.4857499530480709
0.7695044369611423
0.30277075979392976
0.8731521946610883
0.9396924696920905
0.06874040418188088
0.20204983607982285
0.46453260685666464
0.8740042538556736
0.4409772417275235
0.8189415318192914
0.9528569899557624
0.08683732801000588
0.24388943568919785
0.38660597111447714
0.9044455380353611
0.1742536089150235
0.4911827427567914
0.7807988844579086
0.7974696521705482
0.36107693586382084
0.9569184714055154
0.1153830380353611
0.21722235894412734
0.4872764928441029
0.7729863844870124
0.3091884022287559
0.8493581856891979
0.48426222111447714
0.8048361630353611
0.3519879839150235
0.9931358677567914
0.5093145094870124
0.5269618397287559
0.561272248160094
0.5975434710562695
0.7247580379189458
0.9203473587404005
0.7450889935425948
0.8901738855056465
0.6490321518213023
0.9313894357474055
0.23035597120178863
0.4356955382390879
0.9711286081583239
0.5380577437754255
0.608923883526586
0.7427821493765805
0.8845144270162564
0.15223096159752458
0.4356955838156864
0.9711286869132891
0.5380577378964517
0.6089238912973087
0.7427821716992185
0.8845144344086293
0.15223097286070697
0.43569554275018163
0.9711286088859197
0.03805774304782972
0.1089238848653622
0.24278215313097462
0.3845144324586727
0.9022309744614176
0.6856955331459176
0.9711285948287696
0.5380577126343269
0.608923844381934
0.7427823524340056
0.8845146960520651
0.15223087108461186
0.43569555826252326
0.9711286293459125
0.53805779243703
0.6089236957486719
0.7427824104961473
0.8845141873171087
0.15223024593433365
0.4356933227390982
0.9711261700722389
0.5380694600462448
0.6089438570197672
0.7427809054788668
0.8845161766221281
0.1522359605296515
0.43569521518656984
0.9711290534469299
0.5380589472770225
0.6089238820131868
0.7427822205063421
0.8845145263185259
0.15223120333394036
0.43569471227237955
0.9711294688167982
0.5380564904480707
0.6089202833827585
0.7427744383749086
0.8845041662862059
0.1522822286351584
0.4357621959061362
0.9711029987665825
0.5380629184364807
0.6089291197713464
0.7427948678669054
0.8844661161710974
0.15229709254344925
0.43563195975730196
0.9709429602953605
0.5374906244396698
0.6082995457109064
0.7457817758258898
0.889627401571488
0.15191180811962113
0.4361412218422629
0.9724058966967277
0.5379750909924041
0.6090376896318048
0.7430905069049913
0.8845137998869177
0.15224845515331253
0.4357187441200949
0.9711880545946769
0.5378463449596893
0.6091440243180841
0.7424615586933214
0.8835925504972693
0.15025622950633988
0.43306657584616914
0.9842505317064933
0.5551221552013885
0.6023676914628595
0.7441071237262804
0.8858546659757849
0.15548617945751175
0.4233257463783957
0.9880556922289543
0.521781701099826
0.561397842830047
0.5975998605426867
0.7246837065031286
0.9201346169575118
0.7446148089074995
0.8894228797289543
0.652152794849826
0.935909561580047
0.7216232980426867
0.9136485502531286
0.23116977320751175
0.4355327776283957
0.9756045203539543
0.543998497974826
0.624141983455047
0.6886643136676867
0.9408702299406286
0.07015903102001175
0.1996929338783957
0.4655947547289543
0.8650434198207222
0.9681361241673585
0.11127173568820581
0.2061290189740248
0.49142367945751175
0.7787944963783957
0.8044619422580581
0.37139107601251453
0.9422572179464623
0.5761154854262713
0.7178477686538827
0.9855643033515662
0.5190288701851387
0.5544619479624089
0.6213910858496092
0.6922572172188666
0.9511154863866977
0.5928477714478504
0.7355643042828888
0.8940288715821225
0.17946194284013472
0.496391076099826
0.7547572178591508
0.2636154856008943
0.780347769119544
0.2980643040500581
0.8627788717858493
0.9607119416177738
0.1213910743535962
0.19225721407565288
0.4511154805368278
0.8428477940324228
0.4855643369955942
0.7690288588637486
0.8044619447609875
0.3713910786609631
0.9422572240291629
0.07611546196858399
0.21784780130838044
0.48556427340372466
0.7690287807199638
0.3044616653351113
0.871390771237202
0.9422586824803147
0.0761179821274709
0.21784761318122037
0.4855645220668521
0.7690294950443786
0.3044619018910453
0.8713911316590384
0.942257368384162
0.07611548525164835
0.2178477775596548
0.4855643157789018
0.7690289003949147
0.3044618390267715
0.8713911835802719
0.942257061280543
0.07611503542284481
0.2178468047932256
0.4855630207748618
0.7690352785575669
0.30447027448099107
0.8713878748239949
0.9422578647790942
0.0761161399714183
0.2178493584797252
0.48555826451047324
0.7690371365461033
0.3044539949623868
0.8713678700150922
0.9421863280294929
0.0760374432138633
0.21822272197459824
0.48620342518552206
0.7689889759931248
0.3045176527230069
0.8715507370652631
0.9422468863485847
0.0761297112039756
0.21788631335948594
0.4855642249749508
0.7690310568723362
0.3044648430077359
0.8713985068025067
0.9422307930944953
0.07614300303976052
0.2178076948330272
0.4854490688012447
0.7687820286664646
0.3041333219734952
0.8730313164414838
0.9443902693747077
0.07529596143285744
0.21801339046214707
0.4857318332360592
0.7694357724103611
0.3029157182900235
0.8735069615067914
0.9402227126120124
0.07017473035375588
0.19969998256419785
0.46558546330197714
0.8650168270978611
0.4680768511025235
0.8611778599442914
0.9565190993307624
0.11698869519750588
0.21520291225169785
0.48920606877072714
0.7788962216291111
0.3044415971962735
0.8719505650224164
0.9429998122213874
0.07801774793188088
0.21108303920482285
0.49260877873166464
0.7587698788556736
0.2749616167275235
0.8081993443192914
0.8581304274557624
0.4960170155100059
0.7639089669391979
0.27576612736447714
0.8114279599103611
0.3473493120400235
0.9755577427567914
0.5464238844870124
0.6177821522287559
0.697014435660094
0.9647309710562695
0.12319553791894577
0.18987860876950435
0.4443077434843872
0.8276738857093733
0.4615321521414444
0.8688894357765093
0.9491059714055154
0.0919455380353611
0.23675360894412734
0.3974327428441029
0.9370488844870124
0.21934465222875588
0.40795193568919785
0.9725434711144771
0.037258038006257266
0.10784735897323117
0.24508899269858375
0.3901738842832856
0.8990321517339908
0.6813894350489136
0.980355974228587
0.5606955421098974
0.5961286073434167
0.7255577430769335
0.9214238848071545
0.7427821529854555
0.8845144327206071
0.15223097515990958
0.43569553416455165
0.9711285975645296
0.538057708152337
0.6089238463900983
0.7427823352918494
0.884514747740468
0.15223095164401457
0.4356955652474426
0.9711286868550815
0.5380577377218287
0.6089238914428279
0.7427821710298304
0.8845144356309902
0.15223097219131887
0.4356955394614488
0.9711286125238985
0.5380577298637945
0.6089238979329821
0.742782132641878
0.8845143794023897
0.15223085059551522
0.4356953775859438
0.97112940979423
0.538058784295572
0.6089234843384475
0.7427822330791969
0.8845145174709614
0.15223116980632767
0.4356947830528952
0.9711296420427971
0.5380567493557464
0.6089209837373346
0.7427732909854967
0.8845046803762671
0.1522778402431868
0.4357754281372763
0.9711236219736747
0.538064706575824
0.608943842118606
0.7427808607753832
0.8845162138750311
0.15223578916629776
0.4356955281109549
0.9711288820835762
0.5380581053614151
0.6089248133357614
0.742778849118622
0.8845178753545042
0.15222596185049042
0.43568113358924165
0.9710977535578422
0.538016665232135
0.6091289145406336
0.7430487836536486
0.8844119951536413
0.1522516738041304
0.43571647914359346
0.9711794715258293
0.537864464771701
0.609188370173797
0.7425278390583117
0.8837718412687536
0.14996249781688675
0.4331981829018332
0.9831271033617668
0.5585096063732635
0.6076472324784845
0.7445648873981554
0.8896235868742224
0.15190036402782425
0.43615075858542696
0.972362027678173
0.5380551996349823
0.6089938206132501
0.7428749765094835
0.8847522184660193
0.15138537989696488
0.43657609733054414
0.9698462348314933
0.5343702020763885
0.6010249180253595
0.7322663034137804
0.9370021269132849
0.22048862086376175
0.4094707659096457
0.9764284949633293
0.543418663990451
0.621944717830047
0.6933029855426867
0.9522227690031286
0.08712680445751175
0.2455913713783957
0.3903994422289543
0.8987348260707222
0.6805384679173585
0.9784592356882058
0.5576915190031286
0.6086111794575118
0.7436382464074995
0.8864931922289543
0.654594201099826
0.924679092830047
0.7421311105426867
0.9024180815031286
0.17599399195751175
0.4965679338783957
0.7546572547289543
0.763480919849826
0.280636124080047
0.7987717355135828
0.862379018944921
0.46017367937020026
0.8725444967567455
0.44508694275282323
0.8245160758960992
0.9656947178591508
0.11517798560089432
0.21784776911954395
0.48556430407916196
0.7690288718731608
0.304461941763293
0.8713910746737383
0.9422572134935763
0.07611548079876229
0.2178477919078432
0.48556434345664456
0.769028868933674
0.8044619456341024
0.3713910858496092
0.9422572171897627
0.5761154864158016
0.7178477713605389
0.9855643044284079
0.01902887152391486
0.0544619424326811
0.12139107656548731
0.19225721622933634
0.4511154872307088
0.8428477665584069
0.4855642974143848
0.7690288563026115
0.8044619221764151
0.3713911762170028
0.9422573480114806
0.07611543554230593
0.21784777913126163
0.48556431467295624
0.7690288962039631
0.30446184787433594
0.8713912052335218
0.9422570936440025
0.07611512296716683
0.2178466613695491
0.48556308503611945
0.7690347300085705
0.3044719285098836
0.8713904527248815
0.9422580882965121
0.07611798026482575
0.21784760759328492
0.48556452672346495
0.7690294736239593
0.3044619410065934
0.8713911102386191
0.942257263144711
0.07611560166697018
0.21784735613618977
0.4855647344083991
0.7690282452094834
0.30446014169137925
0.8713872191729024
0.942252083128551
0.0761411143175792
0.2178810979530681
0.48555149938329123
0.7690314592036884
0.3044645598856732
0.8713974339189008
0.9422330580709968
0.07614854627172463
0.21781597987865098
0.48547148014768027
0.768745312205283
0.3041497728554532
0.872890887898393
0.9448137007711921
0.07595590405981056
0.21807061092113145
0.48620294834836386
0.7689875454816502
0.3045188448159024
0.8715452534379438
0.9422568999289069
0.07612422757665627
0.21785937206004746
0.48559402729733847
0.7689231724652927
0.30457201215904206
0.8712307793321088
0.9417962752340827
0.07512811475316994
0.21653328792308457
0.4921252658532467
0.7775610775861423
0.30118384573142976
0.8720535618485883
0.9429273329733405
0.07774308972875588
0.21166287318919785
0.49402784611447714
0.7608908505353611
0.2806989214150235
0.7987999302567914
0.8623418532370124
0.4600673084787559
0.8723074044391979
0.44471143986447714
0.8260763974103611
0.4679547807900235
0.8608116490067914
0.9568242751120124
0.11558488660375588
0.21776638881419785
0.48780226017697714
0.7719992489728611
0.3120709917275235
0.8443321568192914
0.9704351149557624
0.035079515510005876
0.09984646693919785
0.23279737736447714
0.4325217099103611
0.9840680620691273
0.055635867844102904
0.1030645094870124
0.24571183972875588
0.38939724818919785
0.9022309711144771
0.18569553800625727
0.47112860897323117
0.7880577426985838
0.8589238843123894
0.4927821516757831
0.7595144350780174
0.7772309739666525
0.3106955429248046
0.8461286085948814
0.47555774319334887
0.7964238857093733
0.3677821521414444
0.9470144357765093
0.5897309714055154
0.7481955380353611
0.8773786089150235
0.6318077427858952
0.8901738845452201
0.14903215202502906
0.43138943589292467
0.980355970794335
0.5606955371622462
0.5961286070232745
0.725557740253862
0.9214238970016595
0.2427821684977971
0.3845144294318743
0.9022309723659419
0.6856955393159296
0.9711286120000295
0.5380577309697401
0.6089239006396383
0.7427821366873104
0.88451439034543
0.15223083266755566
0.435695385618601
0.9711293412256055
0.5380589910491835
0.6089238065760583
0.7427822610188741
0.8845147475076374
0.15223095094552264
0.4356955658295192
0.9711286841775291
0.5380577426112723
0.6089238887652755
0.742782157874899
0.8845144501829054
0.15223091951338574
0.43569559179013595
0.9711285306257196
0.5380575176968705
0.6089234023820609
0.742781510372879
0.8845176392642315
0.15223513724049553
0.43569393741199747
0.9711289323749952
0.5380580699711572
0.6089246792253107
0.7427791322406847
0.8845185682584997
0.1522269974811934
0.4356839350075461
0.9710931640001945
0.5380187215923797
0.6091113609727472
0.7431017125782091
0.8844944879820105
0.15225882636150345
0.43577536853263155
0.9711234431597404
0.5380648555874359
0.608943156665191
0.7427821124729235
0.8845155284216162
0.15223242150386795
0.4356992534012534
0.9711153965326957
0.5380715015053283
0.6089038474019617
0.7427245343860704
0.8843910143186804
0.1520666609867476
0.4365156582207419
0.9721951346728019
0.5376479807018768
0.6090066952165216
0.7428659166034777
0.8847178861906286
0.15145785914501175
0.4367534807533957
0.9701113562914543
0.535087365162326
0.599849991267547
0.7327927316364367
0.9325084135343786
0.23403842555126175
0.4305889299721457
0.9782595496508293
0.558494347584201
0.607601456111297
0.7446030343708117
0.8894481108000036
0.15222079859813675
0.4359752825112082
0.9714999060961418
0.5390088739513885
0.6055415195878595
0.7463043893512804
0.8793849394132849
0.13748080836376175
0.4040996721596457
0.9290652137133293
0.748008507740451
0.881954483455047
0.6378830636676867
0.9057139799406286
0.17367465602001175
0.4877788713783957
0.7732119422289543
0.808891076099826
0.348507217830047
0.9823654855135828
0.561597768944921
0.5949393043702003
0.7221538717276417
0.9138369428401347
0.2307660760707222
0.4344447178882547
0.9745529856882058
0.5459727690031286
0.6183768044575118
0.6987163714074995
0.9685244422289543
0.609672326099826
0.703975967830047
0.9862717355426867
0.018629019003128633
0.05392367948661558
0.12254449634929188
0.1950869421416428
0.4495160758669954
0.8406947175099049
0.4901779871142935
0.7803477710403968
0.29806430367170833
0.8627788715239149
0.46071194240357727
0.8713910764781758
0.9422572163457517
0.07611548757995479
0.21784776708227582
0.4855642987822648
0.7690288540616166
0.30446192319504917
0.8713911676313728
0.9422573738556821
0.07611547582200728
0.2178477826237213
0.48556434342754073
0.7690288688463625
0.30446194572141394
0.8713910855003633
0.9422572178009432
0.07611548609565943
0.2178477697307244
0.48556430626194924
0.7690288649173453
0.8044619489519391
0.371391066320939
0.942257189686643
0.07611542529775761
0.2178476887929719
0.485564704897115
0.7690293921332341
0.3044617421692237
0.8713911165250465
0.9422572587209288
0.07611558490316384
0.2178473915264476
0.48556482102139853
0.7690283746633213
0.3044604918686673
0.8713866454781964
0.9422523401735816
0.0761389201215934
0.21788771406863816
0.48556181098683737
0.7690323532733601
0.304471921059303
0.8713904303731397
0.9422581069229636
0.07611789458314888
0.21784776405547746
0.4855644410417881
0.7690290526661556
0.3044624066678807
0.8713894245447591
0.9422589376627002
0.07611298092524521
0.21784056679462083
0.4855488767789211
0.7690083326015156
0.3045644572703168
0.8715243918122724
0.9422059975622687
0.0761258369020652
0.21785823957179673
0.48558973576291464
0.7689322323712986
0.3045941850868985
0.8712639195146039
0.9418859206198249
0.07498124890844338
0.2165990914509166
0.4915635516808834
0.7792548031720798
0.30382361623924226
0.8722824436845258
0.9448117934225593
0.07595018201391213
0.21807537929271348
0.4861810138390865
0.7690275998029392
0.30449691030662507
0.8714374882401899
0.9423761092184577
0.07569268994848244
0.21828804866527207
0.4849231174157467
0.7671851010236423
0.30051245901267976
0.8661331516923383
0.9685010634420905
0.11024431043188088
0.20473538295482285
0.48821424748166464
0.7717093319806736
0.3109723589150235
0.8466514927567914
0.9761113844870124
0.043563402228755876
0.12279568568919785
0.19519972111447714
0.4493674130353611
0.8402692339441273
0.4892296178441029
0.7788457594870124
0.3043055897287559
0.8718191231891979
0.44324659611447714
0.8272971005353611
0.4623395464150235
0.8710655552567914
0.9512090407370124
0.08799699597875588
0.24828396693919785
0.37732862736447714
0.8817404599103611
0.1403180620400235
0.3993858677567914
0.9311895094579086
0.7300868396705482
0.9362722483638208
0.22254347137641162
0.4122580379480496
0.9828473589150235
0.5575889927858952
0.6089238845452201
0.7427821520250291
0.8845144359220285
0.1522309708816465
0.43569553733686917
0.9711286067322362
0.038057740399381146
0.1089238959539216
0.24278217172832228
0.384514434466837
0.9022309728024993
0.1856955429248046
0.47112860859488137
0.7880577431933489
0.35892388568026945
0.992782152199652
0.5095144357474055
0.5272309712017886
0.5606955382681917
0.5961286081001163
0.7255577436008025
0.9214238832646515
0.2427821487071924
0.38451442815130576
0.9022309610736556
0.6856955880939495
0.9711286739911884
0.538057717756601
0.6089238895510789
0.7427821573219262
0.8845144480874296
0.15223092393716797
0.4356956026167609
0.9711285468074493
0.5380575614690315
0.6089233306702226
0.7427815425035078
0.8845173649897333
0.1522359642549418
0.43569522636244074
0.9711290441337042
0.538058990117861
0.6089238037820905
0.7427822633471806
0.8845147367974278
0.1522309705032967
0.4356955551193096
0.9711286315578036
0.5380578008189332
0.608923678053543
0.7427823671896476
0.8845141225901898
0.15223007084568962
0.4356936095864512
0.9711260415497236
0.5380705571442377
0.6089405489619821
0.7427757496770937
0.8845157295872923
0.1522322799428366
0.4356987169594504
0.9711165290209465
0.5380742731213104
0.6089079899247736
0.7427357400592882
0.8843726560880896
0.1520748864277266
0.4364454439491965
0.9724068503710441
0.5379779520153534
0.6090353054460138
0.74310147415963
0.8844937727262732
0.1522594224079512
0.4357726267189719
0.9711284499499016
0.5380621137737762
0.6089296860154718
0.7427970136341173
0.8844615862180945
0.15228600607952103
0.4356153896660544
0.9708981376024894
0.537564057362033
0.6082666439469904
0.7460626329120714
0.8887805387785193
0.15059192286571488
0.43602678092429414
0.9714636664721183
0.538871544849826
0.605831436580047
0.7470139230426867
0.8804454252531286
0.14034946070751175
0.3993999651283957
0.9311709266039543
0.730033654224826
0.936153702205047
0.7223557199176867
0.9130381986906286
0.23397739039501175
0.4304058245033957
0.9784121375414543
0.557792443287326
0.608883194392547
0.7439011300739367
0.8859996244718786
0.15603549586376175
0.4221660784096457
0.9852175574633293
0.517539757740451
0.549923233455047
0.6163986886676867
0.7162608549406286
0.9920340310200118
0.5278179339074995
0.5515322547289543
0.622855919849826
0.694698624080047
0.9511154855426867
0.09284776900312863
0.23556430448661558
0.3940288713492919
0.9294619421416428
0.24639107583789155
0.3797572175390087
0.8886154869687743
0.6553477714478504
0.9230643042828888
0.7377788715821225
0.8982119428401347
0.1838910760707222
0.4735072178882547
0.7948654856882058
0.8740977690031286
0.43868930445751175
0.8159038713783957
0.9450869422580581
0.07451607601251453
0.21569471794646233
0.4901779853971675
0.7803477685665712
0.7980643034970853
0.362778870126931
0.9607119484862778
0.12139108424889855
0.19225721471593715
0.4511154861829709
0.8428477696434129
0.48556430600001477
0.7690288654703181
0.30446195031981915
0.8713910683291033
0.9422571951581631
0.07611541633377783
0.2178476928093005
0.48556467061280273
0.7690294955100399
0.30446190328802913
0.8713911304948851
0.9422573737392668
0.07611547547276132
0.2178477829147596
0.48556434208876453
0.7690288712910842
0.30446194438263774
0.8713910789228976
0.9422572250769008
0.07611545975669287
0.21784779589506797
0.4855642653128598
0.7690287588338833
0.30446170119103044
0.8713907551718876
0.9422588196175639
0.07611756862024777
0.21784696870599873
0.4855644661874976
0.7690290349710267
0.30446233961265534
0.8713895661057904
0.942259284114698
0.0761134987405967
0.21784196750377305
0.48554658200009726
0.769009360781638
0.3045556804863736
0.8715508562745526
0.9422472439764533
0.07612941318075173
0.21788768426631577
0.4855617215798702
0.769032427779166
0.3044715783325955
0.8713910562219098
0.9422577641962562
0.07611621075193398
0.2178496267006267
0.48555769826634787
0.7690357507381123
0.30445192370098084
0.8713622671784833
0.9421955071447883
0.0760333304933738
0.21825782911037095
0.48609756733640097
0.7688239903363865
0.3045033476082608
0.8714329582871869
0.9423589430807624
0.07572892957250588
0.21837674037669785
0.48505567814572714
0.7675436825666111
0.2999249956337735
0.8663963658036664
0.9662542067526374
0.11701921277563088
0.21529446498607285
0.48912977482541464
0.7792471737775486
0.3038007280556485
0.8723015171708539
0.9447240553854499
0.07611039929906838
0.2179876412556041
0.4857499530480709
0.7695044369611423
0.30277075979392976
0.8731521946610883
0.9396924696920905
0.06874040418188088
0.20204983607982285
0.46453260685666464
0.8740042538556736
0.4409772417275235
0.8189415318192914
0.9528569899557624
0.08683732801000588
0.24388943568919785
0.38660597111447714
0.9044455380353611
0.1742536089150235
0.4911827427567914
0.7807988844579086
0.7974696521705482
0.36107693586382084
0.9569184714055154
0.1153830380353611
0.21722235894412734
0.4872764928441029
0.7729863844870124
0.3091884022287559
0.8493581856891979
0.48426222111447714
0.8048361630353611
0.3519879839150235
0.9931358677567914
0.5093145094870124
0.5269618397287559
0.561272248160094
0.5975434710562695
0.7247580379189458
0.9203473587404005
0.7450889935425948
0.8901738855056465
0.6490321518213023
0.9313894357474055
0.23035597120178863
0.4356955382390879
0.9711286081583239
0.5380577437754255
0.608923883526586
0.7427821493765805
0.8845144270162564
0.15223096159752458
0.4356955838156864
0.9711286869132891
0.5380577378964517
0.6089238912973087
0.7427821716992185
0.8845144344086293
0.15223097286070697
0.43569554275018163
0.9711286088859197
0.03805774304782972
0.1089238848653622
0.24278215313097462
0.3845144324586727
0.9022309744614176
0.6856955331459176
0.9711285948287696
0.5380577126343269
0.608923844381934
0.7427823524340056
0.8845146960520651
0.15223087108461186
0.43569555826252326
0.9711286293459125
0.53805779243703
0.6089236957486719
0.7427824104961473
0.8845141873171087
0.15223024593433365
0.4356933227390982
0.9711261700722389
0.5380694600462448
0.6089438570197672
0.7427809054788668
0.8845161766221281
0.1522359605296515
0.43569521518656984
0.9711290534469299
0.5380589472770225
0.6089238820131868
0.7427822205063421
0.8845145263185259
0.15223120333394036
0.43569471227237955
0.9711294688167982
0.5380564904480707
0.6089202833827585
0.7427744383749086
0.8845041662862059
0.1522822286351584
0.4357621959061362
0.9711029987665825
0.5380629184364807
0.6089291197713464
0.7427948678669054
0.8844661161710974
0.15229709254344925
0.43563195975730196
0.9709429602953605
0.5374906244396698
0.6082995457109064
0.7457817758258898
0.889627401571488
0.15191180811962113
0.4361412218422629
0.9724058966967277
0.5379750909924041
0.6090376896318048
0.7430905069049913
0.8845137998869177
0.15224845515331253
0.4357187441200949
0.9711880545946769
0.5378463449596893
0.6091440243180841
0.7424615586933214
0.8835925504972693
0.15025622950633988
0.43306657584616914
0.9842505317064933
0.5551221552013885
0.6023676914628595
0.7441071237262804
0.8858546659757849
0.15548617945751175
0.4233257463783957
0.9880556922289543
0.521781701099826
0.561397842830047
0.5975998605426867
0.7246837065031286
0.9201346169575118
0.7446148089074995
0.8894228797289543
0.652152794849826
0.935909561580047
0.7216232980426867
0.9136485502531286
0.23116977320751175
0.4355327776283957
0.9756045203539543
0.543998497974826
0.624141983455047
0.6886643136676867
0.9408702299406286
0.07015903102001175
0.1996929338783957
0.4655947547289543
0.8650434198207222
0.9681361241673585
0.11127173568820581
0.2061290189740248
0.49142367945751175
0.7787944963783957
0.8044619422580581
0.37139107601251453
0.9422572179464623
0.5761154854262713
0.7178477686538827
0.9855643033515662
0.5190288701851387
0.5544619479624089
0.6213910858496092
0.6922572172188666
0.9511154863866977
0.5928477714478504
0.7355643042828888
0.8940288715821225
0.17946194284013472
0.496391076099826
0.7547572178591508
0.2636154856008943
0.780347769119544
0.2980643040500581
0.8627788717858493
0.9607119416177738
0.1213910743535962
0.19225721407565288
0.4511154805368278
0.8428477940324228
0.4855643369955942
0.7690288588637486
0.8044619447609875
0.3713910786609631
0.9422572240291629
0.07611546196858399
0.21784780130838044
0.48556427340372466
0.7690287807199638
0.3044616653351113
0.871390771237202
0.9422586824803147
0.0761179821274709
0.21784761318122037
0.4855645220668521
0.7690294950443786
0.3044619018910453
0.8713911316590384
0.942257368384162
0.07611548525164835
0.2178477775596548
0.4855643157789018
0.7690289003949147
0.3044618390267715
0.8713911835802719
0.942257061280543
0.07611503542284481
0.2178468047932256
0.4855630207748618
0.7690352785575669
0.30447027448099107
0.8713878748239949
0.9422578647790942
0.0761161399714183
0.2178493584797252
0.48555826451047324
0.7690371365461033
0.3044539949623868
0.8713678700150922
0.9421863280294929
0.0760374432138633
0.21822272197459824
0.48620342518552206
0.7689889759931248
0.3045176527230069
0.8715507370652631
0.9422468863485847
0.0761297112039756
0.21788631335948594
0.4855642249749508
0.7690310568723362
0.3044648430077359
0.8713985068025067
0.9422307930944953
0.07614300303976052
0.2178076948330272
0.4854490688012447
0.7687820286664646
0.3041333219734952
0.8730313164414838
0.9443902693747077
0.07529596143285744
0.21801339046214707
0.4857318332360592
0.7694357724103611
0.3029157182900235
0.8735069615067914
0.9402227126120124
0.07017473035375588
0.19969998256419785
0.46558546330197714
0.8650168270978611
0.4680768511025235
0.8611778599442914
0.9565190993307624
0.11698869519750588
0.21520291225169785
0.48920606877072714
0.7788962216291111
0.3044415971962735
0.8719505650224164
0.9429998122213874
0.07801774793188088
0.21108303920482285
0.49260877873166464
0.7587698788556736
0.2749616167275235
0.8081993443192914
0.8581304274557624
0.4960170155100059
0.7639089669391979
0.27576612736447714
0.8114279599103611
0.3473493120400235
0.9755577427567914
0.5464238844870124
0.6177821522287559
0.697014435660094
0.9647309710562695
0.12319553791894577
0.18987860876950435
0.4443077434843872
0.8276738857093733
0.4615321521414444
0.8688894357765093
0.9491059714055154
0.0919455380353611
0.23675360894412734
0.3974327428441029
0.9370488844870124
0.21934465222875588
0.40795193568919785
0.9725434711144771
0.037258038006257266
0.10784735897323117
0.24508899269858375
0.3901738842832856
0.8990321517339908
0.6813894350489136
0.980355974228587
0.5606955421098974
0.5961286073434167
0.7255577430769335
0.9214238848071545
0.7427821529854555
0.8845144327206071
0.15223097515990958
0.43569553416455165
0.9711285975645296
0.538057708152337
0.6089238463900983
0.7427823352918494
0.884514747740468
0.15223095164401457
0.4356955652474426
0.9711286868550815
0.5380577377218287
0.6089238914428279
0.7427821710298304
0.8845144356309902
0.15223097219131887
0.4356955394614488
0.9711286125238985
0.5380577298637945
0.6089238979329821
0.742782132641878
0.8845143794023897
0.15223085059551522
0.4356953775859438
0.97112940979423
0.538058784295572
0.6089234843384475
0.7427822330791969
0.8845145174709614
0.15223116980632767
0.4356947830528952
0.9711296420427971
0.5380567493557464
0.6089209837373346
0.7427732909854967
0.8845046803762671
0.1522778402431868
0.4357754281372763
0.9711236219736747
0.538064706575824
0.608943842118606
0.7427808607753832
0.8845162138750311
0.15223578916629776
0.4356955281109549
0.9711288820835762
0.5380581053614151
0.6089248133357614
0.742778849118622
0.8845178753545042
0.15222596185049042
0.43568113358924165
0.9710977535578422
0.538016665232135
0.6091289145406336
0.7430487836536486
0.8844119951536413
0.1522516738041304
0.43571647914359346
0.9711794715258293
0.537864464771701
0.609188370173797
0.7425278390583117
0.8837718412687536
0.14996249781688675
0.4331981829018332
0.9831271033617668
0.5585096063732635
0.6076472324784845
0.7445648873981554
0.8896235868742224
0.15190036402782425
0.43615075858542696
0.972362027678173
0.5380551996349823
0.6089938206132501
0.7428749765094835
0.8847522184660193
0.15138537989696488
0.43657609733054414
0.9698462348314933
0.5343702020763885
0.6010249180253595
0.7322663034137804
0.9370021269132849
0.22048862086376175
0.4094707659096457
0.9764284949633293
0.543418663990451
0.621944717830047
0.6933029855426867
0.9522227690031286
0.08712680445751175
0.2455913713783957
0.3903994422289543
0.8987348260707222
0.6805384679173585
0.9784592356882058
0.5576915190031286
0.6086111794575118
0.7436382464074995
0.8864931922289543
0.654594201099826
0.924679092830047
0.7421311105426867
0.9024180815031286
0.17599399195751175
0.4965679338783957
0.7546572547289543
0.763480919849826
0.280636124080047
0.7987717355135828
0.862379018944921
0.46017367937020026
0.8725444967567455
0.44508694275282323
0.8245160758960992
0.9656947178591508
0.11517798560089432
0.21784776911954395
0.48556430407916196
0.7690288718731608
0.304461941763293
0.8713910746737383
0.9422572134935763
0.07611548079876229
0.2178477919078432
0.48556434345664456
0.769028868933674
0.8044619456341024
0.3713910858496092
0.9422572171897627
0.5761154864158016
0.7178477713605389
0.9855643044284079
0.01902887152391486
0.0544619424326811
0.12139107656548731
0.19225721622933634
0.4511154872307088
0.8428477665584069
0.4855642974143848
0.7690288563026115
0.8044619221764151
0.3713911762170028
0.9422573480114806
0.07611543554230593
0.21784777913126163
0.48556431467295624
0.7690288962039631
0.30446184787433594
0.8713912052335218
0.9422570936440025
0.07611512296716683
0.2178466613695491
0.48556308503611945
0.7690347300085705
0.3044719285098836
0.8713904527248815
0.9422580882965121
0.07611798026482575
0.21784760759328492
0.48556452672346495
0.7690294736239593
0.3044619410065934
0.8713911102386191
0.942257263144711
0.07611560166697018
0.21784735613618977
0.4855647344083991
0.7690282452094834
0.30446014169137925
0.8713872191729024
0.942252083128551
0.0761411143175792
0.2178810979530681
0.48555149938329123
0.7690314592036884
0.3044645598856732
0.8713974339189008
0.9422330580709968
0.07614854627172463
0.21781597987865098
0.48547148014768027
0.768745312205283
0.3041497728554532
0.872890887898393
0.9448137007711921
0.07595590405981056
0.21807061092113145
0.48620294834836386
0.7689875454816502
0.3045188448159024
0.8715452534379438
0.9422568999289069
0.07612422757665627
0.21785937206004746
0.48559402729733847
0.7689231724652927
0.30457201215904206
0.8712307793321088
0.9417962752340827
0.07512811475316994
0.21653328792308457
0.4921252658532467
0.7775610775861423
0.30118384573142976
0.8720535618485883
0.9429273329733405
0.07774308972875588
0.21166287318919785
0.49402784611447714
0.7608908505353611
0.2806989214150235
0.7987999302567914
0.8623418532370124
0.4600673084787559
0.8723074044391979
0.44471143986447714
0.8260763974103611
0.4679547807900235
0.8608116490067914
0.9568242751120124
0.11558488660375588
0.21776638881419785
0.48780226017697714
0.7719992489728611
0.3120709917275235
0.8443321568192914
0.9704351149557624
0.035079515510005876
0.09984646693919785
0.23279737736447714
0.4325217099103611
0.9840680620691273
0.055635867844102904
0.1030645094870124
0.24571183972875588
0.38939724818919785
0.9022309711144771
0.18569553800625727
0.47112860897323117
0.7880577426985838
0.8589238843123894
0.4927821516757831
0.7595144350780174
0.7772309739666525
0.3106955429248046
0.8461286085948814
0.47555774319334887
0.7964238857093733
0.3677821521414444
0.9470144357765093
0.5897309714055154
0.7481955380353611
0.8773786089150235
0.6318077427858952
0.8901738845452201
0.14903215202502906
0.43138943589292467
0.980355970794335
0.5606955371622462
0.5961286070232745
0.725557740253862
0.9214238970016595
0.2427821684977971
0.3845144294318743
0.9022309723659419
0.6856955393159296
0.9711286120000295
0.5380577309697401
0.6089239006396383
0.7427821366873104
0.88451439034543
0.15223083266755566
0.435695385618601
0.9711293412256055
0.5380589910491835
0.6089238065760583
0.7427822610188741
0.8845147475076374
0.15223095094552264
0.4356955658295192
0.9711286841775291
0.5380577426112723
0.6089238887652755
0.742782157874899
0.8845144501829054
0.15223091951338574
0.43569559179013595
0.9711285306257196
0.5380575176968705
0.6089234023820609
0.742781510372879
0.8845176392642315
0.15223513724049553
0.43569393741199747
0.9711289323749952
0.5380580699711572
0.6089246792253107
0.7427791322406847
0.8845185682584997
0.1522269974811934
0.4356839350075461
0.9710931640001945
0.5380187215923797
0.6091113609727472
0.7431017125782091
0.8844944879820105
0.15225882636150345
0.43577536853263155
0.9711234431597404
0.5380648555874359
0.608943156665191
0.7427821124729235
0.8845155284216162
0.15223242150386795
0.4356992534012534
0.9711153965326957
0.5380715015053283
0.6089038474019617
0.7427245343860704
0.8843910143186804
0.1520666609867476
0.4365156582207419
0.9721951346728019
0.5376479807018768
0.6090066952165216
0.7428659166034777
0.8847178861906286
0.15145785914501175
0.4367534807533957
0.9701113562914543
0.535087365162326
0.599849991267547
0.7327927316364367
0.9325084135343786
0.23403842555126175
0.4305889299721457
0.9782595496508293
0.558494347584201
0.607601456111297
0.7446030343708117
0.8894481108000036
0.15222079859813675
0.4359752825112082
0.9714999060961418
0.5390088739513885
0.6055415195878595
0.7463043893512804
0.8793849394132849
0.13748080836376175
0.4040996721596457
0.9290652137133293
0.748008507740451
0.881954483455047
0.6378830636676867
0.9057139799406286
0.17367465602001175
0.4877788713783957
0.7732119422289543
0.808891076099826
0.348507217830047
0.9823654855135828
0.561597768944921
0.5949393043702003
0.7221538717276417
0.9138369428401347
0.2307660760707222
0.4344447178882547
0.9745529856882058
0.5459727690031286
0.6183768044575118
0.6987163714074995
0.9685244422289543
0.609672326099826
0.703975967830047
0.9862717355426867
0.018629019003128633
0.05392367948661558
0.12254449634929188
0.1950869421416428
0.4495160758669954
0.8406947175099049
0.4901779871142935
0.7803477710403968
0.29806430367170833
0.8627788715239149
0.46071194240357727
0.8713910764781758
0.9422572163457517
0.07611548757995479
0.21784776708227582
0.4855642987822648
0.7690288540616166
0.30446192319504917
0.8713911676313728
0.9422573738556821
0.07611547582200728
0.2178477826237213
0.48556434342754073
0.7690288688463625
0.30446194572141394
0.8713910855003633
0.9422572178009432
0.07611548609565943
0.2178477697307244
0.48556430626194924
0.7690288649173453
0.8044619489519391
0.371391066320939
0.942257189686643
0.07611542529775761
0.2178476887929719
0.485564704897115
0.7690293921332341
0.3044617421692237
0.8713911165250465
0.9422572587209288
0.07611558490316384
0.2178473915264476
0.48556482102139853
0.7690283746633213
0.3044604918686673
0.8713866454781964
0.9422523401735816
0.0761389201215934
0.21788771406863816
0.48556181098683737
0.7690323532733601
0.304471921059303
0.8713904303731397
0.9422581069229636
0.07611789458314888
0.21784776405547746
0.4855644410417881
0.7690290526661556
0.3044624066678807
0.8713894245447591
0.9422589376627002
0.07611298092524521
0.21784056679462083
0.4855488767789211
0.7690083326015156
0.3045644572703168
0.8715243918122724
0.9422059975622687
0.0761258369020652
0.21785823957179673
0.48558973576291464
0.7689322323712986
0.3045941850868985
0.8712639195146039
0.9418859206198249
0.07498124890844338
0.2165990914509166
0.4915635516808834
0.7792548031720798
0.30382361623924226
0.8722824436845258
0.9448117934225593
0.07595018201391213
0.21807537929271348
0.4861810138390865
0.7690275998029392
0.30449691030662507
0.8714374882401899
0.9423761092184577
0.07569268994848244
0.21828804866527207
0.4849231174157467
0.7671851010236423
0.30051245901267976
0.8661331516923383
0.9685010634420905
0.11024431043188088
0.20473538295482285
0.48821424748166464
0.7717093319806736
0.3109723589150235
0.8466514927567914
0.9761113844870124
0.043563402228755876
0.12279568568919785
0.19519972111447714
0.4493674130353611
0.8402692339441273
0.4892296178441029
0.7788457594870124
0.3043055897287559
0.8718191231891979
0.44324659611447714
0.8272971005353611
0.4623395464150235
0.8710655552567914
0.9512090407370124
0.08799699597875588
0.24828396693919785
0.37732862736447714
0.8817404599103611
0.1403180620400235
0.3993858677567914
0.9311895094579086
0.7300868396705482
0.9362722483638208
0.22254347137641162
0.4122580379480496
0.9828473589150235
0.5575889927858952
0.6089238845452201
0.7427821520250291
0.8845144359220285
0.1522309708816465
0.43569553733686917
0.9711286067322362
0.038057740399381146
0.1089238959539216
0.24278217172832228
0.384514434466837
0.9022309728024993
0.1856955429248046
0.47112860859488137
0.7880577431933489
0.35892388568026945
0.992782152199652
0.5095144357474055
0.5272309712017886
0.5606955382681917
0.5961286081001163
0.7255577436008025
0.9214238832646515
0.2427821487071924
0.38451442815130576
0.9022309610736556
0.6856955880939495
0.9711286739911884
0.538057717756601
0.6089238895510789
0.7427821573219262
0.8845144480874296
0.15223092393716797
0.4356956026167609
0.9711285468074493
0.5380575614690315
0.6089233306702226
0.7427815425035078
0.8845173649897333
0.1522359642549418
0.43569522636244074
0.9711290441337042
0.538058990117861
0.6089238037820905
0.7427822633471806
0.8845147367974278
0.1522309705032967
0.4356955551193096
0.9711286315578036
0.5380578008189332
0.608923678053543
0.7427823671896476
0.8845141225901898
0.15223007084568962
0.4356936095864512
0.9711260415497236
0.5380705571442377
0.6089405489619821
0.7427757496770937
0.8845157295872923
0.1522322799428366
0.4356987169594504
0.9711165290209465
0.5380742731213104
0.6089079899247736
0.7427357400592882
0.8843726560880896
0.1520748864277266
0.4364454439491965
0.9724068503710441
0.5379779520153534
0.6090353054460138
0.74310147415963
0.8844937727262732
0.1522594224079512
0.4357726267189719
0.9711284499499016
0.5380621137737762
0.6089296860154718
0.7427970136341173
0.8844615862180945
0.15228600607952103
0.4356153896660544
0.9708981376024894
0.537564057362033
0.6082666439469904
0.7460626329120714
0.8887805387785193
0.15059192286571488
0.43602678092429414
0.9714636664721183
0.538871544849826
0.605831436580047
0.7470139230426867
0.8804454252531286
0.14034946070751175
0.3993999651283957
0.9311709266039543
0.730033654224826
0.936153702205047
0.7223557199176867
0.9130381986906286
0.23397739039501175
0.4304058245033957
0.9784121375414543
0.557792443287326
0.608883194392547
0.7439011300739367
0.8859996244718786
0.15603549586376175
0.4221660784096457
0.9852175574633293
0.517539757740451
0.549923233455047
0.6163986886676867
0.7162608549406286
0.9920340310200118
0.5278179339074995
0.5515322547289543
0.622855919849826
0.694698624080047
0.9511154855426867
0.09284776900312863
0.23556430448661558
0.3940288713492919
0.9294619421416428
0.24639107583789155
0.3797572175390087
0.8886154869687743
0.6553477714478504
0.9230643042828888
0.7377788715821225
0.8982119428401347
0.1838910760707222
0.4735072178882547
0.7948654856882058
0.8740977690031286
0.43868930445751175
0.8159038713783957
0.9450869422580581
0.07451607601251453
0.21569471794646233
0.4901779853971675
0.7803477685665712
0.7980643034970853
0.362778870126931
0.9607119484862778
0.12139108424889855
0.19225721471593715
0.4511154861829709
0.8428477696434129
0.48556430600001477
0.7690288654703181
0.30446195031981915
0.8713910683291033
0.9422571951581631
0.07611541633377783
0.2178476928093005
0.48556467061280273
0.7690294955100399
0.30446190328802913
0.8713911304948851
0.9422573737392668
0.07611547547276132
0.2178477829147596
0.48556434208876453
0.7690288712910842
0.30446194438263774
0.8713910789228976
0.9422572250769008
0.07611545975669287
0.21784779589506797
0.4855642653128598
0.7690287588338833
0.30446170119103044
0.8713907551718876
0.9422588196175639
0.07611756862024777
0.21784696870599873
0.4855644661874976
0.7690290349710267
0.30446233961265534
0.8713895661057904
0.942259284114698
0.0761134987405967
0.21784196750377305
0.48554658200009726
0.769009360781638
0.3045556804863736
0.8715508562745526
0.9422472439764533
0.07612941318075173
0.21788768426631577
0.4855617215798702
0.769032427779166
0.3044715783325955
0.8713910562219098
0.9422577641962562
0.07611621075193398
0.2178496267006267
0.48555769826634787
0.7690357507381123
0.30445192370098084
0.8713622671784833
0.9421955071447883
0.0760333304933738
0.21825782911037095
0.48609756733640097
0.7688239903363865
0.3045033476082608
0.8714329582871869
0.9423589430807624
0.07572892957250588
0.21837674037669785
0.48505567814572714
0.7675436825666111
0.2999249956337735
0.8663963658036664
0.9662542067526374
0.11701921277563088
0.21529446498607285
0.48912977482541464
0.7792471737775486
0.3038007280556485
0.8723015171708539
0.9447240553854499
0.07611039929906838
0.2179876412556041
0.4857499530480709
0.7695044369611423
0.30277075979392976
0.8731521946610883
0.9396924696920905
0.06874040418188088
0.20204983607982285
0.46453260685666464
0.8740042538556736
0.4409772417275235
0.8189415318192914
0.9528569899557624
0.08683732801000588
0.24388943568919785
0.38660597111447714
0.9044455380353611
0.1742536089150235
0.4911827427567914
0.7807988844579086
0.7974696521705482
0.36107693586382084
0.9569184714055154
0.1153830380353611
0.21722235894412734
0.4872764928441029
0.7729863844870124
0.3091884022287559
0.8493581856891979
0.48426222111447714
0.8048361630353611
0.3519879839150235
0.9931358677567914
0.5093145094870124
0.5269618397287559
0.561272248160094
0.5975434710562695
0.7247580379189458
0.9203473587404005
0.7450889935425948
0.8901738855056465
0.6490321518213023
0.9313894357474055
0.23035597120178863
0.4356955382390879
0.9711286081583239
0.5380577437754255
0.608923883526586
0.7427821493765805
0.8845144270162564
0.15223096159752458
0.4356955838156864
0.9711286869132891
0.5380577378964517
0.6089238912973087
0.7427821716992185
0.8845144344086293
0.15223097286070697
0.43569554275018163
0.9711286088859197
0.03805774304782972
0.1089238848653622
0.24278215313097462
0.3845144324586727
0.9022309744614176
0.6856955331459176
0.9711285948287696
0.5380577126343269
0.608923844381934
0.7427823524340056
0.8845146960520651
0.15223087108461186
0.43569555826252326
0.9711286293459125
0.53805779243703
0.6089236957486719
0.7427824104961473
0.8845141873171087
0.15223024593433365
0.4356933227390982
0.9711261700722389
0.5380694600462448
0.6089438570197672
0.7427809054788668
0.8845161766221281
0.1522359605296515
0.43569521518656984
0.9711290534469299
0.5380589472770225
0.6089238820131868
0.7427822205063421
0.8845145263185259
0.15223120333394036
0.43569471227237955
0.9711294688167982
0.5380564904480707
0.6089202833827585
0.7427744383749086
0.8845041662862059
0.1522822286351584
0.4357621959061362
0.9711029987665825
0.5380629184364807
0.6089291197713464
0.7427948678669054
0.8844661161710974
0.15229709254344925
0.43563195975730196
0.9709429602953605
0.5374906244396698
0.6082995457109064
0.7457817758258898
0.889627401571488
0.15191180811962113
0.4361412218422629
0.9724058966967277
0.5379750909924041
0.6090376896318048
0.7430905069049913
0.8845137998869177
0.15224845515331253
0.4357187441200949
0.9711880545946769
0.5378463449596893
0.6091440243180841
0.7424615586933214
0.8835925504972693
0.15025622950633988
0.43306657584616914
0.9842505317064933
0.5551221552013885
0.6023676914628595
0.7441071237262804
0.8858546659757849
0.15548617945751175
0.4233257463783957
0.9880556922289543
0.521781701099826
0.561397842830047
0.5975998605426867
0.7246837065031286
0.9201346169575118
0.7446148089074995
0.8894228797289543
0.652152794849826
0.935909561580047
0.7216232980426867
0.9136485502531286
0.23116977320751175
0.4355327776283957
0.9756045203539543
0.543998497974826
0.624141983455047
0.6886643136676867
0.9408702299406286
0.07015903102001175
0.1996929338783957
0.4655947547289543
0.8650434198207222
0.9681361241673585
0.11127173568820581
0.2061290189740248
0.49142367945751175
0.7787944963783957
0.8044619422580581
0.37139107601251453
0.9422572179464623
0.5761154854262713
0.7178477686538827
0.9855643033515662
0.5190288701851387
0.5544619479624089
0.6213910858496092
0.6922572172188666
0.9511154863866977
0.5928477714478504
0.7355643042828888
0.8940288715821225
0.17946194284013472
0.496391076099826
0.7547572178591508
0.2636154856008943
0.780347769119544
0.2980643040500581
0.8627788717858493
0.9607119416177738
0.1213910743535962
0.19225721407565288
0.4511154805368278
0.8428477940324228
0.4855643369955942
0.7690288588637486
0.8044619447609875
0.3713910786609631
0.9422572240291629
0.07611546196858399
0.21784780130838044
0.48556427340372466
0.7690287807199638
0.3044616653351113
0.871390771237202
0.9422586824803147
0.0761179821274709
0.21784761318122037
0.4855645220668521
0.7690294950443786
0.3044619018910453
0.8713911316590384
0.942257368384162
0.07611548525164835
0.2178477775596548
0.4855643157789018
0.7690289003949147
0.3044618390267715
0.8713911835802719
0.942257061280543
0.07611503542284481
0.2178468047932256
0.4855630207748618
0.7690352785575669
0.30447027448099107
0.8713878748239949
0.9422578647790942
0.0761161399714183
0.2178493584797252
0.48555826451047324
0.7690371365461033
0.3044539949623868
0.8713678700150922
0.9421863280294929
0.0760374432138633
0.21822272197459824
0.48620342518552206
0.7689889759931248
0.3045176527230069
0.8715507370652631
0.9422468863485847
0.0761297112039756
0.21788631335948594
0.4855642249749508
0.7690310568723362
0.3044648430077359
0.8713985068025067
0.9422307930944953
0.07614300303976052
0.2178076948330272
0.4854490688012447
0.7687820286664646
0.3041333219734952
0.8730313164414838
0.9443902693747077
0.07529596143285744
0.21801339046214707
0.4857318332360592
0.7694357724103611
0.3029157182900235
0.8735069615067914
0.9402227126120124
0.07017473035375588
0.19969998256419785
0.46558546330197714
0.8650168270978611
0.4680768511025235
0.8611778599442914
0.9565190993307624
0.11698869519750588
0.21520291225169785
0.48920606877072714
0.7788962216291111
0.3044415971962735
0.8719505650224164
0.9429998122213874
0.07801774793188088
0.21108303920482285
0.49260877873166464
0.7587698788556736
0.2749616167275235
0.8081993443192914
0.8581304274557624
0.4960170155100059
0.7639089669391979
0.27576612736447714
0.8114279599103611
0.3473493120400235
0.9755577427567914
0.5464238844870124
0.6177821522287559
0.697014435660094
0.9647309710562695
0.12319553791894577
0.18987860876950435
0.4443077434843872
0.8276738857093733
0.4615321521414444
0.8688894357765093
0.9491059714055154
0.0919455380353611
0.23675360894412734
0.3974327428441029
0.9370488844870124
0.21934465222875588
0.40795193568919785
0.9725434711144771
0.037258038006257266
0.10784735897323117
0.24508899269858375
0.3901738842832856
0.8990321517339908
0.6813894350489136
0.980355974228587
0.5606955421098974
0.5961286073434167
0.7255577430769335
0.9214238848071545
0.7427821529854555
0.8845144327206071
0.15223097515990958
0.43569553416455165
0.9711285975645296
0.538057708152337
0.6089238463900983
0.7427823352918494
0.884514747740468
0.15223095164401457
0.4356955652474426
0.9711286868550815
0.5380577377218287
0.6089238914428279
0.7427821710298304
0.8845144356309902
0.15223097219131887
0.4356955394614488
0.9711286125238985
0.5380577298637945
0.6089238979329821
0.742782132641878
0.8845143794023897
0.15223085059551522
0.4356953775859438
0.97112940979423
0.538058784295572
0.6089234843384475
0.7427822330791969
0.8845145174709614
0.15223116980632767
0.4356947830528952
0.9711296420427971
0.5380567493557464
0.6089209837373346
0.7427732909854967
0.8845046803762671
0.1522778402431868
0.4357754281372763
0.9711236219736747
0.538064706575824
0.608943842118606
0.7427808607753832
0.8845162138750311
0.15223578916629776
0.4356955281109549
0.9711288820835762
0.5380581053614151
0.6089248133357614
0.742778849118622
0.8845178753545042
0.15222596185049042
0.43568113358924165
0.9710977535578422
0.538016665232135
0.6091289145406336
0.7430487836536486
0.8844119951536413
0.1522516738041304
0.43571647914359346
0.9711794715258293
0.537864464771701
0.609188370173797
0.7425278390583117
0.8837718412687536
0.14996249781688675
0.4331981829018332
0.9831271033617668
0.5585096063732635
0.6076472324784845
0.7445648873981554
0.8896235868742224
0.15190036402782425
0.43615075858542696
0.972362027678173
0.5380551996349823
0.6089938206132501
0.7428749765094835
0.8847522184660193
0.15138537989696488
0.43657609733054414
0.9698462348314933
0.5343702020763885
0.6010249180253595
0.7322663034137804
0.9370021269132849
0.22048862086376175
0.4094707659096457
0.9764284949633293
0.543418663990451
0.621944717830047
0.6933029855426867
0.9522227690031286
0.08712680445751175
0.2455913713783957
0.3903994422289543
0.8987348260707222
0.6805384679173585
0.9784592356882058
0.5576915190031286
0.6086111794575118
0.7436382464074995
0.8864931922289543
0.654594201099826
0.924679092830047
0.7421311105426867
0.9024180815031286
0.17599399195751175
0.4965679338783957
0.7546572547289543
0.763480919849826
0.280636124080047
0.7987717355135828
0.862379018944921
0.46017367937020026
0.8725444967567455
0.44508694275282323
0.8245160758960992
0.9656947178591508
0.11517798560089432
0.21784776911954395
0.48556430407916196
0.7690288718731608
0.304461941763293
0.8713910746737383
0.9422572134935763
0.07611548079876229
0.2178477919078432
0.48556434345664456
0.769028868933674
0.8044619456341024
0.3713910858496092
0.9422572171897627
0.5761154864158016
0.7178477713605389
0.9855643044284079
0.01902887152391486
0.0544619424326811
0.12139107656548731
0.19225721622933634
0.4511154872307088
0.8428477665584069
0.4855642974143848
0.7690288563026115
0.8044619221764151
0.3713911762170028
0.9422573480114806
0.07611543554230593
0.21784777913126163
0.48556431467295624
0.7690288962039631
0.30446184787433594
0.8713912052335218
0.9422570936440025
0.07611512296716683
0.2178466613695491
0.48556308503611945
0.7690347300085705
0.3044719285098836
0.8713904527248815
0.9422580882965121
0.07611798026482575
0.21784760759328492
0.48556452672346495
0.7690294736239593
0.3044619410065934
0.8713911102386191
0.942257263144711
0.07611560166697018
0.21784735613618977
0.4855647344083991
0.7690282452094834
0.30446014169137925
0.8713872191729024
0.942252083128551
0.0761411143175792
0.2178810979530681
0.48555149938329123
0.7690314592036884
0.3044645598856732
0.8713974339189008
0.9422330580709968
0.07614854627172463
0.21781597987865098
0.48547148014768027
0.768745312205283
0.3041497728554532
0.872890887898393
0.9448137007711921
0.07595590405981056
0.21807061092113145
0.48620294834836386
0.7689875454816502
0.3045188448159024
0.8715452534379438
0.9422568999289069
0.07612422757665627
0.21785937206004746
0.48559402729733847
0.7689231724652927
0.30457201215904206
0.8712307793321088
0.9417962752340827
0.07512811475316994
0.21653328792308457
0.4921252658532467
0.7775610775861423
0.30118384573142976
0.8720535618485883
0.9429273329733405
0.07774308972875588
0.21166287318919785
0.49402784611447714
0.7608908505353611
0.2806989214150235
0.7987999302567914
0.8623418532370124
0.4600673084787559
0.8723074044391979
0.44471143986447714
0.8260763974103611
0.4679547807900235
0.8608116490067914
0.9568242751120124
0.11558488660375588
0.21776638881419785
0.48780226017697714
0.7719992489728611
0.3120709917275235
0.8443321568192914
0.9704351149557624
0.035079515510005876
0.09984646693919785
0.23279737736447714
0.4325217099103611
0.9840680620691273
0.055635867844102904
0.1030645094870124
0.24571183972875588
0.38939724818919785
0.9022309711144771
0.18569553800625727
0.47112860897323117
0.7880577426985838
0.8589238843123894
0.4927821516757831
0.7595144350780174
0.7772309739666525
0.3106955429248046
0.8461286085948814
0.47555774319334887
0.7964238857093733
0.3677821521414444
0.9470144357765093
0.5897309714055154
0.7481955380353611
0.8773786089150235
0.6318077427858952
0.8901738845452201
0.14903215202502906
0.43138943589292467
0.980355970794335
0.5606955371622462
0.5961286070232745
0.725557740253862
0.9214238970016595
0.2427821684977971
0.3845144294318743
0.9022309723659419
0.6856955393159296
0.9711286120000295
0.5380577309697401
0.6089239006396383
0.7427821366873104
0.88451439034543
0.15223083266755566
0.435695385618601
0.9711293412256055
0.5380589910491835
0.6089238065760583
0.7427822610188741
0.8845147475076374
0.15223095094552264
0.4356955658295192
0.9711286841775291
0.5380577426112723
0.6089238887652755
0.742782157874899
0.8845144501829054
0.15223091951338574
0.43569559179013595
0.9711285306257196
0.5380575176968705
0.6089234023820609
0.742781510372879
0.8845176392642315
0.15223513724049553
0.43569393741199747
0.9711289323749952
0.5380580699711572
0.6089246792253107
0.7427791322406847
0.8845185682584997
0.1522269974811934
0.4356839350075461
0.9710931640001945
0.5380187215923797
0.6091113609727472
0.7431017125782091
0.8844944879820105
0.15225882636150345
0.43577536853263155
0.9711234431597404
0.5380648555874359
0.608943156665191
0.7427821124729235
0.8845155284216162
0.15223242150386795
0.4356992534012534
0.9711153965326957
0.5380715015053283
0.6089038474019617
0.7427245343860704
0.8843910143186804
0.1520666609867476
0.4365156582207419
0.9721951346728019
0.5376479807018768
0.6090066952165216
0.7428659166034777
0.8847178861906286
0.15145785914501175
0.4367534807533957
0.9701113562914543
0.535087365162326
0.599849991267547
0.7327927316364367
0.9325084135343786
0.23403842555126175
0.4305889299721457
0.9782595496508293
0.558494347584201
0.607601456111297
0.7446030343708117
0.8894481108000036
0.15222079859813675
0.4359752825112082
0.9714999060961418
0.5390088739513885
0.6055415195878595
0.7463043893512804
0.8793849394132849
0.13748080836376175
0.4040996721596457
0.9290652137133293
0.748008507740451
0.881954483455047
0.6378830636676867
0.9057139799406286
0.17367465602001175
0.4877788713783957
0.7732119422289543
0.808891076099826
0.348507217830047
0.9823654855135828
0.561597768944921
0.5949393043702003
0.7221538717276417
0.9138369428401347
0.2307660760707222
0.4344447178882547
0.9745529856882058
0.5459727690031286
0.6183768044575118
0.6987163714074995
0.9685244422289543
0.609672326099826
0.703975967830047
0.9862717355426867
0.018629019003128633
0.05392367948661558
0.12254449634929188
0.1950869421416428
0.4495160758669954
0.8406947175099049
0.4901779871142935
0.7803477710403968
0.29806430367170833
0.8627788715239149
0.46071194240357727
0.8713910764781758
0.9422572163457517
0.07611548757995479
0.21784776708227582
0.4855642987822648
0.7690288540616166
0.30446192319504917
0.8713911676313728
0.9422573738556821
0.07611547582200728
0.2178477826237213
0.48556434342754073
0.7690288688463625
0.30446194572141394
0.8713910855003633
0.9422572178009432
0.07611548609565943
0.2178477697307244
0.48556430626194924
0.7690288649173453
0.8044619489519391
0.371391066320939
0.942257189686643
0.07611542529775761
0.2178476887929719
0.485564704897115
0.7690293921332341
0.3044617421692237
0.8713911165250465
0.9422572587209288
0.07611558490316384
0.2178473915264476
0.48556482102139853
0.7690283746633213
0.3044604918686673
0.8713866454781964
0.9422523401735816
0.0761389201215934
0.21788771406863816
0.48556181098683737
0.7690323532733601
0.304471921059303
0.8713904303731397
0.9422581069229636
0.07611789458314888
0.21784776405547746
0.4855644410417881
0.7690290526661556
0.3044624066678807
0.8713894245447591
0.9422589376627002
0.07611298092524521
0.21784056679462083
0.4855488767789211
0.7690083326015156
0.3045644572703168
0.8715243918122724
0.9422059975622687
0.0761258369020652
0.21785823957179673
0.48558973576291464
0.7689322323712986
0.3045941850868985
0.8712639195146039
0.9418859206198249
0.07498124890844338
0.2165990914509166
0.4915635516808834
0.7792548031720798
0.30382361623924226
0.8722824436845258
0.9448117934225593
0.07595018201391213
0.21807537929271348
0.4861810138390865
0.7690275998029392
0.30449691030662507
0.8714374882401899
0.9423761092184577
0.07569268994848244
0.21828804866527207
0.4849231174157467
0.7671851010236423
0.30051245901267976
0.8661331516923383
0.9685010634420905
0.11024431043188088
0.20473538295482285
0.48821424748166464
0.7717093319806736
0.3109723589150235
0.8466514927567914
0.9761113844870124
0.043563402228755876
0.12279568568919785
0.19519972111447714
0.4493674130353611
0.8402692339441273
0.4892296178441029
0.7788457594870124
0.3043055897287559
0.8718191231891979
0.44324659611447714
0.8272971005353611
0.4623395464150235
0.8710655552567914
0.9512090407370124
0.08799699597875588
0.24828396693919785
0.37732862736447714
0.8817404599103611
0.1403180620400235
0.3993858677567914
0.9311895094579086
0.7300868396705482
0.9362722483638208
0.22254347137641162
0.4122580379480496
0.9828473589150235
0.5575889927858952
0.6089238845452201
0.7427821520250291
0.8845144359220285
0.1522309708816465
0.43569553733686917
0.9711286067322362
0.038057740399381146
0.1089238959539216
0.24278217172832228
0.384514434466837
0.9022309728024993
0.1856955429248046
0.47112860859488137
0.7880577431933489
0.35892388568026945
0.992782152199652
0.5095144357474055
0.5272309712017886
0.5606955382681917
0.5961286081001163
0.7255577436008025
0.9214238832646515
0.2427821487071924
0.38451442815130576
0.9022309610736556
0.6856955880939495
0.9711286739911884
0.538057717756601
0.6089238895510789
0.7427821573219262
0.8845144480874296
0.15223092393716797
0.4356956026167609
0.9711285468074493
0.5380575614690315
0.6089233306702226
0.7427815425035078
0.8845173649897333
0.1522359642549418
0.43569522636244074
0.9711290441337042
0.538058990117861
0.6089238037820905
0.7427822633471806
0.8845147367974278
0.1522309705032967
0.4356955551193096
0.9711286315578036
0.5380578008189332
0.608923678053543
0.7427823671896476
0.8845141225901898
0.15223007084568962
0.4356936095864512
0.9711260415497236
0.5380705571442377
0.6089405489619821
0.7427757496770937
0.8845157295872923
0.1522322799428366
0.4356987169594504
0.9711165290209465
0.5380742731213104
0.6089079899247736
0.7427357400592882
0.8843726560880896
0.1520748864277266
0.4364454439491965
0.9724068503710441
0.5379779520153534
0.6090353054460138
0.74310147415963
0.8844937727262732
0.1522594224079512
0.4357726267189719
0.9711284499499016
0.5380621137737762
0.6089296860154718
0.7427970136341173
0.8844615862180945
0.15228600607952103
0.4356153896660544
0.9708981376024894
0.537564057362033
0.6082666439469904
0.7460626329120714
0.8887805387785193
0.15059192286571488
0.43602678092429414
0.9714636664721183
0.538871544849826
0.605831436580047
0.7470139230426867
0.8804454252531286
0.14034946070751175
0.3993999651283957
0.9311709266039543
0.730033654224826
0.936153702205047
0.7223557199176867
0.9130381986906286
0.23397739039501175
0.4304058245033957
0.9784121375414543
0.557792443287326
0.608883194392547
0.7439011300739367
0.8859996244718786
0.15603549586376175
0.4221660784096457
0.9852175574633293
0.517539757740451
0.549923233455047
0.6163986886676867
0.7162608549406286
0.9920340310200118
0.5278179339074995
0.5515322547289543
0.622855919849826
0.694698624080047
0.9511154855426867
0.09284776900312863
0.23556430448661558
0.3940288713492919
0.9294619421416428
0.24639107583789155
0.3797572175390087
0.8886154869687743
0.6553477714478504
0.9230643042828888
0.7377788715821225
0.8982119428401347
0.1838910760707222
0.4735072178882547
0.7948654856882058
0.8740977690031286
0.43868930445751175
0.8159038713783957
0.9450869422580581
0.07451607601251453
0.21569471794646233
0.4901779853971675
0.7803477685665712
0.7980643034970853
0.362778870126931
0.9607119484862778
0.12139108424889855
0.19225721471593715
0.4511154861829709
0.8428477696434129
0.48556430600001477
0.7690288654703181
0.30446195031981915
0.8713910683291033
0.9422571951581631
0.07611541633377783
0.2178476928093005
0.48556467061280273
0.7690294955100399
0.30446190328802913
0.8713911304948851
0.9422573737392668
0.07611547547276132
0.2178477829147596
0.48556434208876453
0.7690288712910842
0.30446194438263774
0.8713910789228976
0.9422572250769008
0.07611545975669287
0.21784779589506797
0.4855642653128598
0.7690287588338833
0.30446170119103044
0.8713907551718876
0.9422588196175639
0.07611756862024777
0.21784696870599873
0.4855644661874976
0.7690290349710267
0.30446233961265534
0.8713895661057904
0.942259284114698
0.0761134987405967
0.21784196750377305
0.48554658200009726
0.769009360781638
0.3045556804863736
0.8715508562745526
0.9422472439764533
0.07612941318075173
0.21788768426631577
0.4855617215798702
0.769032427779166
0.3044715783325955
0.8713910562219098
0.9422577641962562
0.07611621075193398
0.2178496267006267
0.48555769826634787
0.7690357507381123
0.30445192370098084
0.8713622671784833
0.9421955071447883
0.0760333304933738
0.21825782911037095
0.48609756733640097
0.7688239903363865
0.3045033476082608
0.8714329582871869
0.9423589430807624
0.07572892957250588
0.21837674037669785
0.48505567814572714
0.7675436825666111
0.2999249956337735
0.8663963658036664
0.9662542067526374
0.11701921277563088
0.21529446498607285
0.48912977482541464
0.7792471737775486
0.3038007280556485
0.8723015171708539
0.9447240553854499
0.07611039929906838
0.2179876412556041
0.4857499530480709
0.7695044369611423
0.30277075979392976
0.8731521946610883
0.9396924696920905
0.06874040418188088
0.20204983607982285
0.46453260685666464
0.8740042538556736
0.4409772417275235
0.8189415318192914
0.9528569899557624
0.08683732801000588
0.24388943568919785
0.38660597111447714
0.9044455380353611
0.1742536089150235
0.4911827427567914
0.7807988844579086
0.7974696521705482
0.36107693586382084
0.9569184714055154
0.1153830380353611
0.21722235894412734
0.4872764928441029
0.7729863844870124
0.3091884022287559
0.8493581856891979
0.48426222111447714
0.8048361630353611
0.3519879839150235
0.9931358677567914
0.5093145094870124
0.5269618397287559
0.561272248160094
0.5975434710562695
0.7247580379189458
0.9203473587404005
0.7450889935425948
0.8901738855056465
0.6490321518213023
0.9313894357474055
0.23035597120178863
0.4356955382390879
0.9711286081583239
0.5380577437754255
0.608923883526586
0.7427821493765805
0.8845144270162564
0.15223096159752458
0.4356955838156864
0.9711286869132891
0.5380577378964517
0.6089238912973087
0.7427821716992185
0.8845144344086293
0.15223097286070697
0.43569554275018163
0.9711286088859197
0.03805774304782972
0.1089238848653622
0.24278215313097462
0.3845144324586727
0.9022309744614176
0.6856955331459176
0.9711285948287696
0.5380577126343269
0.608923844381934
0.7427823524340056
0.8845146960520651
0.15223087108461186
0.43569555826252326
0.9711286293459125
0.53805779243703
0.6089236957486719
0.7427824104961473
0.8845141873171087
0.15223024593433365
0.4356933227390982
0.9711261700722389
0.5380694600462448
0.6089438570197672
0.7427809054788668
0.8845161766221281
0.1522359605296515
0.43569521518656984
0.9711290534469299
0.5380589472770225
0.6089238820131868
0.7427822205063421
0.8845145263185259
0.15223120333394036
0.43569471227237955
0.9711294688167982
0.5380564904480707
0.6089202833827585
0.7427744383749086
0.8845041662862059
0.1522822286351584
0.4357621959061362
0.9711029987665825
0.5380629184364807
0.6089291197713464
0.7427948678669054
0.8844661161710974
0.15229709254344925
0.43563195975730196
0.9709429602953605
0.5374906244396698
0.6082995457109064
0.7457817758258898
0.889627401571488
0.15191180811962113
0.4361412218422629
0.9724058966967277
0.5379750909924041
0.6090376896318048
0.7430905069049913
0.8845137998869177
0.15224845515331253
0.4357187441200949
0.9711880545946769
0.5378463449596893
0.6091440243180841
0.7424615586933214
0.8835925504972693
0.15025622950633988
0.43306657584616914
0.9842505317064933
0.5551221552013885
0.6023676914628595
0.7441071237262804
0.8858546659757849
0.15548617945751175
0.4233257463783957
0.9880556922289543
0.521781701099826
0.561397842830047
0.5975998605426867
0.7246837065031286
0.9201346169575118
0.7446148089074995
0.8894228797289543
0.652152794849826
0.935909561580047
0.7216232980426867
0.9136485502531286
0.23116977320751175
0.4355327776283957
0.9756045203539543
0.543998497974826
0.624141983455047
0.6886643136676867
0.9408702299406286
0.07015903102001175
0.1996929338783957
0.4655947547289543
0.8650434198207222
0.9681361241673585
0.11127173568820581
0.2061290189740248
0.49142367945751175
0.7787944963783957
0.8044619422580581
0.37139107601251453
0.9422572179464623
0.5761154854262713
0.7178477686538827
0.9855643033515662
0.5190288701851387
0.5544619479624089
0.6213910858496092
0.6922572172188666
0.9511154863866977
0.5928477714478504
0.7355643042828888
0.8940288715821225
0.17946194284013472
0.496391076099826
0.7547572178591508
0.2636154856008943
0.780347769119544
0.2980643040500581
0.8627788717858493
0.9607119416177738
0.1213910743535962
0.19225721407565288
0.4511154805368278
0.8428477940324228
0.4855643369955942
0.7690288588637486
0.8044619447609875
0.3713910786609631
0.9422572240291629
0.07611546196858399
0.21784780130838044
0.48556427340372466
0.7690287807199638
0.3044616653351113
0.871390771237202
0.9422586824803147
0.0761179821274709
0.21784761318122037
0.4855645220668521
0.7690294950443786
0.3044619018910453
0.8713911316590384
0.942257368384162
0.07611548525164835
0.2178477775596548
0.4855643157789018
0.7690289003949147
0.3044618390267715
0.8713911835802719
0.942257061280543
0.07611503542284481
0.2178468047932256
0.4855630207748618
0.7690352785575669
0.30447027448099107
0.8713878748239949
0.9422578647790942
0.0761161399714183
0.2178493584797252
0.48555826451047324
0.7690371365461033
0.3044539949623868
0.8713678700150922
0.9421863280294929
0.0760374432138633
0.21822272197459824
0.48620342518552206
0.7689889759931248
0.3045176527230069
0.8715507370652631
0.9422468863485847
0.0761297112039756
0.21788631335948594
0.4855642249749508
0.7690310568723362
0.3044648430077359
0.8713985068025067
0.9422307930944953
0.07614300303976052
0.2178076948330272
0.4854490688012447
0.7687820286664646
0.3041333219734952
0.8730313164414838
0.9443902693747077
0.07529596143285744
0.21801339046214707
0.4857318332360592
0.7694357724103611
0.3029157182900235
0.8735069615067914
0.9402227126120124
0.07017473035375588
0.19969998256419785
0.46558546330197714
0.8650168270978611
0.4680768511025235
0.8611778599442914
0.9565190993307624
0.11698869519750588
0.21520291225169785
0.48920606877072714
0.7788962216291111
0.3044415971962735
0.8719505650224164
0.9429998122213874
0.07801774793188088
0.21108303920482285
0.49260877873166464
0.7587698788556736
0.2749616167275235
0.8081993443192914
0.8581304274557624
0.4960170155100059
0.7639089669391979
0.27576612736447714
0.8114279599103611
0.3473493120400235
0.9755577427567914
0.5464238844870124
0.6177821522287559
0.697014435660094
0.9647309710562695
0.12319553791894577
0.18987860876950435
0.4443077434843872
0.8276738857093733
0.4615321521414444
0.8688894357765093
0.9491059714055154
0.0919455380353611
0.23675360894412734
0.3974327428441029
0.9370488844870124
0.21934465222875588
0.40795193568919785
0.9725434711144771
0.037258038006257266
0.10784735897323117
0.24508899269858375
0.3901738842832856
0.8990321517339908
0.6813894350489136
0.980355974228587
0.5606955421098974
0.5961286073434167
0.7255577430769335
0.9214238848071545
0.7427821529854555
0.8845144327206071
0.15223097515990958
0.43569553416455165
0.9711285975645296
0.538057708152337
0.6089238463900983
0.7427823352918494
0.884514747740468
0.15223095164401457
0.4356955652474426
0.9711286868550815
0.5380577377218287
0.6089238914428279
0.7427821710298304
0.8845144356309902
0.15223097219131887
0.4356955394614488
0.9711286125238985
0.5380577298637945
0.6089238979329821
0.742782132641878
0.8845143794023897
0.15223085059551522
0.4356953775859438
0.97112940979423
0.538058784295572
0.6089234843384475
0.7427822330791969
0.8845145174709614
0.15223116980632767
0.4356947830528952
0.9711296420427971
0.5380567493557464
0.6089209837373346
0.7427732909854967
0.8845046803762671
0.1522778402431868
0.4357754281372763
0.9711236219736747
0.538064706575824
0.608943842118606
0.7427808607753832
0.8845162138750311
0.15223578916629776
0.4356955281109549
0.9711288820835762
0.5380581053614151
0.6089248133357614
0.742778849118622
0.8845178753545042
0.15222596185049042
0.43568113358924165
0.9710977535578422
0.538016665232135
0.6091289145406336
0.7430487836536486
0.8844119951536413
0.1522516738041304
0.43571647914359346
0.9711794715258293
0.537864464771701
0.609188370173797
0.7425278390583117
0.8837718412687536
0.14996249781688675
0.4331981829018332
0.9831271033617668
0.5585096063732635
0.6076472324784845
0.7445648873981554
0.8896235868742224
0.15190036402782425
0.43615075858542696
0.972362027678173
0.5380551996349823
0.6089938206132501
0.7428749765094835
0.8847522184660193
0.15138537989696488
0.43657609733054414
0.9698462348314933
0.5343702020763885
0.6010249180253595
0.7322663034137804
0.9370021269132849
0.22048862086376175
0.4094707659096457
0.9764284949633293
0.543418663990451
0.621944717830047
0.6933029855426867
0.9522227690031286
0.08712680445751175
0.2455913713783957
0.3903994422289543
0.8987348260707222
0.6805384679173585
0.9784592356882058
0.5576915190031286
0.6086111794575118
0.7436382464074995
0.8864931922289543
0.654594201099826
0.924679092830047
0.7421311105426867
0.9024180815031286
0.17599399195751175
0.4965679338783957
0.7546572547289543
0.763480919849826
0.280636124080047
0.7987717355135828
0.862379018944921
0.46017367937020026
0.8725444967567455
0.44508694275282323
0.8245160758960992
0.9656947178591508
0.11517798560089432
0.21784776911954395
0.48556430407916196
0.7690288718731608
0.304461941763293
0.8713910746737383
0.9422572134935763
0.07611548079876229
0.2178477919078432
0.48556434345664456
0.769028868933674
0.8044619456341024
0.3713910858496092
0.9422572171897627
0.5761154864158016
0.7178477713605389
0.9855643044284079
0.01902887152391486
0.0544619424326811
0.12139107656548731
0.19225721622933634
0.4511154872307088
0.8428477665584069
0.4855642974143848
0.7690288563026115
0.8044619221764151
0.3713911762170028
0.9422573480114806
0.07611543554230593
0.21784777913126163
0.48556431467295624
0.7690288962039631
0.30446184787433594
0.8713912052335218
0.9422570936440025
0.07611512296716683
0.2178466613695491
0.48556308503611945
0.7690347300085705
0.3044719285098836
0.8713904527248815
0.9422580882965121
0.07611798026482575
0.21784760759328492
0.48556452672346495
0.7690294736239593
0.3044619410065934
0.8713911102386191
0.942257263144711
0.07611560166697018
0.21784735613618977
0.4855647344083991
0.7690282452094834
0.30446014169137925
0.8713872191729024
0.942252083128551
0.0761411143175792
0.2178810979530681
0.48555149938329123
0.7690314592036884
0.3044645598856732
0.8713974339189008
0.9422330580709968
0.07614854627172463
0.21781597987865098
0.48547148014768027
0.768745312205283
0.3041497728554532
0.872890887898393
0.9448137007711921
0.07595590405981056
0.21807061092113145
0.48620294834836386
0.7689875454816502
0.3045188448159024
0.8715452534379438
0.9422568999289069
0.07612422757665627
0.21785937206004746
0.48559402729733847
0.7689231724652927
0.30457201215904206
0.8712307793321088
0.9417962752340827
0.07512811475316994
0.21653328792308457
0.4921252658532467
0.7775610775861423
0.30118384573142976
0.8720535618485883
0.9429273329733405
0.07774308972875588
0.21166287318919785
0.49402784611447714
0.7608908505353611
0.2806989214150235
0.7987999302567914
0.8623418532370124
0.4600673084787559
0.8723074044391979
0.44471143986447714
0.8260763974103611
0.4679547807900235
0.8608116490067914
0.9568242751120124
0.11558488660375588
0.21776638881419785
0.48780226017697714
0.7719992489728611
0.3120709917275235
0.8443321568192914
0.9704351149557624
0.035079515510005876
0.09984646693919785
0.23279737736447714
0.4325217099103611
0.9840680620691273
0.055635867844102904
0.1030645094870124
0.24571183972875588
0.38939724818919785
0.9022309711144771
0.18569553800625727
0.47112860897323117
0.7880577426985838
0.8589238843123894
0.4927821516757831
0.7595144350780174
0.7772309739666525
0.3106955429248046
0.8461286085948814
0.47555774319334887
0.7964238857093733
0.3677821521414444
0.9470144357765093
0.5897309714055154
0.7481955380353611
0.8773786089150235
0.6318077427858952
0.8901738845452201
0.14903215202502906
0.43138943589292467
0.980355970794335
0.5606955371622462
0.5961286070232745
0.725557740253862
0.9214238970016595
0.2427821684977971
0.3845144294318743
0.9022309723659419
0.6856955393159296
0.9711286120000295
0.5380577309697401
0.6089239006396383
0.7427821366873104
0.88451439034543
0.15223083266755566
0.435695385618601
0.9711293412256055
0.5380589910491835
0.6089238065760583
0.7427822610188741
0.8845147475076374
0.15223095094552264
0.4356955658295192
0.9711286841775291
0.5380577426112723
0.6089238887652755
0.742782157874899
0.8845144501829054
0.15223091951338574
0.43569559179013595
0.9711285306257196
0.5380575176968705
0.6089234023820609
0.742781510372879
0.8845176392642315
0.15223513724049553
0.43569393741199747
0.9711289323749952
0.5380580699711572
0.6089246792253107
0.7427791322406847
0.8845185682584997
0.1522269974811934
0.4356839350075461
0.9710931640001945
0.5380187215923797
0.6091113609727472
0.7431017125782091
0.8844944879820105
0.15225882636150345
0.43577536853263155
0.9711234431597404
0.5380648555874359
0.608943156665191
0.7427821124729235
0.8845155284216162
0.15223242150386795
0.4356992534012534
0.9711153965326957
0.5380715015053283
0.6089038474019617
0.7427245343860704
0.8843910143186804
0.1520666609867476
0.4365156582207419
0.9721951346728019
0.5376479807018768
0.6090066952165216
0.7428659166034777
0.8847178861906286
0.15145785914501175
0.4367534807533957
0.9701113562914543
0.535087365162326
0.599849991267547
0.7327927316364367
0.9325084135343786
0.23403842555126175
0.4305889299721457
0.9782595496508293
0.558494347584201
0.607601456111297
0.7446030343708117
0.8894481108000036
0.15222079859813675
0.4359752825112082
0.9714999060961418
0.5390088739513885
0.6055415195878595
0.7463043893512804
0.8793849394132849
0.13748080836376175
0.4040996721596457
0.9290652137133293
0.748008507740451
0.881954483455047
0.6378830636676867
0.9057139799406286
0.17367465602001175
0.4877788713783957
0.7732119422289543
0.808891076099826
0.348507217830047
0.9823654855135828
0.561597768944921
0.5949393043702003
0.7221538717276417
0.9138369428401347
0.2307660760707222
0.4344447178882547
0.9745529856882058
0.5459727690031286
0.6183768044575118
0.6987163714074995
0.9685244422289543
0.609672326099826
0.703975967830047
0.9862717355426867
0.018629019003128633
0.05392367948661558
0.12254449634929188
0.1950869421416428
0.4495160758669954
0.8406947175099049
0.4901779871142935
0.7803477710403968
0.29806430367170833
0.8627788715239149
0.46071194240357727
0.8713910764781758
0.9422572163457517
0.07611548757995479
0.21784776708227582
0.4855642987822648
0.7690288540616166
0.30446192319504917
0.8713911676313728
0.9422573738556821
0.07611547582200728
0.2178477826237213
0.48556434342754073
0.7690288688463625
0.30446194572141394
0.8713910855003633
0.9422572178009432
0.07611548609565943
0.2178477697307244
0.48556430626194924
0.7690288649173453
0.8044619489519391
0.371391066320939
0.942257189686643
0.07611542529775761
0.2178476887929719
0.485564704897115
0.7690293921332341
0.3044617421692237
0.8713911165250465
0.9422572587209288
0.07611558490316384
0.2178473915264476
0.48556482102139853
0.7690283746633213
0.3044604918686673
0.8713866454781964
0.9422523401735816
0.0761389201215934
0.21788771406863816
0.48556181098683737
0.7690323532733601
0.304471921059303
0.8713904303731397
0.9422581069229636
0.07611789458314888
0.21784776405547746
0.4855644410417881
0.7690290526661556
0.3044624066678807
0.8713894245447591
0.9422589376627002
0.07611298092524521
0.21784056679462083
0.4855488767789211
0.7690083326015156
0.3045644572703168
0.8715243918122724
0.9422059975622687
0.0761258369020652
0.21785823957179673
0.48558973576291464
0.7689322323712986
0.3045941850868985
0.8712639195146039
0.9418859206198249
0.07498124890844338
0.2165990914509166
0.4915635516808834
0.7792548031720798
0.30382361623924226
0.8722824436845258
0.9448117934225593
0.07595018201391213
0.21807537929271348
0.4861810138390865
0.7690275998029392
0.30449691030662507
0.8714374882401899
0.9423761092184577
0.07569268994848244
0.21828804866527207
0.4849231174157467
0.7671851010236423
0.30051245901267976
0.8661331516923383
0.9685010634420905
0.11024431043188088
0.20473538295482285
0.48821424748166464
0.7717093319806736
0.3109723589150235
0.8466514927567914
0.9761113844870124
0.043563402228755876
0.12279568568919785
0.19519972111447714
0.4493674130353611
0.8402692339441273
0.4892296178441029
0.7788457594870124
0.3043055897287559
0.8718191231891979
0.44324659611447714
0.8272971005353611
0.4623395464150235
0.8710655552567914
0.9512090407370124
0.08799699597875588
0.24828396693919785
0.37732862736447714
0.8817404599103611
0.1403180620400235
0.3993858677567914
0.9311895094579086
0.7300868396705482
0.9362722483638208
0.22254347137641162
0.4122580379480496
0.9828473589150235
0.5575889927858952
0.6089238845452201
0.7427821520250291
0.8845144359220285
0.1522309708816465
0.43569553733686917
0.9711286067322362
0.038057740399381146
0.1089238959539216
0.24278217172832228
0.384514434466837
0.9022309728024993
0.1856955429248046
0.47112860859488137
0.7880577431933489
0.35892388568026945
0.992782152199652
0.5095144357474055
0.5272309712017886
0.5606955382681917
0.5961286081001163
0.7255577436008025
0.9214238832646515
0.2427821487071924
0.38451442815130576
0.9022309610736556
0.6856955880939495
0.9711286739911884
0.538057717756601
0.6089238895510789
0.7427821573219262
0.8845144480874296
0.15223092393716797
0.4356956026167609
0.9711285468074493
0.5380575614690315
0.6089233306702226
0.7427815425035078
0.8845173649897333
0.1522359642549418
0.43569522636244074
0.9711290441337042
0.538058990117861
0.6089238037820905
0.7427822633471806
0.8845147367974278
0.1522309705032967
0.4356955551193096
0.9711286315578036
0.5380578008189332
0.608923678053543
0.7427823671896476
0.8845141225901898
0.15223007084568962
0.4356936095864512
0.9711260415497236
0.5380705571442377
0.6089405489619821
0.7427757496770937
0.8845157295872923
0.1522322799428366
0.4356987169594504
0.9711165290209465
0.5380742731213104
0.6089079899247736
0.7427357400592882
0.8843726560880896
0.1520748864277266
0.4364454439491965
0.9724068503710441
0.5379779520153534
0.6090353054460138
0.74310147415963
0.8844937727262732
0.1522594224079512
0.4357726267189719
0.9711284499499016
0.5380621137737762
0.6089296860154718
0.7427970136341173
0.8844615862180945
0.15228600607952103
0.4356153896660544
0.9708981376024894
0.537564057362033
0.6082666439469904
0.7460626329120714
0.8887805387785193
0.15059192286571488
0.43602678092429414
0.9714636664721183
0.538871544849826
0.605831436580047
0.7470139230426867
0.8804454252531286
0.14034946070751175
0.3993999651283957
0.9311709266039543
0.730033654224826
0.936153702205047
0.7223557199176867
0.9130381986906286
0.23397739039501175
0.4304058245033957
0.9784121375414543
0.557792443287326
0.608883194392547
0.7439011300739367
0.8859996244718786
0.15603549586376175
0.4221660784096457
0.9852175574633293
0.517539757740451
0.549923233455047
0.6163986886676867
0.7162608549406286
0.9920340310200118
0.5278179339074995
0.5515322547289543
0.622855919849826
0.694698624080047
0.9511154855426867
0.09284776900312863
0.23556430448661558
0.3940288713492919
0.9294619421416428
0.24639107583789155
0.3797572175390087
0.8886154869687743
0.6553477714478504
0.9230643042828888
0.7377788715821225
0.8982119428401347
0.1838910760707222
0.4735072178882547
0.7948654856882058
0.8740977690031286
0.43868930445751175
0.8159038713783957
0.9450869422580581
0.07451607601251453
0.21569471794646233
0.4901779853971675
0.7803477685665712
0.7980643034970853
0.362778870126931
0.9607119484862778
0.12139108424889855
0.19225721471593715
0.4511154861829709
0.8428477696434129
0.48556430600001477
0.7690288654703181
0.30446195031981915
0.8713910683291033
0.9422571951581631
0.07611541633377783
0.2178476928093005
0.48556467061280273
0.7690294955100399
0.30446190328802913
0.8713911304948851
0.9422573737392668
0.07611547547276132
0.2178477829147596
0.48556434208876453
0.7690288712910842
0.30446194438263774
0.8713910789228976
0.9422572250769008
0.07611545975669287
0.21784779589506797
0.4855642653128598
0.7690287588338833
0.30446170119103044
0.8713907551718876
0.9422588196175639
0.07611756862024777
0.21784696870599873
0.4855644661874976
0.7690290349710267
0.30446233961265534
0.8713895661057904
0.942259284114698
0.0761134987405967
0.21784196750377305
0.48554658200009726
0.769009360781638
0.3045556804863736
0.8715508562745526
0.9422472439764533
0.07612941318075173
0.21788768426631577
0.4855617215798702
0.769032427779166
0.3044715783325955
0.8713910562219098
0.9422577641962562
0.07611621075193398
0.2178496267006267
0.48555769826634787
0.7690357507381123
0.30445192370098084
0.8713622671784833
0.9421955071447883
0.0760333304933738
0.21825782911037095
0.48609756733640097
0.7688239903363865
0.3045033476082608
0.8714329582871869
0.9423589430807624
0.07572892957250588
0.21837674037669785
0.48505567814572714
0.7675436825666111
0.2999249956337735
0.8663963658036664
0.9662542067526374
0.11701921277563088
0.21529446498607285
0.48912977482541464
0.7792471737775486
0.3038007280556485
0.8723015171708539
0.9447240553854499
0.07611039929906838
0.2179876412556041
0.4857499530480709
0.7695044369611423
0.30277075979392976
0.8731521946610883
0.9396924696920905
0.06874040418188088
0.20204983607982285
0.46453260685666464
0.8740042538556736
0.4409772417275235
0.8189415318192914
0.9528569899557624
0.08683732801000588
0.24388943568919785
0.38660597111447714
0.9044455380353611
0.1742536089150235
0.4911827427567914
0.7807988844579086
0.7974696521705482
0.36107693586382084
0.9569184714055154
0.1153830380353611
0.21722235894412734
0.4872764928441029
0.7729863844870124
0.3091884022287559
0.8493581856891979
0.48426222111447714
0.8048361630353611
0.3519879839150235
0.9931358677567914
0.5093145094870124
0.5269618397287559
0.561272248160094
0.5975434710562695
0.7247580379189458
0.9203473587404005
0.7450889935425948
0.8901738855056465
0.6490321518213023
0.9313894357474055
0.23035597120178863
0.4356955382390879
0.9711286081583239
0.5380577437754255
0.608923883526586
0.7427821493765805
0.8845144270162564
0.15223096159752458
0.4356955838156864
0.9711286869132891
0.5380577378964517
0.6089238912973087
0.7427821716992185
0.8845144344086293
0.15223097286070697
0.43569554275018163
0.9711286088859197
0.03805774304782972
0.1089238848653622
0.24278215313097462
0.3845144324586727
0.9022309744614176
0.6856955331459176
0.9711285948287696
0.5380577126343269
0.608923844381934
0.7427823524340056
0.8845146960520651
0.15223087108461186
0.43569555826252326
0.9711286293459125
0.53805779243703
0.6089236957486719
0.7427824104961473
0.8845141873171087
0.15223024593433365
0.4356933227390982
0.9711261700722389
0.5380694600462448
0.6089438570197672
0.7427809054788668
0.8845161766221281
0.1522359605296515
0.43569521518656984
0.9711290534469299
0.5380589472770225
0.6089238820131868
0.7427822205063421
0.8845145263185259
0.15223120333394036
0.43569471227237955
0.9711294688167982
0.5380564904480707
0.6089202833827585
0.7427744383749086
0.8845041662862059
0.1522822286351584
0.4357621959061362
0.9711029987665825
0.5380629184364807
0.6089291197713464
0.7427948678669054
0.8844661161710974
0.15229709254344925
0.43563195975730196
0.9709429602953605
0.5374906244396698
0.6082995457109064
0.7457817758258898
0.889627401571488
0.15191180811962113
0.4361412218422629
0.9724058966967277
0.5379750909924041
0.6090376896318048
0.7430905069049913
0.8845137998869177
0.15224845515331253
0.4357187441200949
0.9711880545946769
0.5378463449596893
0.6091440243180841
0.7424615586933214
0.8835925504972693
0.15025622950633988
0.43306657584616914
0.9842505317064933
0.5551221552013885
0.6023676914628595
0.7441071237262804
0.8858546659757849
0.15548617945751175
0.4233257463783957
0.9880556922289543
0.521781701099826
0.561397842830047
0.5975998605426867
0.7246837065031286
0.9201346169575118
0.7446148089074995
0.8894228797289543
0.652152794849826
0.935909561580047
0.7216232980426867
0.9136485502531286
0.23116977320751175
0.4355327776283957
0.9756045203539543
0.543998497974826
0.624141983455047
0.6886643136676867
0.9408702299406286
0.07015903102001175
0.1996929338783957
0.4655947547289543
0.8650434198207222
0.9681361241673585
0.11127173568820581
0.2061290189740248
0.49142367945751175
0.7787944963783957
0.8044619422580581
0.37139107601251453
0.9422572179464623
0.5761154854262713
0.7178477686538827
0.9855643033515662
0.5190288701851387
0.5544619479624089
0.6213910858496092
0.6922572172188666
0.9511154863866977
0.5928477714478504
0.7355643042828888
0.8940288715821225
0.17946194284013472
0.496391076099826
0.7547572178591508
0.2636154856008943
0.780347769119544
0.2980643040500581
0.8627788717858493
0.9607119416177738
0.1213910743535962
0.19225721407565288
0.4511154805368278
0.8428477940324228
0.4855643369955942
0.7690288588637486
0.8044619447609875
0.3713910786609631
0.9422572240291629
0.07611546196858399
0.21784780130838044
0.48556427340372466
0.7690287807199638
0.3044616653351113
0.871390771237202
0.9422586824803147
0.0761179821274709
0.21784761318122037
0.4855645220668521
0.7690294950443786
0.3044619018910453
0.8713911316590384
0.942257368384162
0.07611548525164835
0.2178477775596548
0.4855643157789018
0.7690289003949147
0.3044618390267715
0.8713911835802719
0.942257061280543
0.07611503542284481
0.2178468047932256
0.4855630207748618
0.7690352785575669
0.30447027448099107
0.8713878748239949
0.9422578647790942
0.0761161399714183
0.2178493584797252
0.48555826451047324
0.7690371365461033
0.3044539949623868
0.8713678700150922
0.9421863280294929
0.0760374432138633
0.21822272197459824
0.48620342518552206
0.7689889759931248
0.3045176527230069
0.8715507370652631
0.9422468863485847
0.0761297112039756
0.21788631335948594
0.4855642249749508
0.7690310568723362
0.3044648430077359
0.8713985068025067
0.9422307930944953
0.07614300303976052
0.2178076948330272
0.4854490688012447
0.7687820286664646
0.3041333219734952
0.8730313164414838
0.9443902693747077
0.07529596143285744
0.21801339046214707
0.4857318332360592
0.7694357724103611
0.3029157182900235
0.8735069615067914
0.9402227126120124
0.07017473035375588
0.19969998256419785
0.46558546330197714
0.8650168270978611
0.4680768511025235
0.8611778599442914
0.9565190993307624
0.11698869519750588
0.21520291225169785
0.48920606877072714
0.7788962216291111
0.3044415971962735
0.8719505650224164
0.9429998122213874
0.07801774793188088
0.21108303920482285
0.49260877873166464
0.7587698788556736
0.2749616167275235
0.8081993443192914
0.8581304274557624
0.4960170155100059
0.7639089669391979
0.27576612736447714
0.8114279599103611
0.3473493120400235
0.9755577427567914
0.5464238844870124
0.6177821522287559
0.697014435660094
0.9647309710562695
0.12319553791894577
0.18987860876950435
0.4443077434843872
0.8276738857093733
0.4615321521414444
0.8688894357765093
0.9491059714055154
0.0919455380353611
0.23675360894412734
0.3974327428441029
0.9370488844870124
0.21934465222875588
0.40795193568919785
0.9725434711144771
0.037258038006257266
0.10784735897323117
0.24508899269858375
0.3901738842832856
0.8990321517339908
0.6813894350489136
0.980355974228587
0.5606955421098974
0.5961286073434167
0.7255577430769335
0.9214238848071545
0.7427821529854555
0.8845144327206071
0.15223097515990958
0.43569553416455165
0.9711285975645296
0.538057708152337
0.6089238463900983
0.7427823352918494
0.884514747740468
0.15223095164401457
0.4356955652474426
0.9711286868550815
0.5380577377218287
0.6089238914428279
0.7427821710298304
0.8845144356309902
0.15223097219131887
0.4356955394614488
0.9711286125238985
0.5380577298637945
0.6089238979329821
0.742782132641878
0.8845143794023897
0.15223085059551522
0.4356953775859438
0.97112940979423
0.538058784295572
0.6089234843384475
0.7427822330791969
0.8845145174709614
0.15223116980632767
0.4356947830528952
0.9711296420427971
0.5380567493557464
0.6089209837373346
0.7427732909854967
0.8845046803762671
0.1522778402431868
0.4357754281372763
0.9711236219736747
0.538064706575824
0.608943842118606
0.7427808607753832
0.8845162138750311
0.15223578916629776
0.4356955281109549
0.9711288820835762
0.5380581053614151
0.6089248133357614
0.742778849118622
0.8845178753545042
0.15222596185049042
0.43568113358924165
0.9710977535578422
0.538016665232135
0.6091289145406336
0.7430487836536486
0.8844119951536413
0.1522516738041304
0.43571647914359346
0.9711794715258293
0.537864464771701
0.609188370173797
0.7425278390583117
0.8837718412687536
0.14996249781688675
0.4331981829018332
0.9831271033617668
0.5585096063732635
0.6076472324784845
0.7445648873981554
0.8896235868742224
0.15190036402782425
0.43615075858542696
0.972362027678173
0.5380551996349823
0.6089938206132501
0.7428749765094835
0.8847522184660193
0.15138537989696488
0.43657609733054414
0.9698462348314933
0.5343702020763885
0.6010249180253595
0.7322663034137804
0.9370021269132849
0.22048862086376175
0.4094707659096457
0.9764284949633293
0.543418663990451
0.621944717830047
0.6933029855426867
0.9522227690031286
0.08712680445751175
0.2455913713783957
0.3903994422289543
0.8987348260707222
0.6805384679173585
0.9784592356882058
0.5576915190031286
0.6086111794575118
0.7436382464074995
0.8864931922289543
0.654594201099826
0.924679092830047
0.7421311105426867
0.9024180815031286
0.17599399195751175
0.4965679338783957
0.7546572547289543
0.763480919849826
0.280636124080047
0.7987717355135828
0.862379018944921
0.46017367937020026
0.8725444967567455
0.44508694275282323
0.8245160758960992
