3.814697265625e-06
0.9999942779249977
0.9999952315993141
0.9999928474135231
0.9999959468550514
0.9999939202971291
0.9999949335760903
0.9999924003786873
0.9999961703724694
0.9999942555732559
0.9999952129728626
0.9999928194738459
0.9999959310225677
0.9999938965484034
0.9999949137854856
0.9999923706927802
0.9999961852154229
0.9999942778376862
0.4999952315411065
0.24999284732621163
0.8749959467968438
0.8124939202098176
0.3437449335178826
0.015617400291375816
0.9921836703142617
0.9882755054859444
0.490229587914655
0.2353443818865344
0.86669514971436
0.8000427245860919
0.3333689371647779
5.340576171875e-05
0.9999656676955055
0.9999485015578102
0.9999570846266579
0.99994325634907
0.9999635219282936
0.999949097604258
0.999954402417643
0.9999463855929207
0.9999655335850548
0.9999483003921341
0.9999569169885945
0.9999430346942972
0.9999633794359397
0.9999491371854674
0.9999542243022006
0.9999465933942702
0.9999656671716366
0.9999485007720068
0.4999570839863736
0.24994325550505891
0.8749635213753209
0.3124490968475584
0.0937044017482549
0.8905713847780135
0.9296530330611859
0.8944795496063307
0.4120662913483102
0.13373209635028616
0.8002563476329669
0.3332010904850904
0.0003204345703125
0.9995193481154274
0.9997520446486305
0.9996280669874977
0.9996900558180641
0.9995350837416481
0.9997365474409889
0.9996048211760353
0.9996783137030434
0.999517470569117
0.9997510760731529
0.9996266141242813
0.99969075244735
0.9995361286855768
0.999735518329544
0.9996032775088679
0.9996795605111402
0.9995193407812621
0.9997520408651326
0.9996280613122508
0.4996900511032436
0.24953507666941732
0.8747365434246603
0.8121048151515424
0.34342830881359987
0.01514246323495172
0.491938572289655
0.2379078584490344
0.86492513018311
0.7973876952892169
0.3351847330632154
0.003265380859375
0.9971160888380837
0.9965286254591774
0.9977684020705055
0.9966526031203102
0.9972105025954079
0.996372699708445
0.9976289272017311
0.9967218637175392
0.9971048235602211
0.9965303241915535
0.9977596848912071
0.9966471567458939
0.9972167722589802
0.9963785577274393
0.9976196651987266
0.9967345692857634
0.997116044833092
0.996528572490206
0.9977683680190239
0.9966525520430878
0.49721046004560776
0.2463726443820633
0.8726288910256699
0.3092218137171585
0.09085477940971032
0.8871553308563307
0.4274471507233102
0.14117838541278616
0.7882324218517169
0.3235270182194654
0.01666259765625
0.9750061034865212
0.9791717529005837
0.9687576293654274
0.9843711852736305
0.9765567779249977
0.9804639815993141
0.9706959724135231
0.9833943843550514
0.9750915765471291
0.9792429804510903
0.9688644706911873
0.9843101352162194
0.9764652028388809
0.9803876690275501
0.9705815035558771
0.9833371480635833
0.9750057221099269
0.9791714350867551
0.9687571526446845
0.9843709467968438
0.9765564202098176
0.4804636835178826
0.22069552529137582
0.8583946078142617
0.7875919117359444
0.322993259789655
0.015739889699034393
0.97649739580811
0.9803710937267169
0.4706217447819654
0.2332763671875
0.8500366210646462
0.7916564941115212
0.8125457763380837
0.7811965942091774
0.8593406676955055
0.7890110015578102
0.8241758346266579
0.76752138134907
0.8505494594282936
0.791453003854258
0.813186824292643
0.7803418934054207
0.8587912171788048
0.7882478609390091
0.823489021480782
0.766720073268516
0.8500343328050803
0.7916533150419127
0.8125429160136264
0.7811932555341627
0.8593385214044247
0.7890115968184546
0.3241731517773587
0.017524509748909622
0.975551470532082
0.4789522058854345
0.21943933819420636
0.85846354169189
0.7884765625058208
0.8234049478778616
0.26684570315410383
0.09973144525429234
0.9169311522855423
0.37539672845741734
0.6871795653714798
0.03076934808632359
0.9841270446195267
0.4761905669583939
0.7301588057889603
0.09523820871254429
0.9206349849118851
0.3809524773969315
0.6825396417989396
0.023809462727513164
0.9801587908877991
0.4702381863608025
0.7331349662854336
0.09970244945725426
0.9169146259664558
0.3753719389787875
0.6871900508995168
0.030785076378379017
0.9841115436283872
0.4761673155298922
0.23014705895911902
0.84522058852599
0.7956495095277205
0.31847426437889226
0.0263020831043832
0.9769531246856786
0.4723307293606922
0.7319335941283498
0.598388671525754
0.16516113237594254
0.2523803708027117
0.6217346187331714
0.18461608851794153
0.7777786250517238
0.8571434018085711
0.28571510274196044
0.5714292522752658
0.14285707430099137
0.28571486443979666
0.5714288945891894
0.14285677636507899
0.7857148940965999
0.8214291182230227
0.2678568731644191
0.5982146967435256
0.16517891132389195
0.25223163393093273
0.6216525529162027
0.1847104587359354
0.7776226470305119
0.857003892888315
0.28578431278583594
0.07132353080669418
0.8930147037608549
0.41084558647708036
0.1338541676523164
0.7992187484924216
0.8326822904055007
0.25097656436264515
0.6235351534269284
0.6862792945175897
0.5294189417909365
0.7333374003355857
0.6000061005179305
0.6666717504267581
7.625669240951538e-06
0.9999961834109854
0.99999427513103
0.9999952292710077
0.9999928439210635
0.999995944875991
0.9999939173285384
0.9999949311022647
0.49999239668250084
0.7499961685098242
0.6249942527792882
0.6874952106445562
0.5312428197066765
0.7343709290435072
0.6015563954424579
0.66796366131166
0.0019454992143437266
0.9990196208527777
0.9985294312937185
0.49877452608780004
0.24816178914625198
0.8739583471615333
0.8109375208732672
0.3424479339737445
0.5136719011643436
0.7412109206488822
0.6118163809878752
0.17651365083293058
0.2667236049892381
0.6000366031948943
0.6666564692859538
4.575401544570923e-05
0.9999465681321453
0.9999656509316992
0.9999484764121007
0.9999570636719
0.9999432286422234
0.9999635041167494
0.9999490727495868
0.9999543801532127
0.4999463594285771
0.7499655465653632
0.6249483198625967
0.18745693322853185
0.28119302925188094
0.6093383932311554
0.664011643093545
0.01167299528606236
0.9862746923172381
0.9911765879078303
0.9867648818762973
0.48897073583793826
0.23541686200769618
0.8656251246575266
0.2994791023375001
0.08203140707337297
0.3769528893753886
0.6865233159333002
0.5297849739145022
0.7331541458552238
0.5997312187973876
0.6669310231809504
0.00039653480052948
0.9996794089383911
0.9995191134221386
0.9997519235766958
0.9996278853795957
0.9996899044781458
0.9995348567317706
0.9997364188020583
0.9996048666362185
0.9996781566296704
0.4995176522061229
0.749750954535557
0.6246264318178874
0.6871906014566775
0.53078617414576
0.7341103891958483
0.10116595914587379
0.9176481540489476
0.8764722385385539
0.9362753572931979
0.904413039679639
0.42083247788832523
0.13124872336629778
0.8072925671294797
0.8359391006524675
0.2617173363105394
0.6113264308078215
0.17870984357432462
0.26806476910132915
0.5983873128716368
0.6651593645219691
0.00237920880317688
0.9967330246872734
0.9971146806783509
0.9965269304520916
0.9977673124230932
0.9966509686491918
0.9972110478847753
0.9963737895886879
0.9976277694513556
0.9967224088322837
0.9971059132949449
0.4965286300284788
0.7477607665641699
0.6216487829806283
0.18471621794742532
0.2776293710921891
0.6069958144798875
0.16079556426848285
0.25883346117916517
0.11176129718660377
0.4264782158716116
0.14167048234958202
0.7874942764465231
0.8229118970339186
0.2656331080943346
0.6015503378293943
0.6679586148529779
0.5019379222940188
0.7490157762949821
0.623523664457025
0.6862697203760035
0.02940458059310913
0.9833292662806343
0.9749938994355034
0.9791615828580689
0.9687576330907177
0.9843635540164541
0.9765529604337644
0.9804544425278436
0.9706950152467471
0.9833862761443015
0.9750875204626936
0.9792328451876529
0.46886440739035606
0.7343024741567206
0.6014613704464864
0.6678780927031767
0.5018458051781636
0.7489540119131561
0.6234315245237667
0.6861925148987211
0.029304977622814476
0.9833867529232521
0.9750877589103766
0.47923344117589295
0.7188635134079959
0.6093020270636771
0.6639606700045988
0.011627533851424232
0.48622086842078716
0.7411419868294615
0.6117130120401271
0.17642748355865479
0.7666097283072304
0.8500854670710396
0.7917378693528008
0.8126068338460755
0.7811813093430828
0.859271986380918
0.7889766441367101
0.8241052417724859
0.7675051411788445
0.8504841149260756
0.7914126862597186
0.8131251708255149
0.28032654884736985
0.6088443676999304
0.6632744193775579
0.011070778040448204
0.4853622467489913
0.7407086564053316
0.612051036034245
0.17589090182445943
0.7675060954352375
0.8504807765420992
0.7914186469861306
0.3131200453499332
0.5303199319459964
0.7338479733443819
0.10077196004567668
0.9173254648339935
0.375988197280094
0.6860254605708178
0.5300147533707786
0.7325357198133133
0.10051256412407383
0.9164023100747727
0.37564106279751286
0.6865385397686623
0.030753854603972286
0.9836310129030608
0.4759424300282262
0.7295387661433779
0.09517599287210032
0.92010795121314
0.38168089161626995
0.6818963506666478
0.5240381090261508
0.7296608215547167
0.09499289485393092
0.9200163798523135
0.3817571836989373
0.6820107757521328
0.5241029807657469
0.7295177804189734
0.09519220498623326
0.9201389418449253
0.3816963944991585
0.18191959176328965
0.2739956123405136
0.6046317602740601
0.15750554416445084
0.2637416837387718
0.6161063510226086
0.1742291453119833
0.27015042264247313
0.594774603494443
0.17036873058532365
0.2565319237182848
0.6192305829026736
0.18055584246758372
0.7767851087555755
0.8526791163603775
0.28348187037045136
0.5747771944152191
0.14564766202238388
0.28152850695187226
0.5777072395430878
0.14808936629560776
0.2847027225070633
0.5758759613381699
0.1450982785609085
0.2823525821440853
0.5764711267547682
0.14705927230534144
0.2833330790163018
0.5750003814464435
0.14583365121507086
0.2812504768371582
0.5781242847151589
0.6484369039244484
0.5351553559012245
0.7011713683314156
0.5830070525116753
0.6264642104215454
0.5607900656468701
0.7176508884585928
0.5764763327024411
0.647063610580517
0.5333395565103274
0.7000040689890739
0.5833312988106627
0.6250050862436183
0.06249237060546875
0.9687461852736305
0.9531192779249977
0.9609327315993141
0.9413990974135231
0.9667928218550514
0.9501892327971291
0.9584910273260903
0.9377365410036873
0.9686241000599694
0.9529361501045059
0.9607801250822376
0.9411701876379084
0.9666631063155364
0.9500022888823878
0.9583288829016965
0.9375066758075263
0.9687457083782647
0.9531185625819489
0.4609321354946587
0.1913991569308564
0.8417923151573632
0.7626889495877549
0.36474039396853186
0.047112438711337745
0.9608111213019583
0.9412166819674894
0.4666389016492758
0.1999593098880723
0.8333618163887877
0.7500508626108058
0.3749542236328125
0.5624465942091774
0.7187156676955055
0.5780735015578102
0.6483945846266579
0.53509950634907
0.7011353969282936
0.582956910104258
0.626419246167643
0.5607374012179207
0.7176169007725548
0.5764253511733841
0.6470821611292195
0.5333750415302347
0.6999679570726585
0.5833498635038268
0.6250400549906772
0.5624399176740553
0.718719005031744
0.5780785075621679
0.1483987563115079
0.2850981345982291
0.576138942851685
0.14545841436483897
0.28267463226802647
0.5763556986057665
0.6473077511473093
0.5334616267355159
0.1998209634621162
0.33317871094914153
0.5002644855994731
0.2496032715716865
0.374679565342376
0.06201934802811593
0.9685020445904229
0.9527530669001862
0.4606275557598565
0.19094133365433663
0.8415334223827813
0.7623001335887238
0.3644244073948357
0.0471248923568055
0.9605665057024453
0.9410938991932198
0.4663350394985173
0.19992980535607785
0.8331019123143051
0.7504081785446033
0.37463950613164343
0.06206607073545456
0.968471046508057
0.9527065697766375
0.9605888081423473
0.9409528304531705
0.9665004869166296
0.9497855395020451
0.9581341917219106
0.9377987124025822
0.46834788654814474
0.20276692786137573
0.3354980465664994
0.0036214196297805756
0.4976196294592228
0.24673461835482158
0.37211608816869557
0.5590286246442702
0.7165184015466366
0.5747776023345068
0.14564800195512362
0.2815289488644339
0.5777070516487584
0.14808905046083964
0.284702479140833
0.5758760265016463
0.6450985515548382
0.5323527223663405
0.20147092200932093
0.33455909887561575
0.502082860446535
0.24687571325921454
0.37239642441272736
0.5585946514911484
0.7167963646061253
0.5751945469237398
0.6459954557649326
0.5314931911125313
0.7030024470004719
0.58575367424055
0.6287530587578658
0.5603170951362699
0.21569010042003356
0.32548827936989255
0.019612625532317907
0.9705810616724193
0.4833373983565252
0.22500609754933976
0.3541717479529325
0.03125762194395065
0.9531211815483402
0.9609317723370623
0.9414014769427013
0.9667897154286038
0.9501912553969305
0.9584900081099477
0.9377390692534391
0.9686203226447105
0.45293806117842905
0.2107791620946955
0.31617258393089287
0.02915999895776622
0.4812543193984311
0.22395667442469858
0.3515679090342019
0.03514910477679223
0.9511673412343953
0.958001488703303
0.438959176564822
0.21703430300112814
0.8270220269041602
0.7717830701731145
0.346277541219024
0.043098950845887884
0.4431640886759851
0.21175131516065449
0.823486370180035
0.7667235771659762
0.35003658532514237
0.04165644446038641
0.4375457316637039
0.7186965420551132
0.5780906341678929
0.6483859512663912
0.535113292717142
0.7011150759353768
0.5829712988052052
0.6264138916449156
0.5607453735137824
0.7175977600272745
0.07644255072227679
0.3970735238690395
0.15835843124659732
0.7624628937337548
0.3646140700147953
0.04692140143015422
0.460898443358019
0.6913484997057822
0.5917637007369194
0.6376460279570892
0.05220557961729355
0.45330879517132416
0.6951590563403443
0.08961430404451676
0.38463510252768174
0.6746094721602276
0.019856527709634975
0.4702152084209956
0.7331539947772399
0.09973099225317128
0.4169308940763585
0.6253963411436416
0.06217925238888711
0.9682688786706422
0.9528768024174497
0.46056520371348597
0.1910960030509159
0.8413315046636853
0.7624320794129744
0.3643512442067731
0.04728601750684902
0.9605774637893774
0.4409739774418995
0.7165146771876607
0.5747794356429949
0.1456469367549289
0.28153127030236647
0.577707672084216
0.148087183595635
0.7847051620774437
0.825877666415181
0.27009701723000035
0.5948547124280594
0.17022186511894688
0.7564317881478928
0.3692739754333161
0.5554673894657753
0.21419415244599804
0.8212912510498427
0.26806313259294257
0.5983859537518583
0.1651575958239846
0.7523780472693034
0.3717314295936376
0.5596132717037108
0.7152752349211369
0.5758912219898775
0.1450906482350547
0.28236402763286605
0.5764539585215971
0.14704496544436552
0.2833421399118379
0.574988220614614
0.645822801918257
0.03126579709351063
0.9531013043306302
0.9609177536040079
0.9413767496298533
0.9667800905590411
0.9501711528573651
0.9584751132060774
0.4377145762555301
0.7186121937993448
0.5779182907135691
0.648265242256457
0.5349283809773624
0.20102545592817478
0.332804396370193
0.0012818199174944311
0.49807727662846446
0.7490081169817131
0.6235121754871216
0.6862601462344173
0.5293902198318392
0.23332112430944107
0.34998169043683447
0.0416819229722023
0.9375228918797802
0.9687309246219229
0.9530963869474363
0.9609212851792108
0.9413819277833682
0.9667766074126121
0.95016491113347
0.9584807728533633
0.4377211593091488
0.7186087798036169
0.5779131697199773
0.6482686339586508
0.5349334722559433
0.701021828543162
0.5828056366008241
0.6262874575913884
0.06057071348186582
0.9677538849937264
0.9516308275051415
0.45969998577493243
0.18955093281692825
0.34073850282584317
0.013062310114037246
0.9884636598289944
0.4861136380350217
0.7410730567353312
0.6116095851175487
0.17634135085972957
0.2667399287165608
0.09989012280129828
0.4165751188993454
0.6251373514242005
0.5622939802415203
0.7185783218301367
0.577898000337882
0.6482915668457281
0.5349526127974968
0.7009894669463392
0.5827933301043231
0.6263269559131004
0.06058419111650437
0.9677231888344977
0.951615420053713
0.45966185387806036
0.18953960028011352
0.8407058881421108
0.7631110910442658
0.36342428089119494
0.5486154263780918
0.7097925982961897
0.5647194155026227
0.1529267831647303
0.29411032926873304
0.06665463570971042
0.9000184152100701
0.916681828268338
0.3750230339355767
0.6874807302083354
0.5312212150020059
0.7343585728958715
0.6015380422468297
0.16794827586272731
0.7519228010205552
0.3740080221614335
0.061012033256702125
0.9675101022294257
0.9512651533586904
0.4598835384531412
0.18982530769426376
0.8405100012023468
0.7627183653530665
0.36375024099834263
0.5485552280151751
0.7095783179684076
0.5646117368014529
0.1530862094659824
0.29429648333461955
0.5664595069829375
0.1503484692366328
0.2919367027061526
0.06295087514445186
0.905955651513068
0.9214639985875692
0.8824524396623019
0.9331614577677101
0.40010839779279195
0.1665762954216916
0.25013916107127443
0.6247929403325543
0.18732684399583377
0.28102173772640526
0.6092291270324495
0.66385978544713
0.5115368062397465
0.23611290674307384
0.36607219954021275
0.5491087167465594
0.7075909202976618
0.5636141636641696
0.15457875447464176
0.29548229539068416
0.5684981683734804
0.15115995108499192
0.2893772895040456
0.06593406572937965
0.904029304132564
0.9185592187277507
0.880036630172981
0.9299450551334303
0.9019688643456902
0.9156974969955627
0.8774610804393888
0.43380837931181304
0.15415808159741573
0.2937380760849919
0.06769760200404562
0.39845359697937965
0.667945319757564
0.5019332421652507
0.748994149704231
0.6235180531803053
0.6862553633691277
0.5293983636947814
0.7333074854686856
0.09998994364286773
0.4166788716975134
0.125018307560822
0.3124745661916677
0.09372711554169655
0.8905982915021013
0.929670329176588
0.8945054937794339
0.9120879133406561
0.8837606847228017
0.9252747247519437
0.8957264944911003
0.4065934084064793
0.140170941100223
0.3043956039182376
0.08162393092061393
0.3804945067677181
0.18023504185839556
0.2765796688909177
0.10285790520720184
0.9082245867175516
0.887666934664594
0.9272278497810476
0.39084368204930797
0.6639176270691678
0.011508831667015329
0.4861582991434261
0.7409867238311563
0.6116651609772816
0.1763135330111254
0.26679115573642775
0.5999396618572064
0.1665120164398104
0.7502319753111806
0.8748677919211332
0.8123016878962517
0.34358974915812723
0.015384623751742765
0.4920634804002475
0.23809522806550376
0.3650793672713917
0.047619054646929726
0.46031744792708196
0.19047618634067476
0.8412698468600865
0.7619047703046817
0.8650793682900257
0.29761905246414244
0.5853174511285033
0.6279761843907181
0.5600198437459767
0.21502977164345793
0.3260168669221457
0.020275304123060778
0.4700830736546777
0.7324683735496365
0.1005471899989061
0.9164457854931243
0.37569948472082615
0.6865961039147805
0.530660468590213
0.733551745506702
0.6008447337371763
0.6671057301864494
0.5013918519834988
0.24818916112417355
0.8738101274939254
0.3108668399800081
0.09230780211510137
0.8888889492955059
0.4285713982244488
0.1428570973512251
0.28571436885977164
0.5714286282891408
0.14285711807315238
0.2857143340515904
0.5714286219445057
0.14285708242096007
0.7857143763394561
0.8214286469446961
0.7678571199066937
0.348214349913178
0.04017860008752905
0.4397321017750073
0.2154018696746789
0.8253348820726387
0.26981023751432076
0.595284643699415
0.17054971799370833
0.2558941953466274
0.6200649644015357
0.18013225580216385
0.2770429173251614
0.6031124174187426
0.6588233162183315
0.011765025643398985
0.49019549405784346
0.2352937179384753
0.8666658838337753
0.7999996602302417
0.33333369591855444
5.438923835754395e-07
0.9999991841323208
0.9999993201054167
0.9999991142831277
0.9999994220852386
0.9999992001976352
0.9999992925149854
0.9999991539225448
0.999999453953933
0.4999991809600033
0.7499993211822584
0.12499911643681116
0.4374994198442437
0.656249201274477
0.04687429466866888
0.44531165063381195
0.7148432060785126
0.5722648091323208
0.6435540076054167
0.5356436455331277
0.6970209064602386
0.5806876767601352
0.6290886479837354
0.5564261558756698
0.7137293123523705
0.07059396855765954
0.8941147691803053
0.4117594466370065
0.13333739439258352
0.7999979614978656
0.3333282569947187
7.614493370056152e-06
0.99999617782305
0.9999942667491268
0.9999952222860884
0.9999928334436845
0.9999959389388096
0.9999939084227663
0.9999949236807879
0.9999923855357338
0.9999961628927849
0.4999942592694424
0.7499952036305331
0.12499283155193552
0.937495923077222
0.40624390047742054
0.6718699038610794
0.007804885390214622
0.9960899277648423
0.9941348916618153
0.49511240972788073
0.242668614606373
0.8708455482556019
0.8062683223979548
0.33855693534133025
0.007835403142962605
0.9882621540455148
0.49020574605674483
0.23533532198052853
0.8666748841351364
0.8000285386806354
0.33334360519074835
4.5686960220336914e-05
0.9999464899010491
0.9999656006402802
0.9999484009749722
0.9999570008076262
0.9999431455216836
0.9999634506821167
0.9999489981855731
0.9999544325692113
0.999946459691273
0.999965466267895
0.499948333541397
0.749956862651743
0.12494311344926246
0.4374633228289895
0.6561991579947062
0.04682931234128773
0.9452589890861418
0.9648093501164112
0.9472140251891688
0.4560116876673419
0.19183767592767254
0.8376099354354665
0.2603249753883574
0.10951253853272647
0.9294813716842327
0.8943593866424635
0.4118822322052438
0.13364292780170217
0.8000892162090167
0.3330693642201368
0.0003959536552429199
0.9996789395518135
0.9995184093422722
0.9997515603608917
0.9996273405558895
0.9996894504583906
0.9995351293764543
0.9997360328852665
0.9996045261796098
0.9996776854095515
0.9995183758728672
0.9997505898936652
0.4996268534450792
0.7496901484555565
0.12453596031991765
0.9372350017656572
0.40585404029116035
0.67155393466237
0.5073309020081069
0.7458453065773938
0.6187679673312232
0.1823066332435701
0.2734609165927395
0.6054489194939379
0.6581738640088588
0.01463129380135797
0.49069879567832686
0.2370400148211047
0.863373502070317
0.7987509727245197
0.33484594026231207
0.0023757219314575195
0.9967282414145302
0.9971104561991524
0.9965218454308342
0.9977716728753876
0.9966575093276333
0.9972145911015105
0.9963713371835183
0.9976324024319183
0.9967233289207797
0.9971025067789014
0.9965351703867782
0.9977629684726708
0.49664552562171593
0.7472192115383223
0.12138157643494196
0.43512424180516973
0.652978191501461
0.04398547174059786
0.44183438178151846
0.7126153888821136
0.5728294003929477
0.6407692510110792
0.5388518455729354
0.6990484499256127
0.07985319249564782
0.8816850549774244
0.43192942001041956
0.14899279276141897
0.7921396255260333
0.3137590090336744
0.029361486434936523
0.9833048581785988
0.9750183224387001
0.9791310727305245
0.9688034206337761
0.984340660244925
0.9765109903819393
0.9804258253134321
0.9706463673792314
0.9833619515120517
0.9750467419798952
0.9792024393973406
0.9688184410624672
0.9842794909491204
0.4764802865101956
0.7303493637009524
0.09563854237785563
0.9208046034327708
0.38126817968441173
0.6822557543055154
0.023491368512623012
0.9804341713024769
0.9706512569682673
0.483355214149924
0.22504045075038448
0.8542117847828194
0.2813215068599675
0.07801863725762814
0.8983533223217819
0.9100452422862872
0.38859717050218023
0.17665719985961914
0.7670004367537331
0.8497437238402199
0.7917988896078896
0.8128205239481758
0.7807692438072991
0.8591269775934052
0.7886904664046597
0.8239087219990324
0.7671130979142617
0.850322413694812
0.7911086280073505
0.8133990469796117
0.7806454743549693
0.8585766923497431
0.28835333470487967
0.573344872915186
0.14199974251096137
0.28724548424361274
0.5730496466276236
0.14094821107573807
0.7885783986130264
0.8239685780426953
0.7672066892264411
0.35027334178448655
0.04104219318833202
0.9384553797135595
0.9682338938582689
0.45237375897704624
0.21030197144136764
0.31546847021672875
0.528750419645803
0.7306799888028763
0.09943795198341832
0.9148157834424637
0.3782661556615494
0.6846154629602097
0.027777686656918377
0.9821429177536629
0.4732143766595982
0.7276786472066306
0.09598212031414732
0.9185268501169048
0.3800223499420099
0.6799664770369418
0.026925306767225266
0.9781669135845732
0.9712262535176706
0.9806606205820572
0.9744437609042507
0.9772992249054369
0.972039451386081
0.9815009689773433
0.4731069123954512
0.7282211364945397
0.09626895669498481
0.41809656494297087
0.6306714821548667
0.5555042937921826
0.7141225175000727
0.07139739973354153
0.39299647029838525
0.1607837679621298
0.2588243480422534
0.6117644306505099
0.17647004083846696
0.2666672465275042
0.5999997254111804
0.16666611994151026
0.7500008489296306
0.8749994558165781
0.312499183753971
0.5937493197852746
0.14062411387567408
0.30468692182330415
0.5820304502849467
0.1308586671948433
0.8056632168299984
0.8393549229658674
0.7590323844633531
0.8616936574399006
0.8013296827848535
0.8293146056530531
0.7561790105246473
0.8696510893641971
0.3049040887854062
0.5897039693663828
0.13455595407867804
0.7996309153968468
0.3322933395684231
0.001560467469971627
0.9986968984012492
0.49804941564798355
0.7490196264989208
0.6235332470096182
0.6862764330289792
0.5294165587692987
0.7333338225435
0.6000040749495383
0.6666687100951094
0.5000050936941989
0.24999238178133965
0.8749961759604048
0.8124942639551591
0.8437452236830723
0.7656178355391603
0.8671834369597491
0.8007751554541755
0.8339793010964058
0.2509689516737126
0.6245078797801398
0.18676183460047469
0.7806348534650169
0.358452302578371
0.5385396222700365
0.19843445112928748
0.8294245327997487
0.755863200960448
0.8701114560535643
0.805170998792164
0.3395924488140736
0.009395348955877125
0.9869934220623691
0.9883066863403656
0.4863052590517327
0.741184208454797
0.611799223232083
0.17648789743543603
0.2667021540692076
0.6000082214886788
0.6666382371913642
5.081793642602861e-05
0.4999542907171417
0.24994649359723553
0.87496558384737
0.31244839070132
0.5937070133513771
0.14056815690128133
0.8046509328414686
0.33198024285957217
0.5058138293388765
0.743110525974771
0.6205709480273072
0.6808565412648022
0.025713688897667453
0.47705494923866354
0.22191768235643394
0.35680648166453466
0.5352097234572284
0.1972311912686564
0.8310031046858057
0.2543515042925719
0.11883966973982751
0.9322143996541854
0.8985696144227404
0.9177705788169987
0.37679275032132864
0.6862828763842117
0.5296610567893367
0.7329681481642183
0.5998204625502694
0.666820537939202
0.00026511127362027764
0.9996042106067762
0.49967908082180656
0.24951862124726176
0.8747514390561264
0.8121271585987415
0.8434395409713034
0.7651602656114846
0.3669234189146664
0.05038584434078075
0.4586622022325173
0.687994733947562
0.5930121905985288
0.14000753621803597
0.8037673840299249
0.33150610185111873
0.005075468419818208
0.49250887901871465
0.24561260911286809
0.36889194359537214
0.5572446451114956
0.7111149341799319
0.07399840859579854
0.3924364492704626
0.16287347048637457
0.26008445961633697
0.6098847546381876
0.17892668340937234
0.26890263997484
0.5986683678638656
0.6644974481896497
0.0036200497997924685
0.9976252637861762
0.9967278359690681
0.4971117275126744
0.24652208428597078
0.872770584828686
0.30915696505689994
0.5909634992713109
0.13699606669251807
0.3023188805091195
0.5787558712181635
0.13186714728362858
0.8080588384473231
0.8371194912178908
0.7600737941684201
0.3598912272427697
0.0539360812981613
0.9563959878869355
0.44242184722679667
0.21136798927909695
0.32394138773088343
0.017162564385216683
0.9752403472666629
0.47854679450392723
0.7196798603690695
0.6088480772159528
0.6632721177011263
0.5110753553162795
0.7353630399738904
0.6157130727369804
0.6745462015387602
0.01964515564031899
0.9706298989185598
0.9832967062538955
0.9750061243539676
0.4791412080230657
0.21880338713526726
0.8593330140865874
0.7890071654401254
0.824181530129863
0.7675280396069866
0.850541327468818
0.791448929841863
0.8131966913933866
0.28034229209879413
0.6087835634825751
0.16324400986195542
0.2609947914024815
0.6104615322838072
0.6781512193847448
0.018204107036581263
0.472694090945879
0.2284655749099329
0.8466355551790912
0.7934022918925621
0.3180791473714635
0.5239951740077231
0.7296327248914167
0.09500603508786298
0.41999097738880664
0.6317326452408452
0.5570426846970804
0.21155608957633376
0.8232908739882987
0.7670492689067032
0.8497926652489696
0.7918394455919042
0.3127591684751678
0.030876029224600643
0.9840581919415854
0.4760950365453027
0.730194813979324
0.09532105474499986
0.9205694732372649
0.38087030686438084
0.6826030695519876
0.5239165606617462
0.7302117396320682
0.5953257012588438
0.670579786907183
0.5058811248163693
0.24508890003198758
0.867657192167826
0.3083240872074384
0.08750187401892617
0.8854098774027079
0.42188807515776716
0.14842659517307766
0.28514209151035175
0.5761626178282313
0.14549500291468576
0.7827035419177264
0.32640246613300405
0.022330106265144423
0.4709952161065303
0.7310377198155038
0.09875599114457145
0.9143660169793293
0.37850819565937854
0.18519418651703745
0.7778842631087173
0.8566459172288887
0.28546575509244576
0.5718013673322275
0.14328989133355208
0.28524829080561176
0.5721886063693091
0.14343963647843339
0.28557877929415554
0.5719236909935717
0.6431066442746669
0.03534015276818536
0.4471123329421971
0.20582495804410428
0.8167642866319511
0.7749511174624786
0.35420731143676676
0.03131110314279795
0.9530333452566992
0.9608611210423987
0.9412916983419564
0.9667319528816734
0.9500979377189651
0.4584149429865647
0.18762244138633832
0.8435665878350846
0.2654719520942308
0.6169583544833586
0.17565117162303068
0.27128949959296733
0.5945639729325194
0.6711432834272273
0.006957158446311951
0.9955438896722626
0.9933158345229458
0.9944298620976042
0.992743560083909
0.995265382778598
0.9934474576439243
0.9942038136941846
0.9930692795023788
0.9955264829914086
0.49329020135337487
0.7444396979408339
0.1177622482937295
0.4327468881965615
0.6497077926760539
0.04109763973974623
0.43835544399917126
0.7182002057961654
0.5773003087088
0.6477502572524827
0.534247456205776
0.7005877186602447
0.582192613161169
0.12671121084713377
0.3113980311900377
0.5920994253538083
0.6392482495575678
0.5528693759988528
0.7058608213847037
0.5667277097527403
0.6499084432725795
0.041742950677871704
0.9376144557900261
0.9686851426668
0.9530277140147518
0.9608564283407759
0.9412846425257158
0.9667355934798252
0.9501033902342897
0.9584194918570574
0.9376292378001381
0.9685628190054558
0.45296631375094876
0.7107035237713717
0.06626893481006846
0.9041061312309466
0.41878126811934635
0.6301326640532352
0.05480288143735379
0.9647784148401115
0.9471676222747192
0.45597301857196726
0.19177298340946436
0.837584695284022
0.7602837707090657
0.8596029543259647
0.8045420478156302
0.8318283305270597
0.25567755979136564
0.11794856388587505
0.932967138272943
0.8994507392053492
0.4164530634880066
0.6256867348856758
0.5615919977135491
0.7181662842340302
0.5773104615218472
0.6477078552998137
0.5342983090959024
0.7006203415512573
0.5821805197920185
0.6267521086556371
0.5613444890186656
0.717065371281933
0.07676191214704886
0.8966370389098302
0.4089506925374735
0.1370772665250115
0.802295588713605
0.32881728862412274
0.5068978081399109
0.7455133780895267
0.6183311032364145
0.1818917226337362
0.2740431492566131
0.6046689994982444
0.15749565575970337
0.7637717752368189
0.3661226009717211
0.5492067897284869
0.7076916375663131
0.06349344257614575
0.40476091697928496
0.17063343530753627
0.7559517024783418
0.37004026761860587
0.055060401442460716
0.9645342751464341
0.946801412734203
0.4557899142673705
0.19149832508992404
0.8378135779930744
0.7606270938413218
0.3597975049924571
0.05434558918932453
0.9565832371590659
0.44305501217604615
0.21151665167417377
0.8233786347846035
0.7668985316995531
0.349688680464169
0.04187513762735762
0.43791972659528255
0.7184104202024173
0.5776766729250085
0.6481350974354427
0.5347560780064669
0.7008187083119992
0.5825696166139096
0.12617609309381805
0.310858109529363
0.09231046092463657
0.8888933174894191
0.4285620058653876
0.6428658970689867
0.5357102149864659
0.1964352719078306
0.3303624086547643
0.504456414928427
0.7433161059452686
0.6194297253387049
0.18024376526591368
0.276515074132476
0.6028226799098775
0.1582662220171187
0.26260066858958453
0.6146672846807633
0.6720009344862774
0.023248628043802455
0.47249884117627516
0.7321858067298308
0.09849900894914754
0.4153343017096631
0.6270300187752582
0.05945497180800885
0.9662432325130794
0.949364848784171
0.4587806050258223
0.18829393899068236
0.8430473736661952
0.7647546484076884
0.8666143951995764
0.7999376897932962
0.3332988701586146
8.233200060203671e-05
0.9998803185299039
0.49993538155104034
0.24990641672047786
0.3749206602515187
0.06238302090787329
0.46868134289979935
0.7030296213633846
0.5858554746664595
0.6287870267115068
0.5604824940382969
0.7157266020949464
0.5756040712294634
0.644658252625959
0.533012650848832
0.20199165114900097
0.8342377375229262
0.25255060655763373
0.6212656436837278
0.1853197758900933
0.7781742148217745
0.3567298308480531
0.5352177704626229
0.6971733443497214
0.5809777869144455
0.12927918232162483
0.30633111897623166
0.5884029294247739
0.1330359839485027
0.8006291518686339
0.3337852851545904
0.0008004767587408423
0.9992933777684812
0.9991240079980344
0.49942225622362457
0.24915775054250844
0.37431837123585865
0.5615998358116485
0.21814721066039056
0.8273276276013348
0.7727297897217795
0.3467816197371576
0.04434244649019092
0.9415432411769871
0.9626994433347136
0.44807787201716565
0.20337446746998467
0.3199392589740455
0.5270338633272331
0.7280516294704285
0.596414757106686
0.6680610964540392
0.005782367283245549
0.4930487858655397
0.24554008059203625
0.8683101227215957
0.806925101642264
0.8364873591053765
0.7608939652272966
0.8606408023333643
0.8028021486243233
0.33095875117578544
0.004311722004786134
0.9937765650392976
0.994686715916032
0.9923984361812472
0.4959223507612478
0.24391708729672246
0.36996522624394856
0.05497647754964419
0.46442364813992754
0.6969253899296746
0.08060585442581214
0.37909130775369704
0.681485138455173
0.5261358652787749
0.7269174731336534
0.09721548549714498
0.4196384149545338
0.12945780195877887
0.3058133568847552
0.5881778667971957
0.6333659549127333
0.04995108541334048
0.9582927102455869
0.4375611432187725
0.21865837456425652
0.8280486082076095
0.27332297194516286
0.59759129275335
0.16982453042874113
0.7548016462242231
0.3685306679981295
0.056823383551090956
0.961700008920161
0.948592862667283
0.9541392942483071
0.9437977343332022
0.4635787432489451
0.1953799166076351
0.3319340589805506
0.5057762963115238
0.24304525594925508
0.8705417138407938
0.30581310723209754
0.5881782301003113
0.13336624627118
0.2999506305786781
0.5832924380083568
0.12506171176210046
0.8124075552623253
0.8436731368710753
0.7655097667884547
0.867121938674245
0.30068313505034894
0.5839027714973781
0.6258551109349355
0.06194977057748474
0.4679254903458059
0.7024376082408708
0.5850289595255163
0.6283216689771507
0.5597319327061996
0.21509001837694086
0.3258026586845517
0.5202000518038403
0.71975332844886
0.6078928984643426
0.6628159700485412
0.5098661230877042
0.235262088914169
0.3665893336001318
0.049977639311691746
0.4582672441902105
0.18759913370013237
0.8436698522127699
0.7655047783337068
0.8671254808723461
0.800688221323071
0.8339068510977086
0.7508602766611148
0.8744458234286867
0.31166879477677867
0.5930591875803657
0.13971095602028072
0.8041064397839364
0.8312206948467065
0.7551335268071853
0.36730424006236717
0.5585256899357773
0.21279435080941767
0.823159654304618
0.7659932980313897
0.35125431275810115
0.04250837743165903
0.43919002087204717
0.2173823592311237
0.32633294572588056
0.5222200468706433
0.7210666076280177
0.10601454062270932
0.4113441285153385
0.1331297199067194
0.30031304951990023
0.583710158825852
0.12559480222989805
0.31168325612088665
0.593028670118656
0.1397567325620912
0.8041293280548416
0.33119399211136624
0.5051621369202621
0.24225750984624028
0.8709889736201148
0.8065536491048988
0.8387540174007881
0.7582263957592659
0.3629350646515377
0.5522780404426157
0.20380997491884045
0.31941878687939607
0.026735602208646014
0.47771891817683354
0.7209750545443967
0.10606031751376577
0.41129072225885466
0.6330648702569306
0.050402694585500285
0.45866915056831203
0.18800372679834254
0.3429945289972238
0.514995341480244
0.24124323576688766
0.8627460561401676
0.8019622210122179
0.8284325701824855
0.7573511455848347
0.8708323163155001
0.806248474487802
0.838540395401651
0.7578144078142941
0.363278388249455
0.052731990203028545
0.45409798531909473
0.1948221916682087
0.8391082875314169
0.2591527395998128
0.611385359428823
0.17672537962789647
0.2670411944563966
0.09981297454214655
0.41680930557777174
0.1252745314850472
0.8121183402254246
0.3434217776521109
0.5151479252963327
0.2419298882014118
0.8629062764230184
0.3024161749635823
0.578632845543325
0.1320507446944248
0.3079665780242067
0.08695082864142023
0.3852026015811134
0.17256242776056752
0.7725289128138684
0.3470717463060282
0.5441068736254238
0.19165242876624689
0.8375213646213524
0.2604344641440548
0.6094017095165327
0.1796703294676263
0.26950549433240667
0.5995879120891914
0.16501068384968676
0.25339972507208586
0.6222889958589803
0.6839371567766648
0.5288428150524851
0.7311534167092759
0.5987137752235867
0.1644300523912534
0.7535993006604258
0.8725879709236324
0.3093093221250456
0.09091806932701729
0.387125246837968
0.17736899387091398
0.7661736546724569
0.8507986908953171
0.7923120342602488
0.8134986639779527
0.779757757729385
0.3581362668192014
0.5372051444428507
0.6981598208658397
0.07849365074071102
0.38250371217145585
0.18313391008996405
0.2751281410455704
0.6041005626029801
0.6564102582342457
0.5153846163011622
0.7420634915761184
0.6130952373787295
0.677579364477424
0.5163690467306878
0.7259424598014448
0.6045386915793642
0.15767608970054425
0.2638578878249973
0.6160559270938393
0.6740838906553108
0.5201319126063026
0.2198951366590336
0.8576882968482096
0.7876921161659993
0.32243104896042496
0.5163614172779489
0.7259462745278142
0.10454822838073596
0.9076770434039645
0.3888659941148944
0.67854472133331
0.0178285262954887
0.4732610252976883
0.2277152959140949
0.8459733168710954
0.2935571908019483
0.5675377647567075
0.6486937702575233
0.5425921528658364
0.6891330851940438
0.0923076978942845
0.38888888235669583
0.6785714243596885
0.5178571365540847
0.22321429537259974
0.35267857927829027
0.5334821385040414
0.6997767926368397
0.5831473270372953
0.6252790094877128
0.562081485753879
0.21840123817673884
0.3276715947140474
0.023141052399296314
0.9722464473452419
0.4820600178500172
0.22319903623429127
0.35274724435294047
0.5335164709249511
0.19972529358346947
0.3332264818600379
0.5003433829988353
0.24954596074530855
0.8747081005712971
0.31209266852238216
0.0933851555455476
0.8901959891372826
0.9294116891978774
0.8941176539519802
0.4117646506347228
0.13333342917030677
0.8000000484171323
0.33333329419838265
0.5000000605359674
0.24999990916694514
0.374999924300937
0.06249988646595739
0.46874993565143086
0.2031249034916982
0.8359374214487616
0.7539061321876943
0.3730468142020982
0.05957022131769918
0.46630851822555996
0.19946277735289186
0.8338622401061002
0.7507933601737022
0.3743590525991749
0.06153857891331427
0.46825402879039757
0.20238104320014827
0.3353175359952729
0.0029763040074612945
0.4975199055916164
0.24627985840197653
0.872891705163056
0.8093376769684255
0.3411768960941117
0.01176540376036428
0.4901956384128425
0.23529356194194406
0.8666661015304271
0.7999993367120624
0.3333338810771238
8.477072697132826e-07
0.4999994550307747
0.24999918256071396
0.37499931879574433
0.5624991144286469
0.21874942097929306
0.3281241995864548
0.5234367932425812
0.22265540275839157
0.3574213279061951
0.5361319939838722
0.196776664146455
0.33032138139242306
0.5047601611586288
0.24346844086539932
0.3692314734798856
0.555556403240189
0.21428625922999345
0.3214293888595421
0.017857824044767767
0.9732132639037445
0.4776801041152794
0.22098342009121552
0.8560265387641266
0.2862734070804436
0.07059206493431702
0.8941119025694206
0.4117618336167652
0.13333668425912037
0.7999959309818223
0.3333312988106627
5.0862436182796955e-06
0.9999923706054688
0.49999618527363054
0.24999427792499773
0.37499523159931414
0.06249284741352312
0.46874594685505144
0.20311892029712908
0.33593243357609026
0.0038986503786873072
0.49804304537246935
0.24706456807325594
0.37255380672286265
0.058830710098845884
0.4666707357100677
0.20000610357965343
0.33333841964486055
7.62948184274137e-06
0.49998855582089163
0.24999046314042062
0.8749856947979424
0.8124918936518952
0.34373784056515433
0.015614867093972862
0.9921723007282708
0.988273590686731
0.49022288611740805
0.23534198838751763
0.8666848576685879
0.8000406901119277
0.333361816505203
5.086266901344061e-05
0.9999542237783317
0.9999465940054506
0.4999656675790902
0.24994850138318725
0.37495708448113874
0.5624432561453432
0.2187135218118783
0.328074097429635
0.023391902272123843
0.9726026353891939
0.4823874084686395
0.22358111271751113
0.3529842605930753
0.5333903001155704
0.2000366215070244
0.3332621252920944
0.00010681204730644822
0.9999313346343115
0.49989700250444
0.24991416843840852
0.874886512174271
0.3124270431289915
0.0936481945682317
0.8905338040494826
0.9295802706910763
0.89446231641341
0.4120059751730878
0.13370289566228166
0.8001790376147255
0.33317871126928367
0.00026448466815054417
0.9996032729686704
0.9996795641782228
0.9995193462818861
0.49975204371730797
0.24962806559051387
0.3746900546539109
0.062035081995418295
0.4684865464514587
0.20272981969173998
0.8356158124806825
0.7534237187355757
0.37279795014183037
0.05919692522729747
0.46599934503319673
0.199487298814347
0.3335978238901589
0.0006408764747902751
0.9990386924764607
0.999504083651118
0.49925612928927876
0.2493801045930013
0.8740701634960715
0.8119730888865888
0.342959637491731
0.014981620101025328
0.49122243738383986
0.23778339650016278
0.864487598562846
0.7972330603515729
0.3354980420845095
0.00362142501398921
0.9976196379575413
0.9967346066550817
0.9971160778368358
0.9965286122169346
0.49776839357218705
0.2466525903728325
0.37221049197250977
0.5588726858841255
0.2163789181795437
0.32484685123199597
0.5205423125298694
0.2191865609784145
0.3590878013637848
0.5386393463704735
0.1988769179151859
0.3296305231342558
0.006530805723741651
0.9942321247362997
0.993057216895977
0.9955367530928925
0.49330516371992417
0.2444209498935379
0.8677453632699326
0.30775780443218537
0.0871936833136715
0.8848345942096785
0.4227481142443139
0.14786312828073278
0.7843099556630477
0.3254882513138
0.019612555392086506
0.9705811668827664
0.9833373387518805
0.9750060081423726
0.9791716734471265
0.9687575101852417
0.48437112566898577
0.22655668851803057
0.35546390709350817
0.03319586065481417
0.45214432102511637
0.20946648155222647
0.31518052049796097
0.02745828076149337
0.48235695037874393
0.2235354255826678
0.35294621778302826
0.033325576689094305
0.9500118891883176
0.9583430291095283
0.9375150202831719
0.9687420128611848
0.45311325779766776
0.2109275161055848
0.8163916914782021
0.7792883886722848
0.35643331325263716
0.03661072428803891
0.9455416788405273
0.9569011613493785
0.44316448146128096
0.21175151132047176
0.8234870014421176
0.7667227429046761
0.8500360489997547
0.7916556993441191
0.8125450612569693
0.7811957595404238
0.35934013113728724
0.03901019672048278
0.449175163928885
0.7050214482005686
0.06929888934246264
0.4008276851673145
0.16474968456896022
0.7529975438956171
0.3724625535251107
0.05875498490058817
0.46655502263456583
0.7000700630887877
0.5833101279276889
0.6250882140302565
0.5623910421563778
0.7186781159834936
0.07801932029542513
0.39835193665931
0.660044296993874
0.013595736731076613
0.4891584024298936
0.735751972621074
0.6153696090041194
0.6746109301457182
0.019852880417602137
0.4702206793590449
0.7331494641839527
0.09972419630503282
0.9169270207057707
0.3753905310877599
0.6871745573589578
0.030761836125748232
0.484130798780825
0.7261961982003413
0.10516349849058315
0.9077452477649786
0.38938897370826453
0.6778334606497083
0.5184745002770796
0.22302425050293095
0.35320943471742794
0.5337204021052457
0.19944636418949813
0.8338375151215587
0.7507734248647466
0.37432908269693144
0.06155371287604794
0.9682460966869257
0.45236938720336184
0.7103076208732091
0.06546185509068891
0.9037614777334966
0.41817299893591553
0.6306788977526594
0.5554469776689075
0.2142158080241643
0.8213240762124769
0.26801402267301455
0.5983451778301969
0.1651045419566799
0.25234318705042824
0.6217446205555461
0.18457101698732004
0.7778311834554188
0.3571771891438402
0.5357657839776948
0.19647148696822114
0.33035189780639485
0.5045007634907961
0.24332347974996082
0.3693955032795202
0.055283652822254226
0.4640411630680319
0.1965509814035613
0.3301735278801061
0.5048007470322773
0.24353309013531543
0.36932034010533243
0.5554482597217429
0.7142148704151623
0.07132448494667187
0.8930132725508884
0.41084630208206363
0.13385547959478572
0.7992177347186953
0.33268279730691575
0.0009778315725270659
0.4985332526266575
0.7487783375836443
0.6231675101153087
0.6864612032368314
0.529691811389057
0.7330769836844411
0.5996154794993345
0.6669870987534523
0.000480655551655218
0.4997520427859854
0.24962806419353
0.3746900534897577
0.06203508024918847
0.46848654546192847
0.20272981820744462
0.3356158112292178
0.5034237168729305
0.2477979492105078
0.3716969238303136
0.059749343869043514
0.4651123007934075
0.20078532103798352
0.33267212405917235
0.000991813896689564
0.9985275230137631
0.4987678471079562
0.24815940379630774
0.8739480901567731
0.8109354932093993
0.3424408375576604
0.013684625446330756
0.991199545620475
0.4868030211655423
0.7390050384274218
0.6104607161832973
0.17815083675668575
0.26820477249566466
0.597692857059883
0.6659647675114684
0.002883933309931308
0.9965285991784185
0.4977683851902839
0.24665257779997773
0.3722104814951308
0.5588726717978716
0.2163789095066022
0.324846839037491
0.020542301441309974
0.4691865479981061
0.2340878227551002
0.3511393636581488
0.5426269446033984
0.1890055053809192
0.34246831192285754
0.013763383845798671
0.9911040732695255
0.9867477073566988
0.488910624088021
0.23538775934139267
0.8656701490981504
0.2995180724246893
0.08209724177140743
0.8768542565230746
0.93644285883056
0.40466475021094084
0.6705919443338644
0.5058881586592179
0.7451007597555872
0.6176513240498025
0.6833291361690499
0.024994088686071336
0.9791715952160303
0.9687573928385973
0.48437106327037327
0.22655659678275697
0.35546382909524255
0.033195746917044744
0.4521442547265906
0.20946662250207737
0.8151803221553564
0.27745840229908936
0.10735688774730079
0.4110353344294708
0.13419611062272452
0.29895045157172717
0.08282432449050248
0.8763119355717208
0.9355616605898831
0.9052655677078292
0.42039835164905526
0.1315819596638903
0.806747939583147
0.8368446656968445
0.2611268505861517
0.11050895720836706
0.4279865641728975
0.6431767613394186
0.035329413978615776
0.44703735795337707
0.7059088067908306
0.5666918296483345
0.14996453211642802
0.791654887230834
0.8125443720782641
0.7811949083115906
0.35933956954977475
0.039009371103020385
0.4491763730184175
0.7050224811537191
0.0692983096523676
0.4008285441668704
0.6647504212160129
0.5029964547720738
0.24746225797571242
0.8712544362933841
0.8103062991576735
0.8406959674321115
0.2629973150033038
0.11336996321915649
0.4237179489864502
0.14739010960329324
0.7835851649579126
0.8248664527782239
0.27051854378078133
0.594224091648357
0.6716217379434966
0.007433560618665069
0.9957771724439226
0.4936694541829638
0.744849169452209
0.11728901672177017
0.9335028681380209
0.900282926420914
0.9169229526887648
0.3753844886668958
0.6871693158755079
0.030769463657634333
0.48411935375770554
0.7261866600601934
0.10514919221168384
0.9077371397870593
0.3893768133712001
0.6778385888319463
0.01846704664058052
0.47303191156242974
0.2281979449908249
0.8462108863168396
0.29318393871653825
0.5682206510391552
0.6492063501500525
0.04230768990237266
0.9384920669544954
0.9672619065386243
0.4518849195446819
0.70907738324604
0.5653521793719847
0.6527157757082023
0.044611854129470885
0.9419177812815178
0.962138825270813
0.44760277337627485
0.7036578436382115
0.06952485741931014
0.4016980355081614
0.16504705327679403
0.25242965848883614
0.6218161833821796
0.18467781733488664
0.7777625058661215
0.3570741839357652
0.5356799407163635
0.19648008889635094
0.33040198165690526
0.5043999037588947
0.24340109812328592
0.8695022662868723
0.3052304388547782
0.0890751180704683
0.8841028063034173
0.9238466990937013
0.8954822829109617
0.407692285021767
0.6388888795336243
0.5535714088764507
0.7053571590804495
0.06696427625138313
0.8995535855938215
0.9162946546566673
0.37555801938287914
0.6866629713622387
0.5305524757422972
0.7334681893116795
0.100969604391139
0.9171491445158608
0.3762294100597501
0.685655884881271
0.5302015205088537
0.7328044265450444
0.6002562517824117
0.6660257168114185
0.0009614247537683696
0.499503909581108
0.2492559835955035
0.374379886983661
0.0615700391063001
0.46822290393174626
0.20233448257204145
0.8352941290067974
0.7529413090087473
0.3725488467316609
0.058823450322961435
0.46666649568942375
0.1999998787068762
0.8333333880873397
0.2500001562584657
0.12499977258266881
0.9374998675193638
0.40624981265864335
0.1718748382118065
0.25781226583058015
0.6210936243878677
0.1816404408600647
0.2763670315616764
0.6020505531923845
0.1599119764578063
0.2633054759935476
0.6139524754835293
0.172881845763186
0.27195727231446654
0.5964124747843016
0.6680715905386023
0.005769502196926624
0.9930561648216099
0.4955351863463875
0.2433038524177391
0.3694192213588394
0.555246167932637
0.2140072232868988
0.32156778179341927
0.5176483272807673
0.223528553993674
0.3529396206722595
0.533334709587507
0.19999979055137374
0.33333251054864377
0.5000016530102585
0.749998664832674
0.12499825158738531
0.4374988079071045
0.656248450250132
0.5468736290640663
0.6953108012385201
0.5898426323838066
0.6347639783925842
0.549803350091679
0.7075177859223913
0.5642077969096135
0.6549056707590353
0.5451036041777115
0.6941206090559717
0.5882404551666696
0.633337275183294
0.04999790189322084
0.9583284060063306
0.9375073909759521
0.468746066064341
0.2031190991110634
0.3359325825877022
0.003898873896105215
0.4980426951951813
0.24706428122590296
0.3725533690012526
0.05883047074894421
0.4666708553850185
0.20000628309207968
0.3333385692385491
7.883674697950482e-06
0.49998817447340116
0.7499901453847997
0.12498521810630336
0.9374916552333161
0.4062379597744439
0.17186456907074898
0.7577976881584618
0.8710858373669907
0.30662878594012
0.08885729673784226
0.8832860569527838
0.925528732012026
0.39610607680515386
0.15691091504413635
0.7646641449828167
0.8666760761407204
0.3000293730292469
0.5833450952486601
0.625044346001232
0.5624449250753969
0.21871459469548427
0.3280718920577783
0.023395150725264102
0.9726005939301103
0.482384256873047
0.22358246499788947
0.35298282449366525
0.5333919755648822
0.20003793700016104
0.33326003051479347
0.00011037144577130675
0.9999290468986146
0.49989382369676605
0.7499151238007471
0.1248888963891659
0.43742489733267576
0.6561492674809415
0.5467858901829459
0.19520208181347698
0.8397730134020094
0.7596595503855497
0.3622201411926653
0.05115799364284612
0.45475906517822295
0.6938688399095554
0.5881069403258152
0.13364817225374281
0.8000846873910632
0.8330771137552802
0.7503843321464956
0.3746695506561082
0.062019584787776694
0.4684942950552795
0.20274907199200243
0.8356178688409273
0.7534401547163725
0.37277518861810677
0.05918638638104312
0.46597685359301977
0.19947221977054141
0.33360560089931823
0.0006602021167054772
0.9990402180992533
0.9994875611155294
0.49924660235410556
0.7493600772577338
0.12406873313011602
0.9369575919117779
0.4054826450010296
0.1712122487660963
0.2568535465397872
0.6205794304842129
0.1808863454789389
0.27572858723578975
0.602093392808456
0.1593675862532109
0.7630238312704023
0.8632924291596282
0.798814398876857
0.3349520308547653
0.5024280633078888
0.24681566868093796
0.37217854388291016
0.5590116839157417
0.2164486556139309
0.3247416490339674
0.5207000562222674
0.2190729396243114
0.35889059194596484
0.5388126058969647
0.19884772467776202
0.32976575769134797
0.006374063668772578
0.9943633939546999
0.9930139906064142
0.99540333886398
0.4932307759881951
0.7445306241279468
0.11783930161618628
0.43261832743883133
0.6499007530219387
0.541258340672357
0.6883528167090844
0.5930775361775886
0.6397383745934349
0.5540910608542617
0.7062283833802212
0.5676448821905069
0.14853318530367687
0.7928862571716309
0.3143336772627663
0.030208706826670095
0.4828166365332436
0.2252625524706673
0.35352079567383043
0.03221905973623507
0.4526327214844059
0.21019920145045035
0.31579090186278336
0.028374061424983665
0.4809222740295809
0.22431345618679188
0.3521295242535416
0.034305714536458254
0.95049456806737
0.9571178568003234
0.9393389504693914
0.967700584733393
0.45155874494230375
0.7096257309312932
0.06446765369037166
0.9033120794920251
0.4194212443253491
0.12914033781271428
0.8065034755563829
0.8386763030430302
0.2581365249643568
0.11279856343753636
0.9274833678209689
0.8912309011502657
0.9132623673649505
0.38601160029065795
0.17295145971002057
0.7718840835150331
0.34632629141560756
0.04301848987233825
0.4433153120917268
0.7118595314677805
0.0736944934760686
0.39179287271690555
0.1624328222242184
0.7602589244488627
0.35961162074818276
0.054561541095608845
0.45684232469648123
0.693201932561351
0.5866779212083202
0.6360966454667505
0.5479026004031766
0.7094275715644471
0.06513128621736541
0.9024309226078913
0.4198085213138256
0.12980871566105634
0.8060499013226945
0.8380442904890515
0.25855856423731893
0.6126619238930289
0.6768056242726743
0.01607208207133226
0.47625859463005327
0.23007011591107585
0.3453512181295082
0.5454621300159488
0.6935603605816141
0.08868801410426386
0.38308137556305155
0.6753949210396968
0.021149082749616355
0.969253188057337
0.4836345267249271
0.7259404290525708
0.6045432795071974
0.15766967975650914
0.26386169221950695
0.6160540078417398
0.17408104322385043
0.770128555042902
0.8448987259762362
0.29518244534847327
0.06894526077667251
0.9005532682640478
0.414795105723897
0.1282957420917228
0.809631120209815
0.8403013812494464
0.26338177057914436
0.6138532928598579
0.6729772133112419
0.5217875178786926
0.2212799138505943
0.8556035389192402
0.28691483588772826
0.07112310951924883
0.39380549456109293
0.16124962543835863
0.7582328211865388
0.36294089414877817
0.5522856028401293
0.20379843015689403
0.8194244250480551
0.7767461028997786
0.35271074064075947
0.533464406587882
0.6998052387207281
0.5831703862349968
0.6252448380400892
0.5621329297136981
0.7184442654834129
0.07766640547197312
0.8981774429848883
0.909766283701174
0.3883470421715174
0.17627065267879516
0.7668440507550258
0.8499742511776276
0.2915631926152855
0.5627124315069523
0.6560806028137449
0.546652375953272
0.19516202723025344
0.33964236025349237
0.00958754785824567
0.9870835275214631
0.9886283102096058
0.4858721535420045
0.7409200013207737
0.6114105232991278
0.17663828303921036
0.2670249974762555
0.09976005347562023
0.4167909592506476
0.6253104184288532
0.062034841714194044
0.4684866647294257
0.20272999710869044
0.8356159603281412
0.7534239405067638
0.37279759885859676
0.059196636837441474
0.9659993865061551
0.44948754002689384
0.20859794077114202
0.3131411710055545
0.5302882434625644
0.7338788312044926
0.10081824683584273
0.9173485483916011
0.8760228228347842
0.9359962898306549
0.40497147451969795
0.1700106212811079
0.25672575100907125
0.11955804727040231
0.9303136634116527
0.9014045063231606
0.9154770917375572
0.37715252535417676
0.6843932971532922
0.5285898906586226
0.7305679526471067
0.5995216098963283
0.16493032540893182
0.7533464186708443
0.37220905028516427
0.5588743417756632
0.21637998268124647
0.32484463235596195
0.5205455514369532
0.21918835016549565
0.35908654739614576
0.5386416405963246
0.698877411428839
0.07962882911670022
0.38153403424075805
0.18172946086269803
0.27430371224181727
0.6049094828777015
0.15736451532575302
0.2639532504545059
0.11579460385837592
0.42396660917438567
0.6453002203197684
0.5325417683052365
0.701187348458916
0.08493790982174687
0.3774221249332186
0.18429739706334658
0.27842595340916887
0.6058715315302834
0.16175321969785728
0.25834674038924277
0.6125105261744466
0.6770665744843427
0.5156534761190414
0.22654419389436953
0.35544331741402857
0.03318024237523787
0.45212172807077877
0.20945548589224927
0.3151597913529258
0.027444357372587547
0.48233246107702143
0.22352301626233384
0.8529561099712737
0.2833405379205942
0.574989207991166
0.6458243610977661
0.5312670666899066
0.7031010690552648
0.5859168912575115
0.6288763803313486
0.06053068075561896
0.9657969229156151
0.4506637831509579
0.20724615751532838
0.8143139307503588
0.28006643429398537
0.6077370289422106
0.6626135809055995
0.5099859987094533
0.7352098298433702
0.6164867240877356
0.6748793364095036
0.5208955802954733
0.21890464445459656
0.3591430334781762
0.038930289243580773
0.4490204339963384
0.704917868366465
0.06909555275342427
0.4007548981171567
0.16460890980670229
0.7531408885261044
0.3723871141264681
0.05861457926221192
0.9667670839407947
0.9501794482639525
0.9584722974104807
0.4377245524956379
0.21859854750800878
0.8279250536870677
0.7732606046483852
0.3474371338961646
0.544777736911783
0.6921723404666409
0.08723171349265613
0.3847850610036403
0.6728226468840148
0.5229325554391835
0.7218992504058406
0.10679134997189976
0.41018704732414335
0.6347194366680924
0.5497662057168782
0.20746187420445494
0.314176262676483
0.029858199908630922
0.48256410559406504
0.7253726035705768
0.10383565974188969
0.9067608155892231
0.3898654523072764
0.6790597093349788
0.5185895640170202
0.22406877917819656
0.35176304494962096
0.5349775037902873
0.7009517132246401
0.5828650346084032
0.6262517647119239
0.060622352903010324
0.4676735753309913
0.7015715322922915
0.08460749997175299
0.37700286976178177
0.18452621292090043
0.7787541036377661
0.35567693930352107
0.536934450850822
0.19606316744466312
0.33139544300502166
0.5049210425349884
0.24261845118599012
0.8708171104080975
0.30622567908721976
0.08852139426744543
0.38284314892371185
0.1757352840504609
0.7714460656861775
0.3446691097342409
0.5463541691424325
0.19453125519794412
0.3391927139018662
0.5087890708819032
0.2368163936480414
0.3640136613685172
0.04797361892997287
0.45941161215887405
0.19009398168418556
0.8398895152204204
0.7636184561415575
0.36422347178449854
0.5482883327058516
0.2091855897451751
0.8152508596540429
0.2776124387746677
0.6070352668466512
0.6607972867786884
0.008804099605185911
0.486808634334011
0.23900202891672961
0.3604639179247897
0.05314710651873611
0.455710753245512
0.19143966503906995
0.8378424153488595
0.7607004205347039
0.3598039805656299
0.5544116745295469
0.7066176906228065
0.068014655233128
0.39895839800010435
0.1671875314495992
0.25130200522835366
0.12304699255037121
0.4365233768185135
0.15478506524232216
0.29565422103041783
0.5684813318075612
0.15130608787876554
0.28945913194911554
0.56608573673293
0.15381610553595237
0.29369729626341723
0.0674990696425084
0.3988599020522088
0.66762579078204
0.5015065023035277
0.7487197147565894
0.12313721684040502
0.9364148096647114
0.40471546244225465
0.1705497561779339
0.25589435786241665
0.6200647578807548
0.1801323702384252
0.2770430760574527
0.6031123239081353
0.15882340664393269
0.2617651322216261
0.11519531923113391
0.9227938277763315
0.39791602245531976
0.6593745628779288
0.5130210041825194
0.7382819553022273
0.11132727563381195
0.9287103935785126
0.8930655903823208
0.9108879919804167
0.8839102470956277
0.9242547931789886
0.8951713193382602
0.9072716313821729
0.889105904410826
0.9284319185535423
0.39264787785941735
0.6610281831817701
0.009190152661176398
0.48645891348132864
0.7390616297489032
0.11067635813378729
0.42773546278476715
0.6435530557937454
0.5356431714899372
0.6970197129703593
0.5806873207620811
0.6290877558931243
0.5564255870121997
0.7137281662726309
0.570593695534626
0.6441138099180534
0.036758972593816
0.445838114770595
0.7062485535861924
0.06770427225274034
0.39844359952257946
0.6679636538028717
0.0019455104775261134
0.49901961532304995
0.24852942299912684
0.3737745191610884
0.0606617787561845
0.46770834128255956
0.20156251193839125
0.3346354266104754
0.0019531399302650243
0.49707029009005055
0.7475585750653408
0.1213378626271151
0.9354247887968086
0.4031371832243167
0.6692809860105626
0.003921479044947773
0.9941329805878922
0.49510572096914984
0.24266622576396912
0.8708352762332652
0.8062662918819115
0.3385498285351787
0.007832864881493151
0.9882507622533012
0.9902190714492463
0.4853286370052956
0.7416800893261097
0.11252018617233261
0.9271077634184621
0.39066167682176456
0.6640116574126296
0.01167306286515668
0.9862746146973222
0.49117653802386485
0.2367648070503492
0.363970672537107
0.5479167781304568
0.20937507165945135
0.31510402730782516
0.02734395902371034
0.982421740598511
0.47363261092687026
0.7280271757626906
0.09594704353366978
0.4188230994041078
0.6301877890364267
0.05477887473534793
0.964736729307333
0.9471968255238608
0.4559514888387639
0.1918085320503451
0.8375327748944983
0.2603028771991376
0.1095781724434346
0.9295048120839056
0.894317358295666
0.911971643276047
0.38358273316407576
0.6751208637142554
0.020524693216430023
0.4692140414263122
0.7341099987388588
0.1011665448313579
0.9176476883294526
0.8764715325087309
0.43627499692956917
0.15441249540890567
0.2958320274192374
0.0687489966803696
0.40104218423948623
0.16406375414226204
0.7539043687575031
0.8730459045036696
0.3095688567846082
0.5913073806441389
0.13696107472060248
0.8026112735387869
0.32891691219992936
0.5071703717985656
0.7451305649301503
0.6186437400756404
0.18187186392606236
0.2742812450742349
0.6047831528412644
0.6573089738376439
0.014040592330275103
0.49090200415230356
0.23635670173098333
0.3642396460636519
0.5483145312755369
0.20920580759411678
0.8152807636070065
0.2776315350201912
0.6069992689881474
0.16079072895809077
0.2588291951979045
0.11175620718859136
0.9264826167782303
0.8916770501818974
0.9124978022300638
0.38540942047256976
0.6718877803359646
0.523426212661434
0.22264266340062022
0.8574131705972832
0.7861197559104767
0.8217664632538799
0.767808091128245
0.3485014937759843
0.040331438794964924
0.4395333593711257
0.7156999665021431
0.5756214495922904
0.6446821785939392
0.5330034350336064
0.7019712246838026
0.08425404439913109
0.8775409208610654
0.43374971344019286
0.15406579125556163
0.29381236209883355
0.06767381416284479
0.3985198037698865
0.6678491388156544
0.50188840154442
0.7489297944994178
0.6234558463620488
0.6861622431315482
0.02935038527357392
0.48336403802386485
0.2250460570503492
0.354205047537107
0.5313152156304568
0.20302741540945135
0.33585598043282516
0.0037843887112103403
0.997985705442261
0.49697855819249526
0.7474821318173781
0.12122322761570103
0.43535981205059215
0.6531618033186533
0.044199765543453395
0.9415133291913662
0.9628215871052817
0.44813886962947436
0.20352698402712122
0.8199546200921759
0.2769042161817197
0.10323088127188385
0.9087525795621332
0.886871130700456
0.9275358456070535
0.39142586855450645
0.6633566346717998
0.01084307991550304
0.4857509784633294
0.7403681506693829
0.6121116682770662
0.17610231164144352
0.7670965325087309
0.35033749692956917
0.04113124540890567
0.4384101524192374
0.2181630591803696
0.32731171548948623
0.02270633226726204
0.9717998765700031
0.9818715880974196
0.4728073821752332
0.7283160476363264
0.09650239552138373
0.9182385623571463
0.3804706383962184
0.6803318784513976
0.5263800880929921
0.7280165943084285
0.0959330526238773
0.41881410439964384
0.6301752381550614
0.5547676612623036
0.21472355278092436
0.3222035852668341
0.01846166144241579
0.47306699020555243
0.7281552194035612
0.09624756331322715
0.9181751467403956
0.3806873776484281
0.6804366438591387
0.5267092710419092
0.7275791951688007
0.09613120721769519
0.41867011674912646
0.6299583001527935
0.055075927259167656
0.4645109830016736
0.1967901240568608
0.8307992595655378
0.754014733742224
0.8690708854119293
0.30751257814699784
0.5863386067794636
0.13636125277844258
0.2983878157683648
0.5846753871301189
0.1270152395882178
0.3094771461910568
0.591230952355545
0.13684667117195204
0.8025463079102337
0.32894166486221366
0.007091048493748531
0.4952256651886273
0.24358236457919702
0.8692800381104462
0.30545499600702897
0.5891812863992527
0.13380626242724247
0.2992906063445844
0.582742171944119
0.12607020515133627
0.31095584662398323
0.5924122435390018
0.13872538547730073
0.8036765378783457
0.3305148068466224
0.504595672362484
0.24322927792673
0.3695313215139322
0.5553384025697596
0.2138673961162567
0.8217772096104454
0.76782206443022
0.8485105745203327
0.7903440165973734
0.8145445352129173
0.778213302110089
0.8568647510546725
0.7852971843385603
0.8220575893355999
0.7683799631195143
0.3479188189667184
0.04062368074664846
0.9401020765071735
0.4648473064007703
0.20116958022117615
0.8330046385235619
0.7514619901485275
0.8732876740104984
0.8113992158032488
0.8420988274447154
0.764249019761337
0.8653681536379736
0.7996116667927708
0.8323523128929082
0.7514715306460857
0.3737749959982466
0.06066249401192181
0.4677070299803745
0.20156149865943007
0.334635933249956
0.0019543767266441137
0.4970684348954819
0.7475576251163147
0.12133643770357594
0.9354235939099453
0.40313539089402184
0.6692799766897224
0.003919965063687414
0.9941317389602773
0.49510385846951976
0.7426652720896527
0.12083575307042338
0.43126509978901595
0.65104947090731
0.539081851602532
0.19137722256709822
0.34178033465286717
0.5126705616130494
0.23972601437708363
0.8595890662982129
0.3045498821302317
0.5818248567520641
0.13068736012792215
0.8054366649012081
0.33920928329462186
0.5088291839929298
0.23675622398150153
0.3639825934660621
0.5479270301293582
0.20937280668294989
0.3150969343550969
0.02735650580143556
0.9824106094310991
0.47361925203585997
0.7280186262214556
0.09593418941949494
0.4188123454223387
0.6301738187321462
0.054769790382124484
0.9647241328202654
0.94720091013005
0.4559610257274471
0.6918152078869753
0.0875294369761832
0.8853074070066214
0.4220847291580867
0.14826381250168197
0.28493016932043247
0.07602348885848187
0.39530341295176186
0.15753412945196033
0.7636988123122137
0.8661936461867299
0.7992904732527677
0.8327420577406883
0.2510700337297749
0.1234559882141184
0.43616246336023323
0.15435050657833926
0.29586397550883703
0.06879596514045261
0.40107997358427383
0.16412759071681648
0.7538086138956714
0.8729655127390288
0.309448269137647
0.5912475413060747
0.1368713119882159
0.8025359900784679
0.32892605918459594
0.50710676269955
0.7452182523265947
0.6185636303271167
0.18177458929130808
0.7742211645236239
0.3548131921852473
0.032233396312221885
0.9516556289454456
0.9597102369007189
0.9395698882290162
0.4657522706547752
0.7005873145826627
0.58219284232473
0.12671109446091577
0.8113983371877111
0.3420994431944564
0.5142479909409303
0.7403697183472104
0.11211097403429449
0.9261030544003006
0.8920957132067997
0.9128368334495462
0.3848803696455434
0.6727862607513089
0.522851683490444
0.22184238163754344
0.8566896149131935
0.785278086172184
0.8222044642607216
0.7684629505965859
0.34806808139546774
0.04065681542851962
0.43999849376268685
0.715051462961128
0.5759990987426136
0.6452791731571779
0.032569521717960015
0.45121353352442384
0.7099013554106932
0.5649096778070088
0.6530285792250652
0.5440282065537758
0.19177473173476756
0.8375822851376142
0.7602815853024367
0.8596005251165479
0.30454036765149795
0.08182583635789342
0.3806792854447849
0.6804478266276419
0.026714429463027045
0.4775752349232789
0.22113885337603278
0.3561586493742652
0.5361987433861941
0.1957018853572663
0.33170660308678634
0.0053726438782177866
0.9929185506771319
0.4952375586726703
0.7435901906574145
0.11929156587575562
0.43046436057193205
0.6516782469698228
0.040064577595330775
0.9399188692041207
0.9655490465811454
0.45029994164360687
0.7074323399574496
0.06409563252236694
0.9048331139201764
0.9201246004085988
0.3816539201361593
0.18191365108941682
0.27403123275144026
0.6046506330021657
0.1574809910962358
0.763778993888991
0.8661418118863367
0.2992131481296383
0.5826774641755037
0.12598481896566227
0.8110227715224028
0.34251927488367073
0.013778912340058014
0.4911421432334464
0.23671321672736667
0.36392768324003555
0.04785990959499031
0.9594606124155689
0.9401751141413115
0.46495100570609793
0.701102924940642
0.08290441724238917
0.876378657121677
0.435677109984681
0.6550781413388904
0.5452473894983996
0.6938476769137196
0.08813473844202235
0.8836669737938792
0.42510983868851326
0.14559934349381365
0.28163144271820784
0.5778121775656473
0.6479682663630228
0.5348872932081576
0.7007837023411412
0.5826754386653192
0.12598917400464416
0.8110240481037181
0.8425155012810137
0.7637850767059717
0.8661366292508319
0.2992142455477733
0.08267348894150928
0.8759900613222271
0.43602637815638445
0.1550162491912488
0.2950330029707402
0.5692608136159834
0.65077814788674
0.5397057958762161
0.19044131465489045
0.8412989015923813
0.261948356666835
0.11510406486922875
0.9226561106042936
0.39778657563147135
0.15917987102875486
0.7631834376370534
0.36352516306214966
0.04870592197403312
0.959777644573478
0.9397886563965585
0.9653470561897848
0.9504316983511671
0.4573858325893525
0.18901618639938533
0.8424842463282403
0.7637399295635987
0.8661146670929156
0.2992338712210767
0.5826436915085651
0.12603458191733807
0.8110020262247417
0.8424798104679212
0.26375382361584343
0.11608971981331706
0.9242548101756256
0.8951712926791515
0.9072716712544207
0.8891058762092143
0.4284318686404731
0.1426479219517205
0.2860281764296815
0.5716901867708657
0.6427089347271249
0.03593660509795882
0.4466138946590945
0.7050792490190361
0.5673811606829986
0.1499010069819633
0.2912580156698823
0.5633533023938071
0.6555770605045836
0.5459886166208889
0.6947157051472459
0.5890415437752381
0.13405062680249102
0.29892405978171155
0.5829250051756389
0.12634492525830865
0.8107267564337235
0.8425571255793329
0.764019276277395
0.8657585168839432
0.2990194879239425
0.582842838630313
0.6262259380891919
0.060661539871944115
0.46770846072467975
0.20156269110157155
0.33463557591312565
0.001953363884240389
0.9970699541445356
0.9975582951155957
0.9963374426879454
0.9979245508438908
0.49688682629493997
0.7474056885694154
0.12110853288322687
0.935539005760802
0.9033085095870774
0.9194237572082784
0.879135637456784
0.9315101936226711
0.40117201828979887
0.16438774205744267
0.7534183868847322
0.8728024656593334
0.809203698503552
0.8410030820814427
0.7619929639913607
0.8648526197648607
0.2975231001037173
0.5849720256519504
0.12840419891290367
0.8098056002927478
0.8401966826349963
0.7632340399431996
0.3639692392316647
0.5479184503201395
0.2093761466385331
0.31510193707072176
0.027347094379365444
0.9824197250127327
0.9736295875336509
0.9780246562731918
0.9709437121928204
0.9813209578278475
0.4739348006551154
0.7266512047499418
0.09754609220544808
0.41985105208004825
0.12977658651652746
0.30606763166724704
0.08802344501600601
0.3835917437681928
0.6751312427513767
0.5205103214248084
0.21923451957991347
0.8591289179748856
0.28869337699143216
0.5739111474831589
0.1421167296357453
0.7878244754101615
0.8223617173207458
0.7665189360559452
0.8509541071834974
0.29217239032732323
0.5637487815693021
0.15440007342840545
0.29581243891152553
0.0687339469732251
0.40104994797729887
0.16408256627619267
0.7538761505566072
0.8730313474952709
0.8095470212574583
0.8412891843763646
0.7619338361837436
0.8650958067155443
0.2976437399047427
0.5852764861774631
0.1279453623574227
0.810035376198357
0.8400683836371172
0.7635209021973424
0.3640581023064442
0.5481625872198492
0.20900993383838795
0.31540711750858463
0.02780485199764371
0.9821603290911298
0.9732404941169079
0.9777004113711882
0.9709494406706654
0.48107586725382134
0.723813212767709
0.1018335921689868
0.9097725017636549
0.8883406428794842
0.9262781318684574
0.8918328027066309
0.9124648362048902
0.3853007281431928
0.6720794849388767
0.5232569034560584
0.22243886528303847
0.857282604498323
0.2859239067765884
0.5716032556374557
0.14259547414258122
0.7861069079663139
0.8217556572926696
0.7677937601984013
0.8484925545635633
0.2903188646887429
0.5645219432190061
0.15321708514238708
0.2943476324144285
0.06653671487583779
0.40019543530070223
0.16682911571115255
0.7502446132421028
0.8746335443283897
0.812194461323088
0.8432919313490856
0.7653651490691118
0.36679814133094624
0.550456615164876
0.2084976853511762
0.3132309964566957
0.030393831635592505
0.4838246068393346
0.2257369102735538
0.3547807585564442
0.5322934465948492
0.20156364477588795
0.33463319172733463
0.001956463325768709
0.9970681660051923
0.9975553744880017
0.9963352075137664
0.9979212576872669
0.49688492639688775
0.7474028238211758
0.1211061580106616
0.9355358942120802
0.9033067135314923
0.9194246408005711
0.8791372070845682
0.9315078422077931
0.4011701109120622
0.6643886957608629
0.5034207710414194
0.24779936618870124
0.8717019103351049
0.3097501614247449
0.5901156691834331
0.13828688624198548
0.3014274502347689
0.0791098008339759
0.38133530764025636
0.18236298981355503
0.7735444959253073
0.3553999317518901
0.03309989764238708
0.4520624761644285
0.2093589805008378
0.31511242748820223
0.027363783679902554
0.9823918300389778
0.9736173089768272
0.9780040926707443
0.9709278871596325
0.9812941804411821
0.4739215162699111
0.7266293484717607
0.09755985156516545
0.41983831438119523
0.12976425161468796
0.3060889503394719
0.08804009275627322
0.3835879292455502
0.6751140768174082
0.020532255613943562
0.4692178300174419
0.23410054575651884
0.8511808602779638
0.7926404645841103
0.8139761433412787
0.7800157454621512
0.8575351853505708
0.28801181621383876
0.5726514881534968
0.641266975668259
0.03809953646850772
0.44872151577146724
0.7043325195554644
0.06871487348689698
0.40092597031616606
0.16426662541925907
0.7537259468517732
0.8728298837959301
0.8094307922001462
0.841099343582755
0.7617884902574588
0.8651297664619051
0.2977643871563487
0.5853358635795303
0.12809972907416523
0.809834079205757
0.8399363812350202
0.763593967014458
0.36414202343439683
0.5482732166419737
0.20913009491050616
0.8152268739650026
0.2776498813473154
0.106962677964475
0.9108722186065279
0.3838864529388957
0.6742352822911926
0.020141985965892673
0.9697872822580393
0.9828791655891109
0.9752957764430903
0.47859918599715456
0.7196080018184148
0.10882332519395277
0.9132354050525464
0.3860293353209272
0.6729168109886814
0.5218750293715857
0.22135406074812636
0.8554689543670975
0.28710920474259183
0.5712888411362655
0.14404282392933965
0.7863767530943733
0.820678534306353
0.7691037920594681
0.8493345800670795
0.2896268705953844
0.5655744760297239
0.15359856441500597
0.29304299139766954
0.06825713245780207
0.3993237641407177
0.6673717763333116
0.50115106778685
0.24830863301758654
0.3736312176915817
0.5607081375201233
0.21753160329535604
0.8265348721470218
0.7720308828575071
0.8459133762225974
0.7937752694706433
0.3176465803408064
0.5235301294596866
0.2303908409376163
0.34558733814628795
0.5458318071905524
0.19374923742725514
0.33854230275028385
0.007813454139977694
0.9882798187609296
0.990233182295924
0.985349773458438
0.9916982049471699
0.48754730744985864
0.7396227561985143
0.10943413432687521
0.9296560245275032
0.8944840368058067
0.9120700306666549
0.8837300469458569
0.9252595260622911
0.3957036969368346
0.6565744075924158
0.015138388582272455
0.4919422859966289
0.2379134290094953
0.3649278575030621
0.04739202468772419
0.4601886788732372
0.6907714187982492
0.09086084860609844
0.8871462270617485
0.4274595938331913
0.1411893907643389
0.2882307422987651
0.07352042986894958
0.39167581844958477
0.16249542459263466
0.2604077613505069
0.10938835795968771
0.9296789127110969
0.8945183690811973
0.9120986408961471
0.883774869638728
0.9252838447573595
0.39573922130512074
0.6566048059612513
0.015184343763394281
0.49190422843093984
0.23785634266096167
0.36489554433501326
0.04740625902195461
0.46014824270969257
0.6907593423384242
0.09083033149363473
0.8871920041274279
0.42748248143470846
0.1412237221666146
0.2882593520334922
0.5735023102606647
0.1417001365334727
0.7875166436424479
0.3228773625160102
0.015684313839301467
0.9765308758651372
0.9804213138122577
0.9706636544433422
0.4833394775632769
0.7250640556158032
0.6041997435095254
0.6563301477581263
0.015504778333706781
0.4921254808723461
0.23818822132307105
0.36515685109770857
0.04773527666111477
0.4603833234286867
0.6905750447767787
0.09110606258036569
0.8867812685202807
0.42764159603393637
0.14152342922170646
0.28845872211968526
0.5734199627186172
0.14186919579515234
0.7872114650672302
0.32315202491008677
0.01600474212318659
0.9762485907122027
0.9799978870141786
0.9704328683146741
0.983010458672652
0.9747641276335344
0.47926005875342526
0.2191058830358088
0.8589327393274289
0.7887798499723431
0.8237950133916456
0.7672400731244124
0.3501403123373166
0.5412035906047095
0.6883167439955287
0.09302867000224069
0.8897567323874682
0.4291293279675301
0.1436939919658471
0.28641213703667745
0.5703825100208633
0.1444264734745957
0.7870223991340026
0.32117589251720347
0.018968583084642887
0.9737749085470568
0.9768385875213426
0.9722425919899251
0.9820774783438537
0.9731772526865825
0.47773417705320753
0.22102846018970013
0.8559573208622169
0.7863765530928504
0.8206783577043097
0.76910358024179
0.8493344433663879
0.7896266659954563
0.31557430609245785
0.02859834342962131
0.9805428461986594
0.4745069330674596
0.7274485880043358
0.09705954123637639
0.4191194430750329
0.1291676844120957
0.8062484733527526
0.33854039447032847
0.007814408279955387
0.9882783875509631
0.9902319896209519
0.9853479844459798
0.9916971911734436
0.9875457867747173
0.48962148898863234
0.23443223349750042
0.8671550666622352
0.8007326000079047
0.8339438333350699
0.750915751879802
0.8744810730277095
0.8117216104874387
0.34310134130646475
0.014652015583124012
0.9916971912025474
0.48754578683292493
0.7396214890177362
0.10943223355570808
0.9296550665749237
0.39448259994969703
0.16206883324775845
0.7587282518215943
0.8627623230568133
0.3019559855456464
0.5784529038355686
0.13232779677491635
0.8083475817984436
0.8375213727122173
0.26043447726988234
0.10940171591937542
0.9296703254512977
0.8945054881914984
0.9120879068213981
0.8837606768065598
0.9252747207938228
0.8957264894852415
0.40659340101410635
0.14017093362053856
0.8043956150650047
0.33162394020473585
0.5054945188458078
0.24273503391304985
0.8703296732855961
0.30598291047499515
0.08791209349874407
0.8837606772140134
0.9252747210557573
0.3957264889613725
0.6565934017999098
0.015170933125773445
0.4918956143083051
0.737873940524878
0.6148695184965618
0.17242253432050347
0.7726734226744156
0.8469985358824488
0.7939667806786019
0.816866145527456
0.27512823638971895
0.6041005129518453
0.6564102955162525
0.015384556696517393
0.492063461773796
0.23809519267524593
0.36507932722452097
0.047618990851333365
0.46031742813647725
0.19047626142855734
0.8412697423773352
0.7619048221968114
0.36507933467510156
0.04761900202720426
0.4603174076473806
0.19047624745871872
0.8412697484309319
0.7619048103224486
0.36507932221866213
0.047618987067835405
0.4603174300282262
0.6904762661433779
0.09126974287210032
0.88690482621314
0.42757932911626995
0.6413690069166478
0.5384424059011508
0.6982887512422167
0.07955100032268092
0.8810454325866885
0.4324621397536248
0.648693209834164
0.5425928184122313
0.6891334878164344
0.09230734017910436
0.8888884650077671
0.4285711560805794
0.142856734135421
0.2857148987823166
0.5714290823088959
0.14285685334471054
0.28571471996838227
0.571428933297284
0.14285660002497025
0.2857150999479927
0.5714292499469593
0.142857071274193
0.2857148624607362
0.5714288918534294
0.14285677394946106
0.2857148912153207
0.5714291163603775
0.14285687037045136
0.7857146944152191
0.3214289120223839
0.01785663195187226
0.9732150520430878
0.47767921004560776
0.2209820193820633
0.8560273285256699
0.2862725949671585
0.07059110753471032
0.8941133386688307
0.4117611155670602
0.13333536783466116
0.7999969482189044
0.33333079019212164
3.814697265625e-06
0.9999942779249977
0.9999952315993141
0.9999928474135231
0.9999959468550514
0.9999939202971291
0.9999949335760903
0.9999924003786873
0.9999961703724694
0.9999942555732559
0.9999952129728626
0.9999928194738459
0.9999959310225677
0.9999938965484034
0.9999949137854856
0.9999923706927802
0.9999961852154229
0.9999942778376862
0.4999952315411065
0.24999284732621163
0.8749959467968438
0.8124939202098176
0.3437449335178826
0.015617400291375816
0.9921836703142617
0.9882755054859444
0.490229587914655
0.2353443818865344
0.86669514971436
0.8000427245860919
0.3333689371647779
5.340576171875e-05
0.9999656676955055
0.9999485015578102
0.9999570846266579
0.99994325634907
0.9999635219282936
0.999949097604258
0.999954402417643
0.9999463855929207
0.9999655335850548
0.9999483003921341
0.9999569169885945
0.9999430346942972
0.9999633794359397
0.9999491371854674
0.9999542243022006
0.9999465933942702
0.9999656671716366
0.9999485007720068
0.4999570839863736
0.24994325550505891
0.8749635213753209
0.3124490968475584
0.0937044017482549
0.8905713847780135
0.9296530330611859
0.8944795496063307
0.4120662913483102
0.13373209635028616
0.8002563476329669
0.3332010904850904
0.0003204345703125
0.9995193481154274
0.9997520446486305
0.9996280669874977
0.9996900558180641
0.9995350837416481
0.9997365474409889
0.9996048211760353
0.9996783137030434
0.999517470569117
0.9997510760731529
0.9996266141242813
0.99969075244735
0.9995361286855768
0.999735518329544
0.9996032775088679
0.9996795605111402
0.9995193407812621
0.9997520408651326
0.9996280613122508
0.4996900511032436
0.24953507666941732
0.8747365434246603
0.8121048151515424
0.34342830881359987
0.01514246323495172
0.491938572289655
0.2379078584490344
0.86492513018311
0.7973876952892169
0.3351847330632154
0.003265380859375
0.9971160888380837
0.9965286254591774
0.9977684020705055
0.9966526031203102
0.9972105025954079
0.996372699708445
0.9976289272017311
0.9967218637175392
0.9971048235602211
0.9965303241915535
0.9977596848912071
0.9966471567458939
0.9972167722589802
0.9963785577274393
0.9976196651987266
0.9967345692857634
0.997116044833092
0.996528572490206
0.9977683680190239
0.9966525520430878
0.49721046004560776
0.2463726443820633
0.8726288910256699
0.3092218137171585
0.09085477940971032
0.8871553308563307
0.4274471507233102
0.14117838541278616
0.7882324218517169
0.3235270182194654
0.01666259765625
0.9750061034865212
0.9791717529005837
0.9687576293654274
0.9843711852736305
0.9765567779249977
0.9804639815993141
0.9706959724135231
0.9833943843550514
0.9750915765471291
0.9792429804510903
0.9688644706911873
0.9843101352162194
0.9764652028388809
0.9803876690275501
0.9705815035558771
0.9833371480635833
0.9750057221099269
0.9791714350867551
0.9687571526446845
0.9843709467968438
0.9765564202098176
0.4804636835178826
0.22069552529137582
0.8583946078142617
0.7875919117359444
0.322993259789655
0.015739889699034393
0.97649739580811
0.9803710937267169
0.4706217447819654
0.2332763671875
0.8500366210646462
0.7916564941115212
0.8125457763380837
0.7811965942091774
0.8593406676955055
0.7890110015578102
0.8241758346266579
0.76752138134907
0.8505494594282936
0.791453003854258
0.813186824292643
0.7803418934054207
0.8587912171788048
0.7882478609390091
0.823489021480782
0.766720073268516
0.8500343328050803
0.7916533150419127
0.8125429160136264
0.7811932555341627
0.8593385214044247
0.7890115968184546
0.3241731517773587
0.017524509748909622
0.975551470532082
0.4789522058854345
0.21943933819420636
0.85846354169189
0.7884765625058208
0.8234049478778616
0.26684570315410383
0.09973144525429234
0.9169311522855423
0.37539672845741734
0.6871795653714798
0.03076934808632359
0.9841270446195267
0.4761905669583939
0.7301588057889603
0.09523820871254429
0.9206349849118851
0.3809524773969315
0.6825396417989396
0.023809462727513164
0.9801587908877991
0.4702381863608025
0.7331349662854336
0.09970244945725426
0.9169146259664558
0.3753719389787875
0.6871900508995168
0.030785076378379017
0.9841115436283872
0.4761673155298922
0.23014705895911902
0.84522058852599
0.7956495095277205
0.31847426437889226
0.0263020831043832
0.9769531246856786
0.4723307293606922
0.7319335941283498
0.598388671525754
0.16516113237594254
0.2523803708027117
0.6217346187331714
0.18461608851794153
0.7777786250517238
0.8571434018085711
0.28571510274196044
0.5714292522752658
0.14285707430099137
0.28571486443979666
0.5714288945891894
0.14285677636507899
0.7857148940965999
0.8214291182230227
0.2678568731644191
0.5982146967435256
0.16517891132389195
0.25223163393093273
0.6216525529162027
0.1847104587359354
0.7776226470305119
0.857003892888315
0.28578431278583594
0.07132353080669418
0.8930147037608549
0.41084558647708036
0.1338541676523164
0.7992187484924216
0.8326822904055007
0.25097656436264515
0.6235351534269284
0.6862792945175897
0.5294189417909365
0.7333374003355857
0.6000061005179305
0.6666717504267581
7.625669240951538e-06
0.9999961834109854
0.99999427513103
0.9999952292710077
0.9999928439210635
0.999995944875991
0.9999939173285384
0.9999949311022647
0.49999239668250084
0.7499961685098242
0.6249942527792882
0.6874952106445562
0.5312428197066765
0.7343709290435072
0.6015563954424579
0.66796366131166
0.0019454992143437266
0.9990196208527777
0.9985294312937185
0.49877452608780004
0.24816178914625198
0.8739583471615333
0.8109375208732672
0.3424479339737445
0.5136719011643436
0.7412109206488822
0.6118163809878752
0.17651365083293058
0.2667236049892381
0.6000366031948943
0.6666564692859538
4.575401544570923e-05
0.9999465681321453
0.9999656509316992
0.9999484764121007
0.9999570636719
0.9999432286422234
0.9999635041167494
0.9999490727495868
0.9999543801532127
0.4999463594285771
0.7499655465653632
0.6249483198625967
0.18745693322853185
0.28119302925188094
0.6093383932311554
0.664011643093545
0.01167299528606236
0.9862746923172381
0.9911765879078303
0.9867648818762973
0.48897073583793826
0.23541686200769618
0.8656251246575266
0.2994791023375001
0.08203140707337297
0.3769528893753886
0.6865233159333002
0.5297849739145022
0.7331541458552238
0.5997312187973876
0.6669310231809504
0.00039653480052948
0.9996794089383911
0.9995191134221386
0.9997519235766958
0.9996278853795957
0.9996899044781458
0.9995348567317706
0.9997364188020583
0.9996048666362185
0.9996781566296704
0.4995176522061229
0.749750954535557
0.6246264318178874
0.6871906014566775
0.53078617414576
0.7341103891958483
0.10116595914587379
0.9176481540489476
0.8764722385385539
0.9362753572931979
0.904413039679639
0.42083247788832523
0.13124872336629778
0.8072925671294797
0.8359391006524675
0.2617173363105394
0.6113264308078215
0.17870984357432462
0.26806476910132915
0.5983873128716368
0.6651593645219691
0.00237920880317688
0.9967330246872734
0.9971146806783509
0.9965269304520916
0.9977673124230932
0.9966509686491918
0.9972110478847753
0.9963737895886879
0.9976277694513556
0.9967224088322837
0.9971059132949449
0.4965286300284788
0.7477607665641699
0.6216487829806283
0.18471621794742532
0.2776293710921891
0.6069958144798875
0.16079556426848285
0.25883346117916517
0.11176129718660377
0.4264782158716116
0.14167048234958202
0.7874942764465231
0.8229118970339186
0.2656331080943346
0.6015503378293943
0.6679586148529779
0.5019379222940188
0.7490157762949821
0.623523664457025
0.6862697203760035
0.02940458059310913
0.9833292662806343
0.9749938994355034
0.9791615828580689
0.9687576330907177
0.9843635540164541
0.9765529604337644
0.9804544425278436
0.9706950152467471
0.9833862761443015
0.9750875204626936
0.9792328451876529
0.46886440739035606
0.7343024741567206
0.6014613704464864
0.6678780927031767
0.5018458051781636
0.7489540119131561
0.6234315245237667
0.6861925148987211
0.029304977622814476
0.9833867529232521
0.9750877589103766
0.47923344117589295
0.7188635134079959
0.6093020270636771
0.6639606700045988
0.011627533851424232
0.48622086842078716
0.7411419868294615
0.6117130120401271
0.17642748355865479
0.7666097283072304
0.8500854670710396
0.7917378693528008
0.8126068338460755
0.7811813093430828
0.859271986380918
0.7889766441367101
0.8241052417724859
0.7675051411788445
0.8504841149260756
0.7914126862597186
0.8131251708255149
0.28032654884736985
0.6088443676999304
0.6632744193775579
0.011070778040448204
0.4853622467489913
0.7407086564053316
0.612051036034245
0.17589090182445943
0.7675060954352375
0.8504807765420992
0.7914186469861306
0.3131200453499332
0.5303199319459964
0.7338479733443819
0.10077196004567668
0.9173254648339935
0.375988197280094
0.6860254605708178
0.5300147533707786
0.7325357198133133
0.10051256412407383
0.9164023100747727
0.37564106279751286
0.6865385397686623
0.030753854603972286
0.9836310129030608
0.4759424300282262
0.7295387661433779
0.09517599287210032
0.92010795121314
0.38168089161626995
0.6818963506666478
0.5240381090261508
0.7296608215547167
0.09499289485393092
0.9200163798523135
0.3817571836989373
0.6820107757521328
0.5241029807657469
0.7295177804189734
0.09519220498623326
0.9201389418449253
0.3816963944991585
0.18191959176328965
0.2739956123405136
0.6046317602740601
0.15750554416445084
0.2637416837387718
0.6161063510226086
0.1742291453119833
0.27015042264247313
0.594774603494443
0.17036873058532365
0.2565319237182848
0.6192305829026736
0.18055584246758372
0.7767851087555755
0.8526791163603775
0.28348187037045136
0.5747771944152191
0.14564766202238388
0.28152850695187226
0.5777072395430878
0.14808936629560776
0.2847027225070633
0.5758759613381699
0.1450982785609085
0.2823525821440853
0.5764711267547682
0.14705927230534144
0.2833330790163018
0.5750003814464435
0.14583365121507086
0.2812504768371582
0.5781242847151589
0.6484369039244484
0.5351553559012245
0.7011713683314156
0.5830070525116753
0.6264642104215454
0.5607900656468701
0.7176508884585928
0.5764763327024411
0.647063610580517
0.5333395565103274
0.7000040689890739
0.5833312988106627
0.6250050862436183
0.06249237060546875
0.9687461852736305
0.9531192779249977
0.9609327315993141
0.9413990974135231
0.9667928218550514
0.9501892327971291
0.9584910273260903
0.9377365410036873
0.9686241000599694
0.9529361501045059
0.9607801250822376
0.9411701876379084
0.9666631063155364
0.9500022888823878
0.9583288829016965
0.9375066758075263
0.9687457083782647
0.9531185625819489
0.4609321354946587
0.1913991569308564
0.8417923151573632
0.7626889495877549
0.36474039396853186
0.047112438711337745
0.9608111213019583
0.9412166819674894
0.4666389016492758
0.1999593098880723
0.8333618163887877
0.7500508626108058
0.3749542236328125
0.5624465942091774
0.7187156676955055
0.5780735015578102
0.6483945846266579
0.53509950634907
0.7011353969282936
0.582956910104258
0.626419246167643
0.5607374012179207
0.7176169007725548
0.5764253511733841
0.6470821611292195
0.5333750415302347
0.6999679570726585
0.5833498635038268
0.6250400549906772
0.5624399176740553
0.718719005031744
0.5780785075621679
0.1483987563115079
0.2850981345982291
0.576138942851685
0.14545841436483897
0.28267463226802647
0.5763556986057665
0.6473077511473093
0.5334616267355159
0.1998209634621162
0.33317871094914153
0.5002644855994731
0.2496032715716865
0.374679565342376
0.06201934802811593
0.9685020445904229
0.9527530669001862
0.4606275557598565
0.19094133365433663
0.8415334223827813
0.7623001335887238
0.3644244073948357
0.0471248923568055
0.9605665057024453
0.9410938991932198
0.4663350394985173
0.19992980535607785
0.8331019123143051
0.7504081785446033
0.37463950613164343
0.06206607073545456
0.968471046508057
0.9527065697766375
0.9605888081423473
0.9409528304531705
0.9665004869166296
0.9497855395020451
0.9581341917219106
0.9377987124025822
0.46834788654814474
0.20276692786137573
0.3354980465664994
0.0036214196297805756
0.4976196294592228
0.24673461835482158
0.37211608816869557
0.5590286246442702
0.7165184015466366
0.5747776023345068
0.14564800195512362
0.2815289488644339
0.5777070516487584
0.14808905046083964
0.284702479140833
0.5758760265016463
0.6450985515548382
0.5323527223663405
0.20147092200932093
0.33455909887561575
0.502082860446535
0.24687571325921454
0.37239642441272736
0.5585946514911484
0.7167963646061253
0.5751945469237398
0.6459954557649326
0.5314931911125313
0.7030024470004719
0.58575367424055
0.6287530587578658
0.5603170951362699
0.21569010042003356
0.32548827936989255
0.019612625532317907
0.9705810616724193
0.4833373983565252
0.22500609754933976
0.3541717479529325
0.03125762194395065
0.9531211815483402
0.9609317723370623
0.9414014769427013
0.9667897154286038
0.9501912553969305
0.9584900081099477
0.9377390692534391
0.9686203226447105
0.45293806117842905
0.2107791620946955
0.31617258393089287
0.02915999895776622
0.4812543193984311
0.22395667442469858
0.3515679090342019
0.03514910477679223
0.9511673412343953
0.958001488703303
0.438959176564822
0.21703430300112814
0.8270220269041602
0.7717830701731145
0.346277541219024
0.043098950845887884
0.4431640886759851
0.21175131516065449
0.823486370180035
0.7667235771659762
0.35003658532514237
0.04165644446038641
0.4375457316637039
0.7186965420551132
0.5780906341678929
0.6483859512663912
0.535113292717142
0.7011150759353768
0.5829712988052052
0.6264138916449156
0.5607453735137824
0.7175977600272745
0.07644255072227679
0.3970735238690395
0.15835843124659732
0.7624628937337548
0.3646140700147953
0.04692140143015422
0.460898443358019
0.6913484997057822
0.5917637007369194
0.6376460279570892
0.05220557961729355
0.45330879517132416
0.6951590563403443
0.08961430404451676
0.38463510252768174
0.6746094721602276
0.019856527709634975
0.4702152084209956
0.7331539947772399
0.09973099225317128
0.4169308940763585
0.6253963411436416
0.06217925238888711
0.9682688786706422
0.9528768024174497
0.46056520371348597
0.1910960030509159
0.8413315046636853
0.7624320794129744
0.3643512442067731
0.04728601750684902
0.9605774637893774
0.4409739774418995
0.7165146771876607
0.5747794356429949
0.1456469367549289
0.28153127030236647
0.577707672084216
0.148087183595635
0.7847051620774437
0.825877666415181
0.27009701723000035
0.5948547124280594
0.17022186511894688
0.7564317881478928
0.3692739754333161
0.5554673894657753
0.21419415244599804
0.8212912510498427
0.26806313259294257
0.5983859537518583
0.1651575958239846
0.7523780472693034
0.3717314295936376
0.5596132717037108
0.7152752349211369
0.5758912219898775
0.1450906482350547
0.28236402763286605
0.5764539585215971
0.14704496544436552
0.2833421399118379
0.574988220614614
0.645822801918257
0.03126579709351063
0.9531013043306302
0.9609177536040079
0.9413767496298533
0.9667800905590411
0.9501711528573651
0.9584751132060774
0.4377145762555301
0.7186121937993448
0.5779182907135691
0.648265242256457
0.5349283809773624
0.20102545592817478
0.332804396370193
0.0012818199174944311
0.49807727662846446
0.7490081169817131
0.6235121754871216
0.6862601462344173
0.5293902198318392
0.23332112430944107
0.34998169043683447
0.0416819229722023
0.9375228918797802
0.9687309246219229
0.9530963869474363
0.9609212851792108
0.9413819277833682
0.9667766074126121
0.95016491113347
0.9584807728533633
0.4377211593091488
0.7186087798036169
0.5779131697199773
0.6482686339586508
0.5349334722559433
0.701021828543162
0.5828056366008241
0.6262874575913884
0.06057071348186582
0.9677538849937264
0.9516308275051415
0.45969998577493243
0.18955093281692825
0.34073850282584317
0.013062310114037246
0.9884636598289944
0.4861136380350217
0.7410730567353312
0.6116095851175487
0.17634135085972957
0.2667399287165608
0.09989012280129828
0.4165751188993454
0.6251373514242005
0.5622939802415203
0.7185783218301367
0.577898000337882
0.6482915668457281
0.5349526127974968
0.7009894669463392
0.5827933301043231
0.6263269559131004
0.06058419111650437
0.9677231888344977
0.951615420053713
0.45966185387806036
0.18953960028011352
0.8407058881421108
0.7631110910442658
0.36342428089119494
0.5486154263780918
0.7097925982961897
0.5647194155026227
0.1529267831647303
0.29411032926873304
0.06665463570971042
0.9000184152100701
0.916681828268338
0.3750230339355767
0.6874807302083354
0.5312212150020059
0.7343585728958715
0.6015380422468297
0.16794827586272731
0.7519228010205552
0.3740080221614335
0.061012033256702125
0.9675101022294257
0.9512651533586904
0.4598835384531412
0.18982530769426376
0.8405100012023468
0.7627183653530665
0.36375024099834263
0.5485552280151751
0.7095783179684076
0.5646117368014529
0.1530862094659824
0.29429648333461955
0.5664595069829375
0.1503484692366328
0.2919367027061526
0.06295087514445186
0.905955651513068
0.9214639985875692
0.8824524396623019
0.9331614577677101
0.40010839779279195
0.1665762954216916
0.25013916107127443
0.6247929403325543
0.18732684399583377
0.28102173772640526
0.6092291270324495
0.66385978544713
0.5115368062397465
0.23611290674307384
0.36607219954021275
0.5491087167465594
0.7075909202976618
0.5636141636641696
0.15457875447464176
0.29548229539068416
0.5684981683734804
0.15115995108499192
0.2893772895040456
0.06593406572937965
0.904029304132564
0.9185592187277507
0.880036630172981
0.9299450551334303
0.9019688643456902
0.9156974969955627
0.8774610804393888
0.43380837931181304
0.15415808159741573
0.2937380760849919
0.06769760200404562
0.39845359697937965
0.667945319757564
0.5019332421652507
0.748994149704231
0.6235180531803053
0.6862553633691277
0.5293983636947814
0.7333074854686856
0.09998994364286773
0.4166788716975134
0.125018307560822
0.3124745661916677
0.09372711554169655
0.8905982915021013
0.929670329176588
0.8945054937794339
0.9120879133406561
0.8837606847228017
0.9252747247519437
0.8957264944911003
0.4065934084064793
0.140170941100223
