0.37416388938436285
0.3112415725772735
0.40283887507393956
0.07322943859617226
0.8539836261770688
0.01093541004229337
0.9770915570843499
0.9520666455791797
0.9104419786308426
0.8041164913447574
0.12699650943977758
0.7460033623792697
0.1111427181167528
0.7936022936773952
0.6588815313589294
0.18217687064316124
0.6434434960538056
0.21323400529217906
0.5031889906676952
0.492652720422484
0.24141274459543638
0.5962155298911966
0.776311312627513
0.18986993102589622
0.5576227920537349
0.3915909496427048
0.09226041557849385
0.8253954819228966
0.5952423469861969
0.7777805924997665
0.19840610009850934
0.5397124882729258
0.4205745749932248
0.035800053185084835
0.9283989416726399
0.7506313527701423
0.24873538763495162
0.6216095891722944
0.30756600367021747
0.3929856686445419
0.08890564242028631
0.8133996526303235
0.6233275035629049
0.8099837104673497
0.14942664885893464
0.6933303279511165
0.05172387740458362
0.8812361165764742
0.3604516168124974
0.29469136797706597
0.406957064231392
0.06111626993515529
0.903158071130747
0.8223465631017461
0.10530667257262394
0.7593554356426466
0.7308014434529468
0.5657444096286781
0.8675346181844361
0.05396456300513819
0.8774232113210019
0.8703024743881542
0.5474199516465887
0.8895416381419636
0.3479919152450748
0.2727813390956726
0.4554213385563344
0.15163026211666875
0.6879515755572356
0.5616497782175429
0.9050209050183184
0.3248009991948493
0.3464612340030726
0.2755758997518569
0.4409746578603517
0.1810457009705715
0.6455990127578843
0.20881580223795027
0.5201173788809683
0.4597327884112019
0.1408369188720826
0.7182745967584196
0.015106671606190503
0.9748222732159775
0.9546037652471568
0.9028060657728929
0.8234464708948508
0.10206749400822446
0.7646145276085008
0.7230331193422899
0.5850607222528197
0.8308246012893505
0.0881086383596994
0.8160007110273
0.6184847145632375
0.30209310015197843
0.3802026241028216
0.11459948937408626
0.7863935886125546
0.6772128805459943
0.13001407336560078
0.7399713726772461
0.09772070497274399
0.7733090594119858
0.7065938599116635
0.024785319314105436
0.9424947918741964
0.42752555233892053
0.00456803580163978
0.990849272115156
0.4694730920600705
0.2173781520978082
0.512478322169045
0.4708969285711646
0.21439410650054924
0.5013875704607926
0.9971050835447386
0.4940711433882825
0.2390162595838774
0.599848273122916
0.2671995109412819
0.46512841011281125
0.13614962267456576
0.726601197879063
0.07804761023726314
0.8513527085015085
0.5192184110928793
0.46203982981387526
0.13060938959824853
0.7383924085297622
0.6013554495875724
0.7692111407523043
0.21205074462341145
0.5055907790956553
0.48835873723146506
0.22640752550796606
0.5816128189035226
0.33726274024229497
0.3176272258569952
0.3647455479949713
0.2863750476099085
0.4273662538616918
0.0042047448514495045
0.9915985940315295
0.9707805895013735
0.4646888508577831
0.12653384110308252
0.7464440066833049
0.6203674873686396
0.7973491150187328
0.13987513416213915
0.7251587100618053
0.0789794548181817
0.8418578094278928
0.5760801672295202
0.34455830266233534
0.2793954527878668
0.4509451712947339
0.15694754777359776
0.6860351744689979
0.6533202764694579
0.6977537919883616
0.5422361989622004
0.9146724094753154
0.295714785635937
0.4103069355187472
0.05439566564746201
0.8779611340432893
0.8681015569891315
0.5530063115002122
0.37641306620207615
0.12223436628119089
0.806308703526156
0.6447085401741788
0.7105911390972324
0.5187588898115791
0.9614427637425251
0.38180221809307113
0.10975142926326953
0.7960000052116811
0.1628522839746438
0.6720986321161035
0.14020846842322499
0.7259298402059358
0.08033633659943007
0.8393289956729859
0.06270560639677569
0.8745301063463558
0.5619740033289418
0.9044257756904699
0.3259150253725238
0.3438516972528305
0.28101608413271606
0.4528604393999558
0.16315728757763281
0.6746617493627127
0.1347768802952487
0.7304474165721331
0.07221626210957766
0.8563571925915312
0.5022518830082845
0.49550386375631206
0.23445619753329083
0.6092126048461068
0.2574043351924047
0.4876327357196715
0.22688669594936073
0.5774783345113974
0.3499190952570643
0.2669584520626813
0.4660964780196082
0.13421281724004075
0.731471360224532
0.06439244642388076
0.8720086182875093
0.5569137588900048
0.393994391313754
0.08609187518595718
0.8200040447991341
0.11245241406140849
0.7897361028299201
0.6704667595913634
0.6610262515605427
0.6780695634079166
0.626295295136515
0.7474112611380406
0.6184277330175973
0.8022071829182096
0.13002256449544802
0.7399548705143388
0.0976584286254365
0.7734331417887006
0.7070160126313567
0.525375324243214
0.9423293120926246
0.4281500010401942
0.0009857349505182356
0.99802809022367
0.49310624779900536
0.24065410802722909
0.5947492665436585
0.27925457374658436
0.44619103529839776
0.1702323032077402
0.661488044745056
0.17703936350881122
0.6302972564008087
0.7392681545461528
0.5995884225703776
0.7704581738798879
0.20939055306371301
0.5166442944610026
0.4667073644523043
0.1336018723959569
0.7325601704942528
0.06808277976233512
0.8632898030045908
0.5390457055473235
0.4257250789378304
0.009694829728687182
0.9812056717055384
0.9396882198052481
0.43319795158458874
0.016874745982931927
0.9662601043528412
0.8839432711247355
0.3571129175252281
0.25014870628365315
0.49969651518040337
0.24908133145072497
0.623926662519807
0.3089017333695665
0.4017280793923419
0.06279279157752171
0.874398206215119
0.5606522169255186
0.4040576386032626
0.07103511397144757
0.8580055329948664
0.004661541373934597
0.9904365035763476
0.9702395617496222
0.46527555788634345
0.1359159308776725
0.7271744174940977
0.07690068800002337
0.8482623193121981
0.5222639860294294
0.4532596491917502
0.1559768274310045
0.7022365485609043
0.037913410807959735
0.9219749684853014
0.765394303278299
0.7262933481251821
0.5811354583711363
0.8367524620261975
0.06843651278177276
0.8611739686166402
0.5435307114676107
0.4090285118436441
0.05666846325038932
0.894479327602312
0.33781089464901015
0.3171721264079679
0.3654106523899827
0.28285796477575786
0.43379388088942505
0.026882661768468097
0.9389142742438708
0.9347328739240766
0.275065561698284
0.44156714240671135
0.179365655669244
0.6280870003683958
0.24284973461180925
0.6158457491255831
0.2819803775928449
0.43615007627522573
0.028128619451308623
0.9473881578596774
0.917723877937533
0.29015976627124473
0.4197357804805506
0.03188517774106003
0.9362220152106602
0.7778871332993731
0.1981398547650315
0.5413423011486884
0.41731348683242686
0.039396583015332
0.9212163950141985
0.7874460922321305
0.1731241718516685
0.6381306795810815
0.21989343271707185
0.5914654316438828
0.3204871639609337
0.3590113594837021
0.257074881286826
0.4869259688130114
0.22928844092530198
0.5724289437348489
0.3551411587977782
0.2589561801578384
0.4820924825617112
0.18766856225556694
0.5621473782230169
0.9054924235097133
0.3267405602382496
0.34847202312084846
0.27156263968208805
0.4549215956067201
0.152894529979676
0.6981167136400472
0.04107191154616885
0.9178628526278771
0.29086150630610064
0.4185305455175694
0.03402884514071047
0.9316678899049293
0.769480526651023
0.7128087278397288
0.004680454061599448
0.9903961703239474
0.9703790666535497
0.4649997073574923
0.13640731284976937
0.727681184449466
0.07588762359227985
0.8437699601927307
0.531210206245305
0.45301957766059786
0.1639071937825065
0.675363247806672
0.6341362486709841
0.7316931554232724
0.5639589897473343
0.8723035262082703
0.05625049053924158
0.8947909319249447
0.8354181407776196
0.5802135927369818
0.839574706798885
0.06355747749330476
0.8728847769962158
0.555253932980122
0.3973054086090997
0.07819585103425197
0.8436082983971573
0.0776443908107467
0.8510588711069431
0.5177686799142975
0.4644047283800319
0.1263515462342184
0.7471747780800797
0.6188968846690841
0.8015127485268749
0.13146871217759326
0.7351649069169071
0.10757012272370048
0.7555543572234455
0.73834196862299
0.6014701460371725
0.7693621451035142
0.21249832765897736
0.504172046581516
0.491653939941898
0.22085471588070504
0.5895504031213932
0.8135100095532835
0.12297902669524774
0.8054409056494478
0.6466846397379413
0.7046174916322343
0.5277809803374112
0.948405473434832
0.4147114868974313
0.04557702233432792
0.9108013741206378
0.3033973036217503
0.3756129606917966
0.12377415262744762
0.8091914682008792
0.6511633329791948
0.6896167903323658
0.558266909152735
0.8917669628863223
0.3414621588890441
0.3204936434922274
0.3590325613040477
0.25702500852639787
0.48686360305873677
0.22938272872124799
0.5726028274802957
0.35476335044950247
0.25825055220047943
0.4835589774302207
0.19401485021808185
0.5475219419749919
0.38932924589607865
0.09827935762587003
0.7721873508417048
0.20370274485321715
0.5300985817739274
0.4493243133474607
0.15991645460599102
0.6813878008688334
0.1446231227600947
0.7107232392008882
0.019239746587118134
0.9619496527593583
0.3807881923276
0.11401872293208726
0.7873434195353184
0.6734362114220858
0.6369837633683346
0.722126820939593
0.5860805630800314
0.8200244624749757
0.11233231035294011
0.7899879231990781
0.6703292096790392
0.16117173002567142
0.6776563079038169
0.12967464307439514
0.7404060509579722
0.0953445202903822
0.7775764043617528
0.6988314637856092
0.040295424667419866
0.9194050972873811
0.7824361805105582
0.18506015202729031
0.6489221877709497
0.1945758465444669
0.5494245282316115
0.38554125910741277
0.1036695504153613
0.7614107836561743
0.7276857878314331
0.5758710035006516
0.84380242228508
0.031128376664128155
0.9530021100363228
0.9136340392287821
0.30019815609557554
0.38288387007196434
0.1092320139578078
0.7573355331842322
0.737771546584554
0.601757453463506
0.7651701085269451
0.2260064817382954
0.5800995471945498
0.3397990509402007
0.31435941738891415
0.37189492728793994
0.3067472245020326
0.39429445122368634
0.08763412429834716
0.8165063105407171
0.11695698508992791
0.784886763402028
0.680745138291968
0.14632222542422824
0.7076005540438928
0.5222991894115694
0.9532023289357312
0.4060953430016525
0.07770594520843588
0.8509357573930174
0.017826199007686228
0.9643476588244084
0.8752171077067032
0.37459678220329806
0.31183390275691636
0.404652036173502
0.0754766930185724
0.8451413027069066
0.5283301861491054
0.9472458480740897
0.4188923561014235
0.033614362560911104
0.9326539062312804
0.26652621768880635
0.4670548296708148
0.13815806672209874
0.7199302360822912
0.09132801558007486
0.8207619505992625
0.6085380881559104
0.7565565353143029
0.23486417857930064
0.60839694130118
0.25439168998855166
0.4914493165560998
0.2213028858823236
0.5886596061754972
0.8146222405484878
0.120740260113962
0.7980664379138034
0.6382726417796221
0.219064053875627
0.593121910613263
0.3264170322800055
0.3491190608765464
0.27074485045159236
0.4586094658297952
0.14480625768192112
0.7103875004395377
0.017607148009119555
0.9647951280348934
0.37686344870598987
0.12188423806219362
0.8067878221627325
0.14422919758362696
0.7119678892486263
0.005759410443715751
0.9890924727951642
0.974695914919721
0.9548975120997056
0.40294913115212694
0.07304589715204202
0.853648791089654
0.011452894599642605
0.9776130410900805
0.9510196268092841
0.4067680856096558
0.061476226459490135
0.9027454717142973
0.8232933105900884
0.10242104710778221
0.7640299768245313
0.7239096111152321
0.5834308745688759
0.8330243007512763
0.08395139843923971
0.8328943616070319
0.5843333479715511
0.8293464279850014
0.09130690555321053
0.8215308863145765
0.6070483767252881
0.25029683706816286
0.4993920187407639
0.24816439836286008
0.6228490478533786
0.3053120361582842
0.39719015057198703
0.07869710979866795
0.8426092300214805
0.07430421683238819
0.8474772473273333
0.5250161935400683
0.441682924865745
0.17913416502415203
0.626969983568415
0.7460595412994735
0.6112172515131533
0.7938013979583047
0.1582162663107738
0.6835639002674725
0.14254620837164111
0.7157105772348586
0.010103488923050463
0.9797624970960896
0.9457399198727217
0.9210812028322835
0.7877494936110452
0.17256021843058988
0.6391954357095528
0.22356270800810307
0.5842296824266668
0.32958753968705423
0.3410571384301875
0.32189115582150407
0.3557456230337266
0.253352503903443
0.4922030057350639
0.24215648850076832
0.5975477100873832
0.27524334157351404
0.4419139914389234
0.1786719100200571
0.6253841862489935
0.24910928870667703
0.6238441038003657
0.30871000583283603
0.40214998481678776
0.06409273628378287
0.8713243094680365
0.5582091633987147
0.39184814819600433
0.09130370346247219
0.821519905468449
0.10703649063361809
0.7502535195380915
0.7494931974215433
0.6232326909084804
0.8101139788632281
0.14882263663457707
0.6944213186798152
0.0496258226048667
0.8848792737408075
0.8552576610818505
0.009455380903091282
0.9806086056923959
0.9411265312228352
0.4306664927280508
0.02147949967184104
0.9579947904276196
0.896952893701382
0.32929272548062727
0.34135357386549003
0.32071558936149813
0.3584448404435534
0.2567278725618962
0.4847151317226235
0.23366422220715322
0.5688024011033121
0.3605031139450148
0.2946284289646428
0.40628374606603757
0.06243143495521508
0.9060285184532404
0.32783864060183987
0.3506098481884692
0.26849923728150316
0.46330690584727563
0.1279363591747824
0.7431492667237762
0.11570666509214789
0.7824159266601782
0.6851052042038646
0.14881712131318636
0.6944331213890109
0.049580407328903675
0.8849698025442194
0.854997423448367
0.5092436768754851
0.4815774366434198
0.18918887578183785
0.558664603944635
0.40220204371144064
0.06397252521128394
0.8715666567732114
0.5578077972168103
0.8911624440806918
0.3426603148691356
0.3245669486641418
0.3469255344825797
0.27392260686610825
0.4445749888254795
0.17442576776375063
0.6355387083312962
0.22867844416759908
0.573893141670851
0.35270199421211146
0.26334574329666793
0.46891397444414906
0.21842377964640036
0.5148132008907851
0.4752523575734813
0.20379210394457914
0.529923898197012
0.44991797383408993
0.15870052282116376
0.6825984958559275
0.6430082953884266
0.7140434923348948
0.5006313815829344
0.9987353142932989
0.4966095553827472
0.24506573061808012
0.6117362107615918
0.7920320575940423
0.16495956806465983
0.6701991199224722
0.16155481824534945
0.6767759225913323
0.630823586427141
0.7391388037358411
0.5999684504349716
0.7668981210445054
0.21618688135640696
0.5089102977362927
0.4822376354422886
0.18813720103935339
0.56122941619833
0.40287117462139577
0.07316389758489095
0.8537910562008619
0.011167673335876316
0.97659082050086
0.9530716373119503
0.41398612171178684
0.050575067434692755
0.8844486527668778
0.8555996307404712
0.00364456296665594
0.9932253537990618
0.9901117914123461
0.4732037841458805
0.2098672253487166
0.5159379069227725
0.9681241525686346
0.38892340392339975
0.09910880934330635
0.7707298286841251
0.20857060683192685
0.5198724154324736
0.46022424966213293
0.14302803334430791
0.714008064038353
0.0006953160045668483
0.9985407077183481
0.9970594477199484
0.9946048314450309
0.4875032797572203
0.2270809170731809
0.5771019624080509
0.8480591445113532
0.02250779652968049
0.9559457106224727
0.900726387713803
0.8157042071397882
0.6176295360492077
0.30387066191178747
0.3776113429630641
0.11976199565106072
0.7995389729330782
0.6353274515131488
0.729341319471132
0.5722929243929684
0.8554179658531211
0.009684201679192483
0.9812419964873698
0.9396153844718356
0.9332692307652906
0.2667627462069504
0.46647450330783613
0.13296601167530753
0.7340682891954202
0.06948576087597758
0.8620088279421907
0.541546546475729
0.4169030252669472
0.04131601765402593
0.9173760261910502
0.7891494698124006
0.1716924185748212
0.6636952259868849
0.17510638653766364
0.63320470819599
0.2334599301975686
0.5692131001560483
0.3594346484169364
0.2967805033258628
0.41388921480393037
0.05039538364508189
0.8840409281256143
0.8569181120255962
0.0011670279200188816
0.9976072428107727
0.9925622668815777
0.49131628341274336
0.22144043756998144
0.5881249832455069
0.8160134474164806
0.11843088467139751
0.8022038300696295
0.630028859799495
0.23993465097737499
0.5977058491262142
0.2733230429003015
0.45689768038573675
0.1499423296772875
0.6918151386489626
0.053743599011795595
0.8778644780686591
0.8694012693595141
0.05025996844051406
0.8829432293132413
0.8591135408496484
0.00689751940080896
0.9871815227379557
0.9785728585266043
0.9491233582375571
0.4158343866583891
0.04357614190666936
0.9089911745395511
0.30678113986505195
0.3942492702335585
0.08692107620299794
0.8183462715533096
0.6142382429679856
0.7875444368110038
0.1730189768713899
0.6383432518632617
0.2189198017877061
0.5933951217739377
0.32737146224826574
0.35017061882535927
0.26645182113861665
0.46682213168242015
0.13861388587974943
0.719658420101041
0.09206284454558045
0.8256381496030372
0.5948784561769571
0.27900548352045007
0.445347933244193
0.17180414279573597
0.6638222040201072
0.175529420026578
0.6338842205877881
0.2322022454754915
0.5631752356421202
0.8735884932684712
0.059451819863170385
0.9007508721842896
0.8157235339458566
0.6175611471699085
0.3038212198589463
0.3777248600090388
0.11930616913014092
0.800445872504497
0.6339715352514759
0.7320845785434358
0.562695846427232
0.8745434721349739
0.061948214075528085
0.9043207681679633
0.8261164452705998
0.5946549122454599
0.779546785808634
0.20067013148218393
0.5324524473107886
0.43512153715710156
0.023799894785042852
0.9446277591923717
0.9242067277664319
0.2608361134189181
0.4773208867118228
0.2013555349840317
0.5366810187988449
0.4261742307571694
0.0069082862173672765
0.9871611981652677
0.47852746810531244
0.19919112618663348
0.5409783652576152
0.4188292237231508
0.03355546362581663
0.932904391142074
0.2660233497736044
0.4678306897112634
0.13955300650559366
0.7229631112131756
0.08532401555567048
0.83037806651555
0.08925149746937677
0.8125862591259647
0.6248199081746861
0.8121268095565028
0.15556969173485413
0.7015387628634926
0.036253467231290415
0.9275483786186669
0.7545417693909258
0.24090871930820867
0.5942924199916888
0.2801725500030443
0.4495406209898647
0.1595120292622596
0.6800033873587381
0.14780479783075862
0.7053364492603578
0.5268288183142431
0.9377058961545117
0.43703063047723845
0.030725087359314784
0.9512980582658201
0.41185700841015205
0.05087500638910569
0.8825944938289467
0.8629761413903907
0.04009996325476095
0.9198298519768286
0.7820582267595455
0.1856443680007942
0.6540694938448723
0.1960109251376707
0.545420899434248
0.4111103769391775
0.05317612175713293
0.8761353762238286
0.37272734416183084
0.30482331951498054
0.39816764811985195
0.08113662732648663
0.8367507807561196
0.06844155892031267
0.8611618348804768
0.5435449949291069
0.4090076492866501
0.056741006759693846
0.8942999688442796
0.337617106444668
0.3164954660751391
0.3670123898482416
0.2847739293065388
0.4309146454615984
0.02098106316407211
0.9582363124063704
0.8960640623699874
0.33238454739330336
0.3352462216571439
0.33048316501663066
0.33891154362936504
0.3133897566294763
0.3733429445710499
0.309937631158391
0.3995339172251988
0.06816876484663226
0.8639142408792395
0.5377989766420797
0.9223869011620991
0.26459332928061485
0.4730696789629292
0.20997283788165078
0.5185272217786405
0.46334126801230013
0.12805836970801465
0.7429049165803008
0.6158289606682956
0.7819882775074802
0.1857774016680196
0.6539116666826885
0.19556030267267488
0.5463805904146284
0.9123424083809368
0.29843832179903984
0.3869805074937176
0.09713288577040657
0.7735600517189596
0.6950673966202885
0.5499233914888464
0.8836013945983723
0.35755968996090814
0.25558374452521093
0.4882931149622891
0.22653501646709628
0.5819937183114234
0.3377749534556642
0.317245975806145
0.3652791665517725
0.2831157565524336
0.43437871523201466
0.025515343964798376
0.9411565679474734
0.43077426857780665
0.021279717184370384
0.9576845795381814
0.3971270252368413
0.07879310022690333
0.842432859033579
0.5748923966893926
0.8462479586596601
0.026260743383318186
0.9397879643074702
0.9329364397272002
0.7659647271211725
0.7180400570796337
0.01411758249741979
0.9737780132854823
0.9586863439762965
0.39457914530066773
0.08582647939329036
0.8318875496333931
0.5874150844756514
0.8168652499443851
0.11642209265846759
0.7837000356230419
0.6825999134161975
0.14300617927801795
0.714048409514362
0.0006389060290530324
0.9987267774704378
0.996626141568413
0.9950308732513804
0.9866230395855382
0.47986373462481424
0.19542339074541815
0.5466684809944127
0.41374413087032735
0.049937885924009606
0.8835231387638487
0.35798423999221995
0.2547303606697824
0.49026462039910257
0.22065639655920677
0.5907354318187572
0.8225560149294324
0.10487292852485552
0.7579103525204118
0.734146836475702
0.07003616576548666
0.8623176730179694
0.5400088157330174
0.4203790967585519
0.036268252617446706
0.9274654025794007
0.25398719852091745
0.4920257223711815
0.22224549087695777
0.5872472973715048
0.31769658587290905
0.36460683424957097
0.28637786439503543
0.42724456934956834
0.005124152201460674
0.989862321788678
0.9729505146387964
0.46033373050158843
0.14268523469218053
0.7146447893755976
0.0016234508948400617
0.9962629365909379
0.9957400081621017
0.9855669464741368
0.9820218329550698
0.4378156100283377
0.1868690783448983
0.6545515264442656
0.2006616189610213
0.5324233977298718
0.43509395568980835
0.023855056846514344
0.9443402993201744
0.9247959630738478
0.7602234031946864
0.7297057875257451
0.07081599754747003
0.8583754553401377
0.5043523914937396
0.4913574439706281
0.22137862231465988
0.5884317383752204
0.8153095914167352
0.1195028904476203
0.8000960735080298
0.6331905548286159
0.23349288234021515
0.5691155764216091
0.35956408994388767
0.29643387036048807
0.4134647163155023
0.0489212280663196
0.8865015494229738
0.8532215325394645
0.011758143722545356
0.9725774699181784
0.9626780402613804
0.3795755527098663
0.11586820645607077
0.7819278689567
0.1860810662037693
0.6532132384891156
0.197608070098795
0.5422542954038363
0.41451461202814244
0.0460241821128875
0.9128356105356943
0.7974743556405883
0.6394416965486016
0.2228264885779936
0.5855817640258465
0.33127827011048794
0.3364974725700449
0.3191915870993398
0.35938903913483955
0.29684885873575695
0.4140232213831041
0.050674556085141376
0.8846128558798227
0.8560329908505082
0.0027839596732519567
0.9941583172476385
0.9882458506617695
0.47839580610161647
0.20006875428953208
0.5332492903398816
0.4334860407980159
0.017432119435397908
0.9653475890518166
0.3857110718381591
0.10389547850354575
0.7608388874214143
0.22731502371607348
0.5763758118555415
0.3491407179972157
0.26998028726666234
0.4600982831325382
0.14327999643865041
0.7133940556668676
0.5029066603747196
0.9945864771143533
0.4874510577064939
0.2272388428391423
0.5767112190369517
0.848514947516378
0.021842055139131844
0.954378984606592
0.9037421523535158
0.8213075034145731
0.6073840317549184
0.7508615122060291
0.2484000138938427
0.622355852246983
0.30606847439776175
0.39555348915746436
0.08390029371366836
0.8328128615685273
0.5841153542278334
0.8298161707934923
0.08990607975283638
0.8240940625255462
0.6030821693420876
0.26210520311724395
0.47176130148000084
0.21175035764463246
0.5059426561638247
0.48616251835483126
0.23104407411301509
0.565247018210357
0.36926188252982683
0.30059690997586586
0.3844266189553309
0.10566228712559678
0.7534584387030918
0.7435713087907061
0.6142968619824387
0.7870315740001388
0.17654898815089837
0.6310328830440994
0.23596647012163885
0.6057035437843297
0.2535109908785671
0.4934353052813094
0.23969558120006695
0.5987939190526959
0.27116228829254396
0.45718904948444106
0.14812195466947742
0.7061822383257095
0.024158591986633837
0.943946647195844
0.922626147599658
0.7638790409837384
0.7241264079930261
0.582508425868582
0.8351814830675721
0.08064506755908951
0.8387100108957384
0.5645146949682385
0.8709706342197023
0.048397370730526745
0.8871110507461708
0.8467409611621406
0.524291515146615
0.4434187408769503
0.17373430656152777
0.6375201331102289
0.7208093673107214
0.5896054003969766
0.8141954949242063
0.1211972325691022
0.8083524520916399
0.6423286826175172
0.2149535942589864
0.5115133739018347
0.4781939562235493
0.19937565378495492
0.5348424349504057
0.4307865436421707
0.02123930092784576
0.957152325718198
0.39825095963897184
0.08169086612178944
0.8370979663450271
0.06793028622632846
0.8636759418586735
0.5381551139289513
0.9246663341182284
0.25976968510076404
0.48046063209767453
0.1972372310119681
0.5439105774566997
0.40857062430586666
0.05773665205924772
0.89141222438775
0.3419390932540409
0.32588743793894537
0.3437691888830159
0.28121166097116657
0.4530216573330108
0.16390344747924246
0.6753593335452024
0.13414412981364876
0.7317269991326611
0.06389074269100092
0.8720811705570668
0.05661783571122214
0.8954618084535468
0.8343884734204039
0.07915027166018263
0.8416832404618617
0.5711498526216019
0.35742754756938666
0.25584880480892025
0.4892332956660539
0.225053228874458
0.5792513333144598
0.8415011526085436
0.07035522250225767
0.8592854872404132
0.5076253162696958
0.9879313315614127
0.4777506188256666
0.200691780395573
0.5317219060380012
0.9367104446864687
0.2798383916961029
0.45007668223115616
0.15856289869407192
0.6829123495554086
0.14099621729110368
0.7178856128884945
0.014438925310969353
0.9728311579383444
0.9605732643685769
0.8937948778911959
0.8365340281452518
0.5691342256905045
0.3595306615170557
0.29656275306479074
0.4132297803007532
0.04951485610217787
0.885284246673109
0.8544460503617302
0.010169322311412543
0.9795402461022604
0.9461775672389194
0.4202659747679718
0.0363904194382485
0.9272211047355086
0.2550856018788181
0.48976776577183045
0.2230993077682797
0.5851124191249255
0.3307610262418166
0.33841309809940867
0.3153624660917558
0.3694042864663061
0.3002540760207921
0.382952226762427
0.10909554845420644
0.7568382821336854
0.737300057313405
0.6039893245906569
0.7609696563449688
0.22711654944578186
0.5770171916519757
0.34768783443723805
0.27337436788366176
0.45681060015340336
0.15009187432588078
0.6914526021864731
0.05457950697746128
0.8787576929607894
0.8686748293985147
0.5512269508326426
0.8819811522844248
0.36200662748888135
0.29155171566526406
0.4168813083670102
0.04136000495054759
0.9172494473459665
0.7895209646085277
0.17111073312116787
0.6626098198175896
0.17282318219076842
0.6391254368645605
0.2237561040383298
0.58373780400143
0.33214679826050997
0.3357445504225325
0.3316689775674604
0.3371503263770137
0.3179655978747178
0.3635490219166968
0.2885190926317591
0.4239974451775197
0.011364375852281228
0.9777555951441173
0.9507683586562052
0.4065612435224466
0.06187561948900111
0.9045843322819564
0.8255930284503847
0.09478562272852287
0.7791984101349954
0.6961119134211913
0.545030222448986
0.9119074768386781
0.3014253680012189
0.3815231911430601
0.11000814908766188
0.7956121681781951
0.6606689417967573
0.6786539803142659
0.6254190825857222
0.7490255189477466
0.624019282287918
0.8090679301531054
0.15159368590684608
0.6880497914680745
0.06140064986539073
0.9024034670146648
0.8241241486975923
0.10334217612398788
0.7623097882897127
0.7214442462427542
0.5881174153764732
0.815979617938865
0.11852904438273981
0.8020596572605427
0.6302747598674614
0.23932121263351291
0.5994827226677444
0.27006582895410247
0.4598530900257174
0.14096479411819018
0.718039878323907
0.01411639025900513
0.9737813516694587
0.9586808593885507
0.8945885605935473
0.8358419222058728
0.08184976660413668
0.8375206291966606
0.5667075513629243
0.8665941057843156
0.03329153318190947
0.9334206947532948
0.7671918145206291
0.7150976763805375
0.5112108961329795
0.9767534284037538
0.45268205512547866
0.16348974718130194
0.6738758163992316
0.6366081083542667
0.7283725199522451
0.5747193560819142
0.8466513268649578
0.02584407100221142
0.9405519607535098
0.930419449461624
0.27209424058673903
0.4539167597249616
0.15444716476486064
0.7008746369101573
0.03129515878390521
0.9374144210887607
0.7810530413698871
0.7027713855495676
0.5383010106743313
0.9244045818340965
0.26056971080834046
0.47861548405489884
0.19898845255374908
0.5407457053370308
0.41805113849113695
0.034989453793969005
0.9312417692563031
0.7698447348084301
0.21031046350253746
0.5178270251781214
0.464346379856579
0.1252147837949451
0.7496008996386081
0.6243366910493933
0.8108970794128254
0.15357066103024408
0.6967630200379062
0.04417270782869309
0.9077808203583118
0.8089500856876839
0.6516458605183288
0.68791915505426
0.5615267449175008
0.9052659406443126
0.32469913858221844
0.3468962510523852
0.27401049924083054
0.44415863367612474
0.17198355979053304
0.640423377539264
0.22622950782533735
0.581232152035227
0.3365667637262959
0.3190551643783692
0.35986739737563767
0.2958902056852821
0.4106162094103638
0.05392015367397107
0.8774415176885668
0.8701169817941263
0.049316101416479796
0.8859855146438349
0.8521716155810282
0.014462022401858121
0.9728040223417338
0.9606346201908309
0.893611011444591
0.3368081087828614
0.31869346447638236
0.3606694829650223
0.2942822342447471
0.40749876241898164
0.06000615577795543
0.8995799782278482
0.8180245911935344
0.11346283432794735
0.7887240168929566
0.6749971833778545
0.6333432442625053
0.7333096892689355
0.5667061138083227
0.8665952899609692
0.03328795946436003
0.9334167496708687
0.7671976688143332
0.7151316398521885
0.5111394506529905
0.9766224900376983
0.4530299385660328
0.1638902265985962
0.6753923930227757
0.634047977568116
0.7319090104429051
0.5636764409136958
0.8725855989032425
0.05512558558257297
0.8976214230933692
0.8307337162841577
0.5885372456395999
0.8151111148181371
0.11976329097524285
0.7995322206697892
0.6353410617157351
0.22930917629855685
0.5723874769755639
0.8552853654255159
0.009428999677766114
0.9806661180627998
0.9409526840609033
0.9310827854787931
0.27051055344054475
0.4589787114819046
0.14549627527594566
0.7094515077478718
0.016796687588794157
0.9663417459814809
0.3832342348759994
0.1084171189868357
0.756799042923376
0.23474633524892852
0.6085103131190408
0.25662746315356344
0.4845476812624838
0.23401437955908477
0.5695691501896363
0.3619145560951438
0.2917635824996978
0.41622869434650056
0.04249385109869763
0.9155024863139261
0.7941482294118032
0.15773600997636095
0.6840377327462193
0.1515163276635576
0.688181977631757
0.06107402755878866
0.9032423316675704
0.8225455904321279
0.6049083422694821
0.257819460821338
0.4843620171013754
0.19529257068643346
0.5507285723870154
0.3846876328170765
0.10623702305019833
0.7521250958379824
0.7457345457514748
0.6105826125130989
0.7945360614103265
0.15650193725014105
0.6869961110351142
0.1544868771743495
0.7007318152172957
0.031626579351723194
0.9366245809651446
0.7800406412861776
0.6994417519017588
0.034741000476060435
0.9310024656006135
0.27077681600349024
0.45843873856938444
0.14568472490645945
0.7086377008527052
0.01973651090520434
0.9604669227846898
0.3940075601567514
0.08606153292930685
0.8200644406024367
0.11241325683658943
0.78983743317076
0.6700771801406518
0.661798495973926
0.6759223560802639
0.6325320186442696
0.7373092995258048
0.602529592521023
0.7641314147040248
0.22384313581278548
0.5835065081773791
0.3324988232925534
0.3351549412764143
0.33060455782106146
0.33879088461981155
0.31473538375576027
0.3705329577496741
0.29688442571205087
0.39060674436041154
0.10150337746017613
0.7694663891161326
0.7126636278117076
0.5046052515390329
0.9907325734384358
0.4697066014050506
0.2172325704304967
0.5128612956323195
0.470373070682399
0.21501617165631615
0.5113583945203573
0.9777695894590579
0.45078666612971574
0.15649780418607406
0.6870055869803764
0.6545299140852876
0.7007820676662959
0.5315117717836984
0.9369766491581686
0.2794194960151799
0.45092663759714924
0.1563682716805488
0.6873130476742517
0.15590084457653575
0.7023590631433763
0.5376071932842024
0.9228324883733876
0.2641086562653072
0.4737977956829127
0.20865105953998864
0.5197098157077562
0.46058711895602755
0.1437671385356225
0.7114374231023248
0.006808779464336112
0.9848265223263297
0.9835254205390811
0.444081962981727
0.17245870680199005
0.6394270928867627
0.22285825933795422
0.5854736388137098
0.3314859886013437
0.33611249542445876
0.31994842158746906
0.36254463778459467
0.2896587873401586
0.4206976840796415
0.0353100175561849
0.9293800393643323
0.7530748943099752
0.24286601942731068
0.6157705285877455
0.28211549937259406
0.4358915484917816
0.028576891170814633
0.9467486520006787
0.9191558800812345
0.7827245356456842
0.6840626455668826
0.15155900840181857
0.6880318873736542
0.06143196308403276
0.9026487690862268
0.32363851711852476
0.35163816160638817
0.26547843767912127
0.4760907783929724
0.20650986410328187
0.5235685572552029
0.4450502508552745
0.17486760366591625
0.633664094901178
0.7324775511515327
0.5682555330567993
0.8640983466175385
0.03717629617312923
0.9236923603748437
0.7622492085502017
0.7215915502747521
0.5881894454942085
0.815816230897326
0.11726890836143866
0.8045246986148413
0.6284994308662135
0.24348929652478546
0.6145839068049099
0.28645780103397556
0.427084152266616
0.005204728484386578
0.9895900494011585
0.9739485966274515
0.4583519070292823
0.1457654484838713
0.7084710029012058
0.020710045704618096
0.9585188808559906
0.8949774133216124
0.8351073931844439
0.5807536721986253
0.3384316343581304
0.31530992602347396
0.36950210365466774
0.30009548386442475
0.38319231529021636
0.108495212480193
0.7566120198462158
0.23457863501971588
0.6089062096143607
0.2572852965677157
0.4864679865713697
0.23018903896445408
0.5712914809992071
0.3574170377396513
0.25096345125348307
0.49851560292881913
0.24726128033944406
0.6186977509933058
0.3011849309550598
0.3818840214225929
0.11219313746551052
0.7913598416780587
0.6672499473497737
0.16452546359505504
0.6711017248162534
0.1626183258194942
0.672809731826419
0.13906070834491402
0.7237120519566815
0.08382493499084376
0.8325864027719945
0.08482532406924292
0.8281675684556831
0.5936610487988219
0.8279367210925557
0.10121426155092195
0.7687626151309814
0.7114295463834424
0.006830135476775467
0.9848525931301992
0.9836179400736
0.9439255425531883
0.9226953095057979
0.2637440550024621
0.4744655159593094
0.20753259482444264
0.5224304592993576
0.4535826848587021
0.15541056552319787
0.7018810955341905
0.535723842389416
0.9285513637587428
0.2500673615722917
0.49986336976871826
0.24955612889607437
0.6244248057773802
0.31059840763919055
0.4041766433219891
0.0711638942011632
0.8574774231237825
0.5057560161512811
0.4890988323604688
0.2246755502128508
0.5799456599634141
0.8403680475312285
0.07317039323970675
0.8537659789144527
0.5112161396245938
0.47678990810527466
0.20270266779698431
0.5384423243522178
0.4241066353570204
0.011161729285959154
0.9765661129204091
0.9531189671542961
0.914051185711287
0.300758101104293
0.38472278401604854
0.10634694201871753
0.7522640409588348
0.7454700099478941
0.10966194383217953
0.7962974191177636
0.16216591786360368
0.6737217150221113
0.13754180690739304
0.7207783914345782
0.08969522881670855
0.8139872297178954
0.12153836170909926
0.8077655001834501
0.6412977840518579
0.7173434598953463
0.5125977777061053
0.9710121881798841
0.4642256254446693
0.1252780152426567
0.7494444462936372
0.6230670364457183
0.8105065519921482
0.14931108005112037
0.693687414895976
0.04817576857749373
0.8880251908849459
0.8450363386364188
0.5286770847451407
0.44656540208961815
0.16936943036853336
0.6572519221808761
0.6854885301436298
0.6493474082089961
0.6936223552911542
0.5483033567434177
0.887821287906263
0.3454511443269439
0.2774388274119701
0.4489984947722405
0.16571608578669839
0.668019108066801
0.660040024027694
0.6815049576689489
0.6450616040383466
0.7098729930003174
0.5159241513465531
0.9681588563253172
0.388755529478658
0.0994444027019199
0.7701043833512813
0.20978399127488956
0.5157329041103367
0.4685494505101815
0.1402893254708033
0.7257690053083934
0.5807188929175027
0.8385771143366583
0.06497914280043915
0.8700440994871315
0.5490801737469155
0.3862146515166387
0.10175137137412094
0.7651843193452805
0.22596435266314074
0.5801717187569011
0.3396260509034619
0.314148979348829
0.3711527248378843
0.3084951059136074
0.39240157237509266
0.09043889850727282
0.823043720331043
0.10367568995570764
0.7614017232845072
0.7276700517395511
0.5759098666603677
0.8438124400563538
0.031125268840696663
0.9526915703027043
0.9134716680273414
0.29891122778644785
0.3865535002260003
0.10311373232980259
0.7620266255980823
0.7220402604434639
0.5862310560769401
0.8197113202186301
0.11143141210777685
0.7927278308488894
0.665763967554085
0.668083003081847
0.6599460852448829
0.6813290094141848
0.6446739372913726
0.710651685774792
0.5185769845847972
0.9618703027372248
0.38125208514975384
0.11041419705725275
0.7947961140889674
0.15679525345331058
0.6864176738599781
0.15267731773201376
0.6985556671570521
0.039412043610354885
0.9211473048198968
0.2875884998939
0.42306620549061336
0.013273107499117032
0.969063321739668
0.9681233564624563
0.38892010849667713
0.09911290791933425
0.770723382855067
0.7085837519261986
0.519838135165628
0.9603239671560004
0.3928782191942446
0.0892511969723273
0.8125864741450641
0.624819407472387
0.8121287631220184
0.1555658058496192
0.7015484419825953
0.036233908584108576
0.9275016661267728
0.2546176707255654
0.49079604030703194
0.21957627814845182
0.5918226661451627
0.32611170585732907
0.3446639150788542
0.2795690540224314
0.4506312049634289
0.15739237697562203
0.6852117077505682
0.14861953840591013
0.6949733360379469
0.04999856391805224
0.8833393171080388
0.3583212460507639
0.25418749017990194
0.491623223060742
0.22071778724784963
0.5898192508029751
0.8144086874090135
0.12197596620535478
0.8069552026281599
0.6439023079583421
0.7111844873870723
0.5073189572431147
0.9865600512712263
0.48008017835672945
0.1965473900490906
0.5444072464015335
0.9074318936909549
0.3100761384703219
0.3988905707083177
0.06945881102001294
0.8620587113837246
0.5416239217156544
0.916801955725532
0.2911595809273422
0.41767922925646417
0.040068668487947434
0.9198750569776166
0.7821391191100702
0.18584385054418817
0.653688491176581
0.1964071970724035
0.5447249989083502
0.40687217633239925
0.061251705716131255
0.9029167756089009
0.32306484534638
0.353624257579213
0.261517338687554
0.47818198005552404
0.19939775968668982
0.5348062771663535
0.43087571987416595
0.02100461450754665
0.9575026275124401
0.39764923293842
0.08061712098424323
0.8387504824495409
0.5648081286344677
0.8703991150832735
0.047290139948017895
0.8896564447495621
0.8505698033550289
0.5160587651480455
0.4679413620615378
0.13929733002441935
0.7233653716393746
0.5845521579612978
0.8289416202460416
0.09186499036150053
0.8260364638117608
0.5942802208301146
0.28019137622322887
0.44950572223751806
0.159578608116135
0.6797441362577956
0.1483307802991476
0.7068784486036748
0.5249783417093568
0.941748674493283
0.42897309496765956
0.0024054918030742556
0.9952424258517567
0.9851001315983012
0.48302388534648344
0.19217156714876182
0.5529129411152098
0.3766027435194701
0.12130620164680295
0.8081171080120839
0.14206269040005282
0.716027687623864
0.00928226884570904
0.9809471810294781
0.940647279843688
0.43025939346989617
0.022296083072433248
0.9532096109178383
0.9060731785139069
0.32774430519202724
0.3508740662073251
0.2679803962819278
0.46391740391845815
0.12586088309763
0.7483983389392961
0.12235920538660139
0.8060648507380392
0.6455607291136403
0.2088644300820306
0.5203815211716574
0.45903144133626483
0.14246870367787778
0.7156691259879153
0.009793488861760125
0.9804167866241187
0.4471859654295258
0.16873475493048318
0.6583790792210493
0.18324947077780962
0.6418003979779314
0.21633838579873554
0.5082536697736941
0.983555571292527
0.4440214314381592
0.17248678955365904
0.6394009440264199
0.22326201922260225
0.5847630982461851
0.3282612646871712
0.3434794971253723
0.32723164625349455
0.3504204736673273
0.2657120198418852
0.4685674849897623
0.14025764536927454
0.725887427048292
0.580470782588236
0.8389292380888946
0.06335246126400307
0.8731008026225027
0.5604466342192609
0.3992465495830402
0.06845022839843296
0.8611588159110397
0.04355347965611145
0.9089562730223406
0.8068428680999205
0.14406572870211676
0.712359936296707
0.005029139370890334
0.9899339912517462
0.972707693465054
0.46082012908300385
0.14439988593221642
0.7124342827883083
0.004330844967626035
0.9912353428953793
0.9716227741737384
0.9633096276083961
0.37793183577014133
0.11815976587240584
0.8032076236850116
0.6262050664518028
0.7476265536970459
0.617540814098902
0.8039962795446627
0.12735799606889486
0.745161938451929
0.11026407263125293
0.7952189251664095
0.16150111751630902
0.6768756350211333
0.1306623560085427
0.7389040507259779
0.6003130697645247
0.7662018490373157
0.21759991568978876
0.5118216379487421
0.4724215052847285
0.21262790090986528
0.5039701216446701
0.4920601436169818
0.2222167474392336
0.5872885762364604
0.8174882166204043
0.11499494878808036
0.7858795391803142
0.6783151743293274
0.1257610049797222
0.748238528467482
0.12260282345232554
0.8050891090242658
0.6475122487172484
0.7059370306669734
0.5257480092113838
0.940704929700587
0.43011359201045707
0.02248780251829885
0.9560047739651054
0.40079610486282036
0.0654732049733866
0.868072734127054
0.5530391766224056
0.8763725808239542
0.3721451658057049
0.3064930194232147
0.39504011353710666
0.08491929605952464
0.8285134616307914
0.09285196050768718
0.8269913840631489
0.5977176331216469
0.7733147481339984
0.20660250587388873
0.524807933223201
0.4424533771525603
0.17759417701745406
0.6293968887475785
0.24120637055602856
0.5942235061957035
0.28050135262310505
0.4517254642851185
0.16100234718760476
0.6777673185861204
0.1268872341606766
0.7468436318158638
0.11934985240804963
0.8002930577495135
0.1342771791969426
0.7316890716028865
0.06408621490118094
0.8713974630518351
0.5580111825838685
0.890695316658821
0.3436089166207239
0.32764041269547306
0.35106807691045105
0.2678112028806936
0.4644537616404705
0.12623869397793896
0.747522388031939
0.11828987952321768
0.8024842766753864
0.6290175863250624
0.24198018314200453
0.5973365684621967
0.7745496470597573
0.19309011480072513
0.5508615298604127
0.38265192837570794
0.1128723559959326
0.790367712295847
0.6692569608567283
0.6575776830432005
0.684859877510462
0.6498176919412799
0.6924310741596855
0.5526225593057461
0.8797399942413904
0.36524545011343434
0.2831814676465001
0.43452207394875586
0.025788340222788975
0.9404887484270148
0.43056561751291156
0.021795469772769138
0.9544539676862769
0.4036068390123546
0.07168881918187253
0.8564993219333701
0.001852735411375761
0.996903009217931
0.9942310920159798
0.9881096292228904
0.9781226304185111
0.9494874899974093
0.409611375129316
0.054861722368514165
0.8980719079263508
0.3312975828885101
0.33654455878422596
0.31914795844932087
0.3595145707076881
0.29659582700696774
0.41308638398186304
0.04980386610259302
0.8852526898554061
0.8547330691944808
0.008417925040703267
0.983202056522714
0.9415396120166406
0.4294219716102816
0.003002502809977159
0.9930145870894194
0.49025771574815735
0.22064896384836175
0.5907464234915096
0.3225202126195654
0.35495987263857387
0.25800616457127035
0.4839256822306197
0.19474601984256878
0.5488643598218914
0.3866472114168573
0.10327766454429366
0.7624370546836872
0.7212958751479164
0.5886234368081205
0.8146963664330542
0.1207264838158153
0.798153246199945
0.6380875734612346
0.719787948706653
0.5916741400724277
0.8208602676750161
0.1083041409146972
0.7542207768128719
0.741558692214312
0.09594984364230186
0.7768502530816477
0.687731697311392
0.06211320197326131
0.9055281133914832
0.8266381170833483
0.09882960392860696
0.7710316353768576
0.7074484479380772
0.522465827234555
0.9560449079726823
0.4008523079683073
0.06563548682606779
0.867694532731548
0.05367390945320949
0.8753715876082424
0.874134273850359
0.061317052866797894
0.902514766465174
0.8238605050137267
0.10276724124560133
0.7632507997041102
0.7191021112084854
0.09306098043452948
0.8265690601838287
0.5986930833023507
0.27139142935629934
0.45783702944754623
0.14657810959033668
0.704860136116622
0.028015151241561398
0.9478149183560163
0.4169005923322402
0.041335965652251616
0.9173353320511524
0.7893253552028909
0.171349820389878
0.6622365960211027
0.1735735562397167
0.6368159003031906
0.2224317074578721
0.5876072723476682
0.3164218505844474
0.3671562736562919
0.2850479934713803
0.4314930282125715
0.020040101051563397
0.959919319167966
0.8910134272882715
0.3428520305897109
0.3269911320239771
0.34771812046528794
0.27331387836602516
0.45660143849090673
0.149804496235447
0.6924486811331008
0.05260263825766742
0.8794293759565335
0.8661412462533917
0.5314943904813845
0.4370112152537331
0.029539309529354796
0.9508032870944589
0.40654801175696775
0.06191179997404106
0.9043756256869528
0.826014370424673
0.09430125186918303
0.7801475054875482
0.6992663446580991
0.535046397766564
0.9314900923636742
0.27004594734171405
0.45990088940015994
0.14105027308687568
0.71779706000234
0.014593324827728793
0.9730696851038374
0.45997282379539683
0.1435271521040704
0.7133414705749601
0.5030580625752918
0.9929054193198681
0.49082771310349926
0.21948784022242762
0.5920297100965399
0.32578249846119434
0.3440122769388836
0.28072449198225513
0.45130003601661883
0.16185102751478553
0.6758859273686539
0.13256904782610945
0.7380357613437809
0.6026580993202515
0.7634831518516876
0.21937923115910962
0.5924927364976611
0.32471101291594096
0.3466717083065305
0.2758514723100234
0.44063622402609326
0.18018232312169857
0.6474457228614483
0.20359793864190578
0.530463980481727
0.4517094017646741
0.16101953614270315
0.6780830278585199
0.12622100173030049
0.7475579965102952
0.11840659062727354
0.8023656855802983
0.12920481170294806
0.7415980059013236
0.09578375646378845
0.7771824720257428
0.6890414671797771
0.058928754762746394
0.901686141936807
0.8128406206087675
0.6242882411752362
0.31099335302133113
0.4034649540844839
0.07197872648248449
0.8554922769253608
0.5038515632331837
0.49406498565804213
0.23902764575905167
0.5998274788726121
0.7671723742387258
0.21516506292391568
0.5110762479889672
0.4768804764316883
0.20248509827069938
0.5373820999811869
0.4232873540313449
0.012861627386882901
0.970372282405151
0.9650171466346364
0.8863569373206701
0.8527744214807171
0.513275304925628
0.9690243412624113
0.4682151461020112
0.1388308237947058
0.7242895671515726
0.582167325890623
0.8356672796071507
0.08113736828090623
0.8367467341886368
0.5684498872433323
0.3611567561747506
0.2935518209997099
0.40895851800451055
0.05683118649176322
0.8940921914763749
0.3372891311882995
0.3174871657101903
0.36499120204825886
0.28588674115599133
0.42833800640073605
0.0007843071653041989
0.9981699716590811
0.9978006834862754
0.49230243713827804
0.2419957724341657
0.5972904132213444
0.7746573357726447
0.1929920413531363
0.551082710706396
0.3822286226495635
0.11139080970315263
0.7928429325402249
0.6655844290507957
0.6683516542543657
0.6592678942834027
0.6804916582186706
0.646584119007457
0.7048481109668501
0.5280495875631459
0.9478376492043026
0.41682782518910244
0.04110068953013979
0.9177909318823367
0.29063835873967037
0.41825014087953605
0.03459444051259197
0.9296973386371974
0.7734178226673976
0.20697811542777345
0.525313787657069
0.44217493280302733
0.17790408464497887
0.6265992217231542
0.7463095918647014
0.6206925857113674
0.7981569968978874
0.1380610056221485
0.7200299724645447
0.09121485424111597
0.8213577512069605
0.10728449083399028
0.7504958420468029
0.7490117561828811
0.1215608095517382
0.8078118498378899
0.6411474251945037
0.21770632697734982
0.5119821938860696
0.4721294349001255
0.21107795718126
0.5075306410144549
0.4873115155787673
0.22752636042423546
0.5766397914558183
0.34882613012450747
0.2710366449900903
0.4574384282750543
0.14750137110240757
0.705973701988114
0.025673712807474658
0.9408398275845684
0.42972361930878833
0.023365553555777296
0.9567936917301267
0.4001315251807682
0.06651246178080328
0.8669493756315205
0.5348981784190983
0.9307680993224494
0.2712419726885855
0.45776043363730423
0.14708972949301824
0.7039053245971445
0.029429980204440653
0.9509061413991731
0.9063236756192055
0.8123488340352196
0.6557895840378478
0.7025848326156847
0.5372737189754844
0.9234956269501708
0.261894479743205
0.4723124197626021
0.21211446705274284
0.505397532338975
0.4887095313461032
0.22576697473414242
0.580711923976196
0.33856851534801535
0.31498728931182995
0.37001017745933495
0.29917112924158573
0.3860046080953907
0.10201326938113198
0.7647768677270506
0.7253271660301834
0.578718836826738
0.8425337226362899
0.07445403904421255
0.8472600123204757
0.5246877436293289
0.9428219351102598
0.4269134097849019
0.005547238833969459
0.988424812676385
0.47627346724038944
0.20608354095020331
0.5243658923136536
0.44375726964790374
0.17291029516491108
0.6385730086476542
0.7195504538831301
0.5919058975414373
0.8259690867853351
0.09439877845579758
0.7799524393340107
0.6998653952323366
0.03386105957906693
0.9322632195835467
0.768282000470208
0.7134665165795013
0.5027480426360853
0.9942592972074635
0.4880934043903835
0.22816557934856974
0.5744308542925864
0.847180423734244
0.02487363771069795
0.9425934010359924
0.9272557386138942
0.754375256394269
0.7414032701635733
0.5962334956857376
0.7762791938148439
0.18975168507313356
0.558004259277368
0.39070564380381256
0.09358873657765798
0.8277133205556311
0.1009210150805302
0.767896900040796
0.7142081072379369
0.0002643555635586381
0.9994712287734728
0.9981884095759597
0.9977636870753486
0.9922055205097422
0.49215157801518217
0.22253735907725058
0.5877612424083054
0.8169473027228378
0.11609108780976385
0.7816117695474532
0.6868136662815232
0.15467772271949798
0.7002928477886599
0.03297563185333274
0.934292935533449
0.2758881507324986
0.44041066014324315
0.18207157813594677
0.6437319247343112
0.21156742505263537
0.5065526425314602
0.4848789435636718
0.23336697873310186
0.5667867372103501
0.36630674998741597
0.2839576088299509
0.4318415950983763
0.019068306282861158
0.9623440401046537
0.38006023166235536
0.11488716406165622
0.7853639253880829
0.1792037195409648
0.6284089968830813
0.24240190989803523
0.6167889557254966
0.2844980017107446
0.4300238493888173
0.022734223894076422
0.955517678434262
0.9015219921711832
0.3131669493741356
0.37367274626740254
0.3092951249855105
0.4008924245426897
0.06540454240166582
0.8695871668460313
0.5499492330709472
0.8835023554856889
0.3579333131201565
0.25482886933605187
0.49064829613780603
0.21973795737721957
0.5917758128198329
0.3212402301141992
0.35782066427054815
0.2549397261464037
0.4901286371459719
0.22347807697951794
0.5840531568683218
0.3299406105361413
0.34033932391321287
0.32322998452582397
0.35398152252309956
0.26093954607495107
0.4770855155366007
0.2020788557420019
0.5354031796159688
0.429193745017983
0.002185324876336381
0.9957048395299353
0.485610524949152
0.23191014872281812
0.563676874851808
0.8725852162460797
0.055116456001996994
0.897640857816441
0.8307139221287798
0.5885645346425008
0.3149973959370982
0.37001277616946027
0.299159017886268
0.38604963608668186
0.10192404597182758
0.7649390761798713
0.7249891611281782
0.5791984642273746
0.841572051984258
0.0710062847356312
0.8579275422089268
0.5048480666009709
0.9906018914771266
0.4698460591607727
0.21660745781264268
0.5084429830312729
0.9831140487804078
0.44191423791926354
0.17867152750841342
0.6253820746205747
0.7491137799224816
0.6238523154752329
0.8086880377377383
0.15212445566430688
0.6891516456089448
0.05864894247497432
0.9022412869962864
0.31429185857996345
0.37165862738038413
0.30746399535564706
0.39265278217499144
0.0896963429695461
0.8139848879363853
0.6215419428190216
0.8077591658220626
0.1413177250069566
0.717301666358253
0.01266232065972872
0.9710779920278583
0.9639719473198056
0.3757329191430472
0.1232900218165014
0.8101772277441341
0.6487379831960425
0.6947182091535069
0.5489178391289897
0.8865488586598076
0.35311937594087794
0.26199244902818464
0.47211884311400354
0.2110931665811222
0.5075002425001003
0.9874485468608327
0.4772491693147458
0.20169061826891266
0.5360869683790952
0.9281384967616759
0.25102591060567647
0.4979334927338641
0.24302463099593297
0.6152350053598639
0.2832018640183378
0.4345670956245158
0.02587389646214433
0.9406610672886018
0.9302776340628043
0.27222646138397977
0.453349811519729
0.15583139695809223
0.7024973621882964
0.03735405101906508
0.9233387972635683
0.762935946957441
0.7203324813162908
0.5901339194388129
0.823623156931717
0.10165996855357662
0.7653975783323403
0.7262844587967265
0.0810653337975964
0.8368918170162942
0.5688005795527715
0.3605086595052853
0.2946077102969866
0.40637287829304114
0.06225397562957369
0.9053935457486659
0.3269585868692957
0.34779954436817206
0.27314900388591923
0.45608255654224195
0.1493621688860003
0.6937678634712938
0.047885262058116496
0.8886035147297662
0.8445046996639576
0.5294974285934586
0.45070973422843963
0.1566772979858797
0.6867064266116358
0.6549376182374544
0.699904969020281
0.5337289588642307
0.9325429169111885
0.2678335260716267
0.46433414713828824
0.12519475421868265
0.7495455757889431
0.12444448107271455
0.8105671366211027
0.15425644972128794
0.6961863450997043
0.04524937632959336
0.9114552082901355
0.8020895910740364
0.6301897381199524
0.7396207603742369
0.5989330702577718
0.7708912625093944
0.20809540647314861
0.5213027199206408
0.45763822391745634
0.14727320280508138
0.7032630043395329
0.03097393165808171
0.9521607950737234
0.9130577054165769
0.7973280715523288
0.13977130950661376
0.7253399585315492
0.07873330617439933
0.8425831884669606
0.5743627363117412
0.8473667536745779
0.024443798698484898
0.9433123077906203
0.9266707496426534
0.7561555118008982
0.7357186835433822
0.10656586065306328
0.7517672257963568
0.24672876246040687
0.6198163089866284
0.29936884494964033
0.3856205756019335
0.10388106439495459
0.7610459861753043
0.7269562681030948
0.07721932732965797
0.8504441576951649
0.515632947703125
0.46873410476837307
0.14057000607135706
0.7264874731772579
0.581799833860714
0.8376172297284938
0.06649527308763936
0.8670132398547139
0.5347723404702265
0.4309093275805935
0.020993830723455176
0.9582445581909269
0.39611016371054575
0.08230904865195043
0.8353809452673886
0.580100113293156
0.8398007347132079
0.06435616919770837
0.871890381880803
0.5567553923174273
0.3943398717965465
0.0875266506918706
0.8166458870691713
0.6168064580124337
0.2844688076293096
0.4300905904674437
0.02250734600238502
0.9559466095815878
0.9007307436258998
0.8156955011945684
0.6176305584376678
0.8038624181062914
0.12763601617189124
0.7446631175407674
0.11223751099896617
0.791279219702119
0.6674414338776842
0.6642025566543452
0.6715946630574763
0.6630896673887037
0.6747987776761875
0.6352430591941811
0.7297122458112426
0.5708776643150486
0.8582447085645981
0.003978848515544087
0.9920384882425424
0.9721919293806423
0.9623468512436375
0.3800550979212858
0.11487455465248786
0.7853856389410794
0.17930501600494608
0.6281779076962266
0.2426676256582141
0.6164266252599191
0.2837788299366366
0.4324351895484142
0.017697980190860108
0.9646531384496484
0.8766095554456115
0.37129506742348894
0.3081290967820678
0.3920347122766543
0.09098964268923737
0.8219112365331966
0.6056853098561987
0.7535026940167882
0.24347502907039598
0.614610534714302
0.286419394222321
0.4271573965961579
0.004938590951496735
0.9901306416431908
0.9734731443459168
0.4590519370394759
0.14244082526420243
0.7153777623607311
0.010658180341124535
0.9788091648078989
0.948617589630885
0.9141657077416312
0.7966342821891885
0.6638119822309818
0.1749166238878388
0.6335805022681598
0.2325948734069243
0.5679979931737762
0.36351573243155144
0.28867011540569365
0.42507066528196447
0.008255319844465703
0.9835503953800071
0.9440444124629721
0.4223989220918156
0.014577204216038808
0.9729055357165635
0.46043880929937586
0.1427973065583501
0.7144361427344847
0.001303507830016315
0.9973908405227121
0.9934995391231496
0.9895779661601409
0.473975206783507
0.20827001411817037
0.5209602694958448
0.9581327717169188
0.39623350731562823
0.08214418435818516
0.8357248653192073
0.08172409742837772
0.8370597410539631
0.5680601500207558
0.8633285501855426
0.03895213408395648
0.925631958496524
0.7593003736983519
0.7309033345372882
0.0656004429620225
0.8678063232509885
0.5534499725326896
0.8755543296574615
0.3738913390552625
0.30862925862311386
0.4022727671544999
0.0642131420026999
0.8718178715207614
0.05722276057349518
0.8933363429678138
0.8380745754402597
0.56597743218299
0.8685581824393012
0.05182788410456851
0.8807193786778953
0.8637709913600702
0.538082554587163
0.9223586685839109
0.26487796241417527
0.47520316668669693
0.20386193174635991
0.5295320257137064
0.4507759591797367
0.15652276456239633
0.6869640094810165
0.6544503782060929
0.7008651644573547
0.53139981610002
0.9372041966416873
0.28031597222434357
0.4520595244539436
0.16045590792782605
0.6790957455232274
0.1270384781237226
0.7459156499826349
0.6109520167228766
0.7932475153938867
0.1595987266045995
0.6796894907893147
0.14843351047602482
0.7070175329281483
0.025371821597218513
0.9423250518448185
0.9281540084339213
0.7509994180581998
0.7480048038705718
0.11806664915638976
0.8030438502901234
0.1263341743615456
0.7473453917482402
0.11859052607906051
0.8017870221810881
0.6308104927884415
0.7391687535564415
0.5999095775187016
0.7669851108803414
0.2159076965181157
0.5095837058906909
0.48107682590489276
0.19023922728956677
0.556785032415064
0.3942432546755299
0.08694074125378393
0.8183002041187137
0.11419382382882759
0.7873786189884413
0.6732820075703785
0.6378710365970619
0.7203593061421998
0.5900442081619985
0.8237567388569005
0.1029676555772312
0.7628756029007491
0.720361602754565
0.09003147610928863
0.8237819942587521
0.602907130290987
0.2628144441405311
0.4705145682382863
0.21547263354295865
0.5104599174519535
0.47901150028337725
0.19823062783689238
0.5414828004140873
0.41718726290855557
0.039584046899108216
0.920832023548428
0.28541879245312884
0.4291614630201366
0.0020819229539483786
0.995837095862953
0.9854530031734612
0.9821885132987518
0.9382098956266418
0.43611060705734417
0.028174192208098248
0.9472810615843628
0.9179379011038691
0.29090804926818237
0.4187989608908538
0.0332192626374308
0.9335615999589209
0.7674688572296873
0.21566868823720142
0.5097942152351607
0.4804162484360859
0.1971878207696136
0.5437364981044084
0.908376612176653
0.30823211290407926
0.3918363216507714
0.09140174143249169
0.8205834765394684
0.6088368632190395
0.2560206277994439
0.4860056227480527
0.23062189808115363
0.566099945892347
0.36831294672447257
0.30244043708080426
0.37894600149593316
0.11710752733051777
0.784946169675095
0.6813287753320765
0.14467429832438938
0.7106523461989127
0.518576133181341
0.9618694565142505
0.3812537924386561
0.11042055950383656
0.7947838515392505
0.15674443647731096
0.6865092792722862
0.1528145746269729
0.6984253374394029
0.5396117341588251
0.9208066938444972
0.28547633526613936
0.4290535286127124
0.0022149728902149945
0.9955700541904662
0.9844990118872374
0.48412697593448684
0.1944444193795789
0.5496032204537187
0.3849207116290927
0.10515861303429119
0.7589284316054545
0.23214313865173608
0.5625010335061233
0.37499793255119585
0.3124929291661829
0.40624125648173504
0.0780945653677918
0.851531809050357
0.5194240701675881
0.46274498745333403
0.12941210003918968
0.7411756657529622
0.5941171408048831
0.7803940336452797
0.20196261786622927
0.5353028253011871
0.4293861835030839
0.0029830111598130316
0.9930456164292991
0.4905945150530897
0.22002051505842246
0.5911937371420208
0.3213990890653804
0.35721617538365535
0.2506555477739312
0.4986935535853263
0.24675161438062787
0.619763000839157
0.2995326560630929
0.3853399671497755
0.10431251165573485
0.7598812830692623
0.7302755734417588
0.5719043569988571
0.8557030112715438
0.0035135445068590343
0.993430628470378
0.9897036318434402
0.4737779650022276
0.208686380967265
0.5195803178939968
0.9608232131577097
0.3943936127470806
0.08740914400550537
0.8168818839476444
0.11643467081012204
0.7837627116532531
0.6824743387114722
0.1425890972604975
0.714822282170644
0.0019047016103286296
0.9969802691193763
0.9944423051783815
0.4876969612087123
0.22662386161391623
0.5780022860562894
0.35113367647863925
0.26894881899352185
0.46100753563223407
0.13267248825286515
0.7377945477201138
0.10302372090518475
0.7629351969517302
0.7203230159066152
0.09013081199373119
0.8236408095690422
0.10162065690383315
0.7655281428887974
0.7263824336405378
0.08165803420706652
0.8372103690635413
0.06774953211424872
0.8643788653716911
0.5369227094342932
0.9264177950681187
0.2565308900666423
0.4849240599141922
0.23330599325709045
0.5667256063024979
0.3665504936070647
0.283470043214038
0.4330633706122171
0.015771390113513917
0.9684491134539712
0.8897011209046468
0.35046636225888506
0.2659862365981098
0.4680654350668192
0.13904919099877588
0.7237331512733363
0.583753113518469
0.8327336221118458
0.08456346514867619
0.8289323722419795
0.5918930259358604
0.32594881707336754
0.3444383154565003
0.2798125722911209
0.4501444033521693
0.15861015632981434
0.682657361816382
0.14152121360530145
0.7170802335313056
0.013105206890031695
0.9697576968173962
0.9667346045316663
0.8835721279319841
0.85761542187538
0.00541154301026836
0.9886885134910699
0.9756249557540286
0.9559767724713311
0.40067041671136394
0.06584654733887874
0.8671929906122386
0.054676759464200586
0.8788820283079986
0.869095578440465
0.051664567727129906
0.8811775022477377
0.8606875789118931
0.044219317205715925
0.9076675133255776
0.8097279521462042
0.6500753307482228
0.6915331837371923
0.5544336008024402
0.8780257371836342
0.3679413896170445
0.30293367253034376
0.37649388215504587
0.12153355192276649
0.8077713661477901
0.14129272458376363
0.7174336254538503
0.012391228490741923
0.9712502578331623
0.9637680221349001
0.3772658965899609
0.12047183691174723
0.797159072739305
0.6400571410777047
0.7246426527271979
0.5800116891041398
0.8405945952399634
0.07247196591924876
0.8549874185991939
0.5092643958341796
0.4816694384207949
0.18903443319140933
0.5589432397391647
0.9016162237967364
0.3129784897901118
0.37424093947629444
0.3111189514747821
0.40315583455958404
0.0723509170638863
0.855290435400093
0.5093898248160258
0.9807481050374918
0.4408476431854069
0.179688914649887
0.648434821923729
0.7070251024561003
0.5253795410390012
0.9423590847291052
0.42817954992642626
0.0011235572455916554
0.9977452559687663
0.9922419273061678
0.49208627484040335
0.22249269983149134
0.5874853034038097
0.8167271366692148
0.11654587567318231
0.7835221492860001
0.6829576083400752
0.14089050123584457
0.718216973968083
0.013822400127537549
0.9743123703810852
0.9570759423950221
0.8983497990120668
0.8318404440069571
0.08752799889771268
0.8166444129601587
0.6168099049245939
0.7844618550152518
0.18010288366349414
0.6474699043610599
0.20603663826477714
0.5258196384238545
0.4406094664009288
0.1803235744300764
0.6471581096411683
0.70366967265727
0.5301673305802979
0.9495531085995026
0.40949703758815303
0.055025309178745374
0.8977313186042011
0.33050677872961387
0.3390476276690606
0.3131346960144583
0.3737224947253708
0.3091346599685494
0.4012476430798415
0.06481427667313255
0.870409536320949
0.5472515901783481
0.8897498684818856
0.35035252990201116
0.26584672086755745
0.46833726804470643
0.13999041836359538
0.7248695629241411
0.07955751253757626
0.8409555169928353
0.5719916379021015
0.3555589008901734
0.25373549401410855
0.493746194668347
0.23855119306244887
0.6010140382277314
0.2677596398862079
0.464505515730707
0.1261685668141581
0.7476018302550074
0.11758548583020456
0.8037694561353419
0.6278317391406745
0.7444509586202912
0.6126604634337127
0.7893427772796713
0.1713150414871052
0.6621151657018345
0.17381463581114076
0.6376767193432897
0.7211332262377255
0.5890450365841389
0.8131286873831414
0.1237417048541829
0.8090885522251483
0.6513519925356377
0.18992601975332946
0.5578074756485876
0.39116233520326205
0.09265902490005828
0.82456965468009
0.5969313698587939
0.7739141553756781
0.194558763934765
0.5493890678917523
0.3855929910496343
0.1035398434905801
0.7616625642694999
0.7284448918653652
0.5749555475194938
0.845938506827224
0.02694713353412226
0.9387510338274296
0.9350124618795235
0.774573560222052
0.19304142898181453
0.5509136168693658
0.38254753456567414
0.11237685699597932
0.7898951843671966
0.6699349730042741
0.6620789243024774
0.6767271641292609
0.6312404063646682
0.7354501907830127
0.6071949315373786
0.7506980274920352
0.24853684875415638
0.6220671584305819
0.3071237106632907
0.39378631618455984
0.08652721813996322
0.8191025610140059
0.6095966591965407
0.7964620647835545
0.1634282930754125
0.6740879830613267
0.13619917930918746
0.726698451268021
0.5778550122049637
0.8506682664738037
0.018388122145552188
0.9629796292574611
0.8787320622068364
0.8687565497821197
0.05102678673574701
0.8823214777221438
0.8615663033269811
0.5425912122009322
0.9153211645898409
0.2943607774213888
0.4072353410010692
0.06052925856783986
0.8993534547917079
0.8187858261808287
0.6103808090265375
0.2948729177878704
0.40713755670003593
0.060846958513138816
0.9037043373682536
0.32137549231993034
0.35724138500518166
0.2506052174139768
0.4988277279480826
0.2462255313876085
0.6208301936567295
0.2979213882936165
0.3885321732086595
0.09423873131163418
0.7802726854279172
0.6997056074615102
0.034420954616507515
0.930292586563155
0.2722656225669198
0.4532552170858253
0.1559895662649069
0.7022135677107144
0.03795567329507321
0.9219074815919157
0.7655600551806856
0.726335350307636
0.5817533673834987
0.8369243634515442
0.06833851971896365
0.8642079682031181
0.5375147906888742
0.4228952002013102
0.013581025617895648
0.9695421239011921
0.4669463772443123
0.13837644839077257
0.7187915665563196
0.5936673466931097
0.8279240960255265
0.10122806386789307
0.7687352792418096
0.7115719674620777
0.5065359337604605
0.9849138382123783
0.4832820610026829
0.19176193702151068
0.5539916864654515
0.37736616446636617
0.12013031236710958
0.797821732761804
0.1391282927361317
0.7237671037146356
0.08371173942578025
0.8321187958645169
0.5857559555443004
0.8316614364157431
0.08721502963453531
0.8177655394829344
0.6143468515656423
0.28693512684549205
0.4263738851877861
0.006592763151274994
0.9846172038523946
0.9840020826086402
0.44463194807758555
0.17419538312242366
0.6358621334948111
0.22734900086652488
0.5763154275191482
0.34932035513338633
0.2695602703897748
0.46088888405938633
0.14444156261743046
0.7127045637753326
0.004541698261164129
0.9909089730062988
0.9692919773806352
0.9676736627006903
0.3870412047835998
0.09701137759839185
0.7737442296056543
0.6946985637769103
0.5491291013895534
0.8861248738830909
0.3516516117961146
0.2654506497492548
0.4761787857860327
0.20629902367363684
0.5239253313629888
0.9445795513456687
0.4244367285282351
0.010556855093454942
0.9786607455462217
0.44892088131746277
0.16508786837221123
0.6698080359783489
0.15708802768494934
0.685551268135896
0.15428805517149158
0.6962587802263442
0.04537927603814751
0.911269473581342
0.8024658063368406
0.6289835970674176
0.24203277577180415
0.5972373296681326
0.27476365221082233
0.4426315852906555
0.17723655767622404
0.6300983415567316
0.7398347824928351
0.5979714338318445
0.7728073483449407
0.20533047016942874
0.526839029364055
0.43768713183817454
0.1870647300092969
0.655642814032035
0.2012866613222286
0.5369179643166717
0.42639390684780665
0.006587066134670749
0.9849709710397292
0.9831984405172989
0.44156400888459757
0.17937184809125029
0.6280574558768421
0.7429093880928122
0.6158203157829121
0.7819987029652111
0.18575845286250114
0.6538167036778759
0.19578456316958182
0.5460858242004178
0.9126503228908405
0.2977319518686272
0.38903316654614173
0.09892470436170697
0.7708853324584197
0.7081084293022286
0.02125214712577872
0.957736226322595
0.39705714100273326
0.07892495588748716
0.8419038017746061
0.07597331859869882
0.8443981521122623
0.5299560761777684
0.9498372914385982
0.408919159846846
0.05719386678538285
0.893424779176712
0.3379246591939591
0.3163386880478356
0.36891718188417144
0.301471747137839
0.38137047286727466
0.11030937047326006
0.7953126268985216
0.6611977262655273
0.6776045474107377
0.6294284169562161
0.7411436428665183
0.5940141942119226
0.7807216151268221
0.20131389127345756
0.53682546140044
0.4257978552777786
0.007779170438880101
0.9881686034204904
0.9783753013471141
0.4497089820797555
0.15917578761582263
0.6821153675264213
0.14378035091795027
0.711489438515855
0.00670873952913098
0.9844234563061036
0.4842626082827337
0.19517106501734816
0.550301598617807
0.8842600690550171
0.3566292301984504
0.2515239861968439
0.4964885479421355
0.24518676367006265
0.6102127078920603
0.7949267066433094
0.16209971334319562
0.6767316356708761
0.13130844201077707
0.7354892361036036
0.10714654321782291
0.7500137409369927
0.7499743062944617
0.12495984256383963
0.8123978054209147
0.6560879433527589
0.7027147840126418
0.5384182938141748
0.9241437896271236
0.26108789193676785
0.4768173632619437
0.20261441660113633
0.5373065820604097
0.42337434479850344
0.012138014251831919
0.9716827760857996
0.9619070061307866
0.8813388518756256
0.3605653895647265
0.2945246704330202
0.40656995587050915
0.06186508943210356
0.904557817557361
0.32564955053385347
0.3448594818764832
0.27902996330522
0.4453886083501857
0.1717297048890032
0.6635925330629107
0.17525532658328302
0.6329411993792746
0.23411598871462047
0.5694418532948475
0.36206713094725274
0.2912448125425726
0.41758666883106343
0.04028916935203597
0.9194197519973386
0.7824528034543619
0.18512112187454477
0.6488002472033259
0.19463663364876993
0.5492099541297648
0.3858329027425498
0.10237007794785313
0.763767379859928
0.22438784810947254
0.5827207615075167
0.3344964881252963
0.3290467014594469
0.34221001437981613
0.32520820750505663
0.3456730440084357
0.27828898109146394
0.4476458594726864
0.16708805799135007
0.6648168076353613
0.17012063518632203
0.6616507002327126
0.17622271188884042
0.6319926378782839
0.7369913157890551
0.6041279574856162
0.7604940896271728
0.22911216353531927
0.5730404547357466
0.3536712068889756
0.2614066341484431
0.47768267212086357
0.20088275070884265
0.5312786927970592
0.4374521436402574
0.03115902908029966
0.9529407458030619
0.4137231454369612
0.04999892981140874
0.8833400027360767
0.35831999470246956
0.2541810223192442
0.4916379925853107
0.22073329452541657
0.5897972391976509
0.314367838203907
0.37187276777694933
0.3067760541453026
0.39426230257959105
0.08699510412407108
0.8181976793857757
0.6138469303259626
0.7879311392898671
0.17194380098953843
0.6404873979918193
0.22608089676941745
0.5815305665018968
0.8361611221916974
0.06989596685161814
0.8626485507993493
0.5393208181485534
0.9213600484072231
0.2873153038090095
0.42335869660018943
0.012170516652986407
0.9718055783014279
0.9616622790636029
0.8814430053171236
0.8601321609457955
0.04510968184331432
0.9116728527878877
0.8011488500342239
0.6319552896311507
0.7371155666769482
0.6036568189156242
0.7614363474422134
0.22755800822051242
0.5761351884284522
0.34460872391355224
0.2796545323508326
0.4504727862367872
0.1576484801771585
0.6845884776266757
0.15035332611296326
0.6922667964536231
0.05308654028340243
0.8762640513014048
0.3724681420135312
0.3057229048863519
0.39638522305176593
0.08283227591891773
0.8340947915858123
0.5798737520817667
0.8404960962361656
0.07291024189908057
0.8541810733440798
0.5103957234823611
0.4792084924702067
0.19777006484218873
0.5419601664470974
0.4163942449958995
0.04208562124404125
0.914822542166803
0.2951148802530952
0.4116622103319969
0.05118635925464332
0.8818799706350546
0.8622185137064662
0.5413095720869023
0.41736562771257013
0.0391724958026316
0.9216693050693721
0.2887414676952176
0.4249632931605447
0.008469961961964145
0.9830446904816199
0.9421099302126095
0.428310910530854
0.0008038686064537615
0.9981482403818518
0.49781362659996375
0.24289706922718324
0.6157988772320095
0.28208137687761337
0.43556568372878246
0.029259764647576958
0.9461725408618804
0.9202772272110451
0.7864139442099258
0.17716996400849894
0.6298977279511746
0.24021074760821648
0.5985894961340819
0.2718761833384633
0.4541645738936495
0.15417085302760825
0.695847990369657
0.045788283459842205
0.9104950288019609
0.8039785460277926
0.6273868132557254
0.24528526290669106
0.6100002268794924
0.7956307152635418
0.1607231666566804
0.6785537262621801
0.1250616918259766
0.7498765566851944
0.6245697966660373
0.8119147480465472
0.1543611147790216
0.7010424569307361
0.03179112542420626
0.936403324798448
0.7777060316584539
0.6985338837548625
0.039440662803826854
0.9209927893825807
0.28786685346858576
0.4220613905636128
0.015190290519967675
0.9759746896743309
0.9551574962388258
0.9021840836794581
0.8140324123960454
0.6214447192614898
0.8079070700914599
0.1410292394575663
0.7178229075798299
0.014535484631778672
0.9730037680419628
0.960208004922606
0.3930595970596187
0.08910183471743949
0.813081656495342
0.6238067655358464
0.8087865127599798
0.15189718932379037
0.6888819874438923
0.05961399161606096
0.9002996755298227
0.3171985034714453
0.36538372284849174
0.2829082141688559
0.43363401366514154
0.027263252210104838
0.9392483957635704
0.9342473448486999
0.2760327157448046
0.44012208192725666
0.18227497386396863
0.6432549211021978
0.21342863084282726
0.5028149840363767
0.494494514336111
0.23758777664625086
0.6019726494851056
0.26468453800771385
0.4755139450717252
0.20337579637998715
0.5307468872924801
0.4513999615155626
0.16168848788947798
0.6761328371067066
0.13212458475027233
0.736729296593694
0.1045443365292158
0.758667605696246
0.23278685862896964
0.5676846537098754
0.3646497664740309
0.2861962216848042
0.4276077502872795
0.004440863354830071
0.9911030145012774
0.4690895833191462
0.21804031552164815
0.5141177901532501
0.9737790531362407
0.45868423441424966
0.1445822240493726
0.7108203493407927
0.5193993403809145
0.9624368107761256
0.3793255970813334
0.11621381060103886
0.7841729842475615
0.1821198120014742
0.6437693840998691
0.21151518690749072
0.5066605776082724
0.9844816272961907
0.4841381493024528
0.19505616414244287
0.5499043512973003
0.8835592172108591
0.35763976391172037
0.25545426379540004
0.4886040861310903
0.22591682770871557
0.580385568231577
0.3392287442693487
0.31279067948344164
0.37440312892431393
0.3106438916584011
0.40407187677919865
0.07100663703749888
0.857928762154188
0.00484607822727412
0.9906055353058036
0.9698386744421441
0.9665874395286664
0.3834753921837546
0.10803492259583436
0.754633042961359
0.24083306634565815
0.5945221967122052
0.27946093096397817
0.45083994112792425
0.15642731502885
0.6871535785903689
0.15547776038874872
0.70167696280987
0.036098771495744586
0.9281114546756726
0.7510758206190076
0.7478178406890947
0.11789662705268711
0.8033021465817001
0.6258165983308572
0.2481150400126353
0.6229116499598604
0.30521728898747824
0.39737839135341346
0.07841222008573823
0.8431717302300967
0.07622931088553742
0.8495136074197944
0.5203259841364343
0.4591038826620206
0.14238870059489273
0.7154744255822152
0.5104574227589183
0.9790240037254989
0.4482019929564558
0.16640139851369895
0.667075128905708
0.16487165924627334
0.6700126041832846
0.16194031489430927
0.676365447929129
0.6316135830129497
0.734573392663151
0.608917188772466
0.7572783551877365
0.2364881588728167
0.6051517881860491
0.25891992266406305
0.48216010435135104
0.18756148291868158
0.5623771829123143
0.40582133608404547
0.0775422753940802
0.8496803935267963
0.017436160997021943
0.9653403520060237
0.8857255738985259
0.8539474880089983
0.010915824270341545
0.9771746227925178
0.9519009595096577
0.9107618321431801
0.3035149539937265
0.37513279481208883
0.12473355256952345
0.8115985835611355
0.6551248191099148
0.19924132674350403
0.5351134652737528
0.93154213152593
0.27033098798710853
0.4590919685724657
0.14237796055385843
0.7154901408066507
0.010426206543343142
0.9791323299577925
0.9479834332596511
0.41660941223381087
0.04175256335292943
0.916250806680182
0.79257273953408
0.1653120451956056
0.6693855434714351
0.15737941954284906
0.685241160885198
0.14858820379595272
0.695020622049924
0.5498360852943733
0.883726371161174
0.3576941192150116
0.25531885024975054
0.48942328983685
0.22427413603872992
0.5822135990310926
0.33560039999429137
0.3312501350592356
0.336458615551237
0.3192701370862778
0.35963534587062895
0.2963547627150547
0.4122440537321381
0.04855498255346902
0.8868067873700056
0.8474839897826314
0.02500181825598702
0.9416650728380773
0.9291745035443455
0.2521532340324484
0.49563273522653617
0.23578912919037975
0.6066075378621463
0.2516286406898871
0.49625562989967875
0.24576961022103205
0.6105077605170663
0.294610671029659
0.4063912652491126
0.062217469356255606
0.9052916624641512
0.8271110488567501
0.09802833705907688
0.7725693482498173
0.7058526329929009
0.5255467781680636
0.9410944948904216
0.4308068933314644
0.021198950853431597
0.9570527148025576
0.8983926653163508
0.33193824504269287
0.33772010964457877
0.3169875488674734
0.36599390793708153
0.28144359719590284
0.43705081663210876
0.03068398861796595
0.951207388920011
0.9120384213747457
0.30151774146361277
0.3810953758948017
0.11093343413085677
0.7932393343944568
0.6596079586306587
0.6798685516114347
0.6480946787633002
0.7062444118200801
0.5239719696110114
0.9442281900555827
0.42221733258338645
0.014908200217178091
0.9750662909355015
0.45423774112714455
0.15402618286316283
0.6953961205726955
0.046710150549188256
0.9136588233232033
0.8001160623680335
0.6331644054444041
0.2336869233113248
0.5687611088214908
0.36040270049124956
0.2948039117909502
0.4070962862460874
0.060579380398849025
0.9042318621941376
0.8210616986034438
0.10763198958011344
0.7553819251188543
0.738746886869194
0.10078381432686001
0.7681028607476037
0.7137923991249409
0.002209036407293752
0.9955781215394381
0.9845813248539343
0.4838936563464813
0.19481128969346173
0.5490524064807687
0.386299735866487
0.10288881041924469
0.7629438437870704
0.22020603262353688
0.5910341522831004
0.3218684928433504
0.3557885631453246
0.253271362016676
0.49244828667724505
0.24166598575538956
0.5958344445098191
0.7770805735490285
0.1885413370328024
0.5604188802826684
0.39897601361735724
0.06922019901685417
0.8597266415308695
0.5461870055587497
0.4125107110303361
0.0479031432478223
0.8885515397705603
0.8446012613130733
0.029352942772675306
0.9510671304014977
0.9070698397990782
0.8106090271612629
0.15417257515946403
0.6958543526416179
0.04579890941386111
0.9104797569161747
0.8040395623538643
0.12726480088895187
0.7454682515526656
0.10966473037842661
0.7963024407799821
0.662158243911108
0.17371427154284902
0.6375568212533835
0.22070711816195399
0.5898357920523267
0.31442566085024737
0.37203267659060657
0.30701344294357114
0.3936617388972081
0.08671521799988113
0.8185179189313203
0.11100922565674409
0.7931025467405561
0.6598848464200273
0.6807480311836116
0.646308793220669
0.7076300130574964
0.5222563951974735
0.9532894651056267
0.405917314637918
0.07732457722886465
0.8502412277739495
0.016312513675075024
0.967314056615578
0.8876470358809456
0.346100919006858
0.2764261288975831
0.4383779796771705
0.18585848200018518
0.6536718506249599
0.6965778223238885
0.5443460237584077
0.9072796172695234
0.31042789173079655
0.399284938845085
0.06841159882606007
0.8612062728789169
0.5438228355487809
0.9082635418162681
0.3085005430621095
0.3924078714044299
0.0904247344005853
0.8230262030556332
0.6037067838187795
0.26127545777126215
0.47794211911968887
0.20024178383755498
0.5330949533381499
0.9344223526422866
0.2754116182331927
0.44136235243058763
0.1815461788792163
0.6453346102207433
0.20908651986974292
0.5173423304804601
0.9655592407216318
0.3853203014587052
0.10435895653790794
0.7598031901288778
0.23039445880567655
0.5720327060262207
0.35617992060724646
0.2525138931523543
0.4949683989980258
0.23635286776698194
0.6054124108050019
0.759695302171167
0.23120258015114814
0.5646945980552118
0.37072137658833526
0.29814569908194244
0.3880682086746674
0.0948362160124816
0.7790932146308478
0.6959640209388454
0.04557100066449493
0.910811123525491
0.8033796788949985
0.6256625099340454
0.7486577543313615
0.6218250994570553
0.8072475185035728
0.1433671083068475
0.7130283369624522
0.0036306984547991306
0.9931782466883305
0.9902077295118943
0.473594568844419
0.20936948762391694
0.5166870238317642
0.4666178598999977
0.13341467079590075
0.7331867589964531
0.5665854698745534
0.866838225920219
0.034390193002764136
0.9301858570834156
0.7724407855712343
0.7035618311492726
0.5304373594117351
0.951822143571917
0.4108090426889248
0.05337809966295026
0.8756661301013082
0.3736755640129559
0.30928857254912145
0.4008854365965817
0.06541445272159763
0.8696135921927635
0.5499953540274873
0.8833501345361583
0.3582856641151011
0.25425350383738987
0.4914587088278495
0.22118534441688098
0.5891000858100597
0.3130869927117601
0.37379787929239683
0.30879996583098546
0.40186268542311154
0.06395279429852962
0.8722918349958491
0.556228098430438
0.39487269005621783
0.08522218762664124
0.8305329610884655
0.5889990542782471
0.8132128271390684
0.12360396917210892
0.8094326987338718
0.6503973354410846
0.1913937827339396
0.5566198873275425
0.3954577350814361
0.0843889458628837
0.8291469427349512
0.5917123114923015
0.8210929321940057
0.10755474539473653
0.7555926767818164
0.7383568533405196
0.1014160543854814
0.7690593531006016
0.21236958244116977
0.5050127060094383
0.48997452834737487
0.22272439268999733
0.5858022339234594
0.33158461994025856
0.33731950327637605
0.3174264231347479
0.36514289196929894
0.2859495673328638
0.42788649720023386
0.0016627106233499944
0.9961301804578397
0.9960189184639603
0.48609584145015106
0.23117353036650456
0.5650262531416956
0.36994017579127103
0.2989359858620446
0.38651825540000573
0.10318061601719819
0.7619004361331463
0.22231766948243603
0.5871071460715029
0.31791222537867725
0.3636863140563946
0.2881303742178716
0.42471769111580215
0.010061453329399228
0.979859866638435
0.9454311572189908
0.9216871621028986
0.7887124277476687
0.6750166547717527
0.6333136313478462
0.7333690710365772
0.5668616517796181
0.8663410729495808
0.0339194776606746
0.932196323381504
0.7684178862546105
0.7129353285999969
0.503818869299721
0.9939492335543036
0.4888938953517936
0.22533709966228344
0.5787209002592135
0.34257318906020373
0.32437700623995624
0.3473405104596168
0.27454210582072847
0.4431013774010353
0.1758854068175424
0.632569797715405
0.2380337556824088
0.6026565497450065
0.26347403271938674
0.46937455161241814
0.21750292790238746
0.5122902550792787
0.4715141935739666
0.21297754111583345
0.5037238310906105
0.9937730706296861
0.4885833938024007
0.2259770474920515
0.5801427426340524
0.3397157049039379
0.31401453792932443
0.3714673561626114
0.3077275667747017
0.3913966119289398
0.09196260568569414
0.8258368521346711
0.09393171209376305
0.780911374691641
0.7023413270071615
0.037639122805558145
0.9227678208553698
0.7639613680366892
0.7240365949692205
0.5830555722932331
0.8338735960423946
0.08286435523768887
0.8339961561432574
0.5800507187377661
0.8407826145994477
0.07263871608301997
0.8546013845771085
0.5085859272803646
0.482584470504662
0.19303439953364432
0.5509420404850971
0.38249089030432515
0.11246129457140341
0.7897257817385253
0.6705355618905742
0.1608812747290358
0.6783367293828633
0.12576607408118434
0.7482227577420417
0.1227026047417894
0.8048887110489886
0.6479744749085512
0.2064849778835196
0.5236135033483151
0.444968105875887
0.17500340586411767
0.6333306390442885
0.7333511275355704
0.5668078337912448
0.8662622657720931
0.034062010527122766
0.931998015701538
0.7688295815896709
0.7113643822958693
0.5068657892406918
0.9872573668253608
0.47891723044449463
0.1982934836705681
0.539921447634697
0.9202791600837372
0.2864081634907052
0.4271837061678525
0.004910313989967108
0.9901829403534066
0.973552576469956
0.9592681253270712
0.8920101474795956
0.8408537079812959
0.07219788030488417
0.856222511298256
0.502152560162358
0.9956338934716769
0.4857870545820333
0.2316119241004344
0.5641217497177422
0.8712682229815982
0.05822793615516275
0.8918447895848658
0.8414296291593928
0.5706141424598172
0.8587907903711312
0.00592045858502388
0.9862059428996872
0.9810179359919857
0.9403376970149111
0.9319605054042768
0.7688961350067984
0.7111987427051645
0.007290617184480652
0.9864599395077676
0.48020507040200755
0.1963591310486663
0.5447818873508368
0.4067397164180875
0.061520090297563
0.9028274760930799
0.3234716266160831
0.352156476204982
0.264408198883757
0.4728925905365031
0.21054421231383458
0.518822912912583
0.4613699820183683
0.1320087629428599
0.7369438081805129
0.10423691023606807
0.7603524734440725
0.7292654599004891
0.07247493954491802
0.8549806481751148
0.509276925236918
0.9816888837958686
0.439085076097399
0.18389687963644974
0.6517567731789313
0.6875676914351061
0.5623630962218158
0.9058067039586604
0.3275515185086988
0.3496557980834041
0.26747000313480385
0.4656722526124213
0.13478719515842386
0.730423739325488
0.07217228563968092
0.8562753165315371
0.5020447928400245
0.49587993443128653
0.2360378628654871
0.605506152875023
0.2538324276683852
0.49390680421493016
0.23899279348552227
0.6001699026382994
0.2664582626603078
0.4668084144941531
0.13864494967856444
0.7196900524722878
0.09216690820176154
0.8253097382548731
0.5954932636523154
0.2780093427572865
0.44789577476331033
0.1667082120256964
0.6665206636826042
0.16695819573942572
0.6663925649772864
0.16709184608771466
0.6648094647098333
0.6701418146840297
0.6616981598781422
0.6761151791433804
0.6321541704237461
0.7366638704552315
0.6047667301027104
0.7582548799109645
0.23355822690064088
0.5690187279542442
0.35999308529426344
0.2956388442835305
0.41071287522208877
0.053576636739308015
0.8750387515465263
0.8749224968487397
0.062290728266816586
0.9059361215040553
0.8272705668350682
0.10034170566359535
0.7662351856415626
0.7175899450958241
0.011870651389472187
0.9723648543877061
0.9619495005172212
0.8807884979760274
0.36401762726018205
0.28734560575685464
0.42343428172171116
0.011986676574451849
0.9721130672260188
0.46110631979536265
0.1324596017075237
0.7375191610772163
0.6021407520747744
0.7644780363189057
0.2227490969817154
0.5857212543778587
0.33173513400834054
0.33695721611729823
0.3182693715207279
0.36407118986244313
0.28725758026121184
0.42352302142535336
0.011779636522987857
0.9725642493285704
0.9627222557319328
0.379491959058214
0.1159836569277104
0.7814599296543747
0.18702292017405853
0.6557398886943702
0.2013681378448382
0.53665224389988
0.42620723191066645
0.006863246439024806
0.9872538840572815
0.9789224374981131
0.9482830551278312
0.9149570589652285
0.2952079484821297
0.4115390459483024
0.051800616551190615
0.8807700713805389
0.8640701812400948
0.5372471727605443
0.42355272415443324
0.011732662795111537
0.9726303240458947
0.9628506857843604
0.8797777158033568
0.8655668621649966
0.032541961467359215
0.9349161068385001
0.7746685226738919
0.6928502161754295
0.5519521276582964
0.8804109015618451
0.3636895141680725
0.2881200568226632
0.42473763250745833
0.010028898221207783
0.9799422306823544
0.44545347755774856
0.17159423275734298
0.6630900196614675
0.6747965351678431
0.635225449630525
0.7297016888624057
0.5708018551231362
0.85839628969552
0.004387014138046652
0.9914472613891121
0.9712864160828758
0.9636471270350739
0.3771415947121568
0.1206553574593272
0.798224835889414
0.13780410442268476
0.720500801835442
0.09049369918648154
0.8229183742951136
0.6041594963462558
0.26043005593237467
0.4791474569647107
0.19795317112584598
0.5415329215175007
0.41694355965591967
0.0414142417430412
0.9170503096538596
0.2899421895854175
0.4202299485623371
0.03649227524874732
0.9270537006959785
0.7552504328778014
0.23937721276888624
0.5994201021676417
0.27016108905081637
0.45967772128642537
0.14113134358194657
0.7177376108302269
0.012087836861610413
0.9717950522608589
0.961721792788012
0.8809824958152603
0.8610818572051357
0.5430838707543444
0.4099640892527532
0.056275358831044286
0.8947739313880447
0.8355686344439164
0.08135367202339694
0.8363232459232677
0.5694190928479657
0.8621392716304399
0.04110230115475133
0.917787888640305
0.7906448955473024
0.668259117170237
0.6595604047761299
0.6797852588933893
0.6482095602550544
0.7067551401560195
0.5244266514782794
0.9433303189580329
0.4267238949541934
0.006236099958186969
0.9854516435880214
0.4821914932108484
0.18820667747058906
0.5611171626078431
0.40315720823127776
0.07234808031353168
0.855301993957255
0.009366714220959693
0.9807815608510282
0.9407806264061946
0.9299392519751564
0.27293771755648777
0.45530122009222396
0.1519286808616016
0.6888143664982636
0.05984068231191486
0.8998427317419555
0.8175632877100725
0.6148925755405799
0.7853434320422821
0.17925209319218993
0.6282979738607537
0.24230540471035056
0.6169903153204359
0.784803013142664
0.1808779333368875
0.6460871508752462
0.2073499649122823
0.5228019174246583
0.4553417293354869
0.15181642115931027
0.6876400918117724
0.5622199337230995
0.905276624194812
0.3271411135792732
0.34813629087875597
0.27267671370645985
0.4556536561867688
0.15118429975700565
0.6895747898670379
0.05841002112720162
0.8922407875943463
0.8400396728829946
0.573762113956036
0.3529640604974702
0.2627184053126257
0.4706492433906533
0.21574735440663062
0.510017626453191
0.979964843892958
0.4455025497591123
0.17143481885432266
0.6634626674931496
0.6739282125490718
0.6364883515052497
0.7282457886612974
0.5743006664561108
0.8474930130760185
0.024984437972307205
0.941728435427649
0.92904337120126
0.7522686365700793
0.7454624818346929
0.10963045663083903
0.7963652919861488
0.16230433946475387
0.6733732451393735
0.13713926749187522
0.7217010730528273
0.5868692498770542
0.8187541757361032
0.1104211321217008
0.7947830349148717
0.6567430908617098
0.18651381449308246
0.6528060958662536
0.19844641516101547
0.5395676676707808
0.42086412862408906
0.03553385075065307
0.928811956255231
0.2526977134984918
0.4943563822598662
0.23788032797165215
0.6028454429178964
0.263059110584436
0.4700252689071931
0.21620703520602547
0.5088696323800832
0.9822608888498507
0.438067005132325
0.186365974805085
0.6524070203886367
0.6990921793621965
0.5405735518434085
0.9183494218741544
0.2842776051838882
0.4304357872752007
0.021696783835068345
0.9546018386899959
0.9028042314748745
0.8234501048864331
0.6020545626815874
0.2646426068386063
0.4731338993587997
0.210180297261104
0.518144584930269
0.4637116967642214
0.12702407757751644
0.7459517179231625
0.11084829419269226
0.7934399063233286
0.15936842880910262
0.6802261398697738
0.1473447304451838
0.7034775793727022
0.030559562699636444
0.9515723648946732
0.4111880512791686
0.05263210789416917
0.8797209033800755
0.8653121758252382
0.03304704645415768
0.934153856622288
0.7762225836049765
0.1894677227246575
0.5585693302855361
0.392533385544084
0.09072667834698223
0.8225790166761726
0.10484198172343895
0.7580606253177393
0.7338787325425074
0.5685760959167965
0.8609243606333621
0.0432804164593108
0.9095307787356433
0.8049771387886722
0.6478643616428599
0.7051267224014737
0.5272315943730064
0.9393111062818207
0.43409045675070956
0.026350095955422148
0.9398859438952059
0.432789399928879
0.016241884819464758
0.9675140556937549
0.8873138076160103
0.34644306026166305
0.27562319501885213
0.4410186332243029
0.1809200077841524
0.6459685495647136
0.2082145722815767
0.5210019356745761
0.45750594008131884
0.14768612082116306
0.7056310719053727
0.026239055761834607
0.9395029183942825
0.43347883730893955
0.017444123659515753
0.9653703921067063
0.8856654950650409
0.3537972790072672
0.26115639790077694
0.4765733116364572
0.20310241568950005
0.5390161139948759
0.4256956996396184
0.009568603680236265
0.9810915560810827
0.44015684199985117
0.18221742202877067
0.643381231231615
0.7129934338736348
0.5036712898872793
0.9938776459894143
0.4883457376854494
0.22643403775873594
0.5815938846790232
0.8372851356980391
0.06749512819806114
0.8650252389197703
0.5358186033845413
0.42834563076030463
0.0007309115899261087
0.9986544058192521
0.4968814034364186
0.2442825279722456
0.6129972102644388
0.29005591629538685
0.41988767564180307
0.03211567230755463
0.9358912323077675
0.7785776406817604
0.696747392299585
0.5441578177851625
0.907726384291891
0.30905510793672875
0.4015748131496366
0.06299210269935429
0.8740157955035102
0.5590553090150934
0.40157503689988516
0.06299297395162284
0.8740141729067545
0.5590528767497744
0.401577952579828
0.06299781092093326
0.8740053093351889
0.559023353154771
0.9015457279165275
0.31312609027372673
0.37374781849212013
0.30909394402988255
0.40133974186028354
0.06490382103947923
0.8702457552135456
0.5475922812474892
0.8892667855252512
0.3483959690784104
0.2717162969929632
0.4546895616222173
0.15260210490669124
0.698704076174181
0.5392678692005575
0.9214041497907601
0.28853936039377004
0.42395035244408064
0.011474295111838728
0.9776603326608893
0.9509875085495878
0.906887652236037
0.31122851074906066
0.40287267611711286
0.0731609349604696
0.8537999482068699
0.5111501031497028
0.4766016637731809
0.20304667358868755
0.5388494023645762
0.4254750084364787
0.00893818141776137
0.9821274658315815
0.4375385481980629
0.18742278599529527
0.6560429853852838
0.7028048072825186
0.5382227832451463
0.9245359803899191
0.2603317246539518
0.47933604413992725
0.1973375838715583
0.5428239381581079
0.4155423131014686
0.04343323182547465
0.9093808236939367
0.8052008741360623
0.6474031492834911
0.7035446884692647
0.530296178360004
0.952106025593821
0.4105467300978489
0.05377689943998121
0.8777977635618299
0.36917511530919
0.3007122688286472
0.38452449804753996
0.10619419233989902
0.7525545551034156
0.7449042411753908
0.6115098154987209
0.7926301644183695
0.16523207438876852
0.6694746933935676
0.15665509831160307
0.6865674862347078
0.15518718815292232
0.6995128665002994
0.5345526426099241
0.9297970351180993
0.2732334166066721
0.4567069939512294
0.14957617834443226
0.6930360503902193
0.05093619044055231
0.8825026880076621
0.8624427027534693
0.03976306150434539
0.9204223878041375
0.7861042920267209
0.17818811448523775
0.6261002559622284
0.2477989532344509
0.6173056884726975
0.30449080816470087
0.37855219256016426
0.11838017782429233
0.8023326768015977
0.6292135003313888
0.24157298484351486
0.5959942164772656
0.2767463343043346
0.4375919072481338
0.18728571632527746
0.6559585506620351
0.20218380785081536
0.5380151893186849
0.4221235463337507
0.015127944527193904
0.9748231267731171
0.9546811390609946
0.9026632991444785
0.8235844200244173
0.10182190040359274
0.7651061991637107
0.724746697145747
0.07981108769308776
0.8399238291603979
0.5740604095917661
0.3530930414563045
0.26207575676380657
0.4719555580522865
0.2113623215991538
0.5068599195801653
0.9872490920242853
0.478931454999838
0.19824977018288337
0.5400275294668972
0.9203889956115745
0.2863279845332727
0.42727918465971015
0.004328288836404681
0.9912289811472874
0.9716437213064637
0.9632601032790262
0.8780441352864727
0.36797331465641037
0.302860241237795
0.37670321157202125
0.12120525210048072
0.8083861201885156
0.14225905435159802
0.7149782394699287
0.011445954878581688
0.977627664047759
0.45099861780181527
0.15684065685491078
0.6862871855846606
0.6525721113430336
0.6987973728100769
0.540391631424427
0.9192314594401978
0.28262702364008874
0.4346254354750272
0.025288233067840338
0.9422213849320542
0.92781120838481
0.7517994573281612
0.7466545615170617
0.1199682952137664
0.7988528010610025
0.6366620651388075
0.2284459162328858
0.5749514812196139
0.3459466431522742
0.27697589361923747
0.43877929967129603
0.18496053325361572
0.6494804688263685
0.6932260863832198
0.5513073011534289
0.8817627510870807
0.3596272305585444
0.29637068972806446
0.4122987300506793
0.04838645565905608
0.8870986678230111
0.8467762992950156
0.02419032872421667
0.943562584958272
0.9233606689376757
0.26216561190085486
0.4718235594627913
0.211624187650159
0.5063780857890379
0.48530560472863726
0.2328258990892209
0.5674316327495035
0.36512046240386553
0.2859944127558265
0.42773854269762523
0.00194482589722611
0.997042073198827
0.994593714713119
0.48742749268421903
0.227293213683879
0.5767798614688218
0.8484425162314437
0.021628514281474054
0.9547907999658491
0.9023690361354966
0.8241605499060825
0.10344930709106848
0.762469428620534
0.7209097974700853
0.5893616735120304
0.8139505249564536
0.12229774642037228
0.8062183273432311
0.6448875044297893
0.2102397916605696
0.5179968523734715
0.4638699197967071
0.1259708745928947
0.748523643851513
0.12229323445353657
0.8062255370605271
0.644869443582138
0.21023064365726896
0.5180074145609979
0.4640462059760466
0.1256265651609283
0.7487468696781434
0.6215906071593054
0.807600490108598
0.1430103502352722
0.7140403644589242
0.0006144645449239761
0.9987710708810482
0.9966757874935865
0.4948991815908812
0.23651129836798646
0.6050413681950886
0.25918531918432564
0.48152111945091747
0.18930647312663496
0.5590987994510215
0.40133317428990267
0.06483013997785747
0.8702166957955342
0.5476220376731362
0.3888915481802542
0.09919860903755762
0.7698645126365591
0.7102748508332297
0.5179268613574095
0.9641114529804327
0.37548802961828187
0.12426672558649443
0.8111560370307416
0.153133625339251
0.6974140289530624
0.04266480484511703
0.9150976362579968
0.7948236780066509
0.65704911632929
0.6856582413311116
0.6540891551412642
0.6959701133309864
0.5455440453952178
0.9108611001283862
0.3033073552069254
0.37579929651110433
0.1231554129626602
0.8103453151124995
0.6490809382812586
0.1940255619410891
0.5475033653492574
0.3893683903152123
0.09814764952170663
0.7724537472822703
0.20360483537660912
0.5304896462184843
0.45174647055682726
0.16095255539403297
0.6778511805750895
0.1267578088445589
0.74671225095517
0.11985674992320128
0.799381544260541
0.6356118964031339
0.728548159764614
0.5741536960704252
0.853288343467284
0.012416960031259805
0.9712026094493922
0.9638453659426887
0.877393533824943
0.3702703761518933
