3.814697265625e-06
9.5367431640625e-06
1.621246337890625e-05
4.0531158447265625e-05
6.127357482910156e-05
0.0001531839370727539
0.00026041269302368164
0.0006510317325592041
0.0009765774011611938
0.0024414435029029846
0.004150453954935074
0.010376134887337685
0.015686274506151676
0.03921568626537919
0.06666666665114462
0.16666666662786156
0.25000000005820766
0.6250000001455192
0.5625000002619345
0.9062500006693881
0.1406250010477379
0.35156250261934474
0.5976562544528861
0.9941406361467671
0.008789079263806343
0.021972698159515858
0.03735358687117696
0.0933839671779424
0.14117458567488939
0.35293646418722346
0.5999919891182799
0.9999799728102516
3.0994415283203125e-05
7.748603820800781e-05
0.00013172626495361328
0.0003216862678527832
0.0004978477954864502
0.0012369900941848755
0.0021158531308174133
0.005127031356096268
0.0079346913844347
0.01983672846108675
0.033722438383847475
0.0823529411572963
0.12745098036248237
0.3166666667093523
0.5416666665405501
0.8125000003201421
0.28125000052386895
0.7031250013096724
0.695312502240995
0.738281255500624
0.6425781335274223
0.6064453337166924
0.9809570675424766
0.0461426661349833
0.07141126901842654
0.17852817254606634
0.3034978933283128
0.7411665747931693
0.6470435086230282
0.6000229835335631
0.9999349116988014
0.0001627206802368164
0.0002442002296447754
0.0006105005741119385
0.0010378509759902954
0.0025946274399757385
0.003922466188669205
0.009806165471673012
0.01666285190731287
0.041657129768282175
0.06251621269620955
0.15629053174052387
0.26568627456435934
0.6642156864108983
0.5041666664474178
0.7604166661330964
0.39062500110594556
0.9765625027648639
0.035156254190951586
0.08789063547737896
0.14941408031154424
0.3735352007788606
0.5646973329421598
0.9117433323699515
0.14996366493869573
0.3749091623467393
0.5626384022471029
0.9065960056323092
0.1412055800901726
0.35301395022543147
0.5998793363396544
0.9996907114691567
0.0005288422107696533
0.0012820512056350708
0.0019841268658638
0.0049603171646595
0.00843253917992115
0.020585318095982075
0.03187003778293729
0.07917906460352242
0.13538567174691707
0.3282024872605689
0.5079442281567026
0.7698529410117771
0.4087009808863513
0.8947916675533634
0.22135416499804705
0.42578125529689714
0.9238281340512913
0.18457033450249583
0.28564456530148163
0.7141114132537041
0.7139894025458489
0.7146609978808556
0.7131658302678261
0.7126020671857987
0.7184547776414547
0.7038439823372755
0.6964370183704887
0.741084916429827
0.647287708852673
0.6003891050640959
0.9990196078724694
0.002450980246067047
0.00416666641831398
0.01041666604578495
0.015625000931322575
0.03906250232830644
0.06640625395812094
0.16601563489530236
0.25097657745936885
0.6274414436484221
0.5666504542168695
0.9166261355567258
0.12506127369124442
0.31265318422811106
0.5315104131877888
0.8287760329840239
0.258789079322014
0.646972698305035
0.5998535871331114
0.9996339678473305
0.0005495846271514893
0.0013739615678787231
0.0023357346653938293
0.005839336663484573
0.008820073679089546
0.022050184197723866
0.03748531313613057
0.09370565344579518
0.14069581136573106
0.3517318990197964
0.597957198304357
0.9948529414541554
0.007965685799717903
0.019791667349636555
0.03385416464880109
0.08203125488944352
0.12695313256699592
0.3173828314174898
0.5395508134097327
0.8176270316762384
0.28918469190830365
0.691711727908114
0.7290349406248424
0.6565716868790332
0.5161228487559129
0.7902994925098028
0.44352210726356134
0.8586426664551254
0.3526612695422955
0.6004031717602629
0.9988103955693077
0.0028853192925453186
0.00446537509560585
0.011155808344483376
0.018977844156324863
0.04630538681522012
0.07165546924807131
0.1781620510155335
0.3045357443043031
0.7386339361837599
0.6431534673611168
0.6058608952735085
0.9833946069411468
0.041513482574373484
0.06276041292585433
0.1569010323146358
0.26660157839069143
0.6665039459767286
0.5002442002587486
0.7506105006614234
0.3760378511506133
0.9400946278765332
0.09767246688716114
0.24418116721790284
0.3838503530132584
0.9596258825331461
0.06837559887208045
0.1709389971802011
0.2593386639491655
0.6483466598729137
0.5977946564380545
0.9944866411096882
0.009369658306241035
0.02342414576560259
0.035182003397494555
0.08794737909920514
0.1495158850448206
0.37374965829076245
0.5646225291129667
0.9114337756473105
0.14866149716544896
0.37149114144267514
0.569230299704941
0.9206341940152925
0.13491881836671382
0.32936199131654575
0.5099283550225664
0.76684577864944
0.41613782447529957
0.8762820514093619
0.18948412721510977
0.4737103180377744
0.8053075406642165
0.48152281990041956
0.7935887934581842
0.4522259518853389
0.8687841182982083
0.32771426282124594
0.5555517408356536
0.85713332038722
0.35712664463790134
0.6071643147442956
0.9820815836719703
0.04455166170373559
0.07612084434367716
0.18467881495598704
0.28585377760464326
0.7140764253272209
0.7148089366091881
0.7129776584042702
0.7120620193018112
0.7176474178268109
0.7058814553602133
0.6999984741269145
0.7499961852154229
0.6250095368886832
0.5625162127253134
0.9062905318278354
0.140686274622567
0.3517156865564175
0.5979166671459097
0.9947916678793263
0.00781250186264515
0.019531254656612873
0.033203132916241884
0.08300783229060471
0.1254883111687377
0.3137207779218443
0.5333253224671353
0.8333133061823901
0.25003099447349086
0.6250774861837272
0.5626317265268881
0.9065716869372409
0.14112284884322435
0.3527994927135296
0.5997721075837035
0.9992676675028633
0.0010987669229507446
0.0027469173073768616
0.004669759422540665
0.011674398556351662
0.017648943699896336
0.04411472985520959
0.07500801072455943
0.1874799724901095
0.28128099493915215
0.7032024873478804
0.6954442285059486
0.7386029417684767
0.6430759813229088
0.6057291690085549
0.983072920673294
0.04101563477888703
0.06347657763399184
0.1586914440849796
0.2697754549444653
0.658813633635873
0.5195925282605458
0.7833563169406261
0.4582682451582514
0.812662721000379
0.2814942007535137
0.7037355018837843
0.6963503532169852
0.7408758829405997
0.6465005997160915
0.6006264954630751
0.9976199194497894
0.005768526345491409
0.0089274812489748
0.022318703122437
0.03793416591361165
0.09263788093812764
0.14339766756165773
0.35622701683314517
0.6093099105928559
0.9767252234451007
0.03540045442059636
0.0885011360514909
0.14849877648521215
0.37124694121303037
0.568619799130829
0.9215494978416245
0.13330081303138286
0.33325203257845715
0.5001221895508934
0.7503054738917854
0.3755193056422286
0.9387982641055714
0.09571266989223659
0.23927404533606023
0.3911538433167152
0.977844553970499
0.037140381056815386
0.09285095264203846
0.1422216157661751
0.3550580095616169
0.5965673707250971
0.9889692421711516
0.01874771062284708
0.04686164716258645
0.07033825130201876
0.17583799886051565
0.2989299386390485
0.7472847922763322
0.6298081615532283
0.5739094561722595
0.9243569762620609
0.1838992309058085
0.28762869216734543
0.7171185756160412
0.7065525589569006
0.7019206121622119
0.7450358680507634
0.6334230025822762
0.5830691058945376
0.875641495193122
0.18849279021378607
0.47123197553446516
0.8010867290140595
0.4868474397226237
0.7776654428744223
0.4282322355429642
0.9279948004696053
0.17936199682299048
0.3012695662328042
0.7375489118567202
0.6553956560383085
0.6111453639168758
0.964142407727195
0.08906688843853772
0.15229272388387471
0.3692491164547391
0.5714982918289024
0.9286761113617104
0.17830972152296454
0.3031265265890397
0.7421836833527777
0.6445407915452961
0.5957193456415553
0.9892983641184401
0.016174585558474064
0.04043646389618516
0.06874198862351477
0.17185497155878693
0.257843496336136
0.64460874084034
0.59583485944313
0.9895795192278456
0.015634537674486637
0.03907871479168534
0.06644678511656821
0.16607690847013146
0.2511297613964416
0.6277018563414458
0.5673014859494288
0.917602712957887
0.1275027171941474
0.31680363818304613
0.5418865480751265
0.8132123056275304
0.2823797618621029
0.705826857505599
0.7001139879284892
0.7496339677891228
0.6255495847726706
0.5638739618298132
0.9085857353347819
0.14646433771122247
0.344757572573144
0.6118939312000293
0.9652196834504139
0.08491657418198884
0.13141850766260177
0.3265854849596508
0.5585286575660575
0.853678355779266
0.34497077838750556
0.6114503236312885
0.9661258081614505
0.08206224930472672
0.12703061860520393
0.3175145576824434
0.5398724996775854
0.8181248794717249
0.2904216820024885
0.6938275810389314
0.7341619719809387
0.6645063782634679
0.5047095753543545
0.7615219299623277
0.39306254050461575
0.9821873819164466
0.04432793566957116
0.07468695030547678
0.1863103952491656
0.28413531981641427
0.7075903764052782
0.690843306860188
0.7260090977943037
0.6849772554414812
0.5355226439714897
0.8388066099432763
0.2740180818946101
0.6850452047365252
0.5354262036562432
0.8385578797606286
0.27347803401062265
0.6836550307052676
0.5372625706077088
0.8430338793841656
0.26676429907092825
0.6667481462063733
0.5008547008328605
0.7516483516374137
0.378632478590589
0.9440170940652024
0.10747863235883415
0.22959401726257056
0.4098824790562503
0.8971420947636943
0.22466613061260432
0.43662527174456045
0.9079293466347735
0.14421241835225374
0.3579669434693642
0.6038616400037427
0.9703071573458146
0.05076789250597358
0.12307263887487352
0.19048645382281393
0.47617608023574576
0.8095407258660998
0.4761214823811315
0.8094442855508532
0.47638928605010733
0.8088851641805377
0.475337904819753
0.810678615787765
0.4720013969927095
0.8037205018044915
0.4897623564465903
0.7673746208602097
0.41741987568093464
0.8782661782752257
0.19444444437976927
0.48214285721769556
0.7946428568975534
0.4508928567520343
0.8727678580617066
0.3180803547729738
0.5407366031140555
0.8200334872526582
0.2936662794672884
0.7023576781211887
0.7441058046242688
0.6397354883665685
0.5875503302377183
0.9058797948237043
0.2353005128679797
0.4000108718755655
0.9999651908583473
8.702278137207031e-05
0.00014793872833251953
0.00036221742630004883
0.0005591213703155518
0.0013901740312576294
0.002376265823841095
0.005778063088655472
0.008911268785595894
0.022278171963989735
0.03787289233878255
0.09272907604463398
0.14313725486863405
0.3558823529747315
0.6083333331916947
0.9791666669480037
0.03125000046566129
0.07812500116415322
0.13281250197906047
0.3320312549476512
0.5019531324796844
0.754882831213763
0.3833008130895905
0.9582520327239763
0.0626221897546202
0.15655547438655049
0.2661443064571358
0.6653607661428396
0.5058689229481388
0.7646646779903676
0.39994292258052155
0.9998172521300148
0.0002751946449279785
0.0006879866123199463
0.0011695772409439087
0.0029163137078285217
0.004420313984155655
0.011043155565857887
0.018778705038130283
0.04678416112437844
0.07045090408064425
0.17612726020161062
0.2994087129482068
0.7465686275681946
0.6316176468099002
0.5770833327260334
0.9322916676464956
0.16406250244472176
0.25390625378349796
0.6347656344587449
0.5791015785944182
0.885253945569275
0.20336920151021332
0.4459230028442107
0.8643191064184066
0.328766496211756
0.5088052917562891
0.7720132294052746
0.41241486062062904
0.9057927720423322
0.235184999066405
0.4001561283948831
0.9994060694880318
0.0014447718858718872
0.0022283270955085754
0.005570817738771439
0.009470390155911446
0.023179945535957813
0.03579250397160649
0.08898523007519543
0.15204852365422994
0.36985961702885106
0.5704604408529121
0.926143472752301
0.17438725533429533
0.3090073536732234
0.7255208314454649
0.6861979213135783
0.5332031329453457
0.8330078323779162
0.25048831111053005
0.6262207777763251
0.5645753222343046
0.9114383056003135
0.14846849732566625
0.3711712433141656
0.568491112702759
0.9212201523769181
0.13379861612338573
0.33448891091393307
0.5061441175930668
0.7653202396759298
0.39914027153281495
0.9972397312230896
0.004695508629083633
0.011698717251420021
0.017609127797186375
0.04402281949296594
0.07483879313804209
0.18660095299128443
0.28284661524230614
0.7066205082519446
0.7020361259637866
0.7448286227008794
0.633005501847947
0.5825061251234729
0.8777113931428175
0.19231769850011915
0.48014324432006106
0.7836914440558758
0.4572754552937113
0.8150636333448347
0.28521752782398835
0.7130438195599709
0.7121744932665024
0.7169596100284252
0.7062989113910589
0.7022706553398166
0.7439578658959363
0.6399236602301244
0.587113756017061
0.9052224002953153
0.23692492570262402
0.4027971692266874
0.9910539220727514
0.022242647595703602
0.03802083106711507
0.09244792093522847
0.1425781334983185
0.35644533374579623
0.6059570673678536
0.9836426665715408
0.04016126925125718
0.0691531712654978
0.17068539431784302
0.26069782121339813
0.6411841224471573
0.6029526766214985
0.9750325204513501
0.06241869879886508
0.09387219022028148
0.2346804755507037
0.3989568084361963
0.9973920210904907
0.003915790468454361
0.009781846776604652
0.016642109490931034
0.04156521940603852
0.06289738439954817
0.15712091384921223
0.26731388369807974
0.6676337073149625
0.5024576559953857
0.7541909852006938
0.38543740863678977
0.9533394588797819
0.07072609872557223
0.17669269966427237
0.3004557430394925
0.7485352008661721
0.6271973328257445
0.5679933319624979
0.9155886645603459
0.13272165891248733
0.3243571578641422
0.5608928944275249
0.8472602896799799
0.366197569121141
0.5844984476279933
0.8811603302310687
0.2028607710963115
0.4928289986564778
0.762711545539787
0.40287259890465066
0.9915164392150473
0.02053882647305727
0.03181579755619168
0.0794775050599128
0.1352095102192834
0.3299049002234824
0.5110336188517977
0.7687949175888207
0.4217627036268823
0.8830121776263695
0.20746845507528633
0.4402941245934926
0.848475788574433
0.37087547389091924
0.5726887679484207
0.9237468109640758
0.18273940274957567
0.29278599709505215
0.6897283274738584
0.7243208185827825
0.6813453916984145
0.5466174469620455
0.8209487519634422
0.3018758497782983
0.7350563126674388
0.6496447503159288
0.6239273397077341
0.9401816506579053
0.09778798068873584
0.24446232232730836
0.3842869272339158
0.9607096886902582
0.06681317486800253
0.16687033569905907
0.2506717742071487
0.6261910350585822
0.5653550403949339
0.9108234985906165
0.1514077439205721
0.3706667980295606
0.5731513297942001
0.9225017146382015
0.1807658855104819
0.29562465712660924
0.6974350310920272
0.7356525230279658
0.6506146296451334
0.6185614650894422
0.9515544906898867
0.12107371888123453
0.19729662907775491
0.4854290652438067
0.7760106726491358
0.42976498947246
0.9181004825222772
0.13899357442278415
0.33936506073223427
0.5261393590189982
0.8055827353091445
0.4820558344363235
0.7944949181692209
0.4510810286155902
0.8722087366913911
0.31724057003157213
0.5428169914812315
0.8148058134538587
0.2867081654840149
0.7127945305837784
0.7180136734677944
0.7049658162577543
0.6984418876527343
0.7382302227488253
0.654405369568849
0.6125139238138217
0.968715190392686
0.07821202394552529
0.132960440707393
0.3323934723739512
0.50251225385
0.7543198504426982
0.3856770789134316
0.9537760331004392
0.07128907949663699
0.17822269874159247
0.3029785878607072
0.7418214659264777
0.6450808394292835
0.5970770947460551
0.9915935676253866
0.02097602654248476
0.031525195110589266
0.07881298777647316
0.13398207922000438
0.3349475686554797
0.5063734464638401
0.7639728319772985
0.4020795181277208
0.9947821311361622
0.007828714326024055
0.01957178581506014
0.033264406491070986
0.08316101622767746
0.1257487238617614
0.3143718096544035
0.5343018998682965
0.8357547496852931
0.25418144842842594
0.6354536210710648
0.5783180010330398
0.8832873722712975
0.20778951549436897
0.4413411546847783
0.8497721076419111
0.3742676673573442
0.5635987671848852
0.908996917976765
0.14529476047027856
0.3476118974504061
0.6153051981527824
0.9601303613453638
0.06817208626307547
0.16550727433059365
0.25613458087900653
0.6403364521975163
0.5866188139480073
0.9035510040994268
0.2391617054818198
0.39428322872845456
0.9830419262580108
0.04109312081709504
0.06360830389894545
0.15901313035283238
0.27027330273995176
0.6600506237300579
0.5217083813913632
0.7884833482967224
0.4662029365426861
0.8324994494614657
0.2527166382060386
0.6298384407127742
0.573801333346637
0.9247300417337101
0.18426100129727274
0.2881264952593483
0.7163699189259205
0.7088935276551638
0.6886149797646794
0.7215374493098352
0.6766060345398728
0.5506457030132879
0.8733781127666589
0.31594377040164545
0.5378986415744293
0.8427533948270138
0.2680974389077164
0.6682904424669687
0.5141697358631063
0.7756510480248835
0.4313151125679724
0.9213867771613877
0.13354501326102763
0.3338625331525691
0.5011600405268837
0.7529001013317611
0.3794417718308978
0.9486044295772444
0.11237552179954946
0.21843117417301983
0.45367005601292476
0.8216350845468696
0.3028266556211747
0.7414416353276465
0.6463882822135929
0.5949667848472018
0.9871923718310427
0.02803174313157797
0.053903964813798666
0.11522101401351392
0.2041273278882727
0.44781068939482793
0.8597210066800471
0.3365180821274407
0.5287952041544486
0.8010512046457734
0.4869953784509562
0.7773842877650168
0.42779566132230684
0.9288641491148155
0.17750655638519675
0.2982584997662343
0.7445070258399937
0.6347050537879113
0.5850532327604014
0.8806018123577815
0.19692532939370722
0.49181729363044724
0.7704567658656742
0.40977650199783966
0.8974261108960491
0.2251847208244726
0.4359390285681002
0.9101524285215419
0.14649392396677285
0.3506021767971106
0.6225991768587846
0.9431766164198052
0.10281427460722625
0.2248090625507757
0.4369606670807116
0.9075792587536853
0.14266515627969056
0.35659327247412875
0.6063192847941536
0.9842017879418563
0.03935390943661332
0.06713477172888815
0.16712393856141716
0.2537397072301246
0.6311131232941989
0.5777751787391026
0.9302776192489546
0.16940399131271988
0.26201016275445
0.655025406886125
0.6114598603744525
0.9661420206248295
0.08204079163260758
0.12696934503037483
0.31742336257593706
0.5396120869845618
0.8177802156133112
0.28944510460132733
0.6923627596406732
0.7300115180260036
0.6590131303819362
0.5202733027108479
0.7850506236718502
0.459208381769713
0.8197333480638918
0.2943279357277788
0.6996869504509959
0.7488103955111001
0.6278853194380645
0.5669653753575403
0.9174058090138715
0.1283528433414176
0.319742884777952
0.5443117232352961
0.824646419234341
0.31137166876578704
0.72154412503005
0.6766007893311325
0.5505629717663396
0.8734700231289025
0.3163249421049841
0.5372315761924256
0.8430789404956158
0.26663257280597463
0.6665814320149366
0.5003759265237022
0.7509321869292762
0.37653569894609973
0.9413316179707181
0.09978832001797855
0.2493081985739991
0.37616004067240283
0.9404001016810071
0.09819177235476673
0.24547943088691682
0.3858130222070031
0.9567124186723959
0.07671694294549525
0.18198664078954607
0.29061965883011
0.6952991452126298
0.7304945056384895
0.6699786322715227
0.5108440164767671
0.7692574794346001
0.42057959613157436
0.8848223781387787
0.2042033834150061
0.4479684032849036
0.8595443981175777
0.336238446936477
0.5280560618557502
0.8038641489984002
0.49000655667623505
0.7670084993296769
0.41638202470494434
0.8768925519834738
0.19052197819110006
0.47630494547775015
0.8092300068528857
0.4757039816468023
0.8102516453654971
0.47435181302716956
0.8063003305287566
0.4840047945617698
0.7899880135373678
0.4429796230397187
0.8534808036347385
0.35067298711510375
0.6227065844286699
0.9429891598119866
0.10346459108404815
0.22569444484543055
0.4352678579161875
0.9118303551513236
0.15011160366702825
0.3747209904831834
0.5631975236174185
0.9074357903737109
0.14351985708344728
0.3560440901783295
0.6087906051252503
0.9780234871141147
0.03736312361434102
0.0934001796413213
0.14121511683333665
0.35299773776205257
0.5999007940117735
0.9997519850439858
0.000620037317276001
0.0010540634393692017
0.002573169767856598
0.003983739763498306
0.00989736057817936
0.01692326460033655
0.041025171522051096
0.06349279009737074
0.15873197524342686
0.2698367285192944
0.6587224385293666
0.5198529409535695
0.7837009807990398
0.4572916677570902
0.8151041645032819
0.28515625424915925
0.7128906356228981
0.7119140805734787
0.7172852004005108
0.7053223339898977
0.7008058339415584
0.7476199193915818
0.6307685264910106
0.5714274815109093
0.9285687037918251
0.17855916696134955
0.3035753793665208
0.7410539220145438
0.6472426477412228
0.6005208313290495
0.9986979216046166
0.001953132450580597
0.004882831126451492
0.008300812914967537
0.020752032287418842
0.03137218998745084
0.0784304749686271
0.13333180744666606
0.33332951861666515
0.5000095367722679
0.7500162125506904
0.37504053133307025
0.9375612740113866
0.09390318463556468
0.2346354144392535
0.3990885347011499
0.997070334822638
0.004394564777612686
0.010986411944031715
0.018676900304853916
0.04669225076213479
0.07058769674040377
0.17646924185100943
0.29999771114671603
0.7499866484722588
0.6250257493520621
0.5625567438837606
0.9063518054026645
0.14083945855963975
0.3519760992494412
0.598567698878469
0.9957682452804875
0.010253945365548134
0.01586920116096735
0.039673002902418375
0.06744410493411124
0.1647039974341169
0.25489904364803806
0.633341344218934
0.5833133061241824
0.87503099461901
0.18757748638745397
0.4688817271380685
0.7971966877521481
0.4926853514625691
0.7629557457694318
0.4025064773741178
0.990478588239057
0.023071465082466602
0.035705838818103075
0.08926459704525769
0.15174981497693807
0.3705854078871198
0.5735174066212494
0.92500438701245
0.1874489780748263
0.28135848097736016
0.703334213612834
0.6957659147738013
0.7391007895639632
0.6443129714170936
0.6078450221393723
0.9803874445788097
0.033325322438031435
0.08331330609507859
0.12503099453169852
0.3125774863292463
0.5313817267597187
0.8284466875193175
0.25831034971633926
0.6457682448963169
0.5939127214078326
0.9846192020631861
0.024048003368079662
0.059631607960909605
0.09829774941317737
0.24513342592399567
0.3862710540997796
0.9558719186752569
0.07498226151801646
0.18745565379504114
0.2813208108418621
0.703294397710124
0.6956134460924659
0.7389935608080123
0.6437078948656563
0.6091471899126191
0.9769694236747455
0.0360109549947083
0.0895389870274812
0.15109340392518789
0.367356899951119
0.5745196997013409
0.936259194946615
0.15835631696972996
0.2707682448090054
0.6564127212914173
0.5158692011900712
0.7896730029897299
0.4424441051087342
0.8522039976378437
0.34864904434653
0.6177163457323331
0.950500807230128
0.12112475163303316
0.19343687256332487
0.48353019257774577
0.7908490771369543
0.44458970095729455
0.8565837357600685
0.35630307235987857
0.6092232454393525
0.9769151834479999
0.035731588024646044
0.08925935183651745
0.15185161971021444
0.37037095037521794
0.5733806139614899
0.925639027467696
0.1858833577716723
0.28477650188142434
0.709926111070672
0.6939347203879151
0.7328140278405044
0.6679649303259794
0.5019626692228485
0.7548990436771419
0.3833413442480378
0.9583133062988054
0.06253099464811385
0.15632748662028462
0.26575672725448385
0.6643841887416784
0.5044041015498806
0.7610026244947221
0.39371743163792416
0.9841309776238631
0.03942889207974076
0.06732222833670676
0.16757279133889824
0.2529163137660362
0.6294203141296748
0.5735431558277924
0.9250287057075184
0.18740916217211634
0.2813884025090374
0.7034710062725935
0.6958930812834296
0.7397327031067107
0.6408949505130295
0.602229746786179
0.9736733631871175
0.0552370878867805
0.1068427178543061
0.23085135861765593
0.4208783942158334
0.8852849399845582
0.20344668754842132
0.4458103500655852
0.8645182455366012
0.3282877219025977
0.5080567021213938
0.7701417553180363
0.40924098406685516
0.8981024597014766
0.22316077805589885
0.4329019446740858
0.9171756754803937
0.12887667876202613
0.3184065933455713
0.5460164831310976
0.8219703904760536
0.30442994605982676
0.7389175052812789
0.6436727281252388
0.6090797770593781
0.977281483792467
0.0362807703204453
0.0867880315054208
0.15412365563679487
0.36454923992278054
0.5783652079117019
0.8831884285609704
0.20796344184782356
0.44098883162951097
0.8505112946440931
0.3737141339224763
0.5644936638709623
0.9111941053706687
0.1490789978997782
0.3720865471404977
0.5669350961979944
0.9172976861882489
0.12796070438344032
0.3199017609586008
0.5438329936296213
0.8278364523721393
0.3053688142099418
0.7316760038083885
0.6688492062094156
0.5153769832395483
0.7740575401985552
0.4346478205989115
0.9107762917119544
0.15144469880033284
0.3707372507196851
0.5728314316656906
0.9222509280953091
0.18061969021800905
0.29450445488328114
0.7010972410498653
0.747249267908046
0.6296792963112239
0.5741581863549072
0.9239204020414036
0.1848010044777766
0.28603670425945893
0.7145957307948265
0.7135106729401741
0.7110149892105255
0.7149754831625614
0.709306073753396
0.6948338117508683
0.7312174801772926
0.6717936980130617
0.5079346914135385
0.7698367285483982
0.40872243855847046
0.8948529411281925
0.2212009810609743
0.4260416679899208
0.9244791657838505
0.18359375710133463
0.28710938669973984
0.7177734667493496
0.704589889763156
0.6989747233747039
0.7366945239773486
0.6542363084445242
0.6143501007754821
0.9538439823954832
0.0714370182249695
0.17858491616789252
0.30353770923102275
0.7410141061118338
0.6474571052531246
0.6001072346989531
0.998307302565081
0.003580741584300995
0.006347697228193283
0.01391608826816082
0.026977713219821453
0.0571902203373611
0.10195988672785461
0.22352716780733317
0.4333295185933821
0.916657129972009
0.12501621257979423
0.31254053144948557
0.5313112740695942
0.8282781851885375
0.2580729146138765
0.6451822865346912
0.5966797105793376
0.9916992764628958
0.020263765938580036
0.03503441112115979
0.08416785043664277
0.13229462143499404
0.32548674038844183
0.558833963732468
0.8499853134562727
0.3749556539696641
0.5625708105799276
0.9064193970698398
0.14092594489920884
0.35227480792673305
0.59878601579112
0.9929362274415325
0.013590564951300621
0.028442523442208767
0.051575039979070425
0.11306821717880666
0.21724076510872692
0.4568580327904783
0.8264632954669651
0.3083457309403457
0.7291356724745128
0.6563274866493884
0.51575672722538
0.7893841886834707
0.4419041019282304
0.854752625193214
0.3468424312886782
0.6169434765179176
0.9573976448446047
0.06536910706199706
0.1607368333498016
0.2768420829088427
0.6828871626930777
0.5421711453527678
0.8162027526122984
0.28753705002600327
0.7185982460214291
0.7034776819928084
0.6958878360746894
0.7396499718597624
0.6411094080249313
0.6023045506153721
0.9745037452958059
0.05588807491585612
0.10830758395604789
0.22914234816562384
0.40635180537356064
0.8908394586469512
0.22697609930764884
0.41106769879115745
0.9020182445819955
0.24462894711177796
0.3830567022669129
0.9576417556672823
0.06549098365940154
0.16372745914850384
0.277848280093167
0.6789956965076271
0.5519412956491578
0.860321970510995
0.3374495984171517
0.5311239948787261
0.7971900120319333
0.49272302159806713
0.7630575505027082
0.40241456701187417
0.9904037844098639
0.02276190835982561
0.0363568258471787
0.08682319824583828
0.15394704707432538
0.3648479486000724
0.5800485473882873
0.8857894187967759
0.206661039381288
0.45209739956771955
0.8697374275361653
0.32076591468648985
0.5516007892147172
0.8630629720573779
0.3422200226341374
0.5194499427743722
0.7950440781132784
0.44854768592631444
0.862335705984151
0.3433392637525685
0.5164892385073472
0.7907270664290991
0.4450172748765908
0.856187737401342
0.35854640492470935
0.6033896084700245
0.9759009750268888
0.05961754126474261
0.09826258267275989
0.24555441353004426
0.3860948925721459
0.9561417340009939
0.07778471545316279
0.180293831625022
0.2943825335823931
0.6995714366494212
0.7486222236475442
0.627345271554077
0.568355549388798
0.9150486166763585
0.1313639098079875
0.3264566197176464
0.5582889872894157
0.8542184036632534
0.34391939715715125
0.6096759455103893
0.9616498085379135
0.09097351809032261
0.14527997851837426
0.34757494257064536
0.6153565773565788
0.960266438749386
0.06741382577456534
0.16462829953525215
0.25525875767925754
0.6332563777978066
0.5828345765185077
0.8787094282160979
0.19384379347320646
0.4841405143379234
0.7894451046304312
0.442362759669777
0.855011517967796
0.34651313052745536
0.6140233034093399
0.9569256244867574
0.0763958825264126
0.18301459739450365
0.2923748144530691
0.6908979047148023
0.7258611590659712
0.6847700100915972
0.5360817653418053
0.8394640044716652
0.27633235888788477
0.6802628372388426
0.544337472441839
0.8247031628561672
0.3112889375188388
0.7215740465617273
0.6764935605751816
0.5499578952149022
0.8747721909021493
0.3129069212009199
0.5321047012985218
0.8297733528015669
0.26144498033681884
0.6432358409801964
0.6055254999373574
0.9825236936740112
0.04220666969195008
0.06633161776699126
0.16228831990156323
0.2805581978172995
0.6730350420402829
0.5575876045331825
0.8520980205794331
0.34899504930945113
0.6172583138395566
0.9493881524249446
0.1233478335198015
0.19114201550837606
0.47525088203838095
0.8105631019861903
0.47172024188330397
0.8042605496884789
0.4891669507487677
0.7691814239078667
0.42051200446439907
0.8852242922584992
0.204881296842359
0.44872661906993017
0.8625584485416766
0.3429118686472066
0.5174358943768311
0.7923286804871168
0.44053819071268663
0.8512834877183195
0.3717912806314416
0.5695451761421282
0.9198870572436135
0.13778235588688403
0.34048000659095123
0.5225789817341138
0.7868141425715294
0.4626330616301857
0.8434097164717969
0.2662313292385079
0.6654762799444143
0.5062120668881107
0.7652237993606832
0.3993179529788904
0.9977988525934052
0.005502868443727493
0.009354876354336739
0.02332520205527544
0.035355929750949144
0.08832783554680645
0.1502550720470026
0.37435469013871625
0.5635023268696386
0.9087481877941173
0.14487725973594934
0.3462837122497149
0.6137561255891342
0.9558363943069708
0.07513020024634898
0.18717449868563563
0.28173831157619134
0.7043457789404783
0.6973878242133651
0.7356570529809687
0.6504216298053507
0.6182415669609327
0.9517919257923495
0.11921812198124826
0.19642080587800592
0.49104438530048355
0.7722264352196362
0.4129803000832908
0.9050091944809537
0.23648131813388318
0.4035807467880659
0.9884439762390684
0.017822333611547947
0.04455583402886987
0.07574491784907877
0.18545602972153574
0.2862712336354889
0.711771819187561
0.7166451135708485
0.7083605131192598
0.6875870231597219
0.7188979395723436
0.6722372189688031
0.5552466246590484
0.8568589304049965
0.35589188971789554
0.6083171207283158
0.9791261357895564
0.03131127404049039
0.07827818510122597
0.13307291467208415
0.3326822866802104
0.5029297098808456
0.757324274716666
0.3874512670445256
0.968628167611314
0.07830846426077187
0.1332711597206071
0.33281097310828045
0.5039024278812576
0.7558689230063464
0.3896646780776791
0.962442922842456
0.09356725146062672
0.14090019569266587
0.3522504892316647
0.59882583169383
0.9931506849534344
0.013209393247961998
0.02910958882421255
0.05222602700814605
0.10965019627474248
0.21162548975553364
0.46601333416765556
0.8329944362340029
0.2534437701688148
0.6316486412251834
0.5771283938374836
0.932159941381542
0.16438418871257454
0.2544041015789844
0.6360026245529298
0.5812174317252357
0.8903809769253712
0.21130389289464802
0.46575973130529746
0.8355415438709315
0.2548694350407459
0.6362562721187714
0.580867388547631
0.8876752613286953
0.21829277218785137
0.45393499865895137
0.8220311276090797
0.30409356724703684
0.7397260273864958
0.6409001957217697
0.6022504892025609
0.973825831868453
0.055650684516876936
0.10695939394645393
0.23223458870779723
0.4194135281140916
0.8869939504365902
0.21748487593140453
0.4552711336291395
0.8256702035141643
0.3088637064793147
0.7252766312158201
0.6855874207394663
0.534240983921336
0.8356024598178919
0.25441077729919925
0.6360269432479981
0.5812381741416175
0.8905954344372731
0.2109847100218758
0.4649617741233669
0.8341773872671183
0.2573108338401653
0.6379652825708035
0.5900226899248082
0.8967691186990123
0.22625773854088038
0.43429652572376654
0.9132553606468718
0.15410958894062787
0.36472602729918435
0.578400195838185
0.8835004886786919
0.20820083224680275
0.43846318166470155
0.84524063844583
0.3630939664435573
0.5922650837164838
0.8943182166840415
0.23286576464306563
0.41779553395463154
0.8772445397626143
0.19311134924646467
0.47815911745419726
0.7886517612205353
0.4657079944736324
0.8356489514408167
0.25458756467560306
0.6359728818351869
0.5819351610552985
0.8889120949606877
0.21424313948955387
0.4643110888428055
0.8391822235134896
0.2764144195825793
0.6832235415058676
0.5419411459297407
0.8130967918259557
0.28267999045783654
0.7054093567712698
0.7007093936263118
0.7478595896682236
0.6303510257566813
0.5705876967695076
0.9264692419383209
0.1749977112049237
0.3124866481521167
0.718775750050554
0.6719317451643292
0.5547893080220092
0.8556832138856407
0.35783548542531207
0.6054036568675656
0.9708658540330362
0.05200203275308013
0.10949719115160406
0.21124297694768757
0.46536306239431724
0.8352826510963496
0.2548923679278232
0.6333170255238656
0.5832925637078006
0.8751834633003455
0.1879586580907926
0.4695297190337442
0.7988242968858685
0.4951267502619885
0.7612467353173997
0.3933511759969406
0.98138473086874
0.04647904494777322
0.07127568335272372
0.17727189289871603
0.29864083376014605
0.7455854079744313
0.6360174065048341
0.5812543866049964
0.8905739767651539
0.2110459835967049
0.46505296922987327
0.834437799960142
0.257655497698579
0.6369887051696423
0.5924641334277112
0.8926186647440773
0.231506607378833
0.41861025121761486
0.889664678106783
0.21244292275514454
0.4685672516352497
0.8284001958963927
0.25850048853317276
0.6457008320430759
0.5947131819848437
0.9858656394935679
0.02715646754950285
0.0571088301949203
0.10330258565954864
0.22602984018158168
0.4348853451083414
0.9102034612733405
0.15050865255761892
0.3683570807916112
0.5771350695576984
0.9321546961728018
0.1643634462961927
0.25461855909088627
0.6358953957969788
0.5818034347903449
0.8890788091521244
0.2147219137987122
0.4630740987486206
0.8373727382568177
0.27958829613635316
0.675533229165012
0.5611669267818797
0.845780619274592
0.36438955907942727
0.5789349985134322
0.8845311274926644
0.21034356707241386
0.4428510260186158
0.8518376972933766
0.34834424109430984
0.620310213213088
0.9492053934081923
0.11135388328693807
0.21587707789149135
0.45762137084966525
0.8158883679134306
0.2883773712092079
0.7160605410172138
0.7078954925818834
0.6911176968424115
0.7252906979119871
0.6857775595562998
0.5345718493044842
0.8354453717765864
0.255136568157468
0.6329509039933328
0.5823772598814685
0.8775337116967421
0.1918811242794618
0.4792738956748508
0.7821614449785557
0.4547526104724966
0.8237305230868515
0.2995606451877393
0.7469484581670258
0.6325077378714923
0.5749215244140942
0.9366928634408396
0.15801583288703114
0.2690229053259827
0.6711736606957857
0.5089887548529077
0.7724098983162548
0.41270617832196876
0.9047503017063718
0.23812424566131085
0.40456683858064935
0.9879719558812212
0.029825731180608273
0.049133607652038336
0.12258964008651674
0.19319282879587263
0.4777928171097301
0.7872477887140121
0.4681194717413746
0.8291938466427382
0.26048461539903656
0.6407729398051742
0.601924720016541
0.9732153759978246
0.05803080974146724
0.10491534578613937
0.22208663157653064
0.42907735490007326
0.9271854960534256
0.17221146973315626
0.30528429482365027
0.7318987463659141
0.6682999792101327
0.5141859483264852
0.7756915791833308
0.4313763861428015
0.9215399610984605
0.13331702549476177
0.3332925637369044
0.5001834631257225
0.7504586578288581
0.37577971833525226
0.9394492958381306
0.09668924729339778
0.2417154888389632
0.3953042972716503
0.9725956851325464
0.05282665556296706
0.11644163518212736
0.20888828241731972
0.43871678452705964
0.8465673707833048
0.3639692420256324
0.5812477108847816
0.890611646900652
0.21096325234975666
0.4649005005485378
0.834086192160612
0.2570504211471416
0.6385972408170346
0.5909992673259694
0.8953042973007541
0.22259568504523486
0.42782665573759004
0.9289416351530235
0.17763828265015036
0.29809178557479754
0.7450048736354802
0.6335004886204842
0.5832008321594913
0.8759631814609747
0.18899063800927252
0.47246896562865004
0.8032025821448769
0.49197447107871994
0.7699751305335667
0.4090064546908252
0.895310973020969
0.22265242866706103
0.4277439244906418
0.9287271776411217
0.17728667485062033
0.298645363713149
0.7453924081346486
0.6359418874199037
0.5819802221667487
0.8887803686957341
0.2140764252981171
0.4648089366382919
0.8379776583460625
0.2745620189816691
0.6863974180596415
0.534006454545306
0.8328109731373843
0.25390242791036144
0.6308689230645541
0.5771646781649906
0.9311929230752867
0.1716922508785501
0.2580876965657808
0.645219241414452
0.5968727104191203
0.9921741466678213
0.019557003863155842
0.033259876538068056
0.08310963702388108
0.12570276868063956
0.31364597409265116
0.533992387849139
0.8329877605137881
0.25344901537755504
0.6316693836415652
0.5769139363255817
0.932511549181072
0.16477480775211006
0.2550360151217319
0.6335612257535104
0.5839030642819125
0.8760987671266776
0.19024691765662283
0.4734197602956556
0.808549400040647
0.4785864455043338
0.7823959743545856
0.45586738869315013
0.8251752614451107
0.31204277236247435
0.7195599981641863
0.6735936269687954
0.5579998153552879
0.8549604069849011
0.34695490525336936
0.616410640795948
0.9589333436160814
0.06358505808748305
0.15890065638814121
0.26974046701798216
0.6586565455945674
0.5213273661502171
0.7824965273903217
0.4552570669329725
0.8254800646973308
0.3087772201397456
0.7250680447614286
0.6873031851428095
0.5317344074428547
0.8288670492765959
0.2596599925891496
0.6476849589089397
0.5995185270730872
0.9933024830825161
0.014506204053759575
0.02621541451662779
0.055528494995087385
0.1072648677509278
0.23171528324019164
0.41814768937183544
0.8889566196303349
0.21453898714389652
0.4635934042162262
0.8361068995145615
0.27764470042893663
0.6784466930257622
0.5528875715390313
0.8664713779871818
0.3331705530290492
0.500732511311071
0.7518312782922294
0.3781131731229834
0.9452829328074586
0.10551596316508949
0.23253990605007857
0.4171852121944539
0.8788928913127165
0.19338513573165983
0.4834552099346183
0.7906291956023779
0.44528293277835473
0.855515963252401
0.3575399059918709
0.6046852122817654
0.9726428920112085
0.052760136779397726
0.11626770882867277
0.2085979481926188
0.43942354660248384
0.8467269175162073
0.3668172935140319
0.5829567660402972
0.8785265015612822
0.19430111011024565
0.4829972227453254
0.7914077738241758
0.4394492958090268
0.8466892473807093
0.36671548878075555
0.5828042973589618
0.8788456844340544
0.19345165451522917
0.4836291362880729
0.7909195298270788
0.44457617070293054
0.8573095713218208
0.3566450093057938
0.6063942674372811
0.9839952578477096
0.04000422591343522
0.0679581651929766
0.16591952985618263
0.2570761703536846
0.6385595706815366
0.5910200097423512
0.8954567659820896
0.22227650217246264
0.4286761113326065
0.928309721610276
0.17812652664724737
0.3046836830326356
0.738290792243788
0.6425943459908012
0.6064858648751397
0.9810183411173057
0.046295850072056055
0.07167168171145022
0.17820258217398077
0.304474470729474
0.7387251312902663
0.6433814551273827
0.6062484744761605
0.984371184342308
0.0390720390714705
0.06642246642149985
0.16605616605374962
0.25103785103419796
0.6275946275854949
0.5664224664506037
0.9160561661410611
0.12603785109240562
0.31509462773101404
0.5351724666834343
0.8379311667231377
0.2744753538281657
0.6861883845704142
0.5332193454087246
0.8330483635363635
0.25054958468535915
0.6263739617133979
0.5648357349273283
0.9120893373328727
0.14944507472682744
0.3736126868170686
0.5648290592071135
0.9120650186378043
0.1494848906295374
0.37370459717931226
0.5645098763343412
0.911234636529116
0.1491402714746073
0.37223973107757047
0.5671955088910181
0.9179487179208081
0.12698412698227912
0.3174603174556978
0.5396825396746863
0.8174603174848016
0.2896825397037901
0.6924603175430093
0.7271825400239322
0.6612103177758399
0.5240575401403476
0.8096478205116
0.4732762919156812
0.8076946992368903
0.48011224990477785
0.7837689300940838
0.4574071815586649
0.8153853196126875
0.2857153756194748
0.7142808096541557
0.7142903463973198
0.7142741339339409
0.7142336027754936
0.7142948763503227
0.7142036812438164
0.7139756934775505
0.7145647363795433
0.7135881589783821
0.7111467154754791
0.7152971694304142
0.7098039215488825
0.6941176470427308
0.73333333330811
0.6666666666569654
0.5000000000291038
0.7500000000873115
0.375000000174623
0.9375000004365575
0.09375000069849193
0.23437500174622983
0.3984375029685907
0.9960937574214768
0.005859386175870895
0.014648465439677238
0.024902391247451305
0.062255978118628263
0.09411639044992626
0.23529097612481564
0.3999946594121866
0.9999866485304665
2.574920654296875e-05
5.6743621826171875e-05
0.00010180473327636719
0.00021445751190185547
0.00041359663009643555
0.0009114444255828857
0.001627609133720398
0.0034180209040641785
0.0065918974578380585
0.014526588842272758
0.02606240939348936
0.05490196077153087
0.10588235291652381
0.23333333327900618
0.4166666666860692
0.8750000002037268
0.18750000034924597
0.4687500008731149
0.7968750014842954
0.49218750366708264
0.7617187556752469
0.4042968891444616
0.9873047116852831
0.0307617774233222
0.047607512678951025
0.11901878169737756
0.20233192888554186
0.49411104986211285
0.7646956724056508
0.40002040861872956
0.9999489783949684
0.00010848045349121094
0.0002092123031616211
0.0004534125328063965
0.0008195340633392334
0.0017348378896713257
0.003352843225002289
0.007242884486913681
0.013061722740530968
0.02777141984552145
0.053559166844934225
0.11607537954114377
0.20980392151977867
0.44411764707183465
0.8583333332499024
0.35416666680248454
0.5937500007275958
0.9843750018335413
0.023437502793967724
0.05859375698491931
0.09960938687436283
0.24902346718590707
0.37646488862810656
0.9411622215702664
0.09997577662579715
0.24993944156449288
0.3750922681647353
0.9377306704118382
0.09414213965646923
0.23534771974664181
0.39991192816523835
0.9997721910185646
0.0004069209098815918
0.0008547008037567139
0.0016483515501022339
0.003632478415966034
0.006517093628644943
0.013728631660342216
0.026469017378985882
0.058319981675595045
0.10417334246449172
0.21880674443673342
0.4219768063048832
0.9299019609752577
0.1683823528001085
0.2645833325223066
0.6510416671226267
0.6171875035215635
0.9492187560244929
0.12304688966833055
0.19042971020098776
0.4760742755024694
0.809326268354198
0.4764406652539037
0.8087772201688495
0.47506804479053244
0.8123031850846019
0.4692344078212045
0.7976170495094266
0.49403499433537945
0.7648724597820546
0.4002997755887918
0.999161869258387
0.0018108934164047241
0.003266178071498871
0.0069444440305233
0.01339285634458065
0.029017857275903225
0.05245535587891936
0.11104910238645971
0.2145647363504395
0.46358815900748596
0.8361467154172715
0.2777971691102721
0.6785539217817131
0.5534926480904687
0.8661458323185798
0.334635419130791
0.5058593862049747
0.7646484655269887
0.3999023914220743
0.9997559785551857
0.00036638975143432617
0.0009159743785858154
0.0015571564435958862
0.0038928911089897156
0.005885135382413864
0.01470520906150341
0.025004195980727673
0.06247043563053012
0.09379720757715404
0.2344930189428851
0.3986305028083734
0.9965686276264023
0.006617646664381027
0.01458333246409893
0.026041666977107525
0.05468750325962901
0.10546875628642738
0.2324218888534233
0.4169922123546712
0.878418021107791
0.19409189780708402
0.48327658971538767
0.7916874090151396
0.4377144579193555
0.8441635974158999
0.36028644611360505
0.5875651121896226
0.905761777627049
0.235107513028197
0.4002687811735086
0.9992069303698372
0.0019235461950302124
0.0029769167304039
0.00744229182600975
0.012644266709685326
0.03087025787681341
0.047816724982112646
0.1187394147273153
0.2030289157992229
0.49242771038552746
0.7620946821698453
0.4052290759864263
0.9868872556544375
0.027757353149354458
0.05364583199843764
0.1158854195382446
0.20898438745643944
0.4443359639844857
0.8569336448272225
0.3571778450277634
0.6068117234681267
0.9808964198164176
0.0457466677762568
0.07310662628151476
0.17269453557673842
0.306422341207508
0.7338215996569488
0.6654460007848684
0.506225775956409
0.7655644399055745
0.398529770958703
0.9963244273967575
0.00625152513384819
0.015621183440089226
0.023447039537131786
0.058609969448298216
0.09964991803281009
0.24908474076073617
0.3766180725651793
0.9409342338040005
0.10038242931477726
0.2489628641633317
0.37753371166763827
0.9418811243667733
0.10427389550022781
0.21966144524049014
0.42350261070532724
0.93310552436742
0.16674814617726952
0.2508547008619644
0.6266483516956214
0.5661324786779005
0.912767094298033
0.1543536327080801
0.3624065162730403
0.5934762351971585
0.8912827085878234
0.22759582370053977
0.4126995026017539
0.9047555469151121
0.2380844297586009
0.4047812960925512
0.9880467597104143
0.02967949118465185
0.050761216785758734
0.12307788408361375
0.19050719623919576
0.476206001767423
0.8091595541627612
0.4759618909447454
0.8100142102630343
0.47297126514604315
0.8071761537285056
0.4769247201620601
0.7857153756485786
0.4642808096832596
0.8392903463391121
0.27677413361379877
0.6829836030083243
0.5424198755354155
0.815766178391641
0.28819444455439225
0.716517857654253
0.7087053557916079
0.689174101134995
0.7223772340512369
0.6784319110738579
0.5529435999051202
0.8666643778269645
0.3333390553598292
0.5000257492356468
0.7500567437091377
0.37510180490789935
0.9377144579484593
0.09416359732858837
0.2352864461718127
0.4000651121023111
0.999511778325541
0.0007325112819671631
0.0018312782049179077
0.003113172948360443
0.007782932370901108
0.011765962466597557
0.029414906166493893
0.04999771108850837
0.12498664832673967
0.18752574955578893
0.4688067444949411
0.7969768062175717
0.4924019611789845
0.7621323523053434
0.4052083335700445
0.9869791660166811
0.027343756519258022
0.05273438757285476
0.1162109652068466
0.20849614345934242
0.439209089090582
0.8470461003889795
0.3666386285913177
0.5833443005394656
0.875108480657218
0.1877092126524076
0.4692034134059213
0.7976945355476346
0.49392234155675396
0.7650715989002492
0.3998210012796335
0.9984132796234917
0.003845684230327606
0.0059516541659832
0.014879135414958
0.0252945302054286
0.061763673555105925
0.0955908156465739
0.23750438715796918
0.4061989776673727
0.9844834822870325
0.023646715097129345
0.059047169517725706
0.10042892093770206
0.248805150273256
0.37786457705078647
0.942057285894407
0.10449221241287887
0.22216802171897143
0.4284668990294449
0.9285890885803383
0.17840616183821112
0.3029488451429643
0.7416245619824622
0.6459309655765537
0.5941569216374774
0.985229702637298
0.025085854344069958
0.062226235400885344
0.09440770815126598
0.2354083227692172
0.40098075120477006
0.9926461614377331
0.01249847374856472
0.0312461843714118
0.046884538140147924
0.11720371595583856
0.19925928709562868
0.49810816341778263
0.753082893876126
0.38258468749700114
0.9496256769343745
0.12390159047208726
0.1901249069487676
0.47287071211030707
0.8070542324276175
0.47845052456250414
0.7882486848102417
0.46655284560984
0.8333742221293505
0.2504276633844711
0.6258247794175986
0.564317569398554
0.9095109335321467
0.14748671383131295
0.34917788655729964
0.6189983969379682
0.9524849340959918
0.11827256134711206
0.20186941174324602
0.49434984842082486
0.7592424918839242
0.3968156102928333
0.9761000247381162
0.059383011888712645
0.1015424698125571
0.24612475174944848
0.3809368723887019
0.9522801921411883
0.11897407821379602
0.20240220276173204
0.4933024830534123
0.7645062041410711
0.40121541469125077
0.9930284954316448
0.013514867052435875
0.02859028335660696
0.05096018826588988
0.11161286546848714
0.21649210841860622
0.45871060102945194
0.8141342851740774
0.2847247650497593
0.7098187035007868
0.6941841658263002
0.7332628806179855
0.6668351689877454
0.500758260517614
0.7518880219140556
0.3780924307066016
0.9450684752955567
0.1058351460378617
0.2333378632320091
0.4165962139959447
0.8754748704086524
0.1882582608377561
0.470638022699859
0.799967432016274
0.4997559785260819
0.7503663898387458
0.3759159745532088
0.9390571568801533
0.09764289180748165
0.2402601371286437
0.3975177083048038
0.974222947814269
0.056611049454659224
0.10844567301683128
0.22814540832769126
0.41401147533906624
0.902452237176476
0.24044360022526234
0.39791437721578404
0.9739640550396871
0.05471325246617198
0.10552549990825355
0.23252369358669966
0.41720666986657307
0.8788316177378874
0.19353831966873258
0.4836831977008842
0.7902225429133978
0.44430635537719354
0.857957406755304
0.3538778524962254
0.5952856994990725
0.9882066193677019
0.029475822113454342
0.050089442636817694
0.1242069301661104
0.18942354654427618
0.4717269176035188
0.8043172933103051
0.48920676665147766
0.7691515023761895
0.4208636122639291
0.885340968350647
0.20351714023854584
0.44628522027051076
0.8647556806390639
0.32985030236886814
0.5111491326533724
0.7689211006218102
0.42132612940622494
0.8841255476872902
0.20909286790993065
0.44454517628764734
0.8573870573600288
0.3565323565271683
0.6061050060961861
0.9835164835385513
0.04072039062157273
0.07005494483746588
0.16860500595066696
0.2647664826945402
0.6500953912327532
0.6247424481261987
0.9381362502172124
0.0948445952963084
0.23700944508891553
0.40257442666916177
0.9906265269673895
0.02343368250876665
0.03516579093411565
0.08790684794075787
0.1494546114699915
0.3735964743536897
0.5648505168792326
0.9120037450629752
0.14963807456661016
0.37393258494557813
0.5650798457500059
0.9102580591279548
0.1506050928728655
0.36857767758192495
0.576595021673711
0.9335124452773016
0.1661378244170919
0.25128205126384273
0.626984127011383
0.567460317426594
0.9146825398493093
0.12996031728107482
0.32093253947095945
0.5518353185907472
0.859995039034402
0.33699156652437523
0.5299169263162185
0.798905619973084
0.49720206105848774
0.754716251132777
0.38648425991414115
0.9554607360332739
0.07615183875896037
0.18460132891777903
0.28572205133968964
0.7142431395186577
0.7143110888137016
0.7141822235716973
0.7139144199027214
0.714473541273037
0.713816146744648
0.7115342946781311
0.7162737468315754
0.7073624780459795
0.6899671930877957
0.7229571984207723
0.6823529411631171
0.539215686294483
0.8166666667384561
0.2916666665696539
0.6875000003783498
0.7187500008440111
0.671875001542503
0.5546875032887328
0.8554687563737389
0.35742188879521564
0.6044922124419827
0.9721680218062829
0.05346689885482192
0.11608908860944211
0.20965616160538048
0.4435738440952264
0.8588120628555771
0.35296221339376643
0.6000163078133482
0.9998781680769753
0.00018346309661865234
0.00045865774154663086
0.0007797181606292725
0.0019492954015731812
0.0029392465949058533
0.007340487092733383
0.012491798028349876
0.03118944074958563
0.04696726938709617
0.11741817346774042
0.1996108948951587
0.4990196078433655
0.7524509803333785
0.37916666659293696
0.9479166664823424
0.1093750016298145
0.2109375031432137
0.46484375692671165
0.8339843874273356
0.25683596363523975
0.6381836441869382
0.5915528454643209
0.8958742220129352
0.21917766414117068
0.4226997808436863
0.9315050725999754
0.1712296890327707
0.258814828528557
0.6470294419268612
0.5999553918663878
0.9996040463156532
0.0009631812572479248
0.0014906376600265503
0.0037189647555351257
0.006327580660581589
0.015411971136927605
0.023881378583610058
0.05939707858487964
0.10136568243615329
0.24657816428225487
0.3816014343756251
0.9520428017422091
0.11985294125042856
0.19546568614896387
0.48854166822275147
0.7682291652017739
0.4179687562282197
0.8886718882422429
0.21386721299495548
0.46435552410548553
0.8386231468466576
0.2742922036559321
0.6852421086805407
0.5368356001854409
0.8375717879680451
0.28081852110335603
0.6727093175577465
0.5564888599619735
0.8587511469086166
0.352626102801878
0.6002456366841216
0.9981649070687126
0.0031227096915245056
0.007799144834280014
0.011744504794478416
0.02935363259166479
0.04990651598200202
0.12472623563371599
0.18815770780202
0.4697833218961023
0.7994182497204747
0.49655241513391957
0.7566391044238117
0.389644606213551
0.9633884834765922
0.08619791571982205
0.15299478836823255
0.36621096526505426
0.5834961433720309
0.8767090888868552
0.19079609995242208
0.47601362777641043
0.8099068026931491
0.4727647350518964
0.8068498481006827
0.47799249266972765
0.7874406097398605
0.4682875270373188
0.828914256155258
0.2597455848590471
0.647491959069157
0.5991986289445776
0.9940283186442684
0.014848140999674797
0.025339591316878796
0.06163194729015231
0.09542410145513713
0.23800223495345563
0.4049944124999456
0.9865373465872835
0.028773746453225613
0.051112478133291006
0.11184219433926046
0.21514470071997494
0.4596966928220354
0.8185125704330858
0.29615887865656987
0.696451800322393
0.7409668992331717
0.6473390880564693
0.6002811610524077
0.9982613473839592
0.0033433064818382263
0.007259096950292587
0.013102253898978233
0.02771014627069235
0.05365036195144057
0.1158149668481201
0.20945925766136497
0.44509422447299585
0.8558918897469994
0.3583171207574196
0.6041261356149334
0.9688112744770478
0.047028185334056616
0.11744791618548334
0.19986978766974062
0.4990234672441147
0.7514648885407951
0.37866222130833194
0.9437257763638627
0.10931444051675498
0.2266547706676647
0.41038692434085533
0.9007827744062524
0.24413679901044816
0.3896580023574643
0.9624186041473877
0.09354650904424489
0.14105266437400132
0.3523872818914242
0.5994738235895056
0.9934953041083645
0.013697637245059013
0.026423956267535686
0.05820732889696956
0.1044626038055867
0.21928551874589175
0.4232137963990681
0.9317114462319296
0.1652084762463346
0.2566486411378719
0.6396283937210683
0.5884099409740884
0.8987591892655473
0.24659160512965173
0.38209637644467875
0.9503580541058909
0.12182626849971712
0.19519066473003477
0.480652219557669
0.7953805463330355
0.44902193028246984
0.8618125411157962
0.34156238223658875
0.5208904343016911
0.7817181950376835
0.45388850703602657
0.8222212664259132
0.3037817753502168
0.7399155403545592
0.6421466331521515
0.6053265284572262
0.9710396015725564
0.05235462402924895
0.11129330261610448
0.21395423577632755
0.46450346283381805
0.8384969638136681
0.2738747029216029
0.6844347488658968
0.5389054981351364
0.8401137062755879
0.27215163136133924
0.6621499179454986
0.5303347399749327
0.7984930738748517
0.4956217370345257
0.7605386768409517
0.3915409754845314
0.9781196592084598
0.0390491452999413
0.08986950595863163
0.14654113084543496
0.35068776906700805
0.6227731032122392
0.943040539015783
0.10308413463644683
0.22642028040718287
0.4339302253792994
0.9127061783510726
0.15475030161906034
0.3631242456031032
0.5920668386679608
0.8942219551827293
0.23295073106419295
0.4163211087579839
0.8764958830724936
0.19123970752116293
0.47486312402179465
0.8121501799614634
0.46934011665871367
0.7983102366270032
0.4944320432259701
0.759517597121885
0.39808100200025365
0.9732220517180394
0.05799313960596919
0.1049360882025212
0.22199472121428698
0.42875817202730104
0.9273641609761398
0.17377709003631026
0.3077256936230697
0.730189735913882
0.658900656417245
0.5197404669888783
0.7836565455363598
0.4588273665285669
0.8137465271574911
0.28338206611806527
0.7082925638242159
0.6876834634749684
0.7192086585855577
0.6726547197031323
0.556636798690306
0.8584080029686447
0.35304360353620723
0.6013590067450423
0.9965214207477402
0.006684165447950363
0.014512879773974419
0.026210169307887554
0.05544576374813914
0.10735677811317146
0.2316080544842407
0.4187012675101869
0.8905031664471608
0.21112096623983234
0.4653024146682583
0.8347641055879649
0.25683210423449054
0.6391697359795216
0.5881510481995065
0.9000651121314149
0.24951177823822945
0.37573251145659015
0.9393312786414754
0.09686317364685237
0.24215793411713094
0.39457846170989797
0.9708211505494546
0.05195083236321807
0.11033818288706243
0.21242814080324024
0.4685627216822468
0.8285931957361754
0.2585760076181032
0.6464400190452579
0.5947973884467501
0.986985841736896
0.027400500141084194
0.052836192306131124
0.11642542271874845
0.20890974008943886
0.43865551095223054
0.8464761756767984
0.3641972297918983
0.5816352900874335
0.8896350694994908
0.21340469585265964
0.4612384470528923
0.8405560621467885
0.2726141485036351
0.661881555482978
0.5248210011341143
0.8109132792742457
0.4725956851034425
0.8028266556502786
0.49144163535675034
0.7713882821553852
0.4074667847598903
0.8934423711325508
0.23115674301516265
0.4210914659197442
0.8847522607247811
0.2099867140641436
0.4429278862080537
0.8533733960648533
0.35092243255348876
0.6221788151015062
0.9421037775173318
0.10470142471604049
0.22262143425177783
0.4278214105288498
0.9288589039060753
0.1776083611184731
0.29816658940399066
0.7441878429672215
0.6339070966059808
0.584665698261233
0.8810900563548785
0.2025406047469005
0.49364848801633343
0.7639256250986364
0.40199392585782334
0.9947307519323658
0.00827115960419178
0.020310972817242146
0.035152428317815065
0.08399392408318818
0.13185217615682632
0.3257241754909046
0.5603641192719806
0.8489080265571829
0.3673871791106649
0.5746559559192974
0.9363878813746851
0.15902266709599644
0.27028951520333067
0.6600911548885051
0.5216471078165341
0.7883301643596496
0.4659425238496624
0.8328250398335513
0.2536932156071998
0.6313032621110324
0.577951787301572
0.9299789105716627
0.16869727394077927
0.2647801917628385
0.6502240776608232
0.6242772040714044
0.9386149798228871
0.09653744916431606
0.2391060347435996
0.3943957026931457
0.9827531119517516
0.042506272438913584
0.06524238758720458
0.1611127598444
0.27688651817152277
0.6824506331759039
0.5398045503825415
0.8182537447137292
0.2902630740427412
0.6942450817732606
0.733048601920018
0.6661174396576826
0.5011910349421669
0.7528550402203109
0.3795734980958514
0.9482827433093917
0.11285429610870779
0.2176825845381245
0.45570484682684764
0.824320560641354
0.3107613470056094
0.7220933073258493
0.6791340984927956
0.5521647534624208
0.8597413914685603
0.33685347746359184
0.5289009129919577
0.8027210138679948
0.48537732841214165
0.7759356900060084
0.43003350839717314
0.9185493352997582
0.1401233357610181
0.33718402992235497
0.5294758221425582
0.8000894427241292
0.4992069303407334
0.7519235462823417
0.3779769169050269
0.9449422922625672
0.10639426740817726
0.2339952577603981
0.4150042260880582
0.8804581651638728
0.197169529623352
0.4914511720999144
0.7713720696920063
0.407426253601443
0.8935036447073799
0.2310655479086563
0.4213518786127679
0.88412030247855
0.2090101366629824
0.4443927076063119
0.8570354495604988
0.35739230253966525
0.6064925405953545
0.9810750847391319
0.046335665974766016
0.07164176017977297
0.17782141047064215
0.30385890376055613
0.7401083613804076
0.6419165890256409
0.6035628419194836
0.9698445955000352
0.04950944473966956
0.12132442719303071
0.19375152548309416
0.48437118431320414
0.789072039158782
0.44142246659612283
0.8535561662574764
0.3447878517326899
0.6119696290988941
0.9648599694191944
0.08402491849847138
0.1318972372682765
0.3258368282695301
0.5600748579308856
0.8494058743526693
0.36859174427809194
0.5765083565202076
0.9332140048209112
0.16695735848043114
0.2505753338919021
0.6263687165046576
0.5649375396606047
0.9118748798209708
0.14979668252635747
0.3735150842112489
0.5661932158109266
0.9125532626349013
0.15607678808737546
0.35966640879632905
0.5866660208266694
0.9034520603890996
0.2390912527916953
0.3942967589828186
0.982804491155548
0.04294871771708131
0.06448412709869444
0.1612103177467361
0.2740575401694514
0.6846478205698077
0.5357762915373314
0.8389446990040597
0.2769872500211932
0.6822064329462592
0.5394384288520087
0.8173384408873972
0.29255133360857144
0.6903550405113492
0.7233234987652395
0.6826577444153372
0.5425417968363035
0.8153388279897626
0.2857829672866501
0.7139690177573357
0.7145699815882836
0.7135483430756722
0.7109942467941437
0.7149455616308842
0.7091988449974451
0.6947495605854783
0.7318684672063682
0.6683756771089975
0.5145265888713766
0.7760624094808009
0.42990196094615385
0.91838235288742
0.13958333258051425
0.33854166726814583
0.5234375028230716
0.8085937570722308
0.4746093870489858
0.8115234669239726
0.4702148893265985
0.8005372226180043
0.49841327959438786
0.7538456843176391
0.3809516543406062
0.9523791358515155
0.11904453090392053
0.20238867250736803
0.4940283186151646
0.7648481410869863
0.4003395914915018
0.9991319477267098
0.0016741007566452026
0.0036272332072257996
0.006556909531354904
0.013881100341677666
0.02682062517851591
0.05794843612238765
0.10451796161942184
0.2222247653407976
0.42856870376272127
0.928559167048661
0.17857537942472845
0.30355392169440165
0.7409926484397147
0.6473958316782955
0.6002604186360259
0.9980468898720574
0.0029297098517417908
0.007324274629354477
0.01245126686990261
0.031128167174756527
0.047058464493602514
0.11764616123400629
0.19999847409781069
0.4999961852445267
0.7500095368304756
0.3750162126380019
0.9375405315950047
0.09381127427332103
0.23452818568330258
0.3986979156616144
0.996744789154036
0.006835963577032089
0.01318364404141903
0.02905284520238638
0.05212422227486968
0.10980266495607793
0.21176228241529316
0.4666613260633312
0.833339055388933
0.25002574926475063
0.6250567437673453
0.5626018049952108
0.90646445818129
0.14103859767783433
0.3524739470449276
0.5992838635866065
0.99365239214967
0.015380976721644402
0.02380389254540205
0.059509731363505125
0.10116654331795871
0.2470569385914132
0.38235002401052043
0.9500080109282862
0.12497997260652483
0.18753099476452917
0.4688274869113229
0.797006727749249
0.4925091899349354
0.7622166034707334
0.4055338792386465
0.9855142999149393
0.026123146526515484
0.055542204063385725
0.10711710783652961
0.23214810236822814
0.41960304108215496
0.888240387866972
0.2166546502849087
0.4583443006849848
0.8126084807736333
0.28145921282703057
0.7035784138424788
0.6961320363043342
0.7400160933902953
0.6420247118512634
0.6039225559507031
0.9705812791071367
0.049988174345344305
0.12497043586336076
0.18754720722790807
0.4688680180697702
0.7970680013240781
0.4926623738720082
0.7624770161637571
0.4061849109712057
0.9845377225137781
0.0236817030236125
0.05920425755903125
0.10064723785035312
0.2477118297247216
0.38038735481677577
0.9470621221407782
0.11663862853311002
0.2083443006267771
0.43760848086094484
0.843959213088965
0.35982841422082856
0.5867570371192414
0.9040785946126562
0.23968096624594182
0.39103192201582715
0.9774172035686206
0.03680460574105382
0.0876168489921838
0.15593117394018918
0.3599200563621707
0.5872600854199845
0.9043891571636777
0.23753538157325238
0.4061539165559225
0.9846152085519861
0.023813429288566113
0.05952594382688403
0.10114508564583957
0.2469956650165841
0.3825032079475932
0.9497475982352626
0.12432894087396562
0.18850757216569036
0.4712689304142259
0.801157181704184
0.4872603210969828
0.7779028779768851
0.42912456177873537
0.9271809661004227
0.17228192242328078
0.3055422041215934
0.7321171079820488
0.6696481021645013
0.5133530404709745
0.7788653886818793
0.42759214871330187
0.923188047221629
0.18174911628011614
0.2902482920908369
0.6943011101393495
0.7329972227162216
0.6664077738823835
0.501949295430677
0.7529392466822173
0.38234048726735637
0.9499917984649073
0.12493944144807756
0.18759226833935827
0.4689806708483957
0.7972671404422726
0.4931602216674946
0.7631931808718946
0.40406905784038827
0.9896647538698744
0.0159913906827569
0.03997847670689225
0.06796341040171683
0.16600226110313088
0.2568617128417827
0.6382403878087644
0.5916546501975972
0.895844300481258
0.21885848126839846
0.42208421387476847
0.9301409159961622
0.1687882902333513
0.26540672598639503
0.6488606363127474
0.6219889892090578
0.9449464645877015
0.10601834091357887
0.23379585042130202
0.41542168211890385
0.8813275808643084
0.20291197148617357
0.49263137945672497
0.7625220772752073
0.40605318470625207
0.9848594087816309
0.02417955081909895
0.060441247653216124
0.09885682608000934
0.2430731988279149
0.38832204620121047
0.9664104501425754
0.08395480108447373
0.12602378439623863
0.31505946099059656
0.5355934542894829
0.8387316273001488
0.2742570369155146
0.6853285950201098
0.5365559649944771
0.8363444240239915
0.2781984573812224
0.6793827392684761
0.5514840237156022
0.8624741079693194
0.34356272156583145
0.5160931954451371
0.7898260081128683
0.44331501837586984
0.8526098903676029
0.35026709438534454
0.6231036333192606
0.9405315150215756
0.10128873283974826
0.24675146478693932
0.38189270737348124
0.9507854492112529
0.12301730341278017
0.19243003835435957
0.4771688309847377
0.7865700317488518
0.46129018388455734
0.8404190906730946
0.2728531035245396
0.6616172386857215
0.5236912397958804
0.8092204701097216
0.47568776918342337
0.8102731030376162
0.47429053945234045
0.8062091354222503
0.4842327823280357
0.789398970635375
0.4420030456385575
0.8549456250329968
0.34701093361945823
0.6162367144424934
0.9585528871684801
0.06431089364923537
0.15951617865357548
0.27256944502005354
0.6618303550931159
0.5251116035797168
0.8122209902794566
0.4694475242285989
0.7980607911886182
0.495082359702792
0.7583878357836511
0.39589997119037434
0.9692344078503083
0.04761704942211509
0.11903499416075647
0.20237246004398912
0.49404977628728375
0.7647868675121572
0.40024839638499543
0.9993599354929756
0.0010850578546524048
0.0026506558060646057
0.0041154660284519196
0.010219046846032143
0.017421112395823002
0.04226216161623597
0.06560864322818816
0.16385900659952313
0.2777714199037291
0.6785591669904534
0.553575379337417
0.8660539219563361
0.3347426478867419
0.5067708306305576
0.7643229198583867
0.4003906354191713
0.9931640810973477
0.014160199090838432
0.025634835474193096
0.056274581234902143
0.10894805076532066
0.22744819789659232
0.4117595448042266
0.9000041961844545
0.24997043597977608
0.3750472070532851
0.9376180176332127
0.09394300053827465
0.23484987195115536
0.39919576345710084
0.9979817792482208
0.005045551806688309
0.008545013144612312
0.02136253286153078
0.032410040963441133
0.08102510240860283
0.13725427363533527
0.34313568408833817
0.5166723886795808
0.7916733423189726
0.4375567440292798
0.8438518055190798
0.359589459199924
0.5863510996859986
0.9032552011485677
0.24186199705582112
0.39501956588355824
0.9719239109836053
0.0538331544958055
0.11505161761306226
0.2043767733266577
0.44746531028067693
0.8607887791877147
0.3382433162187226
0.5249894140579272
0.8124039169342723
0.46899020759155974
0.7972509279788937
0.49311969050904736
0.7632544544467237
0.404222241777461
0.9894367661036085
0.016398043371737003
0.040955054108053446
0.06942823179997504
0.1696643145987764
0.2633315828279592
0.653926662314916
0.6151833439071197
0.9542100592225324
0.0729631579015404
0.1720842138165608
0.30514091585064307
0.7312882904952858
0.6716567265393678
0.5082356352650095
0.7704264867061283
0.409790211066138
0.8970339719380718
0.22500677115749568
0.4373943802784197
0.906473994924454
0.14102238521445543
0.35243341588648036
0.5993451371614356
0.9938055760867428
0.015152988955378532
0.024210545234382153
0.06048630876466632
0.09872509981505573
0.24290648463647813
0.38784327189205214
0.9656942854344379
0.08576428634114563
0.1291976609500125
0.32299415237503126
0.5470067276910413
0.8675091898476239
0.3247166036744602
0.5617838795587886
0.8448892988672014
0.3620606454205699
0.5906984575849492
0.8981327388610225
0.2233590231044218
0.43278660968644544
0.9177814672875684
0.1274213270517066
0.31814633711474016
0.5404829555482138
0.818674397043651
0.2964339838945307
0.6961630307196174
0.7400611545017455
0.6418929855863098
0.6037558417592663
0.9701025047979783
0.04927200963720679
0.12287365621887147
0.19267423858400434
0.4768027094542049
0.7855321807728615
0.46382282249396667
0.8364966244844254
0.2787339306087233
0.6762043886410538
0.5497233658388723
0.8717042578791734
0.3193972374428995
0.5445868284732569
0.8256998568249401
0.3103433768847026
0.724060495296726
0.6800239716249052
0.5435655475885142
0.8276018782926258
0.3059953037300147
0.7324476380890701
0.6670489559473936
0.5035198256664444
0.7568063550570514
0.3892074061441235
0.9632528531074058
0.08747320179827511
0.15617537416983396
0.3595539348316379
0.5862222344439942
0.9030155308719259
0.24142542283516377
0.3964097399148159
0.9699055114469957
0.04960117628797889
0.12200973159633577
0.19491654296871275
0.4814319377182983
0.7964125262515154
0.4461017571738921
0.8652143383806106
0.3291325730388053
0.51033143143286
0.7660009275132325
0.41499468934489414
0.8804419527004939
0.19719098729547113
0.4913898985250853
0.7712808745855
0.4076542413677089
0.8929146018053871
0.2320421253098175
0.4198870572145097
0.8877823559741955
0.2154800066491589
0.46007898211246356
0.8180641423386987
0.29075806081527844
0.6949722137360368
0.7310750846809242
0.6713356661202852
0.5091417599760462
0.771571409975877
0.4132339029456489
0.9041708626027685
0.23957284342031926
0.39067220798460767
0.9766805199615192
0.0353492540307343
0.0883655056823045
0.15017234080005437
0.3744466005009599
0.5638834985729773
0.908569522871403
0.1464238065527752
0.3448188461479731
0.6120471151371021
0.964991695684148
0.08434660476632416
0.13239508506376296
0.3251206635613926
0.562190711061703
0.8442788429965731
0.36065705289365724
0.587921629921766
0.8994915664370637
0.24866692710202187
0.3770306186634116
0.9425145578279626
0.10237249988131225
0.22437487996648997
0.4310466830502264
0.9203900831926148
0.13650571752805263
0.3305220094625838
0.5134986546181608
0.7786117411160376
0.42602146201534197
0.9242040605458897
0.18550252134446055
0.2862036419683136
0.7115952106250916
0.7158770779205952
0.7076213708205614
0.6908883679716382
0.7258773715293501
0.6848105412500445
0.5360204917669762
0.8395551995781716
0.2760719461948611
0.6799181733804289
0.5433608950406779
0.8271446063590702
0.3071384835639037
0.7268229153996799
0.6608072860690299
0.5263672126748133
0.8081055242510047
0.4792481464683078
0.7821047013567295
0.45477335288887843
0.8239449805987533
0.29948584135854617
0.7461505009850953
0.6309611910546664
0.5773629232135136
0.9315659885469358
0.17107739916536957
0.25956212176242843
0.6478886279801372
0.5989693000738043
0.9922959841496777
0.011927967891097069
0.029750301502645016
0.050624245312064886
0.1233168391045183
0.19109695439692587
0.47513822925975546
0.8108523633272853
0.4721990161924623
0.8035443849803414
0.4909764360054396
0.7723553004616406
0.41282169212354347
0.9044500731106382
0.2375651242909953
0.4054361872258596
0.9860840905166697
0.02673360239714384
0.05804487643763423
0.10482868063263595
0.22178819112014025
0.42940848850412294
0.926478778681485
0.1750139236683026
0.31246519047999755
0.7188370236253832
0.6720229402708355
0.5550497207150329
0.8560278777440544
0.35881206282647327
0.6029622133646626
0.9750163079879712
0.062378167640417814
0.09393346379511058
0.23483365948777646
0.39921722112922
0.99804305282305
0.004892367869615555
0.008317025378346443
0.020792563445866108
0.03143346356227994
0.07858365890569985
0.13359222013968974
0.33398055034922436
0.5009861141734291
0.7524576560535934
0.3791909852880053
0.9479374088987242
0.10958945914171636
0.21135109977331012
0.46575520135229453
0.835611996561056
0.25439456483582035
0.6359864120895509
0.5811769005667884
0.8904422505002003
0.21121269778814167
0.4655317435390316
0.8351539646682795
0.2558460124419071
0.6338148286158685
0.5845294420432765
0.8812053913425189
0.2027290448313579
0.49315068492433056
0.7632093933352735
0.40410958899883553
0.9897260274447035
0.015900195576250553
0.03975048894062638
0.06757583119906485
0.16502568370196968
0.2553968914435245
0.6345783343131188
0.5854291592549998
0.8801580259751063
0.19551217777188867
0.4887184555991553
0.768419125204673
0.41878829029155895
0.8904067261319142
0.2113606365164742
0.46573898888891563
0.8355714654026087
0.25445583841064945
0.6361395960266236
0.5814373132598121
0.8901166601281147
0.21218927518930286
0.4669965649372898
0.831491911172634
0.2650011461810209
0.6495011031220201
0.6236831394780893
0.9395711500837933
0.09882583166472614
0.2431506848661229
0.388209393422585
0.96660958926077
0.0834760267753154
0.1252751947613433
0.31318798690335825
0.532419577735709
0.8310413149592932
0.26223281590500847
0.6555744103679899
0.6105755733151454
0.9637763309001457
0.08656421606428921
0.1534221387701109
0.3639840239775367
0.5812241074454505
0.8904377205471974
0.21140569762792438
0.465607262623962
0.8358931516704615
0.2539770641014911
0.6349350308591966
0.5794025224458892
0.8849896287720185
0.20449896284844726
0.4476482369354926
0.8613080846553203
0.338898207352031
0.5269330097653437
0.8075048733444419
0.47725048934808
0.786325831519207
0.4619006844586693
0.8413343944994267
0.27129708701977506
0.6576947724970523
0.517853328055935
0.7946333201543894
0.45087664428865537
0.8727893157338258
0.3180190811981447
0.5406454080075491
0.8202614750189241
0.2930772365652956
0.7013811007200275
0.745570626022527
0.6360734348709229
0.5810804602515418
0.8901935203175526
0.21177181915845722
0.4666451135999523
0.8333605130610522
0.25008702283957973
0.6251479388738517
0.5628622176882345
0.9068091220397037
0.14201517507899553
0.35393876844318584
0.5956218100909609
0.9874269012070727
0.031067251227796078
0.04715019604191184
0.1178754901047796
0.20038833317812532
0.49705693864962086
0.7573500239232089
0.38750801066635177
0.9687299723445904
0.07815599557943642
0.13288998801726848
0.3321629812126048
0.5022748187475372
0.7553806790092494
0.3845378031837754
0.9603678858547937
0.06774922111071646
0.16449016577098519
0.2547310330555774
0.6365832035953645
0.5804093566548545
0.8882093934516888
0.21660958917345852
0.4584760269499384
0.8127751949650701
0.2819379871361889
0.7042945785506163
0.6982288159488235
0.734889062034199
0.649715024192119
0.6232708839525003
0.9408270944550168
0.10096856649033725
0.24753852922003716
0.37918144854484126
0.9479536213621031
0.10956800146959722
0.21141237334813923
0.4656020174152218
0.8358724092540797
0.2540689744637348
0.6350098346883897
0.5797120791685302
0.8862917965452652
0.20596382895018905
0.4498454690328799
0.8741252718900796
0.31417934625642374
0.534837417799281
0.8345294421014842
0.2562053911969997
0.6402290446276311
0.5869006843131501
0.9038343943830114
0.24004708777647465
0.39206977299181744
0.9787908298603725
0.03291456447914243
0.08173602190800011
0.13939086918253452
0.33803857426391914
0.5247762976505328
0.8106176998408046
0.47184910712530836
0.8045002199651208
0.4887494500144385
0.768341639166465
0.41890094307018444
0.8902075870137196
0.2118394108256325
0.46648757852381095
0.8335366745886859
0.2517703623161651
0.6282049046421889
0.5695356393989641
0.9198708447802346
0.13780381355900317
0.34054128016578034
0.5226701768406201
0.787074555264553
0.4620011033839546
0.8424331390706357
0.2676961506367661
0.6691383334400598
0.5126819368742872
0.7807875267171767
0.4226642564754002
0.9316205864015501
0.17092946043703705
0.2593548764125444
0.6483252022007946
0.5978559300128836
0.9945778362161946
0.009630070999264717
0.02279218751937151
0.03615858079865575
0.08648255770094693
0.15366633899975568
0.36337352340342477
0.5803088036191184
0.8880874721508007
0.2153281638165936
0.4597264355397783
0.8192302997631487
0.2956341938697733
0.6974188186286483
0.7356119918695185
0.6505533560703043
0.6184082811523695
0.951294077996863
0.12042268714867532
0.1982732064789161
0.4878705087467097
0.7801611266040709
0.4245161206345074
0.9337867570284288
0.16258425696287304
0.2810317269177176
0.6722981349157635
0.5555827352509368
0.857055834349012
0.3569949183729477
0.6073310289357323
0.9815837358764838
0.043803072068840265
0.07797324494458735
0.18004018405918032
0.29354408994549885
0.7025406047760043
0.7436484879872296
0.638925625156844
0.5894939259451348
0.9009807512338739
0.2426461613504216
0.3874984739231877
0.9687461848079693
0.07813453790731728
0.13282871444243938
0.33207178610609844
0.5020144060545135
0.7550360151508357
0.3835612257826142
0.9589030644565355
0.06359876715578139
0.15899691788945347
0.2702947604120709
0.660111897304887
0.5215551974542905
0.7882553605304565
0.4666095892316662
0.8334760268626269
0.25027519470313564
0.6256879867578391
0.5636695775028784
0.9091663143772166
0.14504531503189355
0.34698065445991233
0.6164349594910163
0.9588935277133714
0.0636149796191603
0.15903744904790074
0.2703560339869
0.6600207021983806
0.5218156101473141
0.7886000243888702
0.465633011830505
0.8359174703655299
0.25393724819878116
0.6348431204969529
0.5792333048593719
0.8855756318371277
0.20386704930569977
0.4471599929383956
0.866434959549224
0.3338935275678523
0.5011149794154335
0.7527874485531356
0.37973103317199275
0.9490832038864028
0.11165935709141195
0.21633439452853054
0.45879708736902103
0.813944772206014
0.2834783276193775
0.7086958190484438
0.6891578886716161
0.722398691723356
0.6783706374990288
0.5528524047986139
0.8664039651339408
0.3339710136060603
0.501002326636808
0.7524981872120406
0.3792522588628344
0.9478462137922179
0.10984987183474004
0.21169576363172382
0.46673177875345573
0.833170553058153
0.2507325113401748
0.6268312783504371
0.5656131732102949
0.9140329330402892
0.15239096351433545
0.36535240506054834
0.5851539646100719
0.8808460125874262
0.19631482881959528
0.49077944265445694
0.7718303921574261
0.41366654325975105
0.9033069379802328
0.24172502558212727
0.3953205097350292
0.9726362162909936
0.05276538198813796
0.1162884512450546
0.20862786972429603
0.4390423748991452
0.847543948184466
0.3654340634238906
0.5853981648397166
0.8802355120133143
0.19539952499326319
0.4884291942580603
0.7679403508955147
0.41950445499969646
0.8885972408752423
0.2159992674132809
0.45780429750448093
0.8163456845504697
0.28720165468985215
0.7180041367246304
0.7049820287211332
0.6984824188111816
0.7381689491739962
0.6544965646753553
0.6127419115800876
0.9681261474906933
0.07918860134668648
0.13540188421029598
0.32824301841901615
0.5080055017315317
0.7700061249488499
0.408961393579375
0.8954426992859226
0.22233074239920825
0.4282226987998001
0.9279785880062263
0.1793214656645432
0.3013308398076333
0.737702095793793
0.6556560687313322
0.6108197735447902
0.9631658303260338
0.08760206704027951
0.15595477737952024
0.3600939827156253
0.5870620191853959
0.9051474176521879
0.23713145579677075
0.4031234748545103
0.9921836834109854
0.019540791399776936
0.03321934537962079
0.08304836344905198
0.1255495847435668
0.313873961858917
0.533585735160159
0.8339643379149493
0.25100757187465206
0.6275189296866301
0.5667821804818232
0.9169478218245786
0.12555912148673087
0.31389017432229593
0.5336262663186062
0.8339030643401202
0.2510987669811584
0.627746917452896
0.5671697596844751
0.9179243992257398
0.12702394288498908
0.31755222781794146
0.5398517572612036
0.8183393369836267
0.2900700742029585
0.6939251836447511
0.7327978153771255
0.6679243991675321
0.5020239427976776
0.7550522276142146
0.38360175694106147
0.9589643380313646
0.06350757204927504
0.1587689301231876
0.2699071812094189
0.6591353199037258
0.5200903760560323
0.784593307034811
0.4603840982890688
0.8177897523564752
0.2894288921379484
0.6923222284822259
0.7300727916008327
0.659166314319009
0.5200453149445821
0.7844806542561855
0.4601849591708742
0.8182685266656335
0.29017748177284375
0.6941937025694642
0.7332466681546066
0.6668566266598646
0.5008195340924431
0.7517348379769828
0.37835284339962527
0.9447428849234711
0.1068117234390229
0.23089641972910613
0.4207466679508798
0.8856066262524109
0.20394453534390777
0.4470473401597701
0.8666340986674186
0.33341475325869396
0.5003663897805382
0.7509159744658973
0.37655715661821887
0.9413928915455472
0.0996351360809058
0.24908021080773324
0.37656669336138293
0.9413766790821683
0.09965659375302494
0.24914148438256234
0.3766578884678893
0.9411486913159024
0.10024563665501773
0.24816490698140115
0.3781227098661475
0.9452991452708375
0.10549450549297035
0.23247863247524947
0.4170940170879476
0.8786324786196928
0.1940170939778909
0.48247863253345713
0.7920940170006361
0.44113247882341966
0.8502670944144484
0.3731036333483644
0.5655315148469526
0.9137887328106444
0.1530014640884474
0.3662677088868804
0.5835979481053073
0.876923546398757
0.19047691707964987
0.47619229269912466
0.8095192681939807
0.4761827559559606
0.8095354806573596
0.47616129828384146
0.8094742070825305
0.4763144822209142
0.8092137943895068
0.475663450488355
0.810190371790668
0.4741986290900968
0.8065283182950225
0.4835981418727897
0.790964590938529
0.4444444444379769
0.8571428571303841
0.35714285710128024
0.6071428570721764
0.9821428572467994
0.04464285681024194
0.0758928565774113
0.18526785785797983
0.28683035500580445
0.7126116039289627
0.7184709901048336
0.7038225246651564
0.6964982919453178
0.7411761115363333
0.6470597210864071
0.600001525861444
0.9999961852736305
9.5367431640625e-06
1.621246337890625e-05
4.0531158447265625e-05
6.127357482910156e-05
0.0001531839370727539
0.00026041269302368164
0.0006510317325592041
0.0009765774011611938
0.0024414435029029846
0.004150453954935074
0.010376134887337685
0.015686274506151676
0.03921568626537919
0.06666666665114462
0.16666666662786156
0.25000000005820766
0.6250000001455192
0.5625000002619345
0.9062500006693881
0.1406250010477379
0.35156250261934474
0.5976562544528861
0.9941406361467671
0.008789079263806343
0.021972698159515858
0.03735358687117696
0.0933839671779424
0.14117458567488939
0.35293646418722346
0.5999919891182799
0.9999799728102516
3.0994415283203125e-05
7.748603820800781e-05
0.00013172626495361328
0.0003216862678527832
0.0004978477954864502
0.0012369900941848755
0.0021158531308174133
0.005127031356096268
0.0079346913844347
0.01983672846108675
0.033722438383847475
0.0823529411572963
0.12745098036248237
0.3166666667093523
0.5416666665405501
0.8125000003201421
0.28125000052386895
0.7031250013096724
0.695312502240995
0.738281255500624
0.6425781335274223
0.6064453337166924
0.9809570675424766
0.0461426661349833
0.07141126901842654
0.17852817254606634
0.3034978933283128
0.7411665747931693
0.6470435086230282
0.6000229835335631
0.9999349116988014
0.0001627206802368164
0.0002442002296447754
0.0006105005741119385
0.0010378509759902954
0.0025946274399757385
0.003922466188669205
0.009806165471673012
0.01666285190731287
0.041657129768282175
0.06251621269620955
0.15629053174052387
0.26568627456435934
0.6642156864108983
0.5041666664474178
0.7604166661330964
0.39062500110594556
0.9765625027648639
0.035156254190951586
0.08789063547737896
0.14941408031154424
0.3735352007788606
0.5646973329421598
0.9117433323699515
0.14996366493869573
0.3749091623467393
0.5626384022471029
0.9065960056323092
0.1412055800901726
0.35301395022543147
0.5998793363396544
0.9996907114691567
0.0005288422107696533
0.0012820512056350708
0.0019841268658638
0.0049603171646595
0.00843253917992115
0.020585318095982075
0.03187003778293729
0.07917906460352242
0.13538567174691707
0.3282024872605689
0.5079442281567026
0.7698529410117771
0.4087009808863513
0.8947916675533634
0.22135416499804705
0.42578125529689714
0.9238281340512913
0.18457033450249583
0.28564456530148163
0.7141114132537041
0.7139894025458489
0.7146609978808556
0.7131658302678261
0.7126020671857987
0.7184547776414547
0.7038439823372755
0.6964370183704887
0.741084916429827
0.647287708852673
0.6003891050640959
0.9990196078724694
0.002450980246067047
0.00416666641831398
0.01041666604578495
0.015625000931322575
0.03906250232830644
0.06640625395812094
0.16601563489530236
0.25097657745936885
0.6274414436484221
0.5666504542168695
0.9166261355567258
0.12506127369124442
0.31265318422811106
0.5315104131877888
0.8287760329840239
0.258789079322014
0.646972698305035
0.5998535871331114
0.9996339678473305
0.0005495846271514893
0.0013739615678787231
0.0023357346653938293
0.005839336663484573
0.008820073679089546
0.022050184197723866
0.03748531313613057
0.09370565344579518
0.14069581136573106
0.3517318990197964
0.597957198304357
0.9948529414541554
0.007965685799717903
0.019791667349636555
0.03385416464880109
0.08203125488944352
0.12695313256699592
0.3173828314174898
0.5395508134097327
0.8176270316762384
0.28918469190830365
0.691711727908114
0.7290349406248424
0.6565716868790332
0.5161228487559129
0.7902994925098028
0.44352210726356134
0.8586426664551254
0.3526612695422955
0.6004031717602629
0.9988103955693077
0.0028853192925453186
0.00446537509560585
0.011155808344483376
0.018977844156324863
0.04630538681522012
0.07165546924807131
0.1781620510155335
0.3045357443043031
0.7386339361837599
0.6431534673611168
0.6058608952735085
0.9833946069411468
0.041513482574373484
0.06276041292585433
0.1569010323146358
0.26660157839069143
0.6665039459767286
0.5002442002587486
0.7506105006614234
0.3760378511506133
0.9400946278765332
0.09767246688716114
0.24418116721790284
0.3838503530132584
0.9596258825331461
0.06837559887208045
0.1709389971802011
0.2593386639491655
0.6483466598729137
0.5977946564380545
0.9944866411096882
0.009369658306241035
0.02342414576560259
0.035182003397494555
0.08794737909920514
0.1495158850448206
0.37374965829076245
0.5646225291129667
0.9114337756473105
0.14866149716544896
0.37149114144267514
0.569230299704941
0.9206341940152925
0.13491881836671382
0.32936199131654575
0.5099283550225664
0.76684577864944
0.41613782447529957
0.8762820514093619
0.18948412721510977
0.4737103180377744
0.8053075406642165
0.48152281990041956
0.7935887934581842
0.4522259518853389
0.8687841182982083
0.32771426282124594
0.5555517408356536
0.85713332038722
0.35712664463790134
0.6071643147442956
0.9820815836719703
0.04455166170373559
0.07612084434367716
0.18467881495598704
0.28585377760464326
0.7140764253272209
0.7148089366091881
0.7129776584042702
0.7120620193018112
0.7176474178268109
0.7058814553602133
0.6999984741269145
0.7499961852154229
0.6250095368886832
0.5625162127253134
0.9062905318278354
0.140686274622567
0.3517156865564175
0.5979166671459097
0.9947916678793263
0.00781250186264515
0.019531254656612873
0.033203132916241884
0.08300783229060471
0.1254883111687377
0.3137207779218443
0.5333253224671353
0.8333133061823901
0.25003099447349086
0.6250774861837272
0.5626317265268881
0.9065716869372409
0.14112284884322435
0.3527994927135296
0.5997721075837035
0.9992676675028633
0.0010987669229507446
0.0027469173073768616
0.004669759422540665
0.011674398556351662
0.017648943699896336
0.04411472985520959
0.07500801072455943
0.1874799724901095
0.28128099493915215
0.7032024873478804
0.6954442285059486
0.7386029417684767
0.6430759813229088
0.6057291690085549
0.983072920673294
0.04101563477888703
0.06347657763399184
0.1586914440849796
0.2697754549444653
0.658813633635873
0.5195925282605458
0.7833563169406261
0.4582682451582514
0.812662721000379
0.2814942007535137
0.7037355018837843
0.6963503532169852
0.7408758829405997
0.6465005997160915
0.6006264954630751
0.9976199194497894
0.005768526345491409
0.0089274812489748
0.022318703122437
0.03793416591361165
0.09263788093812764
0.14339766756165773
0.35622701683314517
0.6093099105928559
0.9767252234451007
0.03540045442059636
0.0885011360514909
0.14849877648521215
0.37124694121303037
0.568619799130829
0.9215494978416245
0.13330081303138286
0.33325203257845715
0.5001221895508934
0.7503054738917854
0.3755193056422286
0.9387982641055714
0.09571266989223659
0.23927404533606023
0.3911538433167152
0.977844553970499
0.037140381056815386
0.09285095264203846
0.1422216157661751
0.3550580095616169
0.5965673707250971
0.9889692421711516
0.01874771062284708
0.04686164716258645
0.07033825130201876
0.17583799886051565
0.2989299386390485
0.7472847922763322
0.6298081615532283
0.5739094561722595
0.9243569762620609
0.1838992309058085
0.28762869216734543
0.7171185756160412
0.7065525589569006
0.7019206121622119
0.7450358680507634
0.6334230025822762
0.5830691058945376
0.875641495193122
0.18849279021378607
0.47123197553446516
0.8010867290140595
0.4868474397226237
0.7776654428744223
0.4282322355429642
0.9279948004696053
0.17936199682299048
0.3012695662328042
0.7375489118567202
0.6553956560383085
0.6111453639168758
0.964142407727195
0.08906688843853772
0.15229272388387471
0.3692491164547391
0.5714982918289024
0.9286761113617104
0.17830972152296454
0.3031265265890397
0.7421836833527777
0.6445407915452961
0.5957193456415553
0.9892983641184401
0.016174585558474064
0.04043646389618516
0.06874198862351477
0.17185497155878693
0.257843496336136
0.64460874084034
0.59583485944313
0.9895795192278456
0.015634537674486637
0.03907871479168534
0.06644678511656821
0.16607690847013146
0.2511297613964416
0.6277018563414458
0.5673014859494288
0.917602712957887
0.1275027171941474
0.31680363818304613
0.5418865480751265
0.8132123056275304
0.2823797618621029
0.705826857505599
0.7001139879284892
0.7496339677891228
0.6255495847726706
0.5638739618298132
0.9085857353347819
0.14646433771122247
0.344757572573144
0.6118939312000293
0.9652196834504139
0.08491657418198884
0.13141850766260177
0.3265854849596508
0.5585286575660575
0.853678355779266
0.34497077838750556
0.6114503236312885
0.9661258081614505
0.08206224930472672
0.12703061860520393
0.3175145576824434
0.5398724996775854
0.8181248794717249
0.2904216820024885
0.6938275810389314
0.7341619719809387
0.6645063782634679
0.5047095753543545
0.7615219299623277
0.39306254050461575
0.9821873819164466
0.04432793566957116
0.07468695030547678
0.1863103952491656
0.28413531981641427
0.7075903764052782
0.690843306860188
0.7260090977943037
0.6849772554414812
0.5355226439714897
0.8388066099432763
0.2740180818946101
0.6850452047365252
0.5354262036562432
0.8385578797606286
0.27347803401062265
0.6836550307052676
0.5372625706077088
0.8430338793841656
0.26676429907092825
0.6667481462063733
0.5008547008328605
0.7516483516374137
0.378632478590589
0.9440170940652024
0.10747863235883415
0.22959401726257056
0.4098824790562503
0.8971420947636943
0.22466613061260432
0.43662527174456045
0.9079293466347735
0.14421241835225374
0.3579669434693642
0.6038616400037427
0.9703071573458146
0.05076789250597358
0.12307263887487352
0.19048645382281393
0.47617608023574576
0.8095407258660998
0.4761214823811315
0.8094442855508532
0.47638928605010733
0.8088851641805377
0.475337904819753
0.810678615787765
0.4720013969927095
0.8037205018044915
0.4897623564465903
0.7673746208602097
0.41741987568093464
0.8782661782752257
0.19444444437976927
0.48214285721769556
0.7946428568975534
0.4508928567520343
0.8727678580617066
0.3180803547729738
0.5407366031140555
0.8200334872526582
0.2936662794672884
0.7023576781211887
0.7441058046242688
0.6397354883665685
0.5875503302377183
0.9058797948237043
0.2353005128679797
0.4000108718755655
0.9999651908583473
8.702278137207031e-05
0.00014793872833251953
0.00036221742630004883
0.0005591213703155518
0.0013901740312576294
0.002376265823841095
0.005778063088655472
0.008911268785595894
0.022278171963989735
0.03787289233878255
0.09272907604463398
0.14313725486863405
0.3558823529747315
0.6083333331916947
0.9791666669480037
0.03125000046566129
0.07812500116415322
0.13281250197906047
0.3320312549476512
0.5019531324796844
0.754882831213763
0.3833008130895905
0.9582520327239763
0.0626221897546202
0.15655547438655049
0.2661443064571358
0.6653607661428396
0.5058689229481388
0.7646646779903676
0.39994292258052155
0.9998172521300148
0.0002751946449279785
0.0006879866123199463
0.0011695772409439087
0.0029163137078285217
0.004420313984155655
0.011043155565857887
0.018778705038130283
0.04678416112437844
0.07045090408064425
0.17612726020161062
0.2994087129482068
0.7465686275681946
0.6316176468099002
0.5770833327260334
0.9322916676464956
0.16406250244472176
0.25390625378349796
0.6347656344587449
0.5791015785944182
0.885253945569275
0.20336920151021332
0.4459230028442107
0.8643191064184066
0.328766496211756
0.5088052917562891
0.7720132294052746
0.41241486062062904
0.9057927720423322
0.235184999066405
0.4001561283948831
0.9994060694880318
0.0014447718858718872
0.0022283270955085754
0.005570817738771439
0.009470390155911446
0.023179945535957813
0.03579250397160649
0.08898523007519543
0.15204852365422994
0.36985961702885106
0.5704604408529121
0.926143472752301
0.17438725533429533
0.3090073536732234
0.7255208314454649
0.6861979213135783
0.5332031329453457
0.8330078323779162
0.25048831111053005
0.6262207777763251
0.5645753222343046
0.9114383056003135
0.14846849732566625
0.3711712433141656
0.568491112702759
0.9212201523769181
0.13379861612338573
0.33448891091393307
0.5061441175930668
0.7653202396759298
0.39914027153281495
0.9972397312230896
0.004695508629083633
0.011698717251420021
0.017609127797186375
0.04402281949296594
0.07483879313804209
0.18660095299128443
0.28284661524230614
0.7066205082519446
0.7020361259637866
0.7448286227008794
0.633005501847947
0.5825061251234729
0.8777113931428175
0.19231769850011915
0.48014324432006106
0.7836914440558758
0.4572754552937113
0.8150636333448347
0.28521752782398835
0.7130438195599709
0.7121744932665024
0.7169596100284252
0.7062989113910589
0.7022706553398166
0.7439578658959363
0.6399236602301244
0.587113756017061
0.9052224002953153
0.23692492570262402
0.4027971692266874
0.9910539220727514
0.022242647595703602
0.03802083106711507
0.09244792093522847
0.1425781334983185
0.35644533374579623
0.6059570673678536
0.9836426665715408
0.04016126925125718
0.0691531712654978
0.17068539431784302
0.26069782121339813
0.6411841224471573
0.6029526766214985
0.9750325204513501
0.06241869879886508
0.09387219022028148
0.2346804755507037
0.3989568084361963
0.9973920210904907
0.003915790468454361
0.009781846776604652
0.016642109490931034
0.04156521940603852
0.06289738439954817
0.15712091384921223
0.26731388369807974
0.6676337073149625
0.5024576559953857
0.7541909852006938
0.38543740863678977
0.9533394588797819
0.07072609872557223
0.17669269966427237
0.3004557430394925
0.7485352008661721
0.6271973328257445
0.5679933319624979
0.9155886645603459
0.13272165891248733
0.3243571578641422
0.5608928944275249
0.8472602896799799
0.366197569121141
0.5844984476279933
0.8811603302310687
0.2028607710963115
0.4928289986564778
0.762711545539787
0.40287259890465066
0.9915164392150473
0.02053882647305727
0.03181579755619168
0.0794775050599128
0.1352095102192834
0.3299049002234824
0.5110336188517977
0.7687949175888207
0.4217627036268823
0.8830121776263695
0.20746845507528633
0.4402941245934926
0.848475788574433
0.37087547389091924
0.5726887679484207
0.9237468109640758
0.18273940274957567
0.29278599709505215
0.6897283274738584
0.7243208185827825
0.6813453916984145
0.5466174469620455
0.8209487519634422
0.3018758497782983
0.7350563126674388
0.6496447503159288
0.6239273397077341
0.9401816506579053
0.09778798068873584
0.24446232232730836
0.3842869272339158
0.9607096886902582
0.06681317486800253
0.16687033569905907
0.2506717742071487
0.6261910350585822
0.5653550403949339
0.9108234985906165
0.1514077439205721
0.3706667980295606
0.5731513297942001
0.9225017146382015
0.1807658855104819
0.29562465712660924
0.6974350310920272
0.7356525230279658
0.6506146296451334
0.6185614650894422
0.9515544906898867
0.12107371888123453
0.19729662907775491
0.4854290652438067
0.7760106726491358
0.42976498947246
0.9181004825222772
0.13899357442278415
0.33936506073223427
0.5261393590189982
0.8055827353091445
0.4820558344363235
0.7944949181692209
0.4510810286155902
0.8722087366913911
0.31724057003157213
0.5428169914812315
0.8148058134538587
0.2867081654840149
0.7127945305837784
0.7180136734677944
0.7049658162577543
0.6984418876527343
0.7382302227488253
0.654405369568849
0.6125139238138217
0.968715190392686
0.07821202394552529
0.132960440707393
0.3323934723739512
0.50251225385
0.7543198504426982
0.3856770789134316
0.9537760331004392
0.07128907949663699
0.17822269874159247
0.3029785878607072
0.7418214659264777
0.6450808394292835
0.5970770947460551
0.9915935676253866
0.02097602654248476
0.031525195110589266
0.07881298777647316
0.13398207922000438
0.3349475686554797
0.5063734464638401
0.7639728319772985
0.4020795181277208
0.9947821311361622
0.007828714326024055
0.01957178581506014
0.033264406491070986
0.08316101622767746
0.1257487238617614
0.3143718096544035
0.5343018998682965
0.8357547496852931
0.25418144842842594
0.6354536210710648
0.5783180010330398
0.8832873722712975
0.20778951549436897
0.4413411546847783
0.8497721076419111
0.3742676673573442
0.5635987671848852
0.908996917976765
0.14529476047027856
0.3476118974504061
0.6153051981527824
0.9601303613453638
0.06817208626307547
0.16550727433059365
0.25613458087900653
0.6403364521975163
0.5866188139480073
0.9035510040994268
0.2391617054818198
0.39428322872845456
0.9830419262580108
0.04109312081709504
0.06360830389894545
0.15901313035283238
0.27027330273995176
0.6600506237300579
0.5217083813913632
0.7884833482967224
0.4662029365426861
0.8324994494614657
0.2527166382060386
0.6298384407127742
0.573801333346637
0.9247300417337101
0.18426100129727274
0.2881264952593483
0.7163699189259205
0.7088935276551638
0.6886149797646794
0.7215374493098352
0.6766060345398728
0.5506457030132879
0.8733781127666589
0.31594377040164545
0.5378986415744293
0.8427533948270138
0.2680974389077164
0.6682904424669687
0.5141697358631063
0.7756510480248835
0.4313151125679724
0.9213867771613877
0.13354501326102763
0.3338625331525691
0.5011600405268837
0.7529001013317611
0.3794417718308978
0.9486044295772444
0.11237552179954946
0.21843117417301983
0.45367005601292476
0.8216350845468696
0.3028266556211747
0.7414416353276465
0.6463882822135929
0.5949667848472018
0.9871923718310427
0.02803174313157797
0.053903964813798666
0.11522101401351392
0.2041273278882727
0.44781068939482793
0.8597210066800471
0.3365180821274407
0.5287952041544486
0.8010512046457734
0.4869953784509562
0.7773842877650168
0.42779566132230684
0.9288641491148155
0.17750655638519675
0.2982584997662343
0.7445070258399937
0.6347050537879113
0.5850532327604014
0.8806018123577815
0.19692532939370722
0.49181729363044724
0.7704567658656742
0.40977650199783966
0.8974261108960491
0.2251847208244726
0.4359390285681002
0.9101524285215419
0.14649392396677285
0.3506021767971106
0.6225991768587846
0.9431766164198052
0.10281427460722625
0.2248090625507757
0.4369606670807116
0.9075792587536853
0.14266515627969056
0.35659327247412875
0.6063192847941536
0.9842017879418563
0.03935390943661332
0.06713477172888815
0.16712393856141716
0.2537397072301246
0.6311131232941989
0.5777751787391026
0.9302776192489546
0.16940399131271988
0.26201016275445
0.655025406886125
0.6114598603744525
0.9661420206248295
0.08204079163260758
0.12696934503037483
0.31742336257593706
0.5396120869845618
0.8177802156133112
0.28944510460132733
0.6923627596406732
0.7300115180260036
0.6590131303819362
