0.37416388938436285
0.5643150197865907
0.9095247108780313
0.14755960283218883
0.8493626720446628
0.3687782596098259
0.5777073677745648
0.4305888533126563
0.9196117817191407
0.6382224710832816
0.5916194099700078
0.39579117760877125
0.46893961311434396
0.2973468776908703
0.7429609268729109
0.638611324102385
0.5909130685031414
0.39525046761264093
0.4718297599465586
0.8045540746825282
0.4886037265241612
0.268079140514601
0.6682396885298658
0.514333962550154
0.7754434362868778
0.930776063061785
0.6706088545615785
0.009956954221706837
0.01707977379555814
0.5412753590208013
0.8141256544913631
0.284673158894293
0.7097247649799101
0.1942335094208829
0.48312710618483834
0.2911904029606376
0.1887714097974822
0.47093273437349126
0.8021487267396878
0.4848625580780208
0.7741717293392867
0.9354278779646847
0.16132347859092988
0.7743951596785337
0.9351027506927494
0.16193746103090234
0.7747065070434473
0.935787319263909
0.659551800810732
0.02290293909027241
0.536492637329502
0.8360121161676943
0.7775224654760677
0.4280199778440874
0.42938548015081324
0.4264900451526046
0.924985823687166
0.6872912997205276
0.5317008732527029
0.8289470060262829
0.7595416639524046
0.39785840225522406
0.4740161060472019
0.80515590266441
0.4812353708257433
0.2968352677708026
0.195380716904765
0.9884460429602768
0.017837519466411322
0.04457855990040116
0.5758018683700357
0.9354915943986271
0.1612387491913978
0.7741485862061381
0.934730119566666
0.16091625098488294
0.7772747425769921
0.4318128454615362
0.9153322247148026
0.13110303072608076
0.8275158601754811
0.306093365594279
0.7327625911857467
0.6675950688077137
0.002880335523514077
0.5045152913371567
0.7611714031372685
0.393895302870078
0.4835136193141807
0.29072373622329906
0.6950656555418391
0.7310836370743345
0.6709708059206605
0.009447297576116398
0.523007815994788
0.2859843815676868
0.7147165320347995
0.21320388271124102
0.9624527032719925
0.5936164696177002
0.8909588258829899
0.7270689613651484
0.1614224034419749
0.7736287295119837
0.9340718238090631
0.16285724221961573
0.2801899803162087
0.17444302450167015
0.30866615384002216
0.22477925714338198
0.43682607254595496
0.40744400408584625
0.8934879399021156
0.7311182185076177
0.1709046771575231
0.7592909954837523
0.898219620634336
0.7230785724241287
0.18253400750108995
0.7896785021293908
0.9424526087532286
0.10222509669256397
0.7236852230853401
0.18028886552201584
0.2943939501710702
0.19953147933119908
0.49857724682078697
0.2522719668922946
0.6304278477909975
0.0721233076765202
0.17904750825255178
0.8018661841924768
0.4850726908771321
0.7746228111791424
0.9364859717315994
0.6587803022121079
0.01991745363920927
0.034152592997998
0.08257188904099166
0.1282870703143999
0.31941808544797823
0.5445626654836815
0.825757046812214
0.8104825332702603
0.47379239270230755
0.8054475915560033
0.4823498979094438
0.7941163144714665
0.45001147128641605
0.8749713012948632
0.8125487738579977
0.2813719327969011
0.2033084468857851
0.9457708396657836
0.11406085058115423
0.20702581421937793
0.451181172800716
0.8701397193071898
0.3237653393880464
0.549647723470116
0.8718523017887492
0.3202471714175772
0.043132071412401274
0.5764190038316883
0.43323500955011696
0.9165766243240796
0.6254259355482645
0.0633869783487171
0.15785709337797016
0.26913525856798515
0.6708850016293582
0.510279797075782
0.26592623826581985
0.6647742449422367
0.005036875139921904
0.008563824696466327
0.021406462299637496
0.03235982469050214
0.08088936933199875
0.637462728220271
0.5936567311582621
0.8908572160289623
0.7269585189642385
0.1611186408845242
0.7768810625129845
0.43242719647241756
0.9150218239228707
0.13041418546345085
0.3220947128138505
0.5540160786767956
0.8644715182599612
0.8290254154708236
0.7594531675858889
0.39799173214123584
0.4734643780393526
0.8084044062416069
0.9789870397071354
0.533000502444338
0.3314846369321458
0.5149886666040402
0.7745322132250294
0.9362280009954702
0.15843340591527522
0.27089913527015597
0.6567320959293284
0.016372466809116304
0.04091685445746407
0.06957714175223373
0.6698070855054539
0.5128904205048457
0.2783197207318153
0.1792006003379356
0.8015159250062425
0.48816451357561164
0.27948941467911936
0.1752846046583727
0.3117884731036611
0.7198802440252621
0.6745785248640459
0.559491035179235
0.3512113756441977
0.12166623558732681
0.6947295196878258
0.7319252468005288
0.6682337576930877
0.5143138853018172
0.275408735498786
0.6807065224274993
0.045485769893275574
0.5726863982272334
0.4237508468795568
0.9327493469463661
0.6678012710472103
0.5022058047470637
0.2555137367453426
0.6343707361957058
0.08592527123983018
0.628936574124964
0.5723118714231532
0.9229667308973148
0.6823252708127256
0.5393040103954263
0.3167771289590746
0.5419423306593671
0.31309764468460344
0.03268055824446492
0.5804043984098826
0.8881904523877893
0.21656606617034413
0.9584017103770748
0.5629773895198014
0.9070009092683904
0.6425013096886687
0.10462314676260576
0.22249417458078824
0.9279852992331143
0.17933437071042135
0.30135889680241235
0.2376915950444527
0.405732865241589
0.48564494488528
0.775633414828917
0.43103254021843895
0.9203547864162829
0.1365748417447321
0.33042025260510854
0.013303882587933913
0.5292390116956085
0.3018560981436167
0.2351051311707124
0.3995418501435779
0.998848923103651
0.002737542090471834
0.004873544297879562
0.5112530743645038
0.76834554359084
0.9189102559466846
0.6402243594639003
0.08681700078886934
0.6540464721038006
0.11488191230455413
0.20467746365466155
0.949121656594798
0.6115660415089224
0.9662001688557211
0.08248494056169875
0.627772003703285
0.06716157542541623
0.16790393856354058
0.252111500245519
0.6301566803012975
0.07048202399164438
0.17608203599229455
0.2995409725699574
0.7462494965875521
0.13112565930350684
0.8277949555485975
0.3051997965667397
0.7317493349546567
0.16818518153741024
0.7640882553241681
0.40227077854797244
0.9943230531644076
0.5090648586919997
0.7716855790058617
0.4135251406405587
0.4036858965991996
0.9883432561473455
0.017733138462062925
0.04420883845887147
0.5743737768789288
0.9358104251441546
0.659823035588488
0.021992200432578102
0.5373866691952571
0.34346475821803324
0.016299957438604906
0.540259012079332
0.3192730756709352
0.5455657300190069
0.32228834845591336
0.5478861870360561
0.36971543659456074
0.5707017566310242
0.42675424259505235
0.42529930066666566
0.4362927329202648
0.40908350874087773
0.3952597359602805
0.47181159755564295
0.3045211211720016
0.23853665983187966
0.8932059206126723
0.23057335792691447
0.9201485841767862
0.6361519618367311
0.5814338217605837
0.3901041620410979
0.9622395897749811
0.5917968961002771
0.8935547229193617
0.23388680731295608
0.9147950575861614
0.1307376433396712
0.32147273659938946
0.5536818396358285
0.8657705959922168
0.33434836255037226
0.007390513084828854
0.012613081838935614
0.030890881782397628
0.04743710195180029
0.11858786729862913
0.2015752583683934
0.9960008039779495
0.009996738284826279
0.016995927318930626
0.041494167409837246
0.06422564154490829
0.15958627103827894
0.27282858022954315
0.6615636371425353
0.023779278446454555
0.05920405060169287
0.6010132936644368
0.49740620650118217
0.7540134837327059
0.3849724308238365
0.9545572736824397
0.07259118024376221
0.6733399123768322
0.058349780447315425
0.10388212345424108
0.720642793137813
0.6748973427165765
0.5622433279349934
0.8443878523539752
0.8604657928517554
0.3385814923385624
0.02362339268438518
0.059055978315882385
0.10039810760645196
0.24900395606528036
0.8774747168936301
0.1917311452270951
0.9790068138099741
0.031501407735049725
0.07874770043417811
0.13388024526648223
0.3346109063131735
0.5059600693057291
0.26486957509769127
0.6503259644086938
0.6241822129813954
0.43923929167794995
0.34709208030835725
0.11663144768681377
0.20841756596928462
0.43787910262471996
0.3446939416171517
0.11092133630882017
0.7147220345505048
0.7130742711888161
0.7123731779283844
0.217089060053695
0.45678514897008426
0.3267870969721116
0.5567099879554007
0.8527118388155941
0.35038830040139146
0.12401762598892674
0.1899559349694755
0.9729250895034056
0.05731129308696836
0.10159481217851862
0.22273559737368487
0.9317779489501845
0.16536713554523885
0.25588609965052456
0.6396999707794748
0.08751591324107721
0.1562096146226395
0.8594375767861493
0.8360938625410199
0.7776089315593708
0.4283820701239165
0.4277627636620309
0.42876188197988085
0.42735327492118813
0.4237909015500918
0.9327064310782589
0.6676234094193205
0.002534112398279831
0.5043820811260957
0.7605253276124131
0.39153240504674613
0.978200237150304
0.5386201746005099
0.8406910608755425
0.7732666012307163
0.4104614228126593
0.9010925365437288
0.24235535829211585
0.8870163250539917
0.21751027085701935
0.9552441803098191
0.07545012919581495
0.6837348761910107
0.5374584614182822
0.34336383565096185
0.5165745559788775
0.7905793627724051
0.9451811998442281
0.10579638913623057
0.7329147945565637
0.6662710481905378
0.001604330143891275
0.0035225441097281873
0.006818401248892769
0.5142039921774995
0.7757082793395966
0.9312101666873787
0.1717291610839311
0.7581764999777079
0.8950858498283196
0.22208578008576296
0.9290841058536898
0.17719764611683786
0.2972383372252807
0.7427439968450926
0.1381042497814633
0.34022520543658175
0.022422813810408115
0.03768545249477029
0.0921841582749039
0.14450763689819723
0.35748089995468035
0.6045887283107731
0.9724053462559823
0.053357740194769576
0.6153236331301741
0.46010397415375337
0.8182077639212366
0.29039245640160516
0.693447445781203
0.7335420774470549
0.6658691879129037
0.007202028267784044
0.5127566480368841
0.777985129825538
0.42872747272485867
0.9272861708013806
0.17364602992893197
0.8078943263972178
0.9796948401199188
0.035097844374831766
0.08408058932400309
0.6320759915688541
0.5760600177454762
0.4347688624984585
0.9110798662004527
0.15196685126284137
0.37007517940946855
0.07087528263218701
0.17718047939706594
0.297283161256928
0.7430439277377445
0.6383715157571714
0.5915304409572855
0.3961538691946771
0.4702380646194797
0.3005949192738626
0.24851174431387335
0.37872063886607066
0.9438210184744094
0.10918633002438582
0.7270290914457291
0.16092504459084012
0.777312601567246
0.9317178950586822
0.16517120244679973
0.25666842467035167
0.1394125221122522
0.8387655619881116
0.7741397328791209
0.9347387419547886
0.6609434740676079
0.5273269074095879
0.806682135356823
0.4776027755870018
0.28775499330367893
0.7168231340474449
0.20611079718219116
0.45273662082036026
0.36813915573293343
0.5757381519360933
0.9354085329978261
0.1614786096906755
0.7735295161837712
0.9338233727903571
0.16250031715026125
0.2812492033408489
0.17187667402322404
0.8046907263633329
0.48047586224856786
0.29493457372882403
0.19826892740093172
0.48784455319400877
0.7801429246901534
0.9246424199664034
0.6843274816637859
0.038942400336964056
0.5900317784689832
0.8969505122804549
0.2263545260648243
0.4340450127783697
0.41293219724320807
0.40504735708236694
0.9872251451015472
0.5279688686423469
0.8037960753717925
0.4898969495552592
0.7671997905417811
0.41793748713098466
0.8770312819397077
0.6925154411874246
0.7273747227154672
0.1618791090149898
0.774805422348436
0.9360290275071748
0.6599272964522243
0.02187365249847062
0.5390589542803355
0.33985014422796667
0.5214979158481583
0.28811215187306516
0.21636512808618136
0.9588424425455742
0.5638158870278858
0.4083161135786213
0.8957136025710497
0.21966978200362064
0.9234417349798605
0.6835639697674196
0.5410632236162201
0.3135940088832285
0.03388583261403255
0.5822623471322004
0.8773475140624214
0.19334971168427728
0.9775555843662005
0.037637768662534654
0.0921030975296162
0.14407609970658086
0.8582345463510137
0.3542502875206992
0.5946098502608947
0.48603244026890025
0.7770911404804792
0.4322716672322713
0.9141557112743612
0.12913860735716298
0.3226610257115681
0.04881523147923872
0.12014559164526872
0.6987814494932536
0.737167658546241
0.6531606071803253
0.6169713378185406
0.4574470814259257
0.31535534650902264
0.03582488888059743
0.5889021901530214
0.4019424843136221
0.9950217126170173
0.5085394076013472
0.7706388995866291
0.9070647467742674
0.642341184138786
0.10487067344365641
0.22213727838243358
0.9290316549886484
0.17676610543276183
0.7973835363809485
0.4934395737654995
0.2638718914531637
0.1518055601627566
0.3704705272393767
0.07333017000928521
0.17543662921525538
0.31113251636270434
0.721190596523229
0.17749201541300863
0.2982209445326589
0.7445746060402598
0.6346260019927286
0.08530996885383502
0.12998678899020888
0.8210263793589547
0.8019250420329627
0.48511609999695793
0.7752902499923948
0.4367429034609813
0.4081414373940788
0.893708265706664
0.23414858902106062
0.41447104947292246
0.37977502029389143
0.9489388982765377
0.6120227470819373
0.96505411338876
0.08443392626941204
0.13263460528105497
0.32450136123225093
0.5612225781660527
0.34592752988100983
0.11465762334410101
0.203514022345189
0.44626249177963473
0.3648017320083454
0.5799346163985319
0.3860853051301092
0.9561733811860904
0.5778263285465073
0.9304035119712353
0.6691083442710806
0.5124517633521464
0.7811293114791624
0.9220603580470197
0.6801505947369151
0.04375638667261228
0.07810900345793925
0.6797274913114961
0.5430366159998812
0.3263376042013988
0.5578741318895482
0.3546413761214353
0.5975255101511721
0.9905611498106737
0.022955034364713356
0.5359032105479855
0.8397463643632364
0.2756340107880533
0.6810321228113025
0.0453520746959839
0.5740735450526699
0.42419113728101365
0.4351263942953665
0.41203092102659866
0.8995491501118522
0.24886858358513564
0.3777064706082456
0.9422923067759257
0.10512041521724313
0.2212945315404795
0.42625268464325927
0.42460203703376465
0.43451190894120373
0.413670442532748
0.9033162340056151
0.7417094073316548
0.6452789699251298
0.5975723874580581
0.9903604110877495
0.022775908350013196
0.036180168797727674
0.08654357571504079
0.6537578495626803
0.6136331030284055
0.455651861615479
0.8246154603548348
0.811508222745033
0.4712143626238685
0.30108278142870404
0.23703604063484818
0.4025266077951528
0.9905096508155111
0.023148631473304704
0.535837882605847
0.3390962018747814
0.5272448915347923
0.8068814527650829
0.4779122404870577
0.7875492403109092
0.46862499180133455
0.32843745898571797
0.008343307941686362
0.020827667991397902
0.5313048189564142
0.8282301839499269
0.2580372829979751
0.14493059611413628
0.34657681739190593
0.6139853784407023
0.9562277815130074
0.07792830999824218
0.6801713794993702
0.5437121014401782
0.8280213520338293
0.3049154689651914
0.7308746001508553
0.6707839125010651
0.5104485988849774
0.26586759052588604
0.16443210930447094
0.7548283650830854
0.3863359874521848
0.4560338094306644
0.3247387219162192
0.06184664645115845
0.5947386217594612
0.9868460626748856
0.0276353275985457
0.05346264471882023
0.6153665496967733
0.460281837527873
0.3173911854973994
0.5395716911589261
0.8176586016197689
0.789263519924134
0.9418458554719109
0.10436970644514076
0.7195443348318804
0.673616061307257
0.5580631062039174
0.3548115602461621
0.5967356731998734
0.4917985922074877
0.7704815830511507
0.40972400322789326
0.897316826885799
0.22543879962177016
0.93639537144918
0.6590115664002951
0.5203177612856962
0.28513832681346685
0.7090272454661317
0.1944118665996939
0.4821099756518379
0.7944771042675711
0.9510020628804341
0.6223727200122084
0.9416243945597671
0.6039382429444231
0.47062287328299135
0.7999290227307938
0.9998221994028427
0.5002841056557372
0.2506781968695577
0.12620339597924612
0.8153508654504549
0.2857781576458365
0.713957023457624
0.21449613486765884
0.9634850041184109
0.08640396932605654
0.1531131924712099
0.3671558335481677
0.08211035642307252
0.12708722258685157
0.31771799686248414
0.03907902937498875
0.5664463068242185
0.4160776177304797
0.8761315443261992
0.19020487531088293
0.47354380355682224
0.8082466157502495
0.9790973731433041
0.531727802939713
0.3288731840730179
0.009682945266831666
0.02258895806153305
0.5369409476988949
0.3372130183270201
0.5295241237035953
0.3002125917118974
0.749392226600321
0.6264078102249186
0.5647988218115643
0.4117143311013933
0.40037862383178435
0.4990533658710774
0.2515120032185223
0.12877881221356802
0.8186736769566778
0.2964400479395408
0.19615567981963977
0.4900687600893434
0.2668585987703409
0.16616610295022838
0.7513327298511285
0.377029732306255
0.4425129972223658
0.3523762430413626
0.599365384405246
0.9935305292601697
0.514099758293014
0.2771921292296611
0.6819939872657415
0.5406153745134361
0.3202121048234403
0.5431882513221353
0.3265984322933946
0.05850332125555724
0.10365562763763592
0.22007464451598935
0.9239344814850483
0.1847923150344286
0.7860469449078664
0.9645014675043058
0.08849968714639544
0.1488667472731322
0.3719227275578305
0.5701836442458443
0.4182869954383932
0.8892189956677612
0.21323178854072466
0.4625183603784535
0.3437038605334237
0.5157403436605819
0.2892585899680853
0.6918925857171416
0.2292528800026048
0.9071127565694042
0.6422929831314832
0.10516406330862083
0.7214062481652945
0.17595117530436255
0.7991307267220691
0.9977762571943458
0.005548862332943827
0.009317388670751825
0.5232610862003639
0.28544382270774804
0.21357518513104878
0.9611790495400783
0.09021397243486717
0.14740987031836994
0.8502062499173917
0.8735001831082627
0.816248946095584
0.2873798426007852
0.7184400399564765
0.20365194469923154
0.4465993050544057
0.3652725525898859
0.5850258634309284
0.3805333484779112
0.9467786128807347
0.11694527801591903
0.20740225753979757
0.4403768065676559
0.3482564676669426
0.6205597545776982
0.9485551463149022
0.11235454259440303
0.21837108838371933
0.4540672682924196
0.8218594246427529
0.8045722634415142
0.9884774756501429
0.5180639146710746
0.29468199535040185
0.7005718517757487
0.7465369803830981
0.13166226775501855
0.8269569713738747
0.8076075713615865
0.9770671137666795
0.03641778384917416
0.5861213537864387
0.40280338263255544
0.49101550033083186
0.7724606232659426
0.4125981428078376
0.9045422243361827
0.23791710595833138
0.4048512010194827
0.48673260916257277
0.7791789294278715
0.4269509908335749
0.42283663200214505
0.9311758142430335
0.6716894751007203
0.5082743999373633
0.7703194899659138
0.4101336480816826
0.896519422007259
0.7256728422944434
0.1852071899920702
0.2867377148941159
0.7128388513810933
0.217887607665034
0.9547926971572451
0.5739166163257323
0.4245376343023963
0.9337730941188056
0.16238985789823346
0.7809746073617134
0.42256346662179567
0.4308577993651852
0.9208868494606577
0.6352828669478185
0.07841832609847188
0.1335439078975469
0.33313241705764085
0.5007972892490216
0.2517490803729743
0.628357961657457
0.06967418661224656
0.6690559800772462
0.5124073763436172
0.7804691145720426
0.4238250628404785
0.43262476107338443
0.9174920117075089
0.12771436691400595
0.8173097839462571
0.7926630353904329
0.939973268948961
0.5979789742268622
0.49464225050178356
0.25808430899633095
0.645191698538838
0.5967286097584292
0.49182056935387664
0.27044857657165267
0.1597625782014802
0.27245326089905575
0.6626168452494312
0.5295736250409391
0.800496562558692
0.9987185391946696
0.5021674102754332
0.2552959747845307
0.6332349009462632
0.08292449812870473
0.12854489422170445
0.31891693637589924
0.045338723371969536
0.5741431627538987
0.4240046951454133
0.9348591332091019
0.6603497254836839
0.52586442430038
0.30642107626772486
0.2338251695910003
0.9154370689939242
0.13124277291353792
0.3281069173826836
0.5547300242760684
0.8555444685625844
0.8575987587100826
0.8547804926638491
0.8468739725649357
0.8671747986518312
0.3320579911523964
0.002004689275054261
0.5049964619392995
0.7585046396416146
0.3956922471697908
0.46969841411919333
0.29839114111382514
0.7459577958215959
0.13509593391790986
0.32961425208486617
0.5115356302121654
0.26803591204225086
0.16972356915357523
0.7631760557706002
0.40259956315276213
0.490873709495645
0.7715949793055188
0.4132976874243468
0.9042540452210233
0.7393337732355576
0.6412893472006544
0.10258240855182521
0.7251704891968984
0.6859727599367034
0.5350670085754246
0.3341273622645531
0.007172744139097631
0.012804749829228967
0.028042680904036388
0.5539166453236248
0.8651778667117469
0.829203731555026
0.7604711781605147
0.8907988640130498
0.7268597824731842
0.16087787886499427
0.7765074183407705
0.43345600611064583
0.9163598158047535
0.626561785233207
0.06640016412711702
0.6621245873102453
0.5302964404108934
0.29839725414058194
0.7459473480412271
0.6351316247018985
0.07965128583600745
0.13662807978107594
0.830217062466545
0.2630420052446425
0.652438003802672
0.11546778926276602
0.7103461064398289
0.1928541157685686
0.9768481115461327
0.5358307609567419
0.33908765771775506
0.027280610258458182
0.5567984119115863
0.8528064451238606
0.34978921167203225
0.1243051749188453
0.18868773628491908
0.47163812193321064
0.801333313836949
0.48770590042113326
0.28066563021275215
0.17333592442446388
0.8068945039995015
0.9781660710286815
0.038675625080941245
0.5907912276743446
0.897998576896498
0.22350920099415816
0.9334144208114594
0.6662960712856147
0.501677675783867
0.7536180112801958
0.3815416256838944
0.4514040748763364
0.37051323070772924
0.07371635758318007
0.1750745257595554
0.31169949943432584
0.7205023324640933
0.6752436841197778
0.5618882687704172
0.8447898537269793
0.8619743211311288
0.839868430281058
0.7715446452202741
0.41317938271095045
0.40404035901883617
0.9898982608283404
0.01719746578601189
0.5429323908756487
0.31454402272356674
0.5362711262132507
0.8367715653730556
0.7791446565825026
0.42710968770552427
0.9219604300451465
0.6798399791587144
0.043319898803019896
0.5767445114906877
0.43203436621115543
0.41600782878231257
0.8818553087185137
0.700716704770457
0.24788300803629681
0.38012915381114
0.44544003208284266
0.363595639646519
0.5806193575554062
0.8870742880681064
0.21736524085281417
0.45545774648780935
0.3261366796505172
0.05965779925463721
0.09829202058608644
0.7452317367133219
0.6364252145576756
0.5808090680511668
0.38684451425797306
0.4671080741973128
0.3315883045725059
0.014473764720605686
0.5261743239243515
0.3056501573882997
0.7319587597157806
0.16973301526741125
0.7631674598669633
0.9026275900832843
0.2409129780717194
0.3967103168834001
0.9759975700872019
0.5599446965788957
0.8481039221514948
0.869934453163296
0.821076357999118
0.30269011270138435
0.23542395202093758
0.9010488842613995
0.7422460553061683
0.6368145926098805
0.5920360119780526
0.3939293692528736
0.483846378774615
0.2903459036606364
0.6933933556720149
0.7334810046013445
0.16565554626868106
0.7574004352791235
0.887626781797735
0.21842607168946415
0.4536271365941502
0.82155828611576
0.3029115079261828
0.2415005262591876
0.3956991293525789
0.46971651318017393
0.7983554299571551
0.9958882489008829
0.5101979167375248
0.7674333524191752
0.9173321543203201
0.1280467952019535
0.3200158563849982
0.04369126827805303
0.5772876359696966
0.9314985926030204
0.6712376263167243
0.5089020793093368
0.2721769946801942
0.1622997765953187
0.7807432350236923
0.9231409562344197
0.1818326667707879
0.790517877030652
0.9436256177141331
0.6090448480681516
0.477075073053129
0.7864363713306375
0.9611546883825213
0.5902620727720205
0.8973904662125278
0.2252724003919866
0.9355982944543939
0.15928757551591843
0.2731579003739171
0.6608512843667995
0.5265788522083312
0.3085528520459775
0.2285773374605924
0.4073802876519039
0.8933286450919695
0.7313657158520073
0.17152341586188413
0.7583856865530834
0.8959031589038204
0.21922528557479382
0.4226356176659465
0.9315699706785381
0.6710673838679213
0.509577624470694
0.7729271240532398
0.9114129562221933
0.14864480969845317
0.8715500316757243
0.3191717761801556
0.5456679619965144
0.3231463523115963
0.547602436854504
0.3682946315675508
0.07698597785201855
0.6823745935107581
0.039920753974001855
0.06806002368102781
0.6657554926641751
0.5074862657056656
0.7622138405567966
0.905530774325598
0.7355015557259321
0.1512338398315478
0.8679984207847156
0.8259408184094355
0.8099648223433178
0.47313457319978625
0.8073900738381781
0.9774583283578977
0.5367461302957963
0.837470734026283
0.78117057660711
0.42201156957889907
0.43001741988700815
0.41848670499166474
0.8899399797373917
0.21215410035802051
0.467661604488967
0.33076491244719364
0.011909839580766857
0.029774255759548396
0.050555628462461755
0.6234582803735975
0.9412932039995212
0.09981378863449208
0.7494578522455413
0.6263244545261841
0.5645598781993613
0.411354156647576
0.39932655336451717
0.4977058334625326
0.7554874218476471
0.38471892621601
0.9600768870732281
0.06806935198255815
0.6657640591729432
0.00745817567803897
0.5122974773403257
0.28065755442366935
0.17332165862899274
0.30693022831110284
0.7282185647345614
0.6638081287965178
0.02796951451455243
0.5538103820872493
0.3649641864467412
0.5797682116972283
0.3862720307370182
0.455874335806584
0.3249861894582864
0.062464908085530624
0.593837686436018
0.9845219752169214
0.523797229223419
0.3091573198325932
0.7260080475825816
0.18497510268935002
0.785527058178559
0.9638174070569221
0.08653496488113888
0.6537759597995318
0.11360685608815402
0.20556681760353968
0.44946376953157596
0.3736587843450252
0.06451757717877626
0.16129195736721158
0.27419918891973794
0.6854726989986375
0.03631346425390802
0.5867046565690544
0.9042615221696906
0.7393423732719384
0.14126302191289142
0.35265019049984403
0.10029917297651991
0.24824450685991906
0.8784121703065466
0.19459451455622911
0.4815920260734856
0.7938225485850126
0.9529430020193104
0.11746480388683267
0.699910102353897
0.2492100345552899
0.37692882926785387
0.44048911053687334
0.8511693221516907
0.8720614270132501
0.31984523983555846
0.043738428415963426
0.5780922529520467
0.4297690683451947
0.41809253496467136
0.3889803837228101
0.4643929080630187
0.33871187665499747
0.5241898024687544
0.31045900666504167
0.22377617863821797
0.9305186396522913
0.16979673170135356
0.763008049572818
0.9023858818400186
0.24030905042309314
0.3976399817620404
0.9744059043296147
0.05609139855368994
0.6077577932446729
0.9800876623485237
0.5341424882935826
0.8326087142631877
0.25331666399142705
0.13229507007054053
0.8254875292477664
0.3088358864770271
0.72498058914789
0.687447434553178
0.5313622501853388
0.8283250263193622
0.7582508447521832
0.39537295390618965
0.9725002266641241
0.05300042580347508
0.11685805878369138
0.20754848324577324
0.940723041567253
0.10082909496850334
0.7479272341297474
0.6300700841820799
0.07126863143639639
0.17727702439879067
0.7986611526575871
0.9953705079387873
0.510886730538914
0.7693833440134767
0.4202839357603807
0.38630161102628335
0.9559788655897137
0.07488323078723624
0.18656720759463497
0.7827884866273962
0.9569672814686783
0.5763317919336259
0.4328885430295486
0.4171670316136442
0.8787126823735889
0.19383292231941596
0.48415505784214474
0.2894879007944837
0.6922942735836841
0.2301252131583169
0.40878718468593433
0.8950146865390707
0.22144378264783882
0.9266558473173063
0.1755072014639154
0.3112040404812433
0.7207590575853828
0.6768571127031464
0.5475809005729388
0.868341897148639
0.8269441679876763
0.3075632855470758
0.22715500360936858
0.9116022196831182
0.6487259337154683
0.6217764439643361
0.4445670662680641
0.8573280415148474
0.8566798955434933
0.8563394915254321
0.35911044193198904
0.6022037487418856
0.9736489997594617
0.5552154142060317
0.3567579787923023
0.6055110401357524
0.4824968438479118
0.7921700132719707
0.4412020076997578
0.8500435624737293
0.8748599776590709
0.3128478995349724
0.031845090619754046
0.07956696089240722
0.6350441068934742
0.5797977666661609
0.8864374503900763
0.20577868429245427
0.4494194037106354
0.37348746665520594
0.5662813333037775
0.9124188652494922
0.6558030220621731
0.6101715310360305
0.4626845672610216
0.8432275466329884
0.2669279593974352
0.6660229014232755
0.0009885509789455682
0.502471377432812
0.25419752299785614
0.6354927346110344
0.07825652885367163
0.6331397425965406
0.08252509974408895
0.12818267551483586
0.3194791621353943
0.044776240072678775
0.07555884841713123
0.683659535512561
0.5372729739465285
0.8430202692688908
0.26672821486135945
0.6668205150344875
0.5007801225292496
0.25195030629402027
0.6279340501350816
0.5698351250612177
0.4187196813290939
0.8905481304391287
0.7110686014057137
0.21517019218299538
0.4594800435588695
0.8186155614966992
0.29653842680272646
0.1959091957542114
0.48971132838050835
0.2659557559818495
0.16457442968385294
0.2551860739768017
0.1330309038166888
0.3324513696425129
0.002850821299944073
0.004528275836491957
0.5108322107698768
0.2691840840561781
0.17051510734017938
0.2602339963777922
0.6423680233710911
0.6049411079729907
0.47199073916999623
0.8037560218654107
0.48981588846072555
0.7675083035137504
0.9171666739566717
0.12871417254791595
0.8188384956447408
0.7966537309985142
0.4457130836090073
0.8641606005257927
0.8317805894766934
0.7642963202670217
0.9004773390770424
0.24330966486013494
0.8895235649251845
0.21368846454424784
0.4617113952699583
0.341738967836136
0.020606206730008125
0.03198033291846514
0.07922885240986943
0.1355670050252229
0.3289077087538317
0.509753379796166
0.2724912373814732
0.6616672646487132
0.025261786388000473
0.5618417183577549
0.8447853524703532
0.8619132937456015
0.34032629456487484
0.022231124981772155
0.037988242896972224
0.5925291524326894
0.8927005488949362
0.23175103453104384
0.918000623874832
0.6387504865415394
0.08900253221509047
0.6521884316462092
0.11940464231884107
0.19693352640024386
0.9917206003738102
0.020301710406783968
0.03512211414636113
0.5840668199816719
0.3819655171537306
0.4510005132469814
0.37237409097724594
0.06662209937348962
0.16643286333419383
0.25187851453665644
0.6281084051006474
0.07010984176304191
0.16839909966802225
0.26450265463790856
0.15124304671189748
0.8679859729891177
0.3259660222684033
0.5600017058022786
0.848002069251379
0.3697208887315355
0.5707863535208162
0.9265382947050966
0.6757195427780971
0.0607006065256428
0.5969419349275995
0.9913754734152462
0.021254826977383345
0.0326168418105226
0.5805653630814049
0.8884303422237281
0.21619047995773144
0.9574683873797767
0.5652938552084379
0.4109763334854506
0.9021245363110211
0.2445615201140754
0.3846874453302007
0.4600935335329268
0.3181949491845444
0.5402974177268334
0.31850694376043975
0.5462571651441976
0.32136189166340046
0.0534044100495521
0.6152671603485942
0.4600429009005893
0.31799421907635406
0.5405909864057321
0.8202249188616406
0.2931158586870879
0.7015320173231885
0.24568136243033223
0.8856743698997889
0.2037789490132127
0.9463021372212097
0.6157509747135919
0.9592797589721158
0.5700546906737145
0.9186053304583766
0.6397655081236735
0.08759392480715178
0.6559960539161693
0.6100022357422858
0.4620167707616929
0.34250138816423714
0.5177499299170449
0.2942374882695731
0.1994605791696813
0.9984187439258676
0.0038539579836651683
0.005972625862341374
0.014853363361908123
0.525335975253256
0.811628569586901
0.47043933265376836
0.8004488794249482
0.9985573666635901
0.5022327347251121
0.7555780215479899
0.3844886157603469
0.460653147631092
0.3170788348943461
0.04220785043435171
0.06633504808996804
0.662277246650774
0.03057103673927486
0.04807673196773976
0.12003920710412785
0.19593374148826115
0.9893373395607341
0.016250097047304735
0.5401242653315421
0.8189983566408046
0.7950315773487091
0.9484554082446266
0.11323631563573144
0.7168671677063685
0.706229867762886
0.20293114145169966
0.9926635558076669
0.01248149442835711
0.5311741330369841
0.7970512972678989
0.9924753563536797
0.012402798427501693
0.5305139379343018
0.2987120556354057
0.24531525679049082
0.8867118127527647
0.7050906996591948
0.2002227651537396
0.4966354003699962
0.25719079095870256
0.6377736520953476
0.09046683021006174
0.6475487865391187
0.09926434414228424
0.24375099045573734
0.8906224693346303
0.2109414228470996
0.46485348261194304
0.8340010172978509
0.2568763474409934
0.1382461239991244
0.8417090550938156
0.27065098675666377
0.6570809581025969
0.5174532399978489
0.2923017697467003
0.19047112332191318
0.476138460857328
0.8094855242816266
0.47622455755481496
0.8091941873135511
0.47603031995822676
0.3098860234604217
0.722705476131523
0.6817616934713442
0.5402246701705735
0.8193096538307145
0.795466278999811
0.44760977482656017
0.8609369510377292
0.33983737070229836
0.025404188490938395
0.05569022029521875
0.6079668310994748
0.9788622178894002
0.03280966469901614
0.5820230701065157
0.8886923134850804
0.21389810697291978
0.9644326053676195
0.5887543761637062
0.39913147818879224
0.49725792033132166
0.7548629547818564
0.8862646082998253
0.7058930346975103
0.19995857038884424
0.9998897502373438
0.00021264178212732077
0.00044493930181488395
0.0008052448683883995
0.5017686735081952
0.7533897386165336
0.8821315731329378
0.2004251541220583
0.4969735279737506
0.2575609943596646
0.6373411958920769
0.09286407515173778
0.14222866887575947
0.8550833906920161
0.3466512048034929
0.6138203941227403
0.956405641452875
0.5772323636920191
0.431301124044694
0.9214992640190758
0.6337499910732731
0.08356242018635385
0.6268709844734985
0.56555874060723
0.9138918441021815
0.652645696507534
0.6159433903521858
0.4591649317299016
0.8196144635148812
0.29415331649943255
0.20015833756770007
0.9996022300620098
0.000872272503329441
0.5016900145274121
0.7535841252829414
0.3813585405005142
0.9514345216448419
0.6207728257286362
0.44776275515323505
0.8596402894181665
0.3365853303694166
0.5283482041268144
0.8013199632114265
0.48765916997217573
0.28036379255354404
0.673479207791388
0.05820973825757392
0.6044731198926456
0.4692821647040546
0.7981672517489642
0.9941897968819831
0.00891003492870368
0.522158496780321
0.28732760055572726
0.21819668740499765
0.45450827927561477
0.8226335605431814
0.29877040765131824
0.24521568583440967
0.8864719452685677
0.7056931995903142
0.1992908651009202
0.4982175366021693
0.7532316392753273
0.8820566624926869
0.20110832856153138
0.9972267940756865
0.5046635901089758
0.2616513431130443
0.14274410891812295
0.3567000107723288
0.6056095850362908
0.9827714439015836
0.5425819129741285
0.8154006671684328
0.285694044578122
0.21423162455903366
0.4639314050145913
0.33951476082438603
0.5259070865868125
0.8049830178788397
0.4811871695856098
0.2960453412961215
0.6971369440434501
0.2415300991560798
0.8955631320422981
0.21933843070291914
0.9233155492693186
0.6819441849656869
0.540744526864728
0.8199984230450355
0.7935085313511081
0.9525060683954507
0.6182456083188299
0.9517839083273429
0.11920490625197999
0.6964487920340616
0.7409947092819493
0.6473886185558513
0.1002676620555576
0.7481056708784308
0.6280265999375843
0.07006258569890633
0.16859351602033712
0.7647339854156598
0.9000546419702005
0.24961923575028777
0.3759395049419254
0.9390553043922409
0.597552153718425
0.9904602684546262
0.5228727656940464
0.7865068919782061
0.4613844174600672
0.34064013048191555
0.023231185565236956
0.03561070273281075
0.5887063067639247
0.399174918042263
0.4979332866787445
0.25508664481458254
0.1337296154233627
0.3335909908346366
0.0019443170458544046
0.502951527305413
0.257361167576164
0.6375409511383623
0.09352429994032718
0.6410360605223104
0.10242610398563556
0.7243269576283637
0.6813395796634723
0.5466103699000087
0.8209536307840608
0.8017737246700563
0.9849024171708152
0.5247255202557426
0.8105911304010078
0.9717521543789189
0.054368998971767724
0.11382775596575812
0.20639478371595033
0.9522661760565825
0.618846241151914
0.45286849737749435
0.36782798159401864
0.5753029735642485
0.4342896718881093
0.9132992372324225
0.1542516013723798
0.36432772342232056
0.07878706761403009
0.1338419092062395
0.8345846204611007
0.25630234836717136
0.14045025926316157
0.33623305140645243
0.028062003781087697
0.05385862273396924
0.11510548766818829
0.7044199450756423
0.19732415227917954
0.48544700068305247
0.2761174906336237
0.17981844866881147
0.2932951195689384
0.2016672445461154
0.49439756153151393
0.7594264771323651
0.898062650958309
0.22359333527856506
0.9331726753152907
0.6669157038268168
0.5006184454250615
0.7510574125917628
0.8775672226620372
0.19147317815804854
0.47868280569673516
0.2824795130873099
0.705222039076034
0.20053743047174066
0.4962140600546263
0.756045688962331
0.3901129520381801
0.9622169818903785
0.0920158241642639
0.14397609856678173
0.3588096631865483
0.10291480590240099
0.7250585661968216
0.1873221578716766
0.7815340005618054
0.45380348825710826
0.32151543247164227
0.0536309095332399
0.11585820285836235
0.20907147150137462
0.9444838108029217
0.6072956169082318
0.981760957656661
0.043015038972953334
0.5762875973014161
0.4328136595140677
0.41796401925967075
0.376964156399481
0.9424008537898771
0.602093341469299
0.47395235690055415
0.8047424950345885
0.4805750863160938
0.7951438458403572
0.9486445258080494
0.1126949314493686
0.21826076146680862
0.45434809318976477
0.8223917628929485
0.29816689420840703
0.24418651856831275
0.8839036872086581
0.20966766035417095
0.44360235720523633
0.358767474303022
0.6029706835979596
0.4749559458286967
0.31210659534553997
0.21971824162756093
0.9233600495499559
0.6833808722440153
0.04145999313914217
0.5642805779352784
0.4094731123477686
0.3977036981959827
0.9744895617768634
0.055852492194389924
0.6083773410355207
0.9790412842412479
0.5315837706439197
0.3286333463911433
0.009064262674655765
0.02168408883153461
0.5385230842221063
0.8411731255473569
0.7696181492356118
0.4083516104728915
0.8958690051513258
0.21881881219451316
0.922047006257344
0.6799798882566392
0.043697735090972856
0.5772771550691687
0.4314713946660049
0.9211982465640176
0.13401181049994193
0.8348769334552344
0.25649655429879203
0.6387847207079176
0.5890727581281681
0.9022873486101162
0.24424348142929375
0.38400492642540485
0.959890007332433
0.5690173516049981
0.4199782335490454
0.3858449350227602
0.956759112450527
0.07683191852993332
0.6816885309235658
0.5401586689404212
0.31903493573190644
0.5451459319156129
0.8236394889827352
0.30018758575897664
0.749490981164854
0.12625277874758467
0.31465490683331154
0.03657424633274786
0.5862986473657656
0.9029009114892688
0.24162715388229117
0.39592257849290036
0.46917405442218296
0.29776679680799134
0.2438027456519194
0.39024895781767555
0.4618699312559329
0.8413807748293038
0.2714104953338392
0.6574061666906346
0.518347272038227
0.7939131465391256
0.9527165062027052
0.618055848259246
0.9508917828206904
0.6227662414312363
0.44308438154985197
0.3532263003871776
0.6012663302535657
0.9968169771891553
0.006980517151532695
0.5135240321105812
0.7786822902562562
0.4258526284538675
0.4239967959583737
0.9348696029337589
0.1603844249912072
0.7757960768067278
0.9315250873332843
0.6710957288451027
0.5097606778144836
0.2724693119816948
0.16164202993968502
0.27517802282818593
0.1869684944394976
0.2825432295212522
0.7051373683498241
0.20028991077560931
0.4968185269390233
0.7569771195121575
0.3885212602035608
0.46617619550670497
0.3321082701731939
0.002084630017634481
0.00521014429978095
0.5078181450662669
0.7695399635122158
0.9082249087514356
0.6455447853950318
0.5943288049311377
0.48573554458562285
0.7758599143126048
0.9314404771430418
0.6713364829483908
0.5091429228195921
0.27157556646852754
0.1632241664628964
0.7791534507705364
0.42710111421183683
0.4219932913547382
0.9298764168634079
0.6684409529552795
0.014444209751673043
0.02631315990583971
0.0552798458666075
0.6069151836563833
0.4807579410262406
0.7956026971805841
0.9475014052877668
0.11073867397499271
0.7133494684821926
0.21269495534943417
0.46825867521693
0.32935330836335197
0.5098991982231382
0.7669354395766277
0.4160339715599548
0.37602224879083224
0.4400102954241447
0.8480724347464275
0.3700437475927174
0.5709805611986667
0.4267952704394702
0.422452142694965
0.9310501139843836
0.6703834427462425
0.5115261258906685
0.26805786724435166
0.6696983063884545
0.5130938799993601
0.7777282506576739
0.9286954922717996
0.6782612691167742
0.05304409810923971
0.6167411021888256
0.45782674665679224
0.3161977185518481
0.5375595350342337
0.8435936519235838
0.26589021863765083
0.16471025775535963
0.754911358904792
0.38335148547776043
0.9583594828145579
0.5625857187842485
0.9064018244971521
0.6409778581000865
0.10213756773737259
0.7240252547780983
0.1801707834820263
0.2937096578243654
0.2030236466380302
0.9924027277156711
0.5121341157064307
0.7802112725039478
0.4244716510293074
0.933613743429305
0.1621433146938216
0.7803563119668979
0.4234683508693706
0.4331799757492263
0.41692668403266
0.8756513944535982
0.18847998254932463
0.471197989420034
0.8010394489974715
0.9869634114438668
0.5274594739021268
0.8029309398843907
0.9916946571902372
0.5207633554236963
0.28138931081048213
0.20347326280898415
0.9459045348630752
0.11473078973358497
0.2034074006078299
0.9459878933557775
0.11448144464520738
0.20401168984244578
0.9469179082952905
0.11680553582846187
0.7079861580568831
0.6909544012742117
0.2254328670387622
0.9362957620469388
0.15909781405935064
0.27014291161322035
0.15924269147217274
0.27310672868043184
0.6606681575067341
0.026670393795939162
0.5578357318299823
0.3554008253267966
0.5958689989929553
0.9895145141636021
0.5157744968309999
0.28942098331754096
0.1919748543878086
0.4798607225820888
0.28461256698938087
0.7103053496975917
0.6924809026240837
0.72729382221587
0.16125761638977565
0.7742355668451637
0.9353444589360151
0.1615623258112464
0.7737788612721488
0.9341975238348823
0.1635272268904373
0.278680978983175
0.6758511385123711
0.5490018924465403
0.37236732288147323
0.06664022876066156
0.6663972008391283
0.0019304408342577517
0.002964462764794007
0.5074108489789069
0.2625968682405073
0.15600388933671638
0.3599902756686788
0.0869834701588843
0.6549586552428082
0.11137501974008046
0.715937429893529
0.7077112042461522
0.1906638527289033
0.4764574230648577
0.8088181449566036
0.9750091542082373
0.06240080532734282
0.593967464112211
0.4847965748049319
0.7743312029633671
0.9351870637910906
0.16169566338066943
0.7753252790425904
0.9366867868229747
0.6579620461270679
0.5189284727384802
0.796337228093762
0.9466535768005997
0.6152986787783448
0.9601206048682798
0.06814330429187976
0.665455261565512
0.5062741055735387
0.2655608094064519
0.648596977989655
0.12136644072597846
0.19402042156434618
0.9824683834740426
0.04210845864145085
0.06611551062087528
0.6628359253809322
0.5294335045327898
0.8001338632893749
0.9990527697373182
0.5015133741835598
0.7537810474459548
0.38117142763803713
0.45268053191830404
0.36799345357576385
0.575985641364241
0.9350349183951039
0.1604593367956113
0.776097751717316
0.42986327115795575
0.41825554505339824
0.38935774224228226
0.4631288411037531
0.3372950241609942
0.029748279397608712
0.5506267682067119
0.3733091613394208
0.5660853928711731
0.912606099358527
0.15456185454968363
0.3629468647413887
0.5923023888899479
0.8928653424663935
0.23212887012050487
0.9196776439202949
0.6383058901119512
0.5913700127275661
0.3963937669468578
0.4698653440864291
0.2996633397124242
0.24692007483099587
0.8826807391014881
0.6995403997134417
0.24854486985714175
0.8772137510823086
0.6930334203352686
0.7280287424218841
0.1638205845374614
0.27771520626265556
0.6786592009593733
0.05333650158718228
0.11568206665106118
0.21075472433585674
0.44168149429606274
0.8542036563449074
0.34394294777303
0.1098495016049128
0.7116964928864036
0.7167304436734412
0.7081694799999241
0.6882398433808703
0.7205929327465128
0.6750171883031726
0.06245689422939904
0.5938234318164177
0.4845576311927289
0.7737128779990599
0.9342821945610922
0.16327972954604775
0.2792853825376369
0.6767865402216557
0.5474121005099732
0.8685302503581624
0.3262329677818343
0.557769869628828
0.3552401000051759
0.5961078531981912
0.9901170413359068
0.5167957144440152
0.2919796711066738
0.6880156407714821
0.22002336627338082
0.4240626581595279
0.9349529018218163
0.1606243227433879
0.7761544922250323
0.9306197710684501
0.6695059331250377
0.013597822980955243
0.028501150314696133
0.05154985637636855
0.1132441570807714
0.7168872081092559
0.2061940932762809
0.452985094190808
0.3675348704564385
0.574812301871134
0.9369926063809544
0.657503194786841
0.5177814183116425
0.7943732881394681
0.4495562548399903
0.8736450659635011
0.31491077135433443
0.03694171184906736
0.0871662876161281
0.6544387685135007
0.11264415879850276
0.7178860579733737
0.2047950215637684
0.44891914911568165
0.862038959749043
0.8400021349370945
0.27175820744014345
0.16374381454079412
0.7778885431762319
0.42905725340824574
0.926853028300684
0.6725981430499814
0.05580869648838416
0.10825016247690655
0.7293656232068315
0.15705415428965352
0.7673835337336641
0.41747863579075783
0.8781768606859259
0.6944654401740991
0.23225064465077594
0.41924941053730436
0.3869350635795854
0.9672134421707597
0.08195875765522942
0.1388530983531382
0.8391447623434942
0.27657280361745507
0.6835374534712173
0.041118189808912575
0.06369292020099238
0.15910799478297122
0.7701910131727345
0.9092392632737756
0.6480443948239554
0.598623749188846
0.995628124626819
0.5105327501660213
0.26656624299357645
0.1656118277751375
0.7577184672118165
0.8869519220897928
0.7171809692808893
0.7070130158099346
0.20121736166765913
0.495186557614943
0.2614032197452616
0.14311299755354412
0.8558290931978263
0.8579858456505463
0.8539362761366647
0.3456255254568532
0.6124363684211858
0.4685832792893052
0.8283794359304011
0.7584390139963944
0.3956085310492199
0.46945949984365143
0.2980309375561774
0.7449094282928854
0.1337579457613174
0.8335734074935317
0.7518412298813928
0.3781280646508094
0.44525912156677805
0.3555794247367885
0.10762225298094563
0.7299320375605021
0.6595429968147073
0.522529187524924
0.7867859943362419
0.4624172700860072
0.3435293394722976
0.516049812460551
0.7899516678007785
0.44301851934869774
0.3531421707593836
0.601513849949697
0.9962153713277075
0.006043245230102912
0.5151080943178385
0.27470686464221217
0.18579059757757932
0.28454670478822663
0.7103899598878343
0.6927216939802747
0.7266760038910434
0.16035989971715026
0.7758196032664273
0.4314911720866803
0.4212562732864171
0.8838710348354653
0.7095957499404904
0.6934229590115137
0.2335548938717693
0.4157963836332783
0.8822567252791487
0.7006062626023777
0.24647012306377292
0.3817902661394328
0.9517290237126872
0.6195568733091932
0.9471920299110934
0.6163909539754968
0.9587782806484029
0.563930733333109
0.9085296796401963
0.6460036071657669
0.5954706140328199
0.4876999679545406
0.28075007791630924
0.6731247453717515
0.05681215992080979
0.6028426405100618
0.9748263944929931
0.061941953987115994
0.5951450951397419
0.4867466260038782
0.2792270305217244
0.6769322423788253
0.5476596271910239
0.8691312275768723
0.3271707016392611
0.5561877368891146
0.8592154678772204
0.8518344915355556
0.8483170952531509
0.8701664124964736
0.8238515467965044
0.7997461020713672
0.996677800983889
0.007319338619709015
0.012947756797075272
0.027486028149724007
0.05307099688798189
0.11680751340463758
0.20797334355302155
0.44100413855630904
0.8504882886190899
0.8737792777828872
0.8145752277050633
0.286438067414565
0.2109681400761474
0.9649203483131714
0.5841145950835198
0.38216144862235524
0.4501953577855602
0.8715821439982392
0.819580270559527
0.7940678541490342
0.45001293084351346
0.8747881864837836
0.31294558057561517
0.5320586545858532
0.32988754255347885
0.011211654637008905
0.01884332881309092
0.046091109164990485
0.07225136511260644
0.1787363229377661
0.8022999301319942
0.9861878119118046
0.02671797014772892
0.05771665368229151
0.10519861662760377
0.22136987023986876
0.42582305206451565
0.9238913087756373
0.6847282719099894
0.03591306190355681
0.5897826547443401
0.9005433630663902
0.7434237172419671
0.6388327305030543
0.5891161078761797
0.9014973923331127
0.7459309585101437
0.635010002180934
0.0797122745134402
0.6362924050190486
0.08096466667484492
0.13734815985662863
0.3428783795970958
0.01731402162113227
0.5426365516614169
0.3149628694227431
0.03543687716592103
0.08859219291480258
0.14863643681746908
0.8715300550102256
0.8192045712494291
0.7957378666615114
0.9480024082295131
0.11024038540199399
0.21260397997684777
0.4684595299186185
0.8288511143182404
0.758924919180572
0.8973043705627788
0.22536688376567326
0.936456424969947
0.158858937502373
0.2695393674366642
0.15822341857710853
0.270538496930385
0.15681487298570573
0.26697608863469213
0.6664630630402826
0.001770788396243006
0.0032062380632851273
0.50703720015008
0.2636256854457315
0.15343562755151652
0.8639656309678685
0.3312965042423457
0.5155085640726611
0.27362932564574294
0.1840733139833901
0.7878635899396613
0.9676884155196603
0.08071791619295254
0.13682825156138279
0.8420074478490278
0.7690048103395384
0.4212074565002695
0.8838291634456255
0.7095347616123036
0.19375867102644406
0.9842722228204366
0.039278419979382306
0.06682386019383557
0.6669170575332828
0.000666546868160367
0.0010153643088415265
0.0025072412681765854
0.00431116230902262
0.5106252573314123
0.26630445750197396
0.6652725628518965
0.5067327187280171
0.2643875290523283
0.6505545403051656
0.6184102931292728
0.45129917035228573
0.3704302623809781
0.07329245281289332
0.6754028331779409
0.5614929153525736
0.8462677110801451
0.8636551077361219
0.8310127669828944
0.7622700468054973
0.9056751093012281
0.7357414162252098
0.15087694083922543
0.8689013454131782
0.8275229845021386
0.30611147635499947
0.23272786152665503
0.9175127728958614
0.6277650031261146
0.06715301310759969
0.6678710868000053
0.0021971637033857405
0.005249243607977405
0.5082401473773643
0.2703560690570157
0.16002054527052678
0.7718159633222967
0.9135997189732734
0.15312971457024105
0.8671687688329257
0.8320756935281679
0.7520241492602509
0.3800523817772046
0.9461016501882114
0.6152146243257448
0.4541351252410095
0.322837808780605
0.04724506242200732
0.11811265046708286
0.20079150039236993
0.4980114439385943
0.7549675651534926
0.38345129205845296
0.9581196823855862
0.5631868741184007
0.9074176701251417
0.6435441753419582
0.605975662387209
0.9836872449086513
0.04023244738345966
0.06932156192488037
0.6704346412734594
0.5100703802308999
0.2673042778042145
0.6676501024339814
0.5024979738227557
0.7542524677701294
0.8853488818567712
0.20360460432129912
0.9460666141530965
0.11514867297955789
0.7042535108048469
0.1981058215314988
0.9851937454659492
0.5251696502382401
0.811947525740834
0.4701301774184685
0.2992228766961489
0.24803654884453863
0.3798988395719789
0.9458408184291329
0.11456970678409562
0.20316846398054622
0.9453868239361327
0.11346165009308606
0.20535734092118219
0.45089333251235075
0.3727666588383727
0.5680783320858609
0.9157392799388617
0.6325258462748025
0.5749048070574645
0.9367613385256846
0.15809470668318681
0.768764052685583
0.42183955971268006
0.3828971625189297
0.9571818706754129
0.06480899511370808
0.16169811884174123
0.2752780119481031
0.1867285966873169
0.2831476330757141
0.7061550915241241
0.2028562575869728
0.9928583577857353
0.5127271303208545
0.27791030923253857
0.17908967807306908
0.8022125642455649
0.4847028451040387
0.773929983843118
0.9348248404276092
0.16029427407192998
0.775735051749507
0.4312503509281669
0.42187396984081715
0.882815015676897
0.7070351512520574
0.18946280289674178
0.47364935735822655
0.30521595070604235
0.7317516306065954
0.168002114049159
0.26375248370459303
0.6514924146176782
0.6209175343974493
0.44755356857785955
0.8610355096461717
0.33959651927580126
0.02600850263843313
0.054760197788709775
0.6056503355503082
0.4827002436213661
0.2926847711787559
0.6901315787399653
0.7228826529171783
0.6820492685947102
0.5409076359355822
0.319544695870718
0.04488444092567079
0.5752841274079401
0.934223959891824
0.16318111133296043
0.27904366730945185
0.6773908254981507
0.5484355980006512
0.871088967716787
0.822273756028153
0.7978718803205993
0.4946596437948756
0.758133335475577
0.39502800605259836
0.9719445280497894
0.5538651477254461
0.8650090666487813
0.8295122427225579
0.2601414428499993
0.14253346910118125
0.8545635339978617
0.3473367398837581
0.6157775382162072
0.4593352029332891
0.8199237064109184
0.793919135001488
0.9526933304441627
0.11802205216372386
0.20102276458055712
0.9974275539861992
0.5039887305756565
0.7598951131221838
0.8919185919221491
0.7285756360797677
0.6573206660395954
0.518299159273738
0.7931080824055243
0.45152020230307244
0.37070930560003035
0.07322663909872063
0.6724021346890368
0.05597414670046419
0.10746083402773365
0.22955882185488008
0.9098294435243588
0.1469784224173054
0.34986788913374767
0.6246582775784191
0.9381099264719523
0.5951546326978132
0.4866655652585905
0.2789185183646623
0.17770304717123508
0.29792963806539774
0.7447617785073817
0.13289170924690552
0.8321682006935589
0.7522821199963801
0.8803992836619727
0.697072840470355
0.24168526934226975
0.3957768130057957
0.4689265868801158
0.297163729701424
0.24286926607601345
0.38792487035971135
0.96572226396529
0.5856923786341213
0.37951903470093384
0.9483073832525406
0.11295565907494165
0.7172855300595984
0.20532319924677722
0.9508071260352153
0.12262328292126767
0.6932737969618756
0.7276913162495475
0.6629492033971474
0.030114593653706834
0.5495894888008479
0.8719974702980835
0.3200063199910801
0.043490044452482834
0.5774731230922043
0.4306667477649171
0.4204147226992063
0.8850211780227255
0.20472915936261415
0.4488345389254391
0.8622863900382072
0.8403776010090951
0.2727741797280032
0.1611831785994582
0.27403619929100387
0.18502660168451257
0.7854803297086619
0.963392547389958
0.5862080954248086
0.40301002710475586
0.4912491850263905
0.2710611541115213
0.15812151605496183
0.2686785912665073
0.17169492784887552
0.25809459248557687
0.6452297663781792
0.09688459491007961
0.7421329873614013
0.1446368943725247
0.845927172282245
0.8646551794954576
0.8285074363229796
0.7587685857142787
0.39602689899038523
0.9705359821091406
0.5500575589830987
0.37416731024859473
0.5643070614605676
0.9095447252038866
0.6475247467460576
0.5992781110398937
0.9936781843134668
0.015437831345479935
0.023905412264866754
0.5593567877367605
0.8515169395541307
0.3711628283490427
0.5685319067270029
0.9211918398214038
0.13403188023949042
0.33484122055233456
0.0065363222965970635
0.013894330768380314
0.02676978535600938
0.5580133080948144
0.35496625225641765
0.09694923623465002
0.2413865135749802
0.39628240786259994
0.9701675692049321
0.04919045144924894
0.12262933017336763
0.6932843262329698
0.22771666807238944
0.9128812945564277
0.655218483414501
0.11192316169035621
0.7153092384687625
0.20975136739434674
0.4443000557657797
0.35799592797411606
0.6039114903833251
0.9706895229173824
0.5498310594994109
0.8745676196413115
0.8133320415799972
0.2830551278893836
0.7064168770157266
0.702219446277013
0.7438219196046703
0.14019325486151502
0.3367721615068149
0.029148053872631863
0.5521146052633412
0.35945814941078424
0.5860652648843825
0.402657557540806
0.4907747383113019
0.7718414927076083
0.41365798411425203
0.9032023026957177
0.7418924682424404
0.14524850074667484
0.3468247831915505
0.6170619568147231
0.9573427230061498
0.06498572969576344
0.16047268742113374
0.7759270427923184
0.43005162419285625
0.918523283151444
0.6400530806859024
0.0872848010621965
0.15473473607562482
0.36314756551291794
0.592130950128194
0.39406179619254544
0.9831987808283884
0.041940781025914475
0.5630962738359813
0.9076794556167442
0.14290688719484024
0.8569614120351616
0.357228053297149
0.10692205821396783
0.23074172929045744
0.9205812366562895
0.6348261613748036
0.07919434161158279
0.13548490012180991
0.8282751687220298
0.758167588908691
0.895098238484934
0.7220576267282013
0.6791675042186398
0.5520802819810342
0.8593877158127725
0.8359642045397777
0.2773952516436111
0.17784786902484484
0.8039145592483692
0.9901750357239507
0.5166963856318034
0.29173987067770213
0.6876425032387488
0.21908610936952755
0.4224709591071587
0.4311157664342318
0.4202571812784299
0.8862466671853326
0.7058501481660642
0.2001417278079316
0.4996151627856307
0.750960156758083
0.3765058449935168
0.9412236342905089
0.599885252508102
0.999712158809416
0.5006840710702818
0.7512171255657449
0.8778136988112237
0.19209284073440358
0.47972879649023525
0.2850458375469316
0.20919650216819718
0.44478218190488406
0.3567639674874954
0.6055253361992072
0.9825239242054522
0.5422091617074329
0.8163364191714209
0.28728383278939873
0.7180697098956443
0.20433617022354156
0.4481420613010414
0.8600821658328641
0.3370912483369466
0.030074538983171806
0.5497525684477296
0.8716946783824824
0.819785310945008
0.794256204389967
0.949257865169784
0.12311413226416335
0.19059592261328362
0.976329540804727
0.05897777620702982
0.1005669073201716
0.24857909441925585
0.3772689566249028
0.9429205018677749
0.603392104501836
0.475894720031647
0.3096069853345398
0.22323591518215835
0.43299894116353244
0.9174582899431698
0.6282092478941195
0.06954272900475189
0.16988923886674456
0.7627767817175481
0.4029545072990004
0.49127286532893777
0.7711502632591873
0.9077334605681244
0.14433172487770207
0.8578595703584142
0.8553319706115872
0.8460325558262412
0.3647751012176741
0.07988345652120188
0.13622874071006663
0.8313021374051459
0.7647774685174227
0.9002201529510785
0.2493256373272743
0.8761975275992882
0.19036554102785885
0.47330394305754453
0.8076456653070636
0.9800313368905336
0.5340423836896662
0.8328476508904714
0.25368891141260974
0.131277294625761
0.8280557873076759
0.8048605316434987
0.9807590553537011
0.5456475192040671
0.8224007900280412
0.2981850342475809
0.7441611386893783
0.6338212656846736
0.5845522090385202
0.8812402522016782
0.2030882299586665
0.9922774879087228
0.011859514255775139
0.5296468481246848
0.8003945909149479
0.498993257060647
0.7524877497926354
0.8792662495106924
0.197828557662433
0.9847981246130075
0.02433257404481992
0.0601810140942689
0.5991826842946466
0.9940503859543242
0.514788095257245
0.27525124975363724
0.18687185694579966
0.7823296648566611
0.955793583765626
0.5743822688527871
0.9357942031638231
0.1597967319539748
0.27204660870484076
0.16253454735851847
0.7811635100224521
0.4220201728749089
0.9300503129779827
0.1685246538836509
0.2650591303827241
0.649789911985863
0.12349055334925652
0.19123355858027935
0.4748998982831836
0.8122492614202201
0.9693743128154892
0.04793747790972702
0.6197749604762066
0.9454334949550685
0.11346704146126285
0.20554045788594522
0.9509848963934928
0.6225377043301705
0.9416820903134067
0.10420502742636018
0.7189452428428922
0.6723624811565969
0.5554216165619437
0.8573030778497923
0.3566354888898786
0.10642755459412001
0.7339291083335411
0.6648701310623437
0.005671351362252608
0.5092551873531193
0.2717646764649544
0.1637812884291634
0.2780445287353359
0.6789119665918406
0.5526856892392971
0.3604732734384015
0.5885629088734277
0.3986526494845748
0.9965095496736467
0.5067730003793258
0.7643156139820348
0.40041305706836283
0.993199146934785
0.5142478613124695
0.7757817129022442
0.9316340734367259
0.6709125712513924
0.009302902995841578
0.5232477058307268
0.28562691539991647
0.7136667266604491
0.21186589053831995
0.4664271160727367
0.8339297063066624
0.751081524475012
0.8776656120317057
0.6915624065732118
0.7287813614238985
0.15787324542179704
0.26907276012934744
0.6707018787274137
0.01073763900785707
0.5161246491770726
0.7903004990657791
0.9435246768116485
0.10865403641946614
0.22768976644147187
0.41295152792008594
0.9051204647694249
0.23707674906472676
0.9032378378615249
0.241828723665094
0.8950924378295895
0.22210584656568244
0.4291103722353
0.42714384145801887
0.9223365051147994
0.18047159357229248
0.29491356867947616
0.20021552476100624
0.4966134865535423
0.7571578423376195
0.8877065779524855
0.7153494660160504
0.2102486647781916
0.44257898049545474
0.35253690875833854
0.599126478045946
0.9939056337461807
0.5150375218363479
0.27487566354102455
0.18584638516767882
0.7848902712285053
0.45963167888112366
0.8183881082804874
0.7959473825467285
0.4468985065468587
0.8671280107519124
0.33212656728574075
0.0021878343541175127
0.005271161091513932
0.008275949687231332
0.020318118884461
0.535139697662089
0.33402453328017145
0.5068981429212727
0.2633389582624659
0.6538282860419713
0.11502372921677306
0.20455140600097366
0.9475753125152551
0.610881014552433
0.4646642308216542
0.8381713785929605
0.7751159460458439
0.4372101199114695
0.9069291023188271
0.6418344000121579
0.10438761624391191
0.7194648909207899
0.6730174540716689
0.5573855630354956
0.3524443524365779
0.09935686303651892
0.7437953269982245
0.6402293943683617
0.08690147259039804
0.153836246317951
0.8650431732239667
0.32957912984420545
0.01002875721314922
0.01725590616115369
0.5424912667367607
0.3152037129329983
0.03605615673586726
0.08948607253842056
0.15096055052708834
0.3675555826048367
0.5751372275117319
0.9371105587342754
0.6572233225160744
0.5170969727332704
0.292737303476315
0.6898462506651413
0.7246002473402768
0.1806868809799198
0.7954446531366557
0.9475958886614535
0.11086438517668284
0.7146603257860988
0.21334887240664102
0.9626934652915224
0.5932561424269807
0.8918546352069825
0.7286587570852134
0.6575690569879953
0.5176981222175527
0.7941334797942545
0.45017264381749555
0.8745464409876149
0.31331910577137023
0.5329825601656921
0.3314792416058481
0.515049742301926
0.2748069720400963
0.18602944479789585
0.2849207105464302
0.7093720877019223
0.6952880109311081
0.23052935919258744
0.42001425294438377
0.8859728194365744
0.2069351726968307
0.9514113752520643
0.6204946844954975
0.4486868451349437
0.8626228689681739
0.8428321777901147
0.26718701436766423
0.1679622905794531
0.25196734501514584
0.6299082292825915
0.07085430214647204
0.1771051386022009
0.2969803664891515
0.24241235188674182
0.3871178009430878
0.9676722639414947
0.08078112604562193
0.13688933808589354
0.34209901178837754
0.01926401408854872
0.04558988247299567
0.07230265336693265
0.6729419777402654
0.05726907411008142
0.6016660073946696
0.9728845007484779
0.5570459607697558
0.8533998122438788
0.8507827236608136
0.3730426913534757
0.06739327157265507
0.6645665947289672
0.5051664253114723
0.25800176948541775
0.6450041163770948
0.5964739591872785
0.9892012399213854
0.019145060825394467
0.5458713651751168
0.3228063276037574
0.547232226934284
0.36775816584122367
0.07556911039864644
0.18403251268318854
0.7879621361789759
0.46759346505859867
0.8308479433471803
0.26266285151359625
0.15584286878583953
0.36023010636563413
0.08758650653180666
0.6559779431554489
0.11003509809961542
0.21196201312704943
0.9674050085886847
0.08051067381165922
0.13852867984678596
0.3411630321643315
0.5196505308558699
0.7833907006424852
0.9584760966245085
0.5627780711802188
0.9069432104297448
0.1417910667078104
0.8544752062007319
0.34427975094877183
0.6106598753249273
0.4629280017397832
0.33700368882273324
0.02992728614481166
0.04892023353022523
0.6223005093052052
0.4422859605983831
0.8552187524328474
0.3463281186122913
0.11336622334783897
0.2052295183239039
0.9505482950189617
0.12118274922249839
0.19350056487019174
0.9837361520912964
0.04015083026024513
0.5690469664114062
0.9201140594959725
0.1362226338533219
0.8313183403515723
0.26480371289653704
0.6501663119706791
0.6244239282095805
0.4388638554082718
0.34616778741474263
0.11504928141948767
0.704564219515305
0.19756396062439308
0.4860666332242545
0.27702091456740163
0.1821406290109735
0.7893359101435635
0.4420644996280316
0.3545507781673223
0.5972637246595696
0.4912060674687382
0.2719809830596205
0.1623737065528985
0.780915029667085
0.4223803473287262
0.9309494229091797
0.17010872755781747
0.7612058421364054
0.8938591931655537
0.23361324588768184
0.4159420857904479
0.8820159111055546
0.7009651259868406
0.24752611253643408
0.3792315487808082
0.44775462022516876
0.8596202154294588
0.8365505385445431
0.7783859156479593
0.42643350904108956
0.9248066928994376
0.187016701529501
0.7819909447862301
0.45497670900658704
0.3234572581714019
0.5507085751160048
0.37322850251803175
0.5657080380769912
0.9132903283752967
0.15424303486361168
0.8643615971959662
0.32884198147803545
0.5089497310109437
0.2722213820379693
0.1629752918961458
0.27998546135495417
0.17402370835770853
0.8100553816766478
0.9729071386391297
0.5572640277387109
0.8516517038806342
0.8477991456747986
0.8694775389740244
0.8218862284848001
0.3046544168028049
0.7383615718863439
0.6427025157026947
0.10675613096100278
0.7305079707293771
0.16998940851772204
0.2609088755270932
0.14429756079334766
0.3578038879786618
0.605447215057211
0.9707397339807358
0.051849334908183664
0.11000068610883318
0.712013373238733
0.7175029080244713
0.20525599544635043
0.4504778539703693
0.3712813048332464
0.06882763493922539
0.6716647294233553
0.008261465176474303
0.020331320556579158
0.5349566088116262
0.834421183593804
0.25767617908422835
0.13704929529922083
0.342308495688485
0.017880256578791887
0.044654826662736014
0.5758629176416434
0.4350949142826721
0.9119559588725679
0.6496752036619
0.1232102470821701
0.1906769083288964
0.9757155506813433
0.06037535489303991
0.09893641315284185
0.7424045756051783
0.6371373643924017
0.5927034490450751
0.893240419914946
0.7305219968839083
0.670032740017632
0.5109430559969041
0.7694817200826947
0.42004219026421197
0.38592841365607455
0.957007563469233
0.07623079323093407
0.6827139132947195
0.542717393807834
0.8150757910334505
0.7852474733954296
0.9630285389430355
0.08725878410041332
0.15439446549862623
0.3625483657233417
0.593628667993471
0.3908099512627814
0.47702327847946435
0.785941862326581
0.9648327210452408
0.5879086604400072
0.8994566429464612
0.24861061284900643
0.8773743581259623
0.6932828245626297
0.7276694024330936
0.162922867864836
0.2800297942303587
0.17468384566018358
0.30926725050085224
0.2258047661744058
0.43547851010225713
0.9112973542651162
0.6491845468699466
0.6229486514348537
0.44262553020962514
0.35241915681399405
0.5993095958838239
0.49387504541664384
0.2652967294852715
0.14895292129949667
0.872366726747714
0.8166415998421144
0.2914037271402776
0.6894288768526167
0.22173921987996437
0.9292945245979354
0.6767484296287876
0.5503151648445055
0.37381475951406173
0.06539229085319676
0.6607341407798231
0.02675351480138488
0.5580755625269376
0.35478315578075126
0.5969187969167251
0.992073231813265
0.019733710447326303
0.03363294492010027
0.08383582771057263
0.1263374354748521
0.8145236884010956
0.7863073560583871
0.4617209789576009
0.8417833739076741
0.7705338159576058
0.9067947068542708
0.1419484618527349
0.8536094432638492
0.34496110811596736
0.6121989212406334
0.965555896575097
0.5851136612473056
0.3806308314378839
0.4466939902922604
0.3656058219494298
0.5858843543683179
0.37901750672608614
0.9474668730981648
0.6107936476182658
0.9632500151346903
0.08747660589870065
0.15618641109904274
0.3595314538979437
0.08620654579135589
0.6530086562561337
0.6162557113275398
0.9585672494431492
0.06437727512093261
0.1593559605826158
0.7732369941077195
0.9105962615576573
0.6512417353224009
0.11798746316344477
0.7009723699884489
0.24750803955248557
0.8792576951382216
0.19783906085649505
0.48477000105776824
0.2744021143298596
0.6850884453160688
0.03691219139727764
0.5873974847199861
0.9045493472658563
0.23793521252810024
0.9048775329429191
0.23680289380718023
0.4040787367266603
0.9896804320451338
0.016033050342230126
0.5399192042241339
0.8180594870646019
0.29075033726985566
0.1949837769207079
0.9809849026496522
0.5461930615711026
0.3215214344090782
0.5536179759947117
0.8659537183702923
0.8341347804525867
0.7571923407667782
0.3877732350374572
0.9654652506287675
0.0850398315815255
0.13050478341756389
0.3218672633811366
0.05458423474919982
0.613508895447012
0.4554845772800036
0.826051225682022
0.30975558000500314
0.2236076987173874
0.9331603065948002
0.6668546234141104
0.0008319678599946201
0.0018052591185551137
0.5032917218341026
0.7569074140919838
0.3883520247472916
0.46636339963879436
0.833845452812966
0.7513232327182777
0.8770473166368902
0.6926163842726965
0.7274357103451621
0.6618486100342125
0.02506486457423307
0.5620135128265247
0.3444854765839409
0.11121367666055448
0.7140617482946254
0.21484187070745975
0.46289353381143883
0.8369213333644439
0.27979749589576386
0.17410239946912043
0.810227384819882
0.47417595153092407
0.30650309260818176
0.23374220138066448
0.9151352341286838
0.6315877593879122
0.576303878769977
0.9329394167289138
0.6670028693333734
0.5034370402281638
0.7566356708412059
0.8895979002118111
0.7134890742891002
0.7113941033312585
0.715655286971014
0.21070534078171477
0.441802413755795
0.3544782586104702
0.09426353688468225
0.7356508179218508
0.15061897377017885
0.3685697080218233
0.5765439257083926
0.9335472024104092
0.16613194919773377
0.7511740319896489
0.8779235791007522
0.19190977772814222
0.9797592432587408
0.5343590300180949
0.33572970784734935
0.5043632571469061
0.26057620224310085
0.6413680261175614
0.6034123388817534
0.4758136183663737
0.3104650003660936
0.2237561684451066
0.43048297878704034
0.4197132073750254
0.38814639099291526
0.4651770753262099
0.33449343786924146
0.006135405245004222
0.5153373208886478
0.7741218699666206
0.43481250389595516
0.4110155846574344
0.9020468526578043
0.24486259897821583
0.8829503781162202
0.7073759415943641
0.6900390735536348
0.7231444346252829
0.18237328217946924
0.7899173563346267
0.9430551058903802
0.10324251450947486
0.7262458254990634
0.6841412559733726
0.03842470434028655
0.09093468851642683
0.14522186809335835
0.8468649460119195
0.8671623582486063
0.8320861744286958
0.2520598341070581
0.1301042857230641
0.321201723680133
0.05239380802959204
0.11095496406778693
0.21479532099328935
0.46300978993531317
0.8371043884544633
0.7802552483626641
0.9243618714390323
0.6839070871646982
0.5376485398737714
0.3421479186217766
0.019127120642224327
0.5458034429466352
0.3229894423566293
0.04701856293831952
0.6175292374682613
0.44982865382917225
0.8744514446007088
0.8138141584058758
0.2833128057536669
0.7082209789950866
0.6884315325587522
0.7202853730414063
0.17571170409792103
0.8107201433740556
0.9719710701901931
0.05395110833342187
0.6151221080508549
0.9543015246454161
0.07319217792246491
0.1724728067056276
0.30611883584060706
0.23274977575056255
0.41748453106265515
0.877695701259654
0.6922760959132574
0.230201953148935
0.40884818011545576
0.39455696381628513
0.9707570904865861
0.5518621490627993
0.8600888125074562
0.3370807446190156
0.5300397182872985
0.7996985178033356
0.49680429211002775
0.2569948220043443
0.6384567968489137
0.5912359300418757
0.3949570498079993
0.9715917498397175
0.051413006643997505
0.6124037325498648
0.4685023871716112
0.8287416476523504
0.7588639007590245
0.39715176401659846
0.9746498863678426
0.5615861722326372
0.8453707263397519
0.36281521202181466
0.09256463014753535
0.14351713357609697
0.8560461475863121
0.858784060983453
0.8529993129195645
0.8499035642889794
0.3747432558448054
0.5631379705446307
0.9073405904055107
0.14326946003711782
0.8556553154194262
0.3578859043191187
0.6052841364580672
0.971164598246105
0.552541935670888
0.8608317070757039
0.8381551066413522
0.7750549414486159
0.43702699276036583
0.407020606653532
0.39252096923883073
0.47959343370166607
0.2848827882553451
0.709642539935885
0.6934178656665608
0.23349381817388348
0.9157657878531609
0.13245492745772935
0.8247896240791306
0.8118958207487594
0.47016888041980565
0.799187173251994
0.9976318039407488
0.0057982595753856
0.008941776381107047
0.5222323659691028
0.28800254774978384
0.7174123298318591
0.7051469059078954
0.20036715973401442
0.4968743146455381
0.2578103985870257
0.636723943578545
0.09180485212709755
0.14357431273674592
0.3589204632153269
0.10237832911661826
0.7243703020212706
0.6810379345552064
0.04536827385891229
0.07403767184587196
0.17410785125684924
0.8102646204060875
0.9743309834157117
0.5563565539196134
0.35907680590753444
0.10227685171412304
0.22379742565681227
0.930434666632209
0.6698239707620814
0.012937566585605964
0.5282011400850024
0.8043895633309148
0.9889954547979869
0.5187222704989836
0.296639140433399
0.1956987778248731
0.989227831363678
0.5190900862507988
0.7957710177579429
0.44806859659729525
0.8601599079265725
0.3378806959372014
0.5302905075950548
0.29838108803960495
0.2459143452870194
0.8850461929105222
0.7048029823054094
0.698930044163717
0.7370092000346631
0.15257384339929558
0.8656255338573828
0.8359310837404337
0.2539197564474307
0.6347916422819253
0.5791579934884794
0.38535671727731824
0.9535851303953677
0.5710962229932193
0.9277205004182179
0.17287671167287044
0.8071838120522443
0.47691337767173536
0.28574388480046764
0.7143290454114322
0.7141673101868946
0.7140886743727606
0.7147563794860616
0.21303839990287088
0.9622731881390791
0.09187071432825178
0.14373438333859667
0.35916798989637755
0.10201898912782781
0.7234669004392345
0.683362055773614
0.541409122175537
0.3144449870742392
0.034200032270746306
0.585479736851994
0.37971496710088104
0.94898224103963
0.6117134148371406
0.4667682733852416
0.8330583778442815
0.7505956062523182
0.37642797554144636
0.9397869302483741
0.09913924618740566
0.7439418654539622
0.14008415199350566
0.33727044955594465
0.5293748255062383
0.7999378704698756
0.9998346477223095
0.0002560238935984671
0.0006397412216756493
0.5010860372567549
0.25265211108489893
0.12911186038400047
0.8226976346049923
0.298686512716813
0.2454555235162843
0.8858536796760745
0.706744808005169
0.20185719351866283
0.9943794996943325
0.5091646084620152
0.7719340002222452
0.4138844799308572
0.40262604027520865
0.9909095807815902
0.5217075452092104
0.28848363825818524
0.7162042093405034
0.707500766206067
0.1902299411012791
0.47358166993944906
0.3082137733872514
0.22945777318091132
0.9068242573412135
0.6419919639301952
0.6040020804503001
0.4704619691474363
0.8001783599029295
0.999462413310539
0.5013415777939372
0.25201619270956144
0.630040481541073
0.5710678625036962
0.4276696261949837
0.9230100952554494
0.682403006736422
0.5399640861724038
0.8180489083460998
0.29056727373972535
0.6951363759581
0.2307558550091926
0.9206052897498012
0.635009258548962
0.5794690408220049
0.8851947875809856
0.7049303271342069
0.19860128048458137
0.9873784414958209
0.5309410373738501
0.797399570379639
0.4934989072207827
0.2636887672706507
0.6514088801050093
0.6206690833787434
0.44815463916165754
0.8600106115627568
0.33703019854146987
0.5299829750438221
0.2990659992210567
0.7474502816330642
0.1293601281067822
0.8230840546311811
0.7976315350679215
0.4940778827876784
0.764804308913881
0.4001687555864919
0.4994250310701318
0.7513663734134752
0.3774386706936639
0.4431198371166829
0.3529165342915803
0.6000542446272448
0.4998300409351941
0.250302752800053
0.1257060240895953
0.8136544646404218
0.28397400630638003
0.7079511217307299
0.1910203526786063
0.9755583825754002
0.5610883057524916
0.8460585324210115
0.864825256401673
0.8299708558770362
0.260948929033475
0.14449878741288558
0.3575030014908407
0.10461489448789507
0.2224741005920805
0.4280114214925561
0.4294016462517902
0.926455155655276
0.6750222232076339
0.06243345787515864
0.09391158688231371
0.7346252524002921
0.649063011398539
0.12215444576577283
0.6920437089866027
0.2296056132472586
0.9098726855881978
0.147161506669363
0.8498373604088556
0.37442931928671896
0.5638503978261724
0.40864182272343896
0.3963604161690455
0.47003463134751655
0.29886587511282414
0.7471588861080818
0.12953919445862994
0.3233382446633186
0.05053251559729688
0.623668472544523
0.9395317465241533
0.09876809257548302
0.24300896766362712
0.3884468734904658
0.46621911207330413
0.33241773437475786
0.5028993085434195
0.7544406389934011
0.8861013560090214
0.7061285596864764
0.7028163117647637
0.7427125380781945
0.6380293993861414
0.08986238355282694
0.1465290454798378
0.3506572464539204
0.12272730970289558
0.19292607199167833
0.47837793533108197
0.2884301616286393
0.21591721134609543
0.957757933618268
0.06556610245024785
0.16390377454808913
0.7776183219102677
0.42839064361760393
0.9277881138550583
0.17881452434812672
0.8024744538706727
0.9860013651195914
0.5268612621875945
0.8073875299014617
0.4774415805877652
0.2868647165305447
0.21252567882766016
0.9683247162611224
0.5790148783707991
0.3844229901151266
0.46056859611417167
0.3173263545904774
0.04258346272399649
0.06540108434273861
0.6606950880668592
0.5267186458222568
0.3077023483638186
0.23013138206442818
0.4088014504814055
0.3949885011825245
0.47151312200003304
0.30152322398498654
0.7381754305679351
0.15452057696529664
0.8627018176484853
0.8431557502190117
0.2670685861085076
0.16629762103548273
0.2516753511445131
0.12862316748942249
0.8190362470049877
0.2951444419741165
0.19864506207522936
0.9877012792858295
0.5307467998354696
0.2981191720464267
0.7443213247752283
0.6340678088890854
0.5841929554298986
0.8822862802480813
0.2005276235868223
0.49611551364068873
0.2558963795308955
0.6397390216880012
0.5875420794764068
0.9058650100487284
0.7353350878111087
0.1499425767106004
0.37481811668840237
0.0627767599071376
0.15694183969753794
0.766785017127404
0.41696222746395506
0.375535374507308
0.9388374825939536
0.5957735716656316
0.9894326476787683
0.016408019058872014
0.04100094412569888
0.5693602406536229
0.41949299816042185
0.8885228098370135
0.7161776854482014
0.7071134259167593
0.6895821118960157
0.22395050906925462
0.929745504836319
0.16806773969437927
0.26391267258441076
0.6517398449068423
0.6205586412106641
0.44860336650162935
0.8623735238797963
0.8434336607169826
0.26616163199651055
0.16540169567451812
0.7559264934388921
0.889816230366705
0.212654217495583
0.46815893932944164
0.8295616268587764
0.26006117422366515
0.6423199036216829
0.6051281929539982
0.9713065619871486
0.051221013854956254
0.6121795790677425
0.9656446308945306
0.5857357596978545
0.37934762754593976
0.448115149338264
0.8601769872766454
0.3376976076688152
0.030748349527129903
0.5481214966857806
0.3693195065425243
0.07157414170796983
0.6779181214806158
0.5541697076696437
0.8645502153085545
0.8283657849242445
0.25818519276799634
0.6454610305663664
0.5972849025565665
0.9911579667823389
0.5220840720867272
0.7875555086066015
0.9685807046480477
0.5784261666995008
0.8835243668581825
0.20816218003164977
0.4382508608396165
0.8456258831720334
0.36243583203759044
0.5935895679867826
0.3908733709831722
0.9771832558617461
0.03620972376666032
0.5865565304120537
0.9034030426410027
0.7388974453788251
0.14363033036352135
0.8590631891274825
0.8520951891259756
0.348947916587349
0.6172350895067211
0.9493362836656161
0.6232413181569427
0.4409048235102091
0.35085817088838667
0.6222422746359371
0.44218686647946015
0.8554652588500176
0.34570934940711595
0.11427145765628666
0.20363972656195983
0.44658914519823156
0.36545564894913696
0.08536151584121399
0.6302739024686161
0.5707942541048396
0.9265278436650988
0.1756847741198726
0.31078413061914034
0.22205917647806928
0.4291660142771434
0.42708281477098353
0.421878760040272
0.92969331893255
0.1679832675436046
0.7636966055433732
0.40142742672469467
0.9956986964098178
0.5107301620882936
0.26614328497089446
0.6653302578488365
0.00609781508683227
0.515023266634671
0.7748628497356549
0.9358581598789897
0.15971373108914122
0.2722854852618184
0.16289144751499407
0.7802601754956413
0.4243442864099052
0.4338883387099486
0.4128301110176835
0.40444815799128264
0.9876576202805154
0.5303623026120476
0.2984817413962446
0.7457007824850734
0.6357327546575107
0.07863543264102191
0.13406935863895342
0.3341914654884022
0.007292627968126908
0.5130184297449887
0.2773559403431136
0.17776484991190955
0.3037567860155832
0.23986071001854725
0.8925288083846681
0.7296130342292599
0.15985317848389968
0.2721914791909512
0.16228520227014087
0.780560089944629
0.4230493848444894
0.9326109078829177
0.6645644959062338
0.005153610400157049
0.507989996636752
0.26981468487065285
0.6588811801630072
0.019758712907787412
0.033609657402848825
0.5838639017601963
0.8761630624649115
0.6904057038482279
0.22320449017570354
0.9329555694712326
0.667103572486667
0.5036200975300744
0.25654421871877275
0.13891145036905073
0.8392448064114433
0.2768116880906746
0.6829348976607434
0.04205022397218272
0.06601701534236781
0.6630824616004247
0.5297914468392264
0.7990860843565315
0.9977071447356138
0.005487839138368145
0.5097140091238543
0.2725746065552812
0.16182515761465766
0.7750864588888362
0.9372278212977108
0.1569104190566577
0.2666499623155687
0.16662299784366041
0.25043458078289405
0.6258361105865333
0.5643150197865907
0.9095247108780313
0.14755960283218883
0.8493626720446628
0.3687782596098259
0.5777073677745648
0.4305888533126563
0.9196117817191407
0.6382224710832816
0.5916194099700078
0.39579117760877125
0.46893961311434396
0.2973468776908703
0.7429609268729109
0.638611324102385
0.5909130685031414
0.39525046761264093
0.4718297599465586
0.8045540746825282
0.4886037265241612
0.268079140514601
0.6682396885298658
0.514333962550154
0.7754434362868778
0.930776063061785
0.6706088545615785
0.009956954221706837
0.01707977379555814
0.5412753590208013
0.8141256544913631
0.284673158894293
0.7097247649799101
0.1942335094208829
0.48312710618483834
0.2911904029606376
0.1887714097974822
0.47093273437349126
0.8021487267396878
0.4848625580780208
0.7741717293392867
0.9354278779646847
0.16132347859092988
0.7743951596785337
0.9351027506927494
0.16193746103090234
0.7747065070434473
0.935787319263909
0.659551800810732
0.02290293909027241
0.536492637329502
0.8360121161676943
0.7775224654760677
0.4280199778440874
0.42938548015081324
0.4264900451526046
0.924985823687166
0.6872912997205276
0.5317008732527029
0.8289470060262829
0.7595416639524046
0.39785840225522406
0.4740161060472019
0.80515590266441
0.4812353708257433
0.2968352677708026
0.195380716904765
0.9884460429602768
0.017837519466411322
0.04457855990040116
0.5758018683700357
0.9354915943986271
0.1612387491913978
0.7741485862061381
0.934730119566666
0.16091625098488294
0.7772747425769921
0.4318128454615362
0.9153322247148026
0.13110303072608076
0.8275158601754811
0.306093365594279
0.7327625911857467
0.6675950688077137
0.002880335523514077
0.5045152913371567
0.7611714031372685
0.393895302870078
0.4835136193141807
0.29072373622329906
0.6950656555418391
0.7310836370743345
0.6709708059206605
0.009447297576116398
0.523007815994788
0.2859843815676868
0.7147165320347995
0.21320388271124102
0.9624527032719925
0.5936164696177002
0.8909588258829899
0.7270689613651484
0.1614224034419749
0.7736287295119837
0.9340718238090631
0.16285724221961573
0.2801899803162087
0.17444302450167015
0.30866615384002216
0.22477925714338198
0.43682607254595496
0.40744400408584625
0.8934879399021156
0.7311182185076177
0.1709046771575231
0.7592909954837523
0.898219620634336
0.7230785724241287
0.18253400750108995
0.7896785021293908
0.9424526087532286
0.10222509669256397
0.7236852230853401
0.18028886552201584
0.2943939501710702
0.19953147933119908
0.49857724682078697
0.2522719668922946
0.6304278477909975
0.0721233076765202
0.17904750825255178
0.8018661841924768
0.4850726908771321
0.7746228111791424
0.9364859717315994
0.6587803022121079
0.01991745363920927
0.034152592997998
0.08257188904099166
0.1282870703143999
0.31941808544797823
0.5445626654836815
0.825757046812214
0.8104825332702603
0.47379239270230755
0.8054475915560033
0.4823498979094438
0.7941163144714665
0.45001147128641605
0.8749713012948632
0.8125487738579977
0.2813719327969011
0.2033084468857851
0.9457708396657836
0.11406085058115423
0.20702581421937793
0.451181172800716
0.8701397193071898
0.3237653393880464
0.549647723470116
0.8718523017887492
0.3202471714175772
0.043132071412401274
0.5764190038316883
0.43323500955011696
0.9165766243240796
0.6254259355482645
0.0633869783487171
0.15785709337797016
0.26913525856798515
0.6708850016293582
0.510279797075782
0.26592623826581985
0.6647742449422367
0.005036875139921904
0.008563824696466327
0.021406462299637496
0.03235982469050214
0.08088936933199875
0.637462728220271
0.5936567311582621
0.8908572160289623
0.7269585189642385
0.1611186408845242
0.7768810625129845
0.43242719647241756
0.9150218239228707
0.13041418546345085
0.3220947128138505
0.5540160786767956
0.8644715182599612
0.8290254154708236
0.7594531675858889
0.39799173214123584
0.4734643780393526
0.8084044062416069
0.9789870397071354
0.533000502444338
0.3314846369321458
0.5149886666040402
0.7745322132250294
0.9362280009954702
0.15843340591527522
0.27089913527015597
0.6567320959293284
0.016372466809116304
0.04091685445746407
0.06957714175223373
0.6698070855054539
0.5128904205048457
0.2783197207318153
0.1792006003379356
0.8015159250062425
0.48816451357561164
0.27948941467911936
0.1752846046583727
0.3117884731036611
0.7198802440252621
0.6745785248640459
0.559491035179235
0.3512113756441977
0.12166623558732681
0.6947295196878258
0.7319252468005288
0.6682337576930877
0.5143138853018172
0.275408735498786
0.6807065224274993
0.045485769893275574
0.5726863982272334
0.4237508468795568
0.9327493469463661
0.6678012710472103
0.5022058047470637
0.2555137367453426
0.6343707361957058
0.08592527123983018
0.628936574124964
0.5723118714231532
0.9229667308973148
0.6823252708127256
0.5393040103954263
0.3167771289590746
0.5419423306593671
0.31309764468460344
0.03268055824446492
0.5804043984098826
0.8881904523877893
0.21656606617034413
0.9584017103770748
0.5629773895198014
0.9070009092683904
0.6425013096886687
0.10462314676260576
0.22249417458078824
0.9279852992331143
0.17933437071042135
0.30135889680241235
0.2376915950444527
0.405732865241589
0.48564494488528
0.775633414828917
0.43103254021843895
0.9203547864162829
0.1365748417447321
0.33042025260510854
0.013303882587933913
0.5292390116956085
0.3018560981436167
0.2351051311707124
0.3995418501435779
0.998848923103651
0.002737542090471834
0.004873544297879562
0.5112530743645038
0.76834554359084
0.9189102559466846
0.6402243594639003
0.08681700078886934
0.6540464721038006
0.11488191230455413
0.20467746365466155
0.949121656594798
0.6115660415089224
0.9662001688557211
0.08248494056169875
0.627772003703285
0.06716157542541623
0.16790393856354058
0.252111500245519
0.6301566803012975
0.07048202399164438
0.17608203599229455
0.2995409725699574
0.7462494965875521
0.13112565930350684
0.8277949555485975
0.3051997965667397
0.7317493349546567
0.16818518153741024
0.7640882553241681
0.40227077854797244
0.9943230531644076
0.5090648586919997
0.7716855790058617
0.4135251406405587
0.4036858965991996
0.9883432561473455
0.017733138462062925
0.04420883845887147
0.5743737768789288
0.9358104251441546
0.659823035588488
0.021992200432578102
0.5373866691952571
0.34346475821803324
0.016299957438604906
0.540259012079332
0.3192730756709352
0.5455657300190069
0.32228834845591336
0.5478861870360561
0.36971543659456074
0.5707017566310242
0.42675424259505235
0.42529930066666566
0.4362927329202648
0.40908350874087773
0.3952597359602805
0.47181159755564295
0.3045211211720016
0.23853665983187966
0.8932059206126723
0.23057335792691447
0.9201485841767862
0.6361519618367311
0.5814338217605837
0.3901041620410979
0.9622395897749811
0.5917968961002771
0.8935547229193617
0.23388680731295608
0.9147950575861614
0.1307376433396712
0.32147273659938946
0.5536818396358285
0.8657705959922168
0.33434836255037226
0.007390513084828854
0.012613081838935614
0.030890881782397628
0.04743710195180029
0.11858786729862913
0.2015752583683934
0.9960008039779495
0.009996738284826279
0.016995927318930626
0.041494167409837246
0.06422564154490829
0.15958627103827894
0.27282858022954315
0.6615636371425353
0.023779278446454555
0.05920405060169287
0.6010132936644368
0.49740620650118217
0.7540134837327059
0.3849724308238365
0.9545572736824397
0.07259118024376221
0.6733399123768322
0.058349780447315425
0.10388212345424108
0.720642793137813
0.6748973427165765
0.5622433279349934
0.8443878523539752
0.8604657928517554
0.3385814923385624
0.02362339268438518
0.059055978315882385
0.10039810760645196
0.24900395606528036
0.8774747168936301
0.1917311452270951
0.9790068138099741
0.031501407735049725
0.07874770043417811
0.13388024526648223
0.3346109063131735
0.5059600693057291
0.26486957509769127
0.6503259644086938
0.6241822129813954
0.43923929167794995
0.34709208030835725
0.11663144768681377
0.20841756596928462
0.43787910262471996
0.3446939416171517
0.11092133630882017
0.7147220345505048
0.7130742711888161
0.7123731779283844
0.217089060053695
0.45678514897008426
0.3267870969721116
0.5567099879554007
0.8527118388155941
0.35038830040139146
0.12401762598892674
0.1899559349694755
0.9729250895034056
0.05731129308696836
0.10159481217851862
0.22273559737368487
0.9317779489501845
0.16536713554523885
0.25588609965052456
0.6396999707794748
0.08751591324107721
0.1562096146226395
0.8594375767861493
0.8360938625410199
0.7776089315593708
0.4283820701239165
0.4277627636620309
0.42876188197988085
0.42735327492118813
0.4237909015500918
0.9327064310782589
0.6676234094193205
0.002534112398279831
0.5043820811260957
0.7605253276124131
0.39153240504674613
0.978200237150304
0.5386201746005099
0.8406910608755425
0.7732666012307163
0.4104614228126593
0.9010925365437288
0.24235535829211585
0.8870163250539917
0.21751027085701935
0.9552441803098191
0.07545012919581495
0.6837348761910107
0.5374584614182822
0.34336383565096185
0.5165745559788775
0.7905793627724051
0.9451811998442281
0.10579638913623057
0.7329147945565637
0.6662710481905378
0.001604330143891275
0.0035225441097281873
0.006818401248892769
0.5142039921774995
0.7757082793395966
0.9312101666873787
0.1717291610839311
0.7581764999777079
0.8950858498283196
0.22208578008576296
0.9290841058536898
0.17719764611683786
0.2972383372252807
0.7427439968450926
0.1381042497814633
0.34022520543658175
0.022422813810408115
0.03768545249477029
0.0921841582749039
0.14450763689819723
0.35748089995468035
0.6045887283107731
0.9724053462559823
0.053357740194769576
0.6153236331301741
0.46010397415375337
0.8182077639212366
0.29039245640160516
0.693447445781203
0.7335420774470549
0.6658691879129037
0.007202028267784044
0.5127566480368841
0.777985129825538
0.42872747272485867
0.9272861708013806
0.17364602992893197
0.8078943263972178
0.9796948401199188
0.035097844374831766
0.08408058932400309
0.6320759915688541
0.5760600177454762
0.4347688624984585
0.9110798662004527
0.15196685126284137
0.37007517940946855
0.07087528263218701
0.17718047939706594
0.297283161256928
0.7430439277377445
0.6383715157571714
0.5915304409572855
0.3961538691946771
0.4702380646194797
0.3005949192738626
0.24851174431387335
0.37872063886607066
0.9438210184744094
0.10918633002438582
0.7270290914457291
0.16092504459084012
0.777312601567246
0.9317178950586822
0.16517120244679973
0.25666842467035167
0.1394125221122522
0.8387655619881116
0.7741397328791209
0.9347387419547886
0.6609434740676079
0.5273269074095879
0.806682135356823
0.4776027755870018
0.28775499330367893
0.7168231340474449
0.20611079718219116
0.45273662082036026
0.36813915573293343
0.5757381519360933
0.9354085329978261
0.1614786096906755
0.7735295161837712
0.9338233727903571
0.16250031715026125
0.2812492033408489
0.17187667402322404
0.8046907263633329
0.48047586224856786
0.29493457372882403
0.19826892740093172
0.48784455319400877
0.7801429246901534
0.9246424199664034
0.6843274816637859
0.038942400336964056
0.5900317784689832
0.8969505122804549
0.2263545260648243
0.4340450127783697
0.41293219724320807
0.40504735708236694
0.9872251451015472
0.5279688686423469
0.8037960753717925
0.4898969495552592
0.7671997905417811
0.41793748713098466
0.8770312819397077
0.6925154411874246
0.7273747227154672
0.1618791090149898
0.774805422348436
0.9360290275071748
0.6599272964522243
0.02187365249847062
0.5390589542803355
0.33985014422796667
0.5214979158481583
0.28811215187306516
0.21636512808618136
0.9588424425455742
0.5638158870278858
0.4083161135786213
0.8957136025710497
0.21966978200362064
0.9234417349798605
0.6835639697674196
0.5410632236162201
0.3135940088832285
0.03388583261403255
0.5822623471322004
0.8773475140624214
0.19334971168427728
0.9775555843662005
0.037637768662534654
0.0921030975296162
0.14407609970658086
0.8582345463510137
0.3542502875206992
0.5946098502608947
0.48603244026890025
0.7770911404804792
0.4322716672322713
0.9141557112743612
0.12913860735716298
0.3226610257115681
0.04881523147923872
0.12014559164526872
0.6987814494932536
0.737167658546241
0.6531606071803253
0.6169713378185406
0.4574470814259257
0.31535534650902264
0.03582488888059743
0.5889021901530214
0.4019424843136221
0.9950217126170173
0.5085394076013472
0.7706388995866291
0.9070647467742674
0.642341184138786
0.10487067344365641
0.22213727838243358
0.9290316549886484
0.17676610543276183
0.7973835363809485
0.4934395737654995
0.2638718914531637
0.1518055601627566
0.3704705272393767
0.07333017000928521
0.17543662921525538
0.31113251636270434
0.721190596523229
0.17749201541300863
0.2982209445326589
0.7445746060402598
0.6346260019927286
0.08530996885383502
0.12998678899020888
0.8210263793589547
0.8019250420329627
0.48511609999695793
0.7752902499923948
0.4367429034609813
0.4081414373940788
0.893708265706664
0.23414858902106062
0.41447104947292246
0.37977502029389143
0.9489388982765377
0.6120227470819373
0.96505411338876
0.08443392626941204
0.13263460528105497
0.32450136123225093
0.5612225781660527
0.34592752988100983
0.11465762334410101
0.203514022345189
0.44626249177963473
0.3648017320083454
0.5799346163985319
0.3860853051301092
0.9561733811860904
0.5778263285465073
0.9304035119712353
0.6691083442710806
0.5124517633521464
0.7811293114791624
0.9220603580470197
0.6801505947369151
0.04375638667261228
0.07810900345793925
0.6797274913114961
0.5430366159998812
0.3263376042013988
0.5578741318895482
0.3546413761214353
0.5975255101511721
0.9905611498106737
0.022955034364713356
0.5359032105479855
0.8397463643632364
0.2756340107880533
0.6810321228113025
0.0453520746959839
0.5740735450526699
0.42419113728101365
0.4351263942953665
0.41203092102659866
0.8995491501118522
0.24886858358513564
0.3777064706082456
0.9422923067759257
0.10512041521724313
0.2212945315404795
0.42625268464325927
0.42460203703376465
0.43451190894120373
0.413670442532748
0.9033162340056151
0.7417094073316548
0.6452789699251298
0.5975723874580581
0.9903604110877495
0.022775908350013196
0.036180168797727674
0.08654357571504079
0.6537578495626803
0.6136331030284055
0.455651861615479
0.8246154603548348
0.811508222745033
0.4712143626238685
0.30108278142870404
0.23703604063484818
0.4025266077951528
0.9905096508155111
0.023148631473304704
0.535837882605847
0.3390962018747814
0.5272448915347923
0.8068814527650829
0.4779122404870577
0.7875492403109092
0.46862499180133455
0.32843745898571797
0.008343307941686362
0.020827667991397902
0.5313048189564142
0.8282301839499269
0.2580372829979751
0.14493059611413628
0.34657681739190593
0.6139853784407023
0.9562277815130074
0.07792830999824218
0.6801713794993702
0.5437121014401782
0.8280213520338293
0.3049154689651914
0.7308746001508553
0.6707839125010651
0.5104485988849774
0.26586759052588604
0.16443210930447094
0.7548283650830854
0.3863359874521848
0.4560338094306644
0.3247387219162192
0.06184664645115845
0.5947386217594612
0.9868460626748856
0.0276353275985457
0.05346264471882023
0.6153665496967733
0.460281837527873
0.3173911854973994
0.5395716911589261
0.8176586016197689
0.789263519924134
0.9418458554719109
0.10436970644514076
0.7195443348318804
0.673616061307257
0.5580631062039174
0.3548115602461621
0.5967356731998734
0.4917985922074877
0.7704815830511507
0.40972400322789326
0.897316826885799
0.22543879962177016
0.93639537144918
0.6590115664002951
0.5203177612856962
0.28513832681346685
0.7090272454661317
0.1944118665996939
0.4821099756518379
0.7944771042675711
0.9510020628804341
0.6223727200122084
0.9416243945597671
0.6039382429444231
0.47062287328299135
0.7999290227307938
0.9998221994028427
0.5002841056557372
0.2506781968695577
0.12620339597924612
0.8153508654504549
0.2857781576458365
0.713957023457624
0.21449613486765884
0.9634850041184109
0.08640396932605654
0.1531131924712099
0.3671558335481677
0.08211035642307252
0.12708722258685157
0.31771799686248414
0.03907902937498875
0.5664463068242185
0.4160776177304797
0.8761315443261992
0.19020487531088293
0.47354380355682224
0.8082466157502495
0.9790973731433041
0.531727802939713
0.3288731840730179
0.009682945266831666
0.02258895806153305
0.5369409476988949
0.3372130183270201
0.5295241237035953
0.3002125917118974
0.749392226600321
0.6264078102249186
0.5647988218115643
0.4117143311013933
0.40037862383178435
0.4990533658710774
0.2515120032185223
0.12877881221356802
0.8186736769566778
0.2964400479395408
0.19615567981963977
0.4900687600893434
0.2668585987703409
0.16616610295022838
0.7513327298511285
0.377029732306255
0.4425129972223658
0.3523762430413626
0.599365384405246
0.9935305292601697
0.514099758293014
0.2771921292296611
0.6819939872657415
0.5406153745134361
0.3202121048234403
0.5431882513221353
0.3265984322933946
0.05850332125555724
0.10365562763763592
0.22007464451598935
0.9239344814850483
0.1847923150344286
0.7860469449078664
0.9645014675043058
0.08849968714639544
0.1488667472731322
0.3719227275578305
0.5701836442458443
0.4182869954383932
0.8892189956677612
0.21323178854072466
0.4625183603784535
0.3437038605334237
0.5157403436605819
0.2892585899680853
0.6918925857171416
0.2292528800026048
0.9071127565694042
0.6422929831314832
0.10516406330862083
0.7214062481652945
0.17595117530436255
0.7991307267220691
0.9977762571943458
0.005548862332943827
0.009317388670751825
0.5232610862003639
0.28544382270774804
0.21357518513104878
0.9611790495400783
0.09021397243486717
0.14740987031836994
0.8502062499173917
0.8735001831082627
0.816248946095584
0.2873798426007852
0.7184400399564765
0.20365194469923154
0.4465993050544057
0.3652725525898859
0.5850258634309284
0.3805333484779112
0.9467786128807347
0.11694527801591903
0.20740225753979757
0.4403768065676559
0.3482564676669426
0.6205597545776982
0.9485551463149022
0.11235454259440303
0.21837108838371933
0.4540672682924196
0.8218594246427529
0.8045722634415142
0.9884774756501429
0.5180639146710746
0.29468199535040185
0.7005718517757487
