3.814697265625e-06
1.1444091796875e-05
1.9073486328125e-05
5.7220458984375e-05
6.4849853515625e-05
0.000194549560546875
0.000324249267578125
0.000972747802734375
0.000980377197265625
0.002941131591796875
0.004901885986328125
0.014705657958984375
0.016666412353515625
0.049999237060546875
0.08333206176757812
0.24999618530273438
0.2500038146972656
0.7500114440917969
0.25001907351543196
0.7500572205462959
0.25006484996993095
0.7501945499097928
0.25032424987875856
0.7509727496362757
0.2509803790599108
0.7529411371797323
0.2549018953286577
0.7647056859859731
0.2666664441348985
0.7999993324046955
0.33333222070359625
0.9999966621107887
4.291534423828125e-06
1.2874603271484375e-05
2.1457672119140625e-05
5.6743621826171875e-05
7.295608520507812e-05
0.00020360946655273438
0.0003647804260253906
0.0008578300476074219
0.0011029243469238281
0.0033087730407714844
0.005514621734619141
0.014583110809326172
0.018749713897705078
0.052083492279052734
0.09374856948852539
0.21875333786010742
0.28125429153442383
0.8437628746032715
0.40627145770122297
0.7188067437091377
0.7813229562016204
0.34395360984490253
0.9066147810954135
0.21960783167742193
0.2823529264423996
0.8470587793271989
0.41176463224110194
0.7333331386034843
0.7999997496372089
0.3333335916104261
0.9999987482733559
3.7550926208496094e-06
3.874301910400391e-06
1.1622905731201172e-05
1.9371509552001953e-05
5.811452865600586e-05
6.586313247680664e-05
0.00019758939743041992
0.0003216862678527832
0.0009650588035583496
0.0009956955909729004
0.002987086772918701
0.004947960376739502
0.014843881130218506
0.016926825046539307
0.05078047513961792
0.08203250169754028
0.24609750509262085
0.2539101243019104
0.7617303729057312
0.26955062153865583
0.8086518646159675
0.31647211324889213
0.9494163397466764
0.08235293687903322
0.24705881063709967
0.2549019474827219
0.7647058424481656
0.26666671980638057
0.8000001594191417
0.3333331073226873
0.9999992027587723
1.4081597328186035e-06
3.390014171600342e-06
4.3585896492004395e-06
1.3075768947601318e-05
2.1792948246002197e-05
5.667656660079956e-05
7.409602403640747e-05
0.00020488351583480835
0.0003618970513343811
0.0008674189448356628
0.001120157539844513
0.003352843225002289
0.00556645542383194
0.014485768973827362
0.01904267817735672
0.05224689096212387
0.09228656440973282
0.2221713587641716
0.2856488898396492
0.8569466695189476
0.42824444922734983
0.7144121454039123
0.8560311273904517
0.4274509776441846
0.7176470539707225
0.8470588268246502
0.41176469091442414
0.7333333183487412
0.800000044866465
0.3333334081398789
0.9999997457198333
7.627531886100769e-07
1.2712553143501282e-06
3.8137659430503845e-06
3.8156285881996155e-06
1.1446885764598846e-05
1.9078142940998077e-05
5.723442882299423e-05
6.486568599939346e-05
0.0001945970579981804
0.0003243284299969673
0.000972985289990902
0.0009806165471673012
0.0029418496415019035
0.004903082735836506
0.014709248207509518
0.01666285190731287
0.04998855572193861
0.08331425953656435
0.24994277860969305
0.2500648507848382
0.7501945523545146
0.25032425395329483
0.7509727618598845
0.2509803931461647
0.7529411794384941
0.2549019657599274
0.7647058954171371
0.26666665356606245
0.799999956972897
0.3333332678594161
0.9999997775012162
2.8603244572877884e-07
7.94767402112484e-07
1.4301622286438942e-06
3.3386750146746635e-06
4.292582161724567e-06
1.2877746485173702e-05
2.1462910808622837e-05
5.675747524946928e-05
7.297389674931765e-05
0.00020365917589515448
0.00036486948374658823
0.0008580394787713885
0.0011031936155632138
0.0033086271723732352
0.005515968077816069
0.014579995418898761
0.01874570839572698
0.05208667123224586
0.0937285419786349
0.21880674443673342
0.281322957132943
0.8439536126097664
0.4066147856938187
0.7196078439883422
0.7823529420420527
0.34705882242997177
0.9117647102975752
0.23333332047332078
0.29999998526182026
0.8333333485061303
0.49999992447555996
0.5000002265151124
0.5000002582091838
0.5000007746566553
0.5000012519885786
0.5000037559948396
0.500003875233233
0.5000116257288028
0.5000193762243725
0.5000581287022214
0.5000658791977912
0.5001976376224775
0.5003216455806978
0.5009649367711972
0.5009959386661649
0.5029878160275985
0.5049486915231682
0.5148460745986085
0.5169232089538127
0.550769626890542
0.5820506218005903
0.7461518654308748
0.7539721140637994
0.261916342220502
0.7698529410117771
0.3095588228898123
0.8174019617727026
0.45220588488155045
0.579166670300765
0.7375000091269612
0.7708333200134803
0.31249994883546606
0.8125000849249773
0.4375002210435923
0.5625002904853318
0.6875007973867469
0.812501408479875
0.43750339082907885
0.5625043596373871
0.6875130789412651
0.8125217982451431
0.4375566754897591
0.5625741140975151
0.6877049037138931
0.8128618512710091
0.4383675710996613
0.5636204309994355
0.6908525739854667
0.8180672779562883
0.451987129956251
0.5815386100730393
0.7397591696935706
0.7798069495183881
0.28472464613150805
0.8482186283217743
0.41963848043815233
0.7410845586273354
0.7767463240306824
0.2945772067469079
0.8661458323185798
0.4015625029569492
0.669270838261582
0.9921874850115273
0.023437544878106564
0.039062574796844274
0.11718772439053282
0.13281275430927053
0.3984382629278116
0.6640637715463527
0.9921913146681618
0.007816314697265625
0.023448944091796875
0.039081573486328125
0.11724472045898438
0.13287734985351562
0.3986320495605469
0.6643867492675781
0.9931602478318382
0.008792877255473286
0.026378631766419858
0.04396438627736643
0.11626815883209929
0.14947891334304586
0.4171867400291376
0.7473945667152293
0.7578087001747917
0.2578163295984268
0.7734489887952805
0.2890816480212379
0.8672449440637138
0.38287760328967124
0.6486328098690137
0.91438801647746
0.2431640494032763
0.258789079322014
0.776367237966042
0.29394539663917385
0.8662111599987838
0.3994143485906534
0.6669929822091945
0.9970717429823708
0.006839275360107422
0.008793354034423828
0.026380062103271484
0.04396677017211914
0.11626768112182617
0.14948701858520508
0.41719579696655273
0.7474350929260254
0.7576937675767113
0.2579388619051315
0.7738165857153945
0.2896943095547613
0.8690752991533373
0.38496065250365064
0.6546225578640588
0.909178262547357
0.22558928839862347
0.29004337079823017
0.8701301123946905
0.3877168540202547
0.6475179028639104
0.9307373036863282
0.19844563902006485
0.34118651851895265
0.9764404443849344
0.0391845855046995
0.1175537565140985
0.1334229270578362
0.4002687811735086
0.6661379535798915
0.9984138607687782
0.002564728260040283
0.00769418478012085
0.0079384446144104
0.0238153338432312
0.039692223072052
0.119076669216156
0.1349535584449768
0.4046165347099304
0.6591351628303528
0.9756965041451622
0.04018026596168056
0.12054079788504168
0.1383708122302778
0.3972901710658334
0.6830645213485695
0.9508048921998125
0.0845959831494838
0.2459754494484514
0.26184470974840224
0.7699091292452067
0.30922342956182547
0.8182952886854764
0.45136006583925337
0.5803985564270988
0.7411651666334365
0.7764740122365765
0.294082658685511
0.8666229759401176
0.4001007929327898
0.666855079412926
0.999405197770102
0.0016334876418113708
0.0028853192925453186
0.0069461390376091
0.0089307501912117
0.0267922505736351
0.0446232333779335
0.1160387322306633
0.1518227532505989
0.4195316657423973
0.7408861890435219
0.777341417997377
0.2929750159964897
0.8632924185949378
0.4023712653142866
0.660191946575651
0.9805752720567398
0.05094989700592123
0.09028766854316927
0.22325473112869076
0.2945752984669525
0.8661477405985352
0.401556778117083
0.669261296861805
0.9921550740546081
0.023534777748864144
0.03922462958144024
0.11767388874432072
0.13330270355800167
0.399908110674005
0.6665135177900083
0.9995405533991288
0.0005209604278206825
0.0015628812834620476
0.0026048021391034126
0.007810591720044613
0.007818222977221012
0.023447039537131786
0.03909111488610506
0.11721993889659643
0.1329097906127572
0.39859967213124037
0.664548953063786
0.9926779261149932
0.009283305204007775
0.025889161217492074
0.04641652602003887
0.10989548260113224
0.14218355721095577
0.4244754763203673
0.7109177860547788
0.8672466138086747
0.3828792730346322
0.6486301897093654
0.9143963652022649
0.243135689815972
0.2588255416485481
0.7764689953182824
0.2941277082718443
0.8666398655914236
0.3999655414954759
0.6666934994864278
0.9998277075064834
0.0004558403743430972
0.0005856036441400647
0.0016270478954538703
0.0029280182207003236
0.006838084082119167
0.008795500849373639
0.02637791947927326
0.04397368954960257
0.11624742939602584
0.1495158850448206
0.4171746274223551
0.7474993165815249
0.7573876091337297
0.2584901165100746
0.7752185792778619
0.29147020538221113
0.8736324142955709
0.3785839547053911
0.6298695413279347
0.8877165264857467
0.14751650288235396
0.43073918216396123
0.6984437009086832
0.8411768373625819
0.4764694878249429
0.5392175028682686
0.6176525086339097
0.6333395589608699
0.9000186769117136
0.16663555830018595
0.49990661529591307
0.500154719746206
0.5004637420352083
0.5005291004199535
0.501586288010003
0.5025653543998487
0.5076923677406739
0.5079403826966882
0.5238133995153476
0.5397019135416485
0.6190515004273038
0.6349865060765296
0.9045797770668287
0.1590518246521242
0.4759618909447454
0.540678356832359
0.6200284205551725
0.639868960948661
0.8918850606132764
0.17565517529146746
0.45740923000266775
0.6217241036356427
0.6307955227966886
0.8888617616612464
0.1428920214821119
0.42867605792707764
0.713971820572624
0.8566196907195263
0.42916433452046476
0.712506996380398
0.8541782071697526
0.43746500308043323
0.6876047504192684
0.8126740299048834
0.43795256441808306
0.5630946940800641
0.6891333946841769
0.8153856064600404
0.44444492913316935
0.5714329305337742
0.714290074451128
0.8571297765593044
0.4285496276279446
0.7143511170579586
0.8569466487388127
0.4282444145937916
0.7144121596647892
0.8560310096363537
0.42745086070499383
0.7176474178268109
0.847057746432256
0.4117629107495304
0.7333353677822743
0.7999938965658657
0.3333231609722134
0.9999694818689022
9.155430598184466e-05
0.0001525905099697411
0.0004577705985866487
0.0005188077338971198
0.00155642133904621
0.002594038669485599
0.007782087137456983
0.007843152212444693
0.02352945663733408
0.039215761062223464
0.11764704383676872
0.13333358761155978
0.4000002543325536
0.6666679380577989
0.9999961857392918
3.815162926912308e-06
1.1445488780736923e-05
1.907581463456154e-05
5.7227443903684616e-05
6.485776975750923e-05
0.0001945733092725277
0.00032428884878754616
0.0009728665463626385
0.000980496872216463
0.0029414906166493893
0.0049024843610823154
0.014707453083246946
0.016668446827679873
0.04999771108850837
0.08334223413839936
0.24997329665347934
0.2500343327410519
0.7501029982231557
0.2501716637343634
0.7504539560468402
0.25058365671429783
0.7516288998303935
0.2529182826692704
0.7568627581640612
0.2588235163129866
0.7764705489389598
0.2941175778687466
0.8666666984499898
0.39999977743718773
0.6666665076045319
0.9999985696340445
3.3382675610482693e-06
4.292058292776346e-06
1.2876174878329039e-05
2.146029146388173e-05
5.675054853782058e-05
7.296499097719789e-05
0.00020363432122394443
0.00036482495488598943
0.0008579347631894052
0.001103058981243521
0.003309176943730563
0.005514341231901199
0.01458202995127067
0.018752002681139857
0.05208126705838367
0.09373998624505475
0.21878004114842042
0.28128099493915215
0.8438429848174565
0.4064049747248646
0.7192149231268559
0.7817769140820019
0.3453307401796337
0.9088235342933331
0.226470576308202
0.2892157014575787
0.8676471034414135
0.3833334088267293
0.6499999562802259
0.916666924895253
0.2499992252269294
0.25000125184305944
0.7500037555291783
0.2500038747675717
0.7500116243027151
0.25001937386696227
0.7500581216008868
0.250065871165134
0.750197613495402
0.25032172552892007
0.7509650573774707
0.2509958171285689
0.7529872129671276
0.25494856436853297
0.7648440241755452
0.2669288913020864
0.8007748721865937
0.3320425154233817
0.9961208705499303
0.003941119182854891
0.011823357548564672
0.019705595914274454
0.059047169517725706
0.06699902610853314
0.20085784187540412
0.33492646599188447
0.995220601093024
0.012867630022810772
0.022916616493603215
0.056250038236612454
0.07291657474706881
0.21874970945646055
0.34375079729943536
0.906251408305252
0.21875339042162523
0.28125435911351815
0.8437630773405544
0.4062717955966946
0.7188066834642086
0.7813240901450627
0.3439548638125416
0.9066118666960392
0.2196174354176037
0.28237029426964
0.8471029842621647
0.41181604712619446
0.7332350785436574
0.8002909346832894
0.33350219586282037
0.998545326438034
0.0034484792849980295
0.004425056802574545
0.013275170407723635
0.022125284012872726
0.0585633511072956
0.07424938824260607
0.20712316286517307
0.37124694121303037
0.8793658096692525
0.13723959829076193
0.3960937649535481
0.6861979914538097
0.9414060255512595
0.0664065042801667
0.1992195128405001
0.3320325214008335
0.9960975642025005
0.003910066094249487
0.011730196420103312
0.019550330471247435
0.05865097837522626
0.06647112360224128
0.1994133391417563
0.3323556180112064
0.9970666174776852
0.00488698625122197
0.014660480053862557
0.01662243125610985
0.04986394286970608
0.08307113594491966
0.2492129011952784
0.2512931797245983
0.7538719246804249
0.2540016262792051
0.7618828066624701
0.27000813142512925
0.8091088389919605
0.31790556164924055
0.9517635580850765
0.08171530734398402
0.23922526228125207
0.27841795564745553
0.7882486848102417
0.3530272595817223
0.93310569121968
0.19970731731154956
0.3334968886047136
0.9985365863249172
0.00342130713397637
0.004398824356030673
0.013196470972616225
0.02199412084883079
0.05816222127759829
0.07478001218987629
0.20869974774541333
0.3739000413916074
0.8782993709319271
0.13049785952898674
0.3895389612589497
0.643699041887885
0.9271792414365336
0.2184545194322709
0.3445725426718127
0.9076867127150763
0.22220564592862502
0.2857441983069293
0.8571105243754573
0.42865995547617786
0.7139583812386263
0.8566595349111594
0.42898738823714666
0.7127400765020866
0.853918453969527
0.4362589670054149
0.6912230989255477
0.8167115012765862
0.45013450385886244
0.5830691058945376
0.7492073176545091
0.7512829904153477
0.25384897040203214
0.7539711608551443
0.26191348073189147
0.7698558043630328
0.3095673999050632
0.8173876645741984
0.4521629606897477
0.5791180715605151
0.7373541020788252
0.7705883453891147
0.3117643078439869
0.8137261510710232
0.4411762755771633
0.5666689271165524
0.7000023738364689
0.8333423760195728
0.49997276754584163
0.5000358313554898
0.5001055848842952
0.5001715265098028
0.5004467231628951
0.5006072110263631
0.5015925058687571
0.502821352740284
0.5069758040772285
0.5092086620861664
0.5270615135377739
0.5438004389288835
0.6146776502428111
0.6559527440695092
0.9070671425724868
0.2201933641335927
0.2847247650497593
0.8482175559620373
0.4196374070306774
0.7410877788497601
0.7767366633634083
0.2945611056347843
0.8661030450894032
0.401507759175729
0.669362704094965
0.9919118876277935
0.02426433702930808
0.04044056171551347
0.1208334038965404
0.1374979098327458
0.39583113184198737
0.687489549163729
0.9375296826765407
0.0625315909855999
0.18759477295679972
0.3126579549279995
0.9379719565040432
0.06303704678430222
0.18904628852033056
0.3151852339215111
0.945069298177259
0.07055760925868526
0.21167282777605578
0.3527880462934263
0.9333641388802789
0.19947935742675327
0.3328130721638445
0.9973948797851335
0.007809638511389494
0.007817268837243319
0.023451806511729956
0.03907871479168534
0.11723614437505603
0.13289357023313642
0.39868071069940925
0.6643076338805258
0.9929229016706813
0.00903809122974053
0.02711427368922159
0.0432297017541714
0.11406219698255882
0.15364755090558901
0.414056206762325
0.7265736309927888
0.804715142090572
0.3203478013165295
0.9610434039495885
0.10173137721722014
0.18013309649541043
0.44591262252652086
0.5875547323084902
0.7294009868055582
0.8117379080795217
0.31375231040874496
0.9412569312262349
0.06680842707282864
0.19993482428253628
0.3337892770941835
0.9983727534126956
0.0029286144417710602
0.0068391565582714975
0.008794427441898733
0.026381374977063388
0.04396355414064601
0.11626184679334983
0.14950526651227847
0.41720666986657307
0.7473460881155916
0.7576632355048787
0.2582144890911877
0.7741532786749303
0.29082067546551116
0.869465581694385
0.3896463146666065
0.6435606869636104
0.9267681782657746
0.21780337247764692
0.34475864708656445
0.9092740339110605
0.22379227806231938
0.2963651208265219
0.8608970006171148
0.393139076186344
0.6794017155189067
0.961789130960824
0.10291004210012034
0.183241845050361
0.45008945564040914
0.5831785231712274
0.7494707157311495
0.7515859751729295
0.25256444528349675
0.7576933358504903
0.2579394136555493
0.7738182409666479
0.28968931970302947
0.8690679591090884
0.3849681249121204
0.6546602043090388
0.9090624397213105
0.22572238597786054
0.2904216820024885
0.8707765263388865
0.3876551621069666
0.6456281332357321
0.9366478879819624
0.18884898428223096
0.31605102625326253
0.9422879812482279
0.07535320590250194
0.21043270942755044
0.36870175949297845
0.8853344360832125
0.156002593023004
0.40698786577559076
0.719984888943145
0.7849305869895034
0.3479515317303594
0.9187916525697801
0.23971855751005933
0.2807973654125817
0.7818447406752966
0.3453835380205419
0.909135000925744
0.22569601837312803
0.29018184036249295
0.8705433455179445
0.3883699633588549
0.6472832722647581
0.9330586080322973
0.20076312575838529
0.33470695969299413
0.9958791208628099
0.011996336979791522
0.020360195310786366
0.05998168489895761
0.07005494483746588
0.19606227125041187
0.33721001190133393
0.9803113562520593
0.05906593080726452
0.06694138873717748
0.20076313000754453
0.3347069432202261
0.9958791702811141
0.011996274173725396
0.020360007823910564
0.05998136108973995
0.07005409913836047
0.196063116483856
0.33720897225430235
0.9803154627443291
0.05905323030310683
0.06692727401969023
0.2007818220590707
0.33463573493645526
0.9960908896464389
0.01172542735002935
0.01953983516432345
0.05861950549297035
0.06644917582161725
0.19933226495049894
0.33217719779349864
0.9965010683517903
0.004635988996597007
0.013434829044854268
0.02173763737664558
0.05739850431564264
0.07743818665039726
0.20494123952812515
0.36171016553998925
0.8971420947636943
0.1835508265066892
0.44933226122520864
0.5821772015187889
0.7465010870073456
0.7546359331463464
0.2634347732819151
0.7717377078079153
0.3073986936942674
0.8274375704932027
0.4549421913397964
0.6117130358761642
0.6471449613454752
0.9335612853465136
0.19931614387314767
0.33219349395949394
0.9965804818784818
0.004397035256261006
0.013191105768783018
0.02198040674556978
0.05812872023670934
0.0747457837278489
0.2086123511835467
0.37366691467468627
0.8788132440240588
0.1290612599113956
0.38718377973418683
0.6450582836987451
0.935174851125339
0.19397941482020542
0.3241257442277856
0.9649987597367726
0.09812127854092978
0.16849578326218762
0.4898623479239177
0.5299169263162185
0.5350632528425194
0.5978112399752717
0.6684337158221751
0.9888082442630548
0.028924674086738378
0.03773000923683867
0.1053765724063851
0.18374815880088136
0.4418661345844157
0.5747435539378785
0.7085980028787162
0.8737176806898788
0.37884680964634754
0.6289701021451037
0.8869086371269077
0.14484514508512802
0.4345354352553841
0.6924874441756401
0.8273228236357681
0.4545549665053841
0.6128976004256401
0.6451939173857681
0.9355119977553841
0.1934640066465363
0.3224400110775605
0.9672502790344879
0.09629603769280948
0.16374860468204133
0.47750418589566834
0.5557686915562954
0.5734165698522702
0.716273720288882
0.8511788390460424
0.4147251409885939
0.7441058046242688
0.759870071138721
0.27947097676224075
0.7836566613113973
0.35020132100908086
0.9176538803731091
0.2470383587933611
0.2549767587624956
0.7648082059749868
0.2670674641849473
0.8003479003673419
0.3325907389225904
0.9977722167677712
0.006683349609375
0.011138916015625
0.029022216796875
0.037872314453125
0.104827880859375
0.185455322265625
0.443572998046875
0.572540283203125
0.7176208496384788
0.8470764160738327
0.4118347170006018
0.7331848147150595
0.8001403816160746
0.33389282363350503
0.9982605013356078
0.0022277874522842467
0.00668336235685274
0.011138937261421233
0.02902227215236053
0.037872386688832194
0.10482808080269024
0.18545567599358037
0.4435738440952264
0.5725413752370514
0.717624125740258
0.8470818463247269
0.41184885360416956
0.7332033792918082
0.8001304626232013
0.3339831034245435
0.9980506896681618
0.001956939697265625
0.005870819091796875
0.009784698486328125
0.029354095458984375
0.033267974853515625
0.09980392456054688
0.16633987426757812
0.4990196228027344
0.5029335021972656
0.5048942566209007
0.5146675110445358
0.5166587831627112
0.5498695375863463
0.5832023627881426
0.749347687989939
0.7519493139989208
0.2519569434225559
0.7558708302676678
0.25978471714188345
0.7793541514256503
0.283268038299866
0.8498041148995981
0.41634019152843393
0.7490205745853018
0.7529344614595175
0.25489712695707567
0.7646646779903676
0.2666502316715196
0.7998858451610431
0.3332511583867017
0.9992690086073708
0.0017123222351074219
0.002201557159423828
0.006604671478271484
0.01100778579711914
0.029109477996826172
0.03742647171020508
0.10445165634155273
0.1866440773010254
0.4386019706726074
0.5658001899719238
0.6930060386948753
0.8270478249178268
0.456233501638053
0.6146969797846396
0.6558432586607523
0.9069809927314054
0.22046232549473643
0.2834515613503754
0.8503546840511262
0.4172578067809809
0.7478595334978309
0.7561765430727974
0.2607018555572722
0.7803944332699757
0.28235185355879366
0.8470512691419572
0.41175736047443934
0.7332946340029594
0.799977695918642
0.3334653178753797
0.9996040463156532
0.0006421208381652832
0.0019263625144958496
0.0019875168800354004
0.005962550640106201
0.009937584400177002
0.029751718044281006
0.03378778696060181
0.10124129056930542
0.16502505540847778
0.49318307638168335
0.5107918381690979
0.5284082293801475
0.5383036733255722
0.6028260590683203
0.683461249107495
0.9496147043828387
0.08267337206052616
0.2480201161815785
0.25589377066353336
0.7598688119906001
0.27946885334677063
0.7836580247676466
0.3501939821871929
0.917647376016248
0.24705602411995642
0.2549009789072443
0.7646990624198224
0.26669239450711757
0.8000195160275325
0.3332860643567983
0.9998515173501801
0.00040896981954574585
0.0007223859429359436
0.0017390772700309753
0.0022283270955085754
0.006684981286525726
0.011141635477542877
0.029029302299022675
0.03788156062364578
0.10485347360372543
0.1854395642876625
0.4434981867671013
0.5726800635457039
0.7174908742599655
0.8475273624644615
0.4105314539920073
0.7311055141326506
0.8026550643262453
0.342030981060816
0.9709773618087638
0.03787286259466782
0.10482951038284227
0.1854580629733391
0.44358003459637985
0.5725494674989022
0.7176464933145326
0.8470603411551565
0.4117597828444559
0.7333256870915648
0.8000076761236414
0.3333715644257609
0.9998853066645097
0.00013043079525232315
0.0003903387114405632
0.0006521539762616158
0.0019497862085700035
0.0019574174657464027
0.005872252397239208
0.009787087328732014
0.02935363259166479
0.03327609691768885
0.09981303196400404
0.16638048458844423
0.49890494253486395
0.5030562886968255
0.5052616624452639
0.5152814435423352
0.5165331505413633
0.548043028684333
0.5813839917827863
0.7402151416172273
0.779354569473071
0.2832684563472867
0.8498053690418601
0.41634227431495674
0.749019193550339
0.7529416877077892
0.25490355436340906
0.7647082821640652
0.2666656996589154
0.799993283348158
0.3333265872497577
0.9999568707717117
0.00011376931797713041
0.00014673464465886354
0.00040664279367774725
0.0007311698282137513
0.0017127402825281024
0.002201140974648297
0.0066034229239448905
0.011005704873241484
0.029110862757079303
0.037419396569021046
0.10444568598177284
0.18660095299128443
0.43870905123185366
0.5656932304846123
0.6931733222736511
0.8264820330659859
0.45600823950371705
0.6162890078558121
0.6496452295104973
0.9172579635342117
0.2478598983725533
0.25617605971638113
0.7607004184974357
0.2803920089791063
0.7823533913760912
0.3470583255402744
0.911765128839761
0.23333081745659
0.29999843481346034
0.8333410990017001
0.49997667310526595
0.5000387365580536
0.500116001087008
0.5001324687618762
0.5003959310997743
0.5006422775913961
0.5019259983382653
0.5019880020990968
0.5059640063263942
0.5099400105536915
0.52975027935463
0.5337960359174758
0.6012486031104345
0.6650041903485544
0.9932686732790899
0.010916543193161488
0.028773746453225613
0.03867875877767801
0.10222495626658201
0.1816062005236745
0.44736877735704184
0.5919689917936921
0.7211576057889033
0.7876945259631611
0.35514708535629325
0.93455874294159
0.1924022546154447
0.32720628048991784
0.9541682345443405
0.11250136580201797
0.1458304438565392
0.43749126358306967
0.6875262091925833
0.8125434426474385
0.437613094545668
0.562648518854985
0.6879089355352335
0.8132222493586596
0.4392395018367097
0.5647277833195403
0.6941833499877248
0.8236389166559093
0.466522218514001
0.60037231669412
0.6673278870875947
0.9979553332959767
0.006073024473153055
0.010040317312814295
0.030120951938442886
0.0345765856327489
0.09933515859302133
0.17068539431784302
0.4876419788924977
0.5213956424267963
0.5607672896294389
0.5647364898468368
0.6942094693367835
0.8236214130884036
0.46645253399037756
0.6005203276581597
0.6671880036592484
0.9973983615927864
0.007804885564837605
0.007820174272637814
0.023460462980438024
0.03910087136318907
0.11730219522723928
0.13294296263484284
0.3988278706674464
0.6647148131742142
0.9941368103900459
0.009769439813680947
0.02930831944104284
0.033222199068404734
0.0996665972052142
0.1660804768325761
0.4982414304977283
0.5022773841628805
0.5068321525177453
0.510746032174211
0.5283318463189062
0.5381051608128473
0.6025967310706619
0.6826825471944176
0.9503913871885743
0.08528773358557373
0.24413679901044816
0.2597770878346637
0.7793160047149286
0.2832604094000999
0.8496744166768622
0.4162104930728674
0.7483720723539591
0.7529268395446707
0.25684263004222885
0.7587976960348897
0.2763930208457168
0.7939884503430221
0.36632471083430573
0.8995607693796046
0.16739892956684344
0.4978013038926292
0.5065951348224189
0.5109906197758391
0.5290656093566213
0.5373749739374034
0.6043047922139522
0.6868405364220962
0.9394126000406686
0.06457377591868863
0.19348480930784717
0.3226361611741595
0.9674202020396478
0.09755580589990132
0.1603355082042981
0.48090753619908355
0.5513497974316124
0.5915493922657333
0.7253461010695901
0.7922492237994447
0.3728242478391621
0.8811603302310687
0.13557120063342154
0.405721542192623
0.6578353692311794
0.971315994655015
0.0389479550649412
0.1016923644929193
0.1800770322442986
0.4459615826490335
0.5878845651750453
0.7285260557837319
0.8105766177177429
0.3144848943047691
0.9434546829143073
0.07242208730895072
0.21726626192685217
0.3462412959197536
0.9136628526030108
0.2272692342812661
0.3064414919062983
0.8226178386539686
0.4676704104640521
0.5968514389242046
0.6615869122033473
0.9839825354283676
0.04752782607101835
0.08006821197341196
0.23635738718439825
0.27151865148334764
0.8067360633576754
0.3263361048302613
0.9555553165846504
0.1157501989218872
0.1518908876751084
0.4185632647422608
0.7399155403545592
0.7802304906654172
0.2842932663334068
0.8487788801139686
0.4213061138871126
0.7360816572909243
0.7683168127841782
0.3039662316441536
0.8376739844679832
0.4787955060892273
0.561385683802655
0.5658422188134864
0.693071090063313
0.8270138285006396
0.45644324444583617
0.6149231888412032
0.6552227425272577
0.9092707371746656
0.22384789993520826
0.2961755810538307
0.8611828590510413
0.39298340506502427
0.6784602128609549
0.9646102548576891
0.10574100495432504
0.1765513984428253
0.46616417696350254
0.6014954587153625
0.6642559347674251
0.9925227063067723
0.008760004362557083
0.02444699517218396
0.04209098528372124
0.12223116116365418
0.13231847999850288
0.3842869272339158
0.6509075968642719
0.9214193774096202
0.23496080841869116
0.26725269947201014
0.799804019741714
0.3349626856215764
0.9931664458417799
0.010748387430794537
0.02833128289785236
0.03811312245670706
0.10257483914028853
0.18272258632350713
0.45036654674913734
0.5854078229749575
0.7437722393369768
0.7603824447724037
0.2811387510446366
0.781400596635649
0.3441526723909192
0.9069617263157852
0.22051890843431465
0.2835116340138484
0.8505301597469952
0.41706707247067243
0.7472720680525526
0.7571912516432349
0.2596718938439153
0.7755497443140484
0.29539053069311194
0.8618752819311339
0.39801670965971425
0.6803696643910371
0.9471109775768127
0.08835456299129874
0.23295073106419295
0.3004146694438532
0.8326422175159678
0.4979266521113459
0.5059835323772859
0.5101378569379449
0.5299176601984072
0.5350638079107739
0.5978099845524412
0.6684296887833625
0.9888057594944257
0.028913516842294484
0.0377674670307897
0.10542875999817625
0.1837102912249975
0.44154198589967564
0.5746030695154332
0.7076940723636653
0.87300973769743
0.38096148186014034
0.6349460601049941
0.9047311150934547
0.1587619765487034
0.47628212239942513
0.5398998329474125
0.6185779661755078
0.6364345800539013
0.9031925642630085
0.16151248072856106
0.48402609207550995
0.5477813994803
0.5793101424933411
0.7376555010851007
0.7714084957260638
0.3107459021557588
0.8148058134538587
0.4442314737243578
0.5734163309680298
0.7162739591731224
0.8511781223933212
0.41472347718081437
0.7441093878878746
0.7598583825747482
0.2794530604442116
0.7836649971141014
0.3501404055277817
0.9175924871233292
0.24673425729270093
0.25576843091403134
0.7638873072282877
0.2678548652911559
0.803564500878565
0.33927400890388526
0.9821774954616558
0.05346751352772117
0.08911252254620194
0.23218131763860583
0.3029825766570866
0.8386352299712598
0.4836628833145369
0.5486448999436107
0.5803836589911953
0.7411505001655314
0.7764300128328614
0.29413045043474995
0.8665222031122539
0.4003397516789846
0.6661070895497687
0.9982607103593182
0.0022280551493167877
0.006684165447950363
0.011140275746583939
0.029025759547948837
0.03787693753838539
0.10484067723155022
0.18547796085476875
0.44356610998511314
0.5726101733744144
0.7177084498398472
0.8468746431753971
0.41145774369942956
0.73437294762698
0.79688112140866
0.3281352421909105
0.9844053085253108
0.015655786322895437
0.04696735896868631
0.07827893161447719
0.23483631707495078
0.26614836748922244
0.7984441469307058
0.33074177787057124
0.9921494875161443
0.023537085100542754
0.03923864831449464
0.1176241509965621
0.1333869905793108
0.4001299698720686
0.6667975902673788
0.9993477663665544
0.0019495482556521893
0.001957178581506014
0.005871535744518042
0.00978589290753007
0.029357678722590208
0.033264406491070986
0.09979321947321296
0.16632203245535493
0.4989660973660648
0.5029948954470456
0.5050779595330823
0.5149744772934355
0.5175763440493029
0.548830398125574
0.583990716637345
0.7441519906860776
0.7636988130107056
0.2676126998849213
0.8028380996547639
0.3380634994537104
0.9828794557543006
0.04940826876554638
0.08560272108297795
0.24313461605925113
0.2588225625222549
0.7764638724038377
0.29411281264037825
0.8666848207067233
0.3999187091831118
0.6665530025493354
0.9995933075260837
0.000731080595869571
0.0017125312588177621
0.0022018259041942656
0.0066045240382663906
0.011009129520971328
0.029106355679687113
0.03742245730245486
0.10445487004471943
0.18662394565762952
0.43865551095223054
0.5658692573779263
0.6929523513827007
0.8269036884885281
0.45678891919669695
0.6135274710541125
0.6530823208158836
0.9113870548608247
0.23416111239930615
0.29715040704468265
0.8289502674597315
0.4857520352525171
0.5192606122291181
0.551555966201704
0.5911759579030331
0.7264683115063235
0.7892220189387444
0.3676546126953326
0.8833564171218313
0.14997766885790043
0.41670517696184106
0.7498675150272902
0.7503960019676015
0.25064208000549115
0.7519262400164735
0.2519877594895661
0.7559632784686983
0.25993832063977607
0.7797539193124976
0.283784162835218
0.8512304032919928
0.4150126559252385
0.7432068013295066
0.7608541906811297
0.278472493897425
0.7884833482967224
0.35324273037258536
0.9324058730853721
0.20249055619933642
0.3299977979331743
0.9865687485144008
0.021733105706516653
0.057385863445233554
0.07741505169542506
0.20488805271452293
0.36164266761625186
0.8974251399631612
0.1827226726745721
0.45036666133091785
0.585408166720299
0.7437716589774936
0.7603827885177452
0.28113692143233493
0.7813985007232986
0.3441589899302926
0.9069723399879877
0.22048922994872555
0.283478599099908
0.8504347095149569
0.417392459086841
0.7477768407261465
0.7566351119312458
0.2611005225626286
0.7791984322539065
0.2872708236682229
0.853999970771838
0.4360469607345294
0.6909376448311377
0.8169535482884385
0.4507504955108743
0.584665698261233
0.7459399623912759
0.7621801127388608
0.270054139662534
0.810162418987602
0.31902063873712905
0.9491879042179789
0.08993616758380085
0.22281000192742795
0.2934296448947862
0.8638056277995929
0.4039138952794019
0.6627681255049538
0.9804303646087646
0.05870842936565168
0.06653666505008005
0.1996090413595084
0.33268332525040023
0.9980432992160786
0.0058639064081944525
0.009778263687621802
0.029319532040972263
0.033256777038332075
0.0996787776821293
0.1662228495697491
0.49839388841064647
0.5028652096516453
0.5070234700979199
0.5091075176605955
0.5273038967570756
0.5430854486185126
0.6134175139886793
0.6527282231254503
0.9108175422588829
0.23239111475413665
0.3028266556211747
0.8380444261129014
0.48288327068439685
0.5493510481028352
0.5855531289125793
0.7428485135023948
0.7597342788940296
0.27548349896096624
0.7950779497332405
0.36179056763648987
0.897015780210495
0.18321922424365766
0.4498537481704261
0.5839027465844993
0.7482897941372357
0.7522008722589817
0.2565959409112111
0.7609986391616985
0.2790729768166784
0.7874138741462957
0.3543108659796417
0.9369529602117836
0.18903221705113538
0.31513589489622973
0.9451562796311919
0.07077438099076971
0.21146864915499464
0.3531390048447065
0.932280772656668
0.20303465050528757
0.32834222543169744
0.9846537449338939
0.01646123465616256
0.04826872458215803
0.08175632043275982
0.2391060347435996
0.2787183952750638
0.7887914053862914
0.352329990506405
0.931012447894318
0.19914991781115532
0.34005017951130867
0.9730001650750637
0.04387820142437704
0.1144513004401233
0.1556083151663188
0.408173975039972
0.7207371634722222
0.7872055299230851
0.35368104904773645
0.936027165298583
0.1899649019469507
0.3198641733615659
0.9459173055947758
0.08753818945842795
0.22938782841083594
0.3116986414825078
0.8139275129942689
0.44101851125014946
0.5670735517633148
0.7011230946227442
0.8340658345259726
0.49438452676986344
0.5139167314337101
0.5183117404812947
0.5539586571103428
0.5876505441847257
0.7287719336745795
0.8112995884148404
0.31573466598638333
0.9431766164198052
0.07659998210147023
0.2056285492144525
0.36688564578071237
0.8992362502031028
0.16548021559719928
0.4956853367330041
0.5124404492380563
0.5212681404664181
0.5608289503434207
0.5652850010665134
0.6947563704161439
0.8219694389845245
0.4637105146830436
0.6088684558926616
0.6733907858724706
0.9556577204202767
0.11691355740185827
0.14920163212809712
0.41537833388429135
0.7460062523605302
0.7619445383606944
0.26982618373585865
0.8094175158184953
0.31784084482933395
0.9526680414855946
0.07870617654407397
0.23599598061991856
0.26852873695315793
0.8037541885278188
0.33702843691571616
0.9796373338031117
0.05997499352088198
0.07006166788050905
0.1960535507532768
0.33718402992235497
0.980267753766384
0.058951644314220175
0.06728533111163415
0.20035777098382823
0.3354481854767073
0.9936554428131785
0.010258913622237742
0.030776740866713226
0.03175378043670207
0.09526134131010622
0.15876890218351036
0.4763067065505311
0.5398142636986449
0.6184662286250386
0.6365408009733073
0.902785988379037
0.1607215724652633
0.4821637632558122
0.5534857920138165
0.5891611540282611
0.7322657149634324
0.8031966803537216
0.33842208015266806
0.9840009798062965
0.0475085407088045
0.07999510082299821
0.23656566397403367
0.27173920031054877
0.8074010476993863
0.32743062352528796
0.9549333369941451
0.11174818241852336
0.1471639678638894
0.4334351400320884
0.6996869504509959
0.8325796822900884
0.49762079105130397
0.5065339509455953
0.5115412778104655
0.5277845578675624
0.5357230029767379
0.6071690084936563
0.6784929446293972
0.9641549550869968
0.10729098704177886
0.17812658508773893
0.4635446263710037
0.6093657593009993
0.6719005761260632
0.9531702496460639
0.1094833301322069
0.1407649253087584
0.4222944127104711
0.7038196148641873
0.8611840522498824
0.39299889767426066
0.6784165904682595
0.9646891931188293
0.10593242055620067
0.1763098934025038
0.4664296802075114
0.6002226776035968
0.6678515988751315
0.9962305744120385
0.004289185744710267
0.01237736118491739
0.021445928723551333
0.06066221359651536
0.06458384182769805
0.19375152548309416
0.32291920913849026
0.9687423686264083
0.09377289391704835
0.15628815672243945
0.4688644693524111
0.5313797328562941
0.5941391928354278
0.6568986604979727
0.9706959633040242
0.03321125576621853
0.09963373737991787
0.16605626346427016
0.4981686075043399
0.5020760892366525
0.5062267187749967
0.5103791362198535
0.5311335939331912
0.5313854833075311
0.5941335615934804
0.6569121576903854
0.9706678080256097
0.0333090758358594
0.09977832846925594
0.16646144978585653
0.49864726306986995
0.5035692139936145
0.5047948089195415
0.5129135019669775
0.5227483300841413
0.5565108615846839
0.5726549146929756
0.7174456919601653
0.847649572591763
0.41016483525163494
0.7304945056384895
0.8008241757634096
0.33995726457214914
0.9728021993360016
0.04337606596527621
0.11401098250644282
0.15405983565142378
0.41236265847692266
0.7292735382798128
0.8118131732044276
0.31431610125582665
0.93983549636323
0.06901653893874027
0.19917605139198713
0.33995562212658115
0.9728086687100586
0.04336592450272292
0.11398372345138341
0.1540848364820704
0.41244791413191706
0.7294073560042307
0.8117457191983704
0.3137771966285072
0.9412358007975854
0.06685620427015238
0.1998217737127561
0.3336266915721353
0.9989252806699369
0.0030929643544368446
0.0053685897146351635
0.015144230739679188
0.01612103177467361
0.04836309532402083
0.08060515887336805
0.24181547662010416
0.2740575401694514
0.7909226167830639
0.36929564116871916
0.8891368973127101
0.14310516620753333
0.42931549838976935
0.7115575922071002
0.8534225067996886
0.43179600045550615
0.701636511250399
0.8306058548914734
0.491817383968737
0.5240594475180842
0.5409130800690036
0.6193204366136342
0.6391044722695369
0.8931414059479721
0.17940132968942635
0.4617807520844508
0.6029323163384106
0.6832627571420744
0.9501773951633368
0.0830606032977812
0.24910920561524108
0.2511999061680399
0.7532332684495486
0.25567908652010374
0.7641059027810115
0.26813616073923185
0.8044084822176956
0.3367745532596018
0.977957588766003
0.05831473268335685
0.07505580183351412
0.20842633646680042
0.3747209904831834
0.8758370284340344
0.1263950472639408
0.3786272422003094
0.6297431615821552
0.8881136840209365
0.14815885669668205
0.4305233611667063
0.6967054429987911
0.8395668784505688
0.4812993645609822
0.5521651307644788
0.5935031771077774
0.7194895149150398
0.782479822752066
0.3474375609366689
0.9104459888476413
0.23130840226076543
0.30213982076384127
0.8434311810415238
0.4696834788483102
0.5323404947703239
0.5968261718517169
0.6615397135319654
0.9841308593167923
0.04760742196231149
0.07934570327051915
0.23803710981155746
0.2697753911197651
0.8093261733592954
0.31762695556972176
0.9528808667091653
0.07836914822109975
0.23510744466329925
0.2668457408726681
0.8005372226180043
0.3322755197295919
0.9968265591887757
0.005127579119289294
0.015382737357867882
0.015871078270720318
0.047613234812160954
0.07935539135360159
0.23806617406080477
0.26980832967092283
0.8094249890127685
0.3177877740235999
0.9528750408207998
0.07886711569153704
0.2356247845746111
0.2693200204812456
0.8011241239437368
0.3407368977786973
0.9738708495860919
0.04615275064134039
0.11111450192402117
0.14285278323222883
0.4285583496966865
0.7142639161611442
0.8571472172043286
0.4284973150060978
0.714202882401878
0.8573303250013851
0.4279480046534445
0.7131652917305473
0.8582458751625381
0.42520145847811364
0.7087098273041192
0.873809959681239
0.3782657795527484
0.6307685264910106
0.8888871934614144
0.14285496305092238
0.4285648890363518
0.7142748152546119
0.8571755541488528
0.4284733357199002
0.7141222274804022
0.857206069980748
0.428015570534626
0.7137255051347893
0.8588234845083207
0.4235294566315133
0.705882517475402
0.8666664123302326
0.40000025430344976
0.666667938203318
0.9999961853027344
3.814726369455457e-06
1.144417910836637e-05
1.9073631847277284e-05
5.722089554183185e-05
6.485034828074276e-05
0.0001945510448422283
0.0003242517414037138
0.0009727552242111415
0.0009803846769500524
0.002941154030850157
0.004901923384750262
0.014705770154250786
0.01666653950815089
0.04999961852445267
0.08333269754075445
0.24999809262226336
0.25000572207500227
0.7500095368304756
0.2500286103459075
0.7500324252760038
0.2500972753914539
0.7501621264673304
0.25048637576401234
0.7504901941865683
0.251470575138228
0.7524509710201528
0.25735286076087505
0.7583333015209064
0.27499977746629156
0.7916665076918434
0.3749985694885254
0.8750033378601074
0.12500429156352766
0.375012874690583
0.6250214578176383
0.8750567440292798
0.12507295663817786
0.37520361100905575
0.6253647831908893
0.8758578365668654
0.12610293275793083
0.3783087982737925
0.6305146637896542
0.8895832220441662
0.14374985694303177
0.42708388963364996
0.7187483310408425
0.8437521457672119
0.4062564373307396
0.7187607289233711
0.7812783719273284
0.34378647842095234
0.9063518054026645
0.2189323918428272
0.2816789171192795
0.8443014684598893
0.40790439702686854
0.7215073386614677
0.7885415911441669
0.3531249562802259
0.9322919249243569
0.20312422513961792
0.3281262516975403
0.9843787550926208
0.01562887433101423
0.04688662299304269
0.07814437165507115
0.23443311496521346
0.2656908636272419
0.7970725908817258
0.32844668871257454
0.9853400661377236
0.01662070318707265
0.04986210956121795
0.0830729981244076
0.24921887516393326
0.25130195418023504
0.753905624122126
0.2539081275463104
0.7617206871509552
0.26953706148196943
0.8086034358420875
0.3164353073807433
0.9492516819154844
0.08213004530989565
0.2462545949674677
0.25438878129352815
0.7622166034707334
0.2710248028161004
0.811067758477293
0.31601566323661245
0.9420571997470688
0.07617158442735672
0.20898517221212387
0.3691420331597328
0.8886752650141716
0.14258248361875303
0.4277474508562591
0.7129124180937652
0.8574785519740544
0.4239022215770092
0.7091892600583378
0.8695025247870944
0.3895393005514052
0.6436982761661056
0.9271809490746818
0.2184570483805146
0.34456391507410444
0.9077144451148342
0.2221686728298664
0.2856462262570858
0.8569357730448246
0.42822919416357763
0.7143663653114345
0.8559853696497157
0.427283142140368
0.7173875986773055
0.8473489189054817
0.41107824284699745
0.7315171089430805
0.8039225110551342
0.3372558743285481
0.9803874445788097
0.05883766617625952
0.06665064487606287
0.1999519346281886
0.33325322438031435
0.999759673140943
0.00024795628269203007
0.0007438688480760902
0.0012397814134601504
0.003719344240380451
0.004215256805764511
0.012645768554648384
0.020588002778822556
0.061763995297951624
0.06372476465185173
0.19117429395555519
0.31667069825925864
0.9500120798766147
0.0833133696578443
0.24993960047140718
0.2500629420392215
0.7501850132830441
0.25031089925323613
0.750925066502532
0.2510662149870768
0.7531452261609957
0.25516321617760696
0.7654819893359672
0.2660504556261003
0.7975484193302691
0.32990110994433053
0.9867655305133667
0.02206412481609732
0.05831931426655501
0.07498197548557073
0.2083443006267771
0.37490987742785364
0.8752169617218897
0.12527895081439056
0.37583685244317167
0.6263947538391221
0.8786273138248362
0.1297421639028471
0.3881125941697974
0.648161498218542
0.9305150284199044
0.19669035836705007
0.3395818401768338
0.9812544663727749
0.052086019481066614
0.0937275092001073
0.21880412084283307
0.2813203338882886
0.8439581399434246
0.40659976165625267
0.7196533705864567
0.7824304171954282
0.3470442387915682
0.9119899515353609
0.23255090235034004
0.29920374060748145
0.8346199005027302
0.4960161996714305
0.5119514009275008
0.5197945396066643
0.5593836188490968
0.5676920611876994
0.7030761835922021
0.8282063606311567
0.48461908192257397
0.5158692011900712
0.5476076035411097
0.5793460060085636
0.7380380176473409
0.7697764204640407
0.3093292585690506
0.8176319812773727
0.4528959347808268
0.578384709689999
0.735154114139732
0.7669230639876332
0.3007689813384786
0.8320516644744202
0.4961544574762229
0.5039682094648015
0.5119028394110501
0.5198393776372541
0.5595141971134581
0.567458606994478
0.702348270220682
0.8294550117861945
0.488181721244473
0.5197075870237313
0.5590297324524727
0.5669817753368989
0.7009101425355766
0.8347688570502214
0.4954488103685435
0.5136535688361619
0.5215352402883582
0.5567321557027753
0.5763855510158464
0.7053528513351921
0.8660585539764725
0.4017642565013375
0.6696481021645013
0.9909984729602002
0.02670608097105287
0.04483597367652692
0.11546155481482856
0.150682781386422
0.42073718979372643
0.7377884300949518
0.7710087559535168
0.3110578470805194
0.8159717211092357
0.4419640567502938
0.5758906943374313
0.7098192998382729
0.87054210039787
0.3883729831140954
0.6472890207951423
0.9330719023710117
0.2007802377047483
0.3346404879994225
0.9960785359435249
0.01173408335307613
0.01957725005922839
0.0586702975560911
0.0666358926682733
0.1994794170022942
0.33281325100688264
0.9973945816163905
0.00780874487827532
0.00781637433101423
0.023449122993042693
0.039081871655071154
0.11724561496521346
0.13287836362724192
0.3986350908817258
0.6643841887416784
0.9931525661959313
0.008808203128864989
0.026424609270179644
0.04401049806619994
0.11640637417440303
0.1497394531907048
0.41796811917447485
0.7460956424183678
0.7539082020521164
0.26172454658080824
0.7695410103478935
0.3086226136656478
0.8164394352352247
0.44931729199015535
0.5821933615661692
0.7465763259679079
0.7544079330109525
0.2632008437649347
0.7720243764924817
0.30819158474332653
0.8249348019307945
0.45878934412030503
0.6233725671772845
0.6279282793111634
0.8818393275141716
0.13379342111875303
0.4013802633562591
0.6689671055937652
0.9912676144740544
0.024488159077009186
0.04219707255833782
0.12243221231619827
0.13270336299319752
0.382956088607898
0.6488606363127474
0.9147461107349955
0.24397797844721936
0.2602535045298282
0.7797858584381174
0.28466965444386005
0.8481467273086309
0.4194401148997713
0.7407336068281438
0.776883648824878
0.29349382818327285
0.8648488472390454
0.40496517694555223
0.660100236767903
0.9727323509578127
0.04316742840455845
0.11363314458867535
0.15321447333553806
0.4113035762566142
0.7338457743753679
0.7984611512802076
0.33068974781781435
0.992069243453443
0.02356338597019203
0.03944015791057609
0.11781692985096015
0.13470078955288045
0.4005775614932645
0.6702385419921484
0.9872628074372187
0.022579424927243963
0.05579019451397471
0.07362058319267817
0.2164509723370429
0.3505247741995845
0.9171756754803937
0.2473761287983507
0.25775335752405226
0.7578754581045359
0.27362637341138907
0.7893772906099912
0.36813186516519636
0.8838827876606956
0.1515262479952071
0.4194139076571446
0.7417582741763908
0.773992738511879
0.2907203393697273
0.8699635393277276
0.39010920241707936
0.6421255429158919
0.9244229317118879
0.2106178601970896
0.36811971629504114
0.8838992126984522
0.15150880921282806
0.41937017763848417
0.7418885282531846
0.7742419378482737
0.2904935066762846
0.8707023158494849
0.38737353432225063
0.6464726700796746
0.9355667010822799
0.18951164942700416
0.31842792814131826
0.9474565020063892
0.09212533562094904
0.22165750918793492
0.288141025492223
0.8526098903676029
0.43282967002596706
0.7005341887706891
0.8358516496664379
0.49241453333524987
0.508104385167826
0.5242521203763317
0.5405219234526157
0.620619725465076
0.6372252293513156
0.8960468733857851
0.18612599768675864
0.44113327260129154
0.5671713550109416
0.7005375025619287
0.8358567359973677
0.49242967457394116
0.5080624232359696
0.5241796402842738
0.5403121162380558
0.6208829425740987
0.6370611952443141
0.895425068505574
0.18480994456331246
0.4445932461239863
0.5720427754276898
0.7131909943418577
0.8582297502143774
0.42524827615125105
0.708606150757987
0.873677884665085
0.3788442458026111
0.6290922616608441
0.8870287700847257
0.1454613083624281
0.4346478205989115
0.6945684485253878
0.8215525834530126
0.4646577495150268
0.6057787952013314
0.6767112515226472
0.9658980058156885
0.10081825006636791
0.16530290691298433
0.4959087198076304
0.5120296998939011
0.5204563962179236
0.5596601742727216
0.5695517592830583
0.6965702261368278
0.839702095312532
0.4808937139750924
0.5514590057136957
0.5916251800372265
0.7250634246447589
0.7915994414361194
0.3746761944203172
0.8759656890470069
0.12600485770963132
0.37796687171794474
0.6299848805647343
0.8898287259798963
0.14203559031011537
0.4253627233556472
0.7077287943684496
0.8729073663416784
0.38127790088765323
0.6354631681460887
0.9061104951251764
0.1566685143043287
0.4694475242285989
0.5330636213184334
0.5961215824063402
0.6628068436402828
0.9803294388402719
0.05901168315904215
0.06710268644383177
0.2010333994985558
0.3343995392206125
0.9948329826002009
0.015501052112085745
0.01599314811755903
0.04749116310267709
0.07996574058779515
0.23647925301338546
0.2718835179985035
0.8073497727455106
0.32791963464114815
0.9534854664234444
0.1102390663290862
0.1417523552372586
0.4252034505188931
0.7087158203066792
0.8738199869403616
0.3782958983501885
0.6307373048912268
0.8887939455453306
0.14294433666509576
0.4283447278139647
0.7147216833254788
0.8555908242124133
0.42614747243351303
0.7154541210329626
0.8494873616728
0.42004401175654493
0.7366945239773486
0.7720950489747338
0.3084726169181522
0.8243418213969562
0.4574004031601362
0.6217091021244414
0.6307518593675923
0.8888108991086483
0.14299229162861593
0.4284275584795978
0.7147173175180797
0.8558480408391915
0.4264133913384285
0.7167314716207329
0.8498055850504898
0.41634252210496925
0.7490189496020321
0.7529429117566906
0.25490417479886673
0.7647043863835279
0.26667785638710484
0.8000030518160202
0.3333587648521643
0.999893188738497
0.00016784743638709188
0.000442506221588701
0.0005950960912741721
0.0016021772171370685
0.002853406418580562
0.007034322654362768
0.009140069189015776
0.027237012691330165
0.04313679115148261
0.11372409894829616
0.15293969545746222
0.4117595448042266
0.7333254495752044
0.8000083923980128
0.33337275171652436
0.9998817439191043
0.00012588550453074276
0.0003776565135922283
0.0006294275226537138
0.0018882825679611415
0.0021400526457000524
0.006176017312100157
0.010700263228500262
0.030391805310500786
0.03235257466440089
0.09705772399320267
0.16176287332200445
0.48333549496601336
0.5499935150437523
0.5833225250826217
0.749967575276969
0.7500934603158385
0.2501583106641192
0.7504673016665038
0.25054741266649216
0.7515277900965884
0.25263024531886913
0.7576389505702537
0.25826841383241117
0.7740193067584187
0.29068584254127927
0.8700965338794049
0.38970849092584103
0.6416654904605821
0.9249926567135844
0.20832745236111805
0.3749556539696641
0.8751101497909985
0.1251416211889591
0.375424863450462
0.6256775883666705
0.8767809933051467
0.12740755922277458
0.38144447942613624
0.6363969269732479
0.9033085028058849
0.16115250586881302
0.4834574858250562
0.5479185580916237
0.5812475681304932
0.7395923137955833
0.781222581921611
0.28128600140917115
0.8438551428553183
0.4064204700407572
0.7191994203603826
0.781854394444963
0.34534669353161007
0.9090869555948302
0.22574164546676911
0.2905023642524611
0.8706496493250597
0.3873166624107398
0.6461402072454803
0.9364558736269828
0.19062367675360292
0.31771634018514305
0.9531009792117402
0.0781663061643485
0.23449510379577987
0.26575285245780833
0.7972509279788937
0.3287642622599378
0.9862393810180947
0.01779849096783437
0.05301781787420623
0.08874068458680995
0.23377793430699967
0.29848308363580145
0.830988258094294
0.4914083182811737
0.5247373878955841
0.5429583490185905
0.6211234629736282
0.628938168491004
0.8868136706296355
0.14468821955961175
0.43406453853822313
0.6919469571730588
0.8257704118150286
0.4596987779659685
0.6209022299444769
0.6370482120546512
0.895488358422881
0.18462816800456494
0.4444026892306283
0.5714855327969417
0.7141895467939321
0.8574123903526925
0.4277592525759246
0.7129347102309112
0.8575308848521672
0.4239719590113964
0.7094072938489262
0.8698249859153293
0.3904635301732924
0.6411094080249313
0.922374788147863
0.2046091012598481
0.36187393838190474
0.8980149812705349
0.18037139251828194
0.447104599326849
0.5883726216852665
0.7329213433258701
0.8003204353735782
0.3325551415036898
0.9976653794583399
0.006515544664580375
0.011673083005007356
0.027450710127595812
0.03529396717203781
0.10588142444612458
0.17646959651028737
0.466661787184421
0.5999974419246428
0.6666824788262602
0.9999516060343012
8.369950228370726e-05
0.00023676545242778957
0.0002525309391785413
0.0007565795385744423
0.0012626546958927065
0.003780394297791645
0.004276306863175705
0.012340637476881966
0.021381534315878525
0.06072662115911953
0.06488471574266441
0.19392163594602607
0.3239352378586773
0.9656942854344379
0.09901086380705237
0.17152857268229127
0.485288396012038
0.51679064380005
0.5501201614097226
0.5839532190584578
0.7481403273704927
0.7521076432894915
0.25632289916393347
0.7602940759097692
0.2808820124482736
0.7818626357475296
0.3455874304345343
0.9083365855913144
0.22500235796906054
0.2916605162899941
0.8749812573660165
0.375050460716011
0.6250889136863407
0.8752205845667049
0.1252840376982931
0.3758492408960592
0.6263566124544013
0.878558662312571
0.1298108452174347
0.38790665453416295
0.6478029967693146
0.9315604771254584
0.19750606841989793
0.3420449518307578
0.9714473546773661
0.03834975842619315
0.103330519690644
0.18195167725207284
0.45209739956771955
0.5811448568128981
0.7394748551014345
0.7805526189040393
0.28306365877506323
0.846121098700678
0.4128063138341531
0.7303308142581955
0.8090075532963965
0.3170949576306157
0.9510407245834358
0.08437591695110314
0.24479633852024563
0.2656104016059544
0.7656420014391188
0.29692311718827114
0.8282076004543342
0.4846149875957053
0.5158814767200965
0.5476276337285526
0.579406092845602
0.7381000211462379
0.7699604938097764
0.30914894031593576
0.8180641878279857
0.45199446319020353
0.5815158951154444
0.7397810390102677
0.7798899918270763
0.28484174131881446
0.8485969147877768
0.4190510971529875
0.7413818423810881
0.7748616829048842
0.2926024471234996
0.8717042578791734
0.3807377595221624
0.638794474885799
0.8929458352795336
0.17834731395123526
0.46472917339997366
0.6055988547741435
0.676171026279917
0.9654940302716568
0.09960402120486833
0.1699358501646202
0.48634711539489217
0.5215341852454003
0.5567286590812728
0.5763900933379773
0.7053656079224311
0.8660808490531053
0.401756975450553
0.6695955143077299
0.9912055555323604
0.026381425035651773
0.04396363493287936
0.11626182001782581
0.14950555545510724
0.41720598976826295
0.7473452692502178
0.7576608077797573
0.25821024435572326
0.7741424508858472
0.29080707745742984
0.8694915420783218
0.38957224681507796
0.6437532185809687
0.9271092018170748
0.21864378423197195
0.34391939715715125
0.9066952480352484
0.2193518910498824
0.28286111788474955
0.8465992342389654
0.41332711838185787
0.7277881447225809
0.8083643447898794
0.3244796563521959
0.9578120617079549
0.12239816258079372
0.13280515270889737
0.38282095195609145
0.6484617193054873
0.914104163472075
0.24230665012146346
0.2579393987834919
0.7738181963504758
0.28968936449382454
0.8690680934814736
0.38496787115582265
0.654659472842468
0.9090617676265538
0.2257203399494756
0.2904254892782774
0.8707879480498377
0.38763615576317534
0.6455707857967354
0.9367123574193101
0.18879142892546952
0.31637428677640855
0.9415002318564802
0.07437856568139978
0.20749734467244707
0.37163712448091246
0.8804419527004939
0.139372673118487
0.39438197459094226
0.6761832658667117
0.965559594129445
0.09941449045436457
0.17024699685862288
0.4873020584345795
0.5224678620579652
0.5556733881530818
0.5732672585872933
0.7158649937773589
0.8506960202357732
0.41518182362779044
0.7455433249997441
0.7633700174628757
0.2722831360006239
0.8080583225528244
0.3257634075707756
0.959706132824067
0.12087769687059335
0.1370006387878675
0.3953635584039148
0.6849916250503156
0.9450171340140514
0.07113538621342741
0.2123750913015101
0.3550164273183327
0.9341877608385403
0.1930421840515919
0.3271080697304569
0.9561757906922139
0.11438276126864366
0.1556444687594194
0.4078513014537748
0.7215740465617273
0.7882569368812256
0.35298712117946707
0.9332260767987464
0.1998315809178166
0.33386961586074904
0.9981775273918174
0.0023431806766893715
0.006510739360237494
0.011715903383446857
0.02735044204746373
0.035164880187949166
0.1054945808427874
0.17582439721445553
0.46495748407323845
0.5978029026591685
0.6683752957032993
0.9890125909878407
0.029055976949166507
0.03735891991527751
0.10426235146587715
0.18678569939220324
0.43925953161669895
0.5647878719610162
0.6943063814833295
0.8232755889184773
0.4659166722849477
0.600752944679698
0.6655131723964587
0.9956239619350526
0.012258217844646424
0.02108665119158104
0.06125175015768036
0.06619754253188148
0.19175663794158027
0.3251206635613926
0.9582088393508457
0.12438142215250991
0.12685573208727874
0.3771153720736038
0.6313461116806138
0.8852564232074656
0.15576924729975872
0.40674607901019044
0.720238176494604
0.7837301268009469
0.35119024678715505
0.9146833349659573
0.24404812650755048
0.25991919031366706
0.7797575392760336
0.2837268109724391
0.8511801963613834
0.41471994074527174
0.7440983083797619
0.7598770923505072
0.27944672986632213
0.783606912533287
0.3503205000597518
0.9177808666427154
0.24641325912671164
0.25483802234521136
0.7628050810308196
0.27260319257038645
0.8060908273619134
0.32391501759411767
0.9656396121135913
0.09906726572080515
0.1714559343236033
0.4850709000311326
0.5174358943768311
0.5492547928006388
0.5846573610033374
0.7459134750533849
0.7621527628798503
0.27008930064039305
0.8102679019211791
0.3191962643468287
0.9486604902485851
0.09151805139845237
0.22544563707197085
0.2924090872402303
0.8727716652792878
0.381685004074825
0.6361415540159214
0.904029177094344
0.16288168981554918
0.47985314557445236
0.5604386556369718
0.5685000800294802
0.697682016674662
0.8424965249723755
0.47251024618162774
0.5355636241438333
0.6061987690045498
0.677497442899039
0.9670491853030398
0.09646005593822338
0.16337092660251074
0.47839307578396983
0.5570082723570522
0.576784620876424
0.706916361261392
0.863411457685288
0.402734372386476
0.6608072860690299
0.982421858177986
0.05273442537873052
0.08789070896455087
0.23242209709133022
0.29882841047947295
0.8339851718337741
0.4941420486429706
0.5136752220569178
0.5175824408943299
0.5527472928515635
0.5879121893958654
0.7324787598336115
0.798901491711149
0.334187694999855
0.9945062057231553
0.014528257743222639
0.018678715481655672
0.052129829389741644
0.09339354760595597
0.21963338783825748
0.28238185358350165
0.847144599625608
0.41166068299207836
0.7330270017264411
0.8004298789019231
0.33290153968846425
0.9972397746169008
0.007281135505763814
0.009391275030793622
0.02602538964129053
0.04679362467140891
0.10961912592756562
0.14086915578809567
0.422607467364287
0.7043457789404783
0.8630373363266699
0.394775648455834
0.6843269443197642
0.9426282119820826
0.07788462270400487
0.20337303858832456
0.36011908549699
0.8918650716368575
0.17559510964201763
0.457341626228299
0.6220241338596679
0.6299598070036154
0.889879003399983
0.14186315311235376
0.4255893988010939
0.7073626405617688
0.872052688326221
0.37993484394974075
0.6397357628738973
0.8918272975715809
0.17510016946471296
0.45883035092265345
0.6235070323746186
0.6274791045580059
0.8824239101086278
0.13347778405295685
0.4003397616907023
0.6661071722046472
0.9982605112891179
0.0022278001997619867
0.00668340059928596
0.011139000998809934
0.029022438218817115
0.037872603395953774
0.10482868063263595
0.18545673717744648
0.4435763822402805
0.5725446513388306
0.7176339540455956
0.8470981375430711
0.41183022965560667
0.7332590725563932
0.8002227787510492
0.33370463384198956
0.9988860956218559
0.0033416960504837334
0.005569513363298029
0.014511180634144694
0.018936357169877738
0.05241429415764287
0.09272850718116388
0.2217875910573639
0.2862734177033417
0.8588158551719971
0.42355234498973005
0.7059054053679574
0.8666130067431368
0.40012995500001125
0.6667976349417586
0.9993476917152293
0.0019493251747917384
0.0019569546275306493
0.005870863882591948
0.009784773137653247
0.02935431941295974
0.03326822866802104
0.09980468600406311
0.1663411433401052
0.4990234300203156
0.5029297098808456
0.5048828498111106
0.5146485494624358
0.5166016893927008
0.5498050682072062
0.5830084470217116
0.7490253410942387
0.7509784810245037
0.25293542820145376
0.75489240520983
0.2646771111758426
0.766634177765809
0.29990227954112925
0.8331708889163565
0.49951077066361904
0.5014658067375422
0.5024442952417303
0.5073290188447572
0.5083151815633755
0.5249187147710472
0.5415530193422455
0.6245932609890588
0.625730996922357
0.8767123352736235
0.127201573952334
0.381604721857002
0.63600786976167
0.9041097000590526
0.1624267572478857
0.47945149955921806
0.5616455012641381
0.5635986411944032
0.6907959236123133
0.8179932060302235
0.4520264782186132
0.5811769005667884
0.739624421868939
0.7808845010295045
0.2821061653085053
0.8448507911525667
0.4095523567229975
0.7242539483995643
0.7958048103610054
0.362463435070822
0.8959757073025685
0.18707239837385714
0.43805015715770423
0.5641490325797349
0.6902498284180183
0.8197685836930759
0.4468526644341182
0.5885801902331877
0.7342424998641945
0.7972709566529375
0.3287671257276088
0.9863013771828264
0.01761253204313107
0.052837596129393205
0.08806254100636579
0.23287658739718609
0.29941304473322816
0.8356170629558619
0.4931488110451028
0.5088043288560584
0.5264129865972791
0.5440216443384998
0.6164399328117725
0.6496735907858238
0.9177707719209138
0.24641481408616528
0.2548694350407459
0.7627125197905116
0.27251254426664673
0.8057500393188093
0.3234695542487316
0.9661128365551122
0.10140209083328955
0.1645434666716028
0.4926843550929334
0.5093012099678162
0.5259199574938975
0.5465060347632971
0.6099921684945002
0.6424650483822916
0.9239766087266617
0.2093933479336556
0.3698630164435599
0.8904109506111126
0.14090021909214556
0.4227006274741143
0.7045009613502771
0.8630135858256835
0.3953037246246822
0.6849308041273616
0.9452037877344992
0.0704517449485138
0.21135523484554142
0.35225872474256903
0.9315014992607757
0.19767966415383853
0.3424896425276529
0.9725291650102008
0.03553750418359414
0.10609463759465143
0.1776589106884785
0.4669965649372898
0.5960575505741872
0.6629838223743718
0.9796726328786463
0.06000458475318737
0.06989467967650853
0.19600882512168027
0.33775178689393215
0.9789302319113631
0.061240916431415826
0.06627680355450138
0.1917808205471374
0.3248532267170958
0.958904102735687
0.12328766376595013
0.12720157302101143
0.3816047190630343
0.6360078651050571
0.9041097158915363
0.16242671161307953
0.4794514203967992
0.5616452768153977
0.5635988786816597
0.6907966360740829
0.8179943934665062
0.4520300554286223
0.5811809378501493
0.739636086684186
0.7809046893089544
0.2821638542227447
0.8449118253774941
0.4094913206354249
0.724559126974782
0.7950113449478522
0.36154789189458825
0.8967691186990123
0.18249484081752598
0.45251547708176076
0.5797132349107414
0.73718610292417
0.7725876898621209
0.3060428853787016
0.8238747548602987
0.46575342310825363
0.5988258330035023
0.6712328738940414
0.9863013763679191
0.01761253472068347
0.05283760043676011
0.08806255416129716
0.23287656958564185
0.2994130567240063
0.8356169787875842
0.49314901884645224
0.5088045978918672
0.5264137937047053
0.5440229299128987
0.6164432980294805
0.6496781643945724
0.9177829732943792
0.24640592589275911
0.2548312888829969
0.7627811851562001
0.2726880230184179
0.8059560295951087
0.3240570237976499
0.9653270211420022
0.09815955589874648
0.1694491036760155
0.4907691692642402
0.5269330097653437
0.5436895611346699
0.6150097467179876
0.6545988258440048
0.9090019574214239
0.22602739586727694
0.29060665232827887
0.8698630156577565
0.3904109515424352
0.6409002181899268
0.9227006247383542
0.20450096993590705
0.36301356976036914
0.8953036792518105
0.1849308820674196
0.44520401570480317
0.5704519861610606
0.7113559436111245
0.8522599308635108
0.43150121517828666
0.6976837649999652
0.8424936110968702
0.47251867488375865
0.5355689752905164
0.6061566254938953
0.677600735652959
0.9671825267141685
0.09637132161878981
0.16400710117886774
0.47663709896733053
0.5548880510905292
0.5706699975999072
0.7118181254772935
0.852704678371083
0.43309686877182685
0.7007093936263118
0.8345156560535543
0.4957191793655511
0.5123532269208226
0.521404103084933
0.5607876645808574
0.5647015742724761
0.694104722380871
0.8235078714205883
0.4666096978762653
0.5999267587030772
0.6669515040121041
0.9991454822884407
0.0010986753040924668
0.0032960091484710574
0.005493308533914387
0.014526767074130476
0.018677465268410742
0.052125715534202754
0.0933859731303528
0.21961104439105839
0.2823594935471192
0.8470741723431274
0.41178029324510135
0.7333786016970407
0.7998631815426052
0.33307647009496577
0.9992141812981572
0.0013046512613072991
0.0038834064034745097
0.003959760186262429
0.01178754901047796
0.019737646565772593
0.0589377450523898
0.06731592316646129
0.20038833317812532
0.3352953741559759
0.9941138772992417
0.009800031926715747
0.02940009578014724
0.03337504019145854
0.10006408541812561
0.1666005427541677
0.4996795579500031
0.5009613260917831
0.5009918586001731
0.5029755758296233
0.5049592333380133
0.5148777000431437
0.5168615964357741
0.5505847893364262
0.5823536030948162
0.7470607944123913
0.7549076639697887
0.2646923700522166
0.76671047162381
0.2999480560538359
0.8334302878356539
0.4997091364057269
0.5008096775563899
0.501452470140066
0.5034380351135042
0.5044547301949933
0.5132457040308509
0.5221589865977876
0.5584160199796315
0.5746602084254846
0.7075988395663444
0.8727927039726637
0.3816218879946973
0.6360174065048341
0.904145939683076
0.16250877323909663
0.4792245250719134
0.5622959071479272
0.5628604972735047
0.688367868802743
0.8136158409179188
0.44084750788169913
0.568079137505265
0.7020095994812436
0.8314692941203248
0.48995185317471623
0.5301439887844026
0.5345542640716303
0.5992672998108901
0.6708181618887465
0.9875454509165138
0.020756362268002704
0.06226885583600961
0.06276596282259561
0.1882888169202488
0.31379451861721464
0.9413677894917782
0.06652163143735379
0.19934942026156932
0.33242326078470796
0.9967471013078466
0.00585101536125876
0.013696000183699653
0.017619923019083217
0.05285309333703481
0.08801700305775739
0.2328010087076109
0.29946001319331117
0.8358724092540797
0.49238277215044945
0.5081379489274696
0.5244138468115125
0.5400393388117664
0.6201180162315723
0.6376966334646568
0.8974644231202547
0.1806687451316975
0.44825479766586795
0.5908425265806727
0.7256411205453333
0.7901100189192221
0.37032953384914435
0.8880348051607143
0.14834980806335807
0.4299126439727843
0.6956064621917903
0.8367579211771954
0.47800139483297244
0.5581487367744558
0.5748213677143212
0.7086411867057905
0.8739399171026889
0.37816687108715996
0.6301363576785661
0.8904060332279187
0.1409136599395424
0.4227180022280663
0.7044869244564325
0.8629724884231109
0.39545085869031027
0.6846435395418666
0.9445394045615103
0.07165519252885133
0.2147219137987122
0.3555910714203492
0.9261481974972412
0.21545534874894656
0.3494909531145822
0.9200481991574634
0.23670636914903298
0.2721153587917797
0.8085316669312306
0.32440487990970723
0.9573416575149167
0.12202407658332959
0.12995963514549658
0.38987883256049827
0.641863563505467
0.9255903322191443
0.20735962374601513
0.3720483387587592
0.8799372893990949
0.13972008452401496
0.391812688409118
0.6751476635981817
0.9589013124932535
0.12328449354390614
0.12720821521361358
0.3816199815773871
0.6360231276194099
0.9041554736322723
0.1625335790158715
0.4791920843126718
0.5623321048624348
0.5629425905644894
0.6880953051440883
0.8141024523065425
0.4403542170475703
0.5695356393989641
0.6966435060021468
0.8397416895895731
0.4806490461342037
0.5512152542360127
0.5904018669680227
0.7243302413844503
0.7957590368750971
0.3627228296827525
0.8962045770604163
0.18638576919329353
0.44084255801863037
0.5680706174171064
0.7020143020781688
0.8314418041554745
0.4899275171337649
0.5302145649911836
0.5342472106276546
0.5988267312641256
0.6712322084640618
0.986303374520503
0.01761825443827547
0.052854763314826414
0.08801485787262209
0.23279457361786626
0.29944928936311044
0.8358440235897433
0.49234585696831346
0.5082798819057643
0.5239851405203808
0.540590533579234
0.6198184739041608
0.6404526678379625
0.8910807224747259
0.17246092931600288
0.4547526104724966
0.6123046461143531
0.6474610462028068
0.9306642094161361
0.19824258078006096
0.3408210080524441
0.9755876654817257
0.040041269443463534
0.12012380623491481
0.1377058694488369
0.3974887817748822
0.6807015786762349
0.9483432619308587
0.09099774097558111
0.22602661012206227
0.29060577030759305
0.8698637654306367
0.3904064208327327
0.64091428622487
0.9227161256130785
0.20448498454061337
0.36296661276719533
0.8954717977030668
0.18467547342879698
0.4445064559695311
0.5717385685420595
0.71447179428651
0.8560886761406437
0.4276410284510348
0.7169514989654999
0.84616699651815
0.4126383390103001
0.7301025160995778
0.8092041405616328
0.31823741845437326
0.951294077996863
0.08044471079483628
0.24084537429735065
0.2772235502488911
0.7930928259156644
0.36365335670416243
0.9029640700609889
0.16201646684203297
0.48257802601438016
0.5492904355050996
0.5845158606825862
0.7457197557087056
0.7623524515365716
0.271400973550044
0.8107848918298259
0.31470750449807383
0.944122093002079
0.07351713464595377
0.21664508688263595
0.3500075184274465
0.9167209134902805
0.24979074511793442
0.25034879785380326
0.7509067313803826
0.2511856981436722
0.753278604533989
0.25578918631072156
0.7638804144517053
0.2679290683590807
0.8036346693406813
0.3390655935218092
0.9817963739915285
0.054580837197136134
0.08610573486657813
0.22700569167500362
0.30528429482365027
0.8219169123913161
0.4637974927609321
0.6086075216589961
0.6731999168987386
0.9569623915886041
0.11348758672829717
0.1526879227021709
0.4110652672825381
0.7316393424989656
0.8040443569479976
0.3378664503688924
0.9785575119894929
0.06066535456920974
0.06457926382427104
0.19373779147281311
0.3228963191213552
0.9686889573640656
0.09393312782049179
0.15655521303415298
0.46966563910245895
0.5322877243161201
0.5968631729774643
0.6614386216388084
0.984315864945529
0.04693795018829405
0.07831385056488216
0.23468975094147027
0.2665692528244108
0.7979451532009989
0.33121337441843934
0.989725766092306
0.0308227016357705
0.031799383577890694
0.09539815073367208
0.15899691788945347
0.47601407195907086
0.5405895208241418
0.6198151990829501
0.6404475892777555
0.8910656346415635
0.17244157975073904
0.4548246195772663
0.6120857688365504
0.6477495079452638
0.9315068558207713
0.19765167179866694
0.3424657207506243
0.9726028376899194
0.03522492293268442
0.10567476879805326
0.1761246146634221
0.46575175877660513
0.5988236898556352
0.6712268991686869
0.9863059493363835
0.017633206414757296
0.05280519396183081
0.08810308188549243
0.2327607091574464
0.2997187270957511
0.8351882973511238
0.4934565185685642
0.511558513098862
0.5278244606161024
0.5356522212969139
0.6069566639198456
0.6782611065427773
0.9644708175619598
0.10608776228036731
0.17763828265015036
0.4669621278299019
0.5961835711495951
0.6626208772941027
0.9800194946001284
0.059197650145506486
0.06800390910939313
0.2020547871652525
0.33121331481379457
0.9897260641155299
0.03082180756609887
0.031800277647562325
0.09540083294268698
0.15900138823781163
0.4760276022134349
0.5406047200085595
0.6198610350547824
0.6404015148873441
0.8909291996096727
0.17267135565634817
0.4545336893061176
0.6128684374270961
0.6452192311699037
0.9354130462161265
0.19374560061260127
0.32293417272740044
0.9686956936202478
0.0938196862116456
0.1564590586349368
0.469098431058228
0.5321578299626708
0.5949327582784463
0.6595233483822085
0.9745416019286495
0.04511374910362065
0.11165935709141195
0.1474437362048775
0.4326687890570611
0.7002813101280481
0.8351883495051879
0.4934564813156612
0.5115581778227352
0.5278252429270651
0.5356532420264557
0.6069597261084709
0.6782662101904862
0.96446894746623
0.10610487626399845
0.17765526252333075
0.4670325432671234
0.5959712519543245
0.6628832047863398
0.9798562449286692
0.060431265126680955
0.06849221271113493
0.19766032297047786
0.34244383571785875
0.972635885089403
0.0352172254351899
0.10552996408659965
0.17596465384121984
0.46514982043299824
0.598572792368941
0.6690093895012978
0.991399115358945
0.02473444733186625
0.04292306271963753
0.12120077104191296
0.1290438482828904
0.3871315448486712
0.645219241414452
0.9354131067520939
0.19374542086734436
0.32293446609401144
0.9686965867585968
0.09381868690252304
0.15645603090524673
0.4690934345126152
0.5321580246090889
0.5949176773719955
0.6595083848224021
0.9745883869181853
0.0449771957937628
0.11140253464691341
0.14668468502350152
0.43199741444550455
0.7020512933377177
0.8312210038129706
0.4897333954577334
0.5307845547213219
0.5317917541542556
0.5952837095828727
0.6588977355568204
0.9764184287632816
0.039483258355176076
0.11786969975219108
0.13461111366632394
0.4008541589428205
0.6704502891225275
0.9879133672220632
0.02014375213184394
0.06043125639553182
0.06849219047580846
0.1976602548675146
0.34244378624134697
0.9726362162909936
0.035216339863836765
0.10553076397627592
0.17596725840121508
0.4651538049802184
0.59858622495085
0.6690229578234721
0.991443392878864
0.024677998590050265
0.04278303057071753
0.12140634268871509
0.12982968651340343
0.3877800597983878
0.6476835289795417
0.9309651016374119
0.19904802271048538
0.34029108195682056
0.9732657085114624
0.04455679946113378
0.11609203123953193
0.1514949348056689
0.4193249501986429
0.7418386797653511
0.7743437470926438
0.2902477287570946
0.8704675126937218
0.3885974618315231
0.6466846815601457
0.9319974021636881
0.20205133009585552
0.33122106341761537
0.9897333358821925
0.030784256639890373
0.031792529043741524
0.09528460388537496
0.15890065638814121
0.4764230194268748
0.5394809340359643
0.6178849026618991
0.6346261824364774
0.9008086694811936
0.17061892931815237
0.4881431987741962
0.5199444385943934
0.5592839961464051
0.5682261422625743
0.701565610797843
0.8307241421425715
0.4921719365811441
0.5234841790224891
0.5391398326028138
0.6174194643099327
0.633076956786681
0.8992308033339214
0.16534469928592443
0.49603323731571436
0.5117812929674983
0.5197169678576756
0.5589063456864096
0.5673296760942321
0.7002800435293466
0.8351835364301223
0.49346516869263723
0.5115478513180278
0.5277913427853491
0.5357665951596573
0.6070556746853981
0.6785888948361389
0.9639892939885613
0.10681162343826145
0.1793214656645432
0.46179241582285613
0.6026616796152666
0.6829850351496134
0.9508083832333796
0.0848459385742899
0.24524854999617673
0.2630870451394003
0.773116376978578
0.3056505073909648
0.8213065713061951
0.46391956516890787
0.6065322907234076
0.6789373014471494
0.9622115051315632
0.10530869814101607
0.18405957787763327
0.44194852479267865
0.5757538316538557
0.7096814323740546
0.8709557027905248
0.3871319341415074
0.6452214859018568
0.9354136152542196
0.19375305212452076
0.32291157977306284
0.9687347393191885
0.09379578195512295
0.15632630325853825
0.46897890977561474
0.53150943107903
0.5945282932661939
0.6575471554533578
0.9726414663891774
0.035171987721696496
0.10551596316508949
0.17585993860848248
0.46507981210015714
0.5979237912688404
0.6687408488069195
0.9896189564024098
0.031143130705459043
0.031387390597956255
0.09416217179386877
0.15693695298978128
0.4705667183443438
0.5335856401652563
0.6002685200073756
0.667928197159199
0.9962153972592205
0.004028866329463199
0.012086598988389596
0.0201443167461548
0.06043187316390686
0.06849072760087438
0.1976573945430573
0.3424523676803801
0.972642896900652
0.035173418233171105
0.10552025469951332
0.17586709116585553
0.4650707521941513
0.5979481099639088
0.6687832873139996
0.9897405498777516
0.030775489256484434
0.03175598572124727
0.09526795716374181
0.15877611390897073
0.4762968704744708
0.5398517572612036
0.618481315264944
0.6366786739963572
0.9024639667477459
0.1602802968409378
0.4808408905228134
0.5514014693035278
0.5917042844812386
0.7247650463541504
0.7914784433087334
0.3735807739722077
0.8785252561501693
0.12953233998268843
0.388597016222775
0.6466851374134421
0.9319987455673981
0.20204977976391092
0.3312164146336727
0.9897410863195546
0.030776740954024717
0.03175378034939058
0.09526134104817174
0.1587689017469529
0.4763067052408587
0.5398142659396399
0.6184662352898158
0.6365408084529918
0.9027860106434673
0.16072155002621002
0.48216369640431367
0.5534856649173889
0.5891612523118965
0.7322663505037781
0.8031971337040886
0.3384239875304047
0.9839952578477096
0.04750281851738691
0.08000845182687044
0.23653705324977636
0.2718326607719064
0.8075479147955775
0.3273562388785649
0.9544469705724623
0.11321872577536851
0.14471680240239948
0.43390626239124686
0.6923301954520866
0.8252806245873217
0.46018563717370853
0.6184660490253009
0.6365412778395694
0.9027845577802509
0.16072300288942643
0.4821690086682793
0.5534929441346321
0.5891549565712921
0.7322909895738121
0.8031265841564164
0.3385446347820107
0.9843657379678916
0.04690061043947935
0.0781702371314168
0.23448342736810446
0.26576501969248056
0.7972941054031253
0.3288208069570828
0.9861857212090399
0.018005334888584912
0.05340586171951145
0.08966082113329321
0.23089641972910613
0.3013311132090166
0.8414933359017596
0.47540555117302574
0.5424265050969552
0.6226289207115769
0.631556282780366
0.8865807327092625
0.15275744276004843
0.4108451393258292
0.7322911581431981
0.8031265254830942
0.3385442091675941
0.9843673687137198
0.0468978937715292
0.078163156285882
0.234489468857646
0.2657547313719988
0.7972641941159964
0.32877365688909777
0.9863209706672933
0.017586233210749924
0.05275869963224977
0.08793116605374962
0.23254349816124886
0.2989507020683959
0.8343521062051877
0.4947535103710834
0.5155105311132502
0.5157547313719988
0.5472641941451002
0.5787736569182016
0.7363209707837086
0.7675862333271652
0.30275870001059957
0.8379311667231377
0.4825434962986037
0.5489507076563314
0.5843521155475173
0.7447535383398645
0.7655105030571576
0.2657547633862123
0.7972642896929756
0.3287738169601653
0.9863214476208668
0.01758671016432345
0.05276013049297035
0.08793355082161725
0.23253538995049894
0.29897407279349864
0.8343916933517903
0.494870363996597
0.5153879540448543
0.5158782623475417
0.547632879257435
0.5793913117959164
0.7381443642952945
0.7699132898123935
0.30925146900699474
0.8183164491492789
0.45128538995049894
0.5802240727934986
0.7406416933808941
0.7761203640257008
0.2966379541612696
0.8596282620273996
0.3913828787044622
0.6731413101661019
0.9568943663907703
0.11366328864824027
0.1530014640884474
0.41206643858458847
0.7325354177737609
0.7989741087949369
0.33439179247943684
0.9948705428396352
0.015388371393783018
0.01587689112056978
0.04763067336170934
0.0793844556028489
0.2381533668085467
0.26990714904968627
0.8092331658990588
0.3182702442863956
0.9513927641091868
0.0803610181028489
0.2410830543085467
0.27674308654968627
0.7945847283990588
0.3661218067863956
0.9015880766091868
0.1692282056028489
0.4920596168085467
0.5238133990496863
0.539701915869955
0.6190514943737071
0.6349865139927715
0.9045797682192642
0.15905180462868884
0.47596183739369735
0.5406784765073098
0.6200280624616425
0.6398693209048361
0.89188446503249
0.17565339506836608
0.4574071815586649
0.6217330243089236
0.6307706392544787
0.8888922797050327
0.14286150250700302
0.4285845075210091
0.7142464773787651
0.8570774623076431
0.4286455426772591
0.7140633719100151
0.8567722865263931
0.4296831403335091
0.7109505789412651
0.8515842982451431
0.4297441754897591
0.6953866140975151
0.8361424037138931
0.4769243512710091
0.5555550711287651
0.5714329310576431
0.7142900739272591
0.8571297781309113
0.4285496302472893
0.7143511091999244
0.8569466723129153
0.4282444538839627
0.7144121444725897
0.8560311432229355
0.4274509953393135
0.7176470139238518
0.8470589581411332
0.4117649302643258
0.7333330789988395
0.8000007629161701
0.33333460488938726
0.9999961852736305
1.1444091796875e-05
1.9073486328125e-05
5.7220458984375e-05
6.4849853515625e-05
0.000194549560546875
0.000324249267578125
0.000972747802734375
0.000980377197265625
0.002941131591796875
0.004901885986328125
0.014705657958984375
0.016666412353515625
0.049999237060546875
0.08333206176757812
0.24999618530273438
0.2500038146972656
0.7500114440917969
0.25001907351543196
0.7500572205462959
0.25006484996993095
0.7501945499097928
0.25032424987875856
0.7509727496362757
0.2509803790599108
0.7529411371797323
0.2549018953286577
0.7647056859859731
0.2666664441348985
0.7999993324046955
0.33333222070359625
0.9999966621107887
4.291534423828125e-06
1.2874603271484375e-05
2.1457672119140625e-05
5.6743621826171875e-05
7.295608520507812e-05
0.00020360946655273438
0.0003647804260253906
0.0008578300476074219
0.0011029243469238281
0.0033087730407714844
0.005514621734619141
0.014583110809326172
0.018749713897705078
0.052083492279052734
0.09374856948852539
0.21875333786010742
0.28125429153442383
0.8437628746032715
0.40627145770122297
0.7188067437091377
0.7813229562016204
0.34395360984490253
0.9066147810954135
0.21960783167742193
0.2823529264423996
0.8470587793271989
0.41176463224110194
0.7333331386034843
0.7999997496372089
0.3333335916104261
0.9999987482733559
3.7550926208496094e-06
3.874301910400391e-06
1.1622905731201172e-05
1.9371509552001953e-05
5.811452865600586e-05
6.586313247680664e-05
0.00019758939743041992
0.0003216862678527832
0.0009650588035583496
0.0009956955909729004
0.002987086772918701
0.004947960376739502
0.014843881130218506
0.016926825046539307
0.05078047513961792
0.08203250169754028
0.24609750509262085
0.2539101243019104
0.7617303729057312
0.26955062153865583
0.8086518646159675
0.31647211324889213
0.9494163397466764
0.08235293687903322
0.24705881063709967
0.2549019474827219
0.7647058424481656
0.26666671980638057
0.8000001594191417
0.3333331073226873
0.9999992027587723
1.4081597328186035e-06
3.390014171600342e-06
4.3585896492004395e-06
1.3075768947601318e-05
2.1792948246002197e-05
5.667656660079956e-05
7.409602403640747e-05
0.00020488351583480835
0.0003618970513343811
0.0008674189448356628
0.001120157539844513
0.003352843225002289
0.00556645542383194
0.014485768973827362
0.01904267817735672
0.05224689096212387
0.09228656440973282
0.2221713587641716
0.2856488898396492
0.8569466695189476
0.42824444922734983
0.7144121454039123
0.8560311273904517
0.4274509776441846
0.7176470539707225
0.8470588268246502
0.41176469091442414
0.7333333183487412
0.800000044866465
0.3333334081398789
0.9999997457198333
7.627531886100769e-07
1.2712553143501282e-06
3.8137659430503845e-06
3.8156285881996155e-06
1.1446885764598846e-05
1.9078142940998077e-05
5.723442882299423e-05
6.486568599939346e-05
0.0001945970579981804
0.0003243284299969673
0.000972985289990902
0.0009806165471673012
0.0029418496415019035
0.004903082735836506
0.014709248207509518
0.01666285190731287
0.04998855572193861
0.08331425953656435
0.24994277860969305
0.2500648507848382
0.7501945523545146
0.25032425395329483
0.7509727618598845
0.2509803931461647
0.7529411794384941
0.2549019657599274
0.7647058954171371
0.26666665356606245
0.799999956972897
0.3333332678594161
0.9999997775012162
2.8603244572877884e-07
7.94767402112484e-07
1.4301622286438942e-06
3.3386750146746635e-06
4.292582161724567e-06
1.2877746485173702e-05
2.1462910808622837e-05
5.675747524946928e-05
7.297389674931765e-05
0.00020365917589515448
0.00036486948374658823
0.0008580394787713885
0.0011031936155632138
0.0033086271723732352
0.005515968077816069
0.014579995418898761
0.01874570839572698
0.05208667123224586
0.0937285419786349
0.21880674443673342
0.281322957132943
0.8439536126097664
0.4066147856938187
0.7196078439883422
0.7823529420420527
0.34705882242997177
0.9117647102975752
0.23333332047332078
0.29999998526182026
0.8333333485061303
0.49999992447555996
0.5000002265151124
0.5000002582091838
0.5000007746566553
0.5000012519885786
0.5000037559948396
0.500003875233233
0.5000116257288028
0.5000193762243725
0.5000581287022214
0.5000658791977912
0.5001976376224775
0.5003216455806978
0.5009649367711972
0.5009959386661649
0.5029878160275985
0.5049486915231682
0.5148460745986085
0.5169232089538127
0.550769626890542
0.5820506218005903
0.7461518654308748
0.7539721140637994
0.261916342220502
0.7698529410117771
0.3095588228898123
0.8174019617727026
0.45220588488155045
0.579166670300765
0.7375000091269612
0.7708333200134803
0.31249994883546606
0.8125000849249773
0.4375002210435923
0.5625002904853318
0.6875007973867469
0.812501408479875
0.43750339082907885
0.5625043596373871
0.6875130789412651
0.8125217982451431
0.4375566754897591
0.5625741140975151
0.6877049037138931
0.8128618512710091
0.4383675710996613
0.5636204309994355
0.6908525739854667
0.8180672779562883
0.451987129956251
0.5815386100730393
0.7397591696935706
0.7798069495183881
0.28472464613150805
0.8482186283217743
0.41963848043815233
0.7410845586273354
0.7767463240306824
0.2945772067469079
0.8661458323185798
0.4015625029569492
0.669270838261582
0.9921874850115273
0.023437544878106564
0.039062574796844274
0.11718772439053282
0.13281275430927053
0.3984382629278116
0.6640637715463527
0.9921913146681618
0.007816314697265625
0.023448944091796875
0.039081573486328125
0.11724472045898438
0.13287734985351562
0.3986320495605469
0.6643867492675781
0.9931602478318382
0.008792877255473286
0.026378631766419858
0.04396438627736643
0.11626815883209929
0.14947891334304586
0.4171867400291376
0.7473945667152293
0.7578087001747917
0.2578163295984268
0.7734489887952805
0.2890816480212379
0.8672449440637138
0.38287760328967124
0.6486328098690137
0.91438801647746
0.2431640494032763
0.258789079322014
0.776367237966042
0.29394539663917385
0.8662111599987838
0.3994143485906534
0.6669929822091945
0.9970717429823708
0.006839275360107422
0.008793354034423828
0.026380062103271484
0.04396677017211914
0.11626768112182617
0.14948701858520508
0.41719579696655273
0.7474350929260254
0.7576937675767113
0.2579388619051315
0.7738165857153945
0.2896943095547613
0.8690752991533373
0.38496065250365064
0.6546225578640588
0.909178262547357
0.22558928839862347
0.29004337079823017
0.8701301123946905
0.3877168540202547
0.6475179028639104
0.9307373036863282
0.19844563902006485
0.34118651851895265
0.9764404443849344
0.0391845855046995
0.1175537565140985
0.1334229270578362
0.4002687811735086
0.6661379535798915
0.9984138607687782
0.002564728260040283
0.00769418478012085
0.0079384446144104
0.0238153338432312
0.039692223072052
0.119076669216156
0.1349535584449768
0.4046165347099304
0.6591351628303528
0.9756965041451622
0.04018026596168056
0.12054079788504168
0.1383708122302778
0.3972901710658334
0.6830645213485695
0.9508048921998125
0.0845959831494838
0.2459754494484514
0.26184470974840224
0.7699091292452067
0.30922342956182547
0.8182952886854764
0.45136006583925337
0.5803985564270988
0.7411651666334365
0.7764740122365765
0.294082658685511
0.8666229759401176
0.4001007929327898
0.666855079412926
0.999405197770102
0.0016334876418113708
0.0028853192925453186
0.0069461390376091
0.0089307501912117
0.0267922505736351
0.0446232333779335
0.1160387322306633
0.1518227532505989
0.4195316657423973
0.7408861890435219
0.777341417997377
0.2929750159964897
0.8632924185949378
0.4023712653142866
0.660191946575651
0.9805752720567398
0.05094989700592123
0.09028766854316927
0.22325473112869076
0.2945752984669525
0.8661477405985352
0.401556778117083
0.669261296861805
0.9921550740546081
0.023534777748864144
0.03922462958144024
0.11767388874432072
0.13330270355800167
0.399908110674005
0.6665135177900083
0.9995405533991288
0.0005209604278206825
0.0015628812834620476
0.0026048021391034126
0.007810591720044613
0.007818222977221012
0.023447039537131786
0.03909111488610506
0.11721993889659643
0.1329097906127572
0.39859967213124037
0.664548953063786
0.9926779261149932
0.009283305204007775
0.025889161217492074
0.04641652602003887
0.10989548260113224
0.14218355721095577
0.4244754763203673
0.7109177860547788
0.8672466138086747
0.3828792730346322
0.6486301897093654
0.9143963652022649
0.243135689815972
0.2588255416485481
0.7764689953182824
0.2941277082718443
0.8666398655914236
0.3999655414954759
0.6666934994864278
0.9998277075064834
0.0004558403743430972
0.0005856036441400647
0.0016270478954538703
0.0029280182207003236
0.006838084082119167
0.008795500849373639
0.02637791947927326
0.04397368954960257
0.11624742939602584
0.1495158850448206
0.4171746274223551
0.7474993165815249
0.7573876091337297
0.2584901165100746
0.7752185792778619
0.29147020538221113
0.8736324142955709
0.3785839547053911
0.6298695413279347
0.8877165264857467
0.14751650288235396
0.43073918216396123
0.6984437009086832
0.8411768373625819
0.4764694878249429
0.5392175028682686
0.6176525086339097
0.6333395589608699
0.9000186769117136
0.16663555830018595
0.49990661529591307
0.500154719746206
0.5004637420352083
0.5005291004199535
0.501586288010003
0.5025653543998487
0.5076923677406739
0.5079403826966882
0.5238133995153476
0.5397019135416485
0.6190515004273038
0.6349865060765296
0.9045797770668287
0.1590518246521242
0.4759618909447454
0.540678356832359
0.6200284205551725
0.639868960948661
0.8918850606132764
0.17565517529146746
0.45740923000266775
0.6217241036356427
0.6307955227966886
0.8888617616612464
0.1428920214821119
0.42867605792707764
0.713971820572624
0.8566196907195263
0.42916433452046476
0.712506996380398
0.8541782071697526
0.43746500308043323
0.6876047504192684
0.8126740299048834
0.43795256441808306
0.5630946940800641
0.6891333946841769
0.8153856064600404
0.44444492913316935
0.5714329305337742
0.714290074451128
0.8571297765593044
0.4285496276279446
0.7143511170579586
0.8569466487388127
0.4282444145937916
0.7144121596647892
0.8560310096363537
0.42745086070499383
0.7176474178268109
0.847057746432256
0.4117629107495304
0.7333353677822743
0.7999938965658657
0.3333231609722134
0.9999694818689022
9.155430598184466e-05
0.0001525905099697411
0.0004577705985866487
0.0005188077338971198
0.00155642133904621
0.002594038669485599
0.007782087137456983
0.007843152212444693
0.02352945663733408
0.039215761062223464
0.11764704383676872
0.13333358761155978
0.4000002543325536
0.6666679380577989
0.9999961857392918
3.815162926912308e-06
1.1445488780736923e-05
1.907581463456154e-05
5.7227443903684616e-05
6.485776975750923e-05
0.0001945733092725277
0.00032428884878754616
0.0009728665463626385
0.000980496872216463
0.0029414906166493893
0.0049024843610823154
0.014707453083246946
0.016668446827679873
0.04999771108850837
0.08334223413839936
0.24997329665347934
0.2500343327410519
0.7501029982231557
0.2501716637343634
0.7504539560468402
0.25058365671429783
0.7516288998303935
0.2529182826692704
0.7568627581640612
0.2588235163129866
0.7764705489389598
0.2941175778687466
0.8666666984499898
0.39999977743718773
0.6666665076045319
0.9999985696340445
3.3382675610482693e-06
4.292058292776346e-06
1.2876174878329039e-05
2.146029146388173e-05
5.675054853782058e-05
7.296499097719789e-05
0.00020363432122394443
0.00036482495488598943
0.0008579347631894052
0.001103058981243521
0.003309176943730563
0.005514341231901199
0.01458202995127067
0.018752002681139857
0.05208126705838367
0.09373998624505475
0.21878004114842042
0.28128099493915215
0.8438429848174565
0.4064049747248646
0.7192149231268559
0.7817769140820019
0.3453307401796337
0.9088235342933331
0.226470576308202
0.2892157014575787
0.8676471034414135
0.3833334088267293
0.6499999562802259
0.916666924895253
0.2499992252269294
0.25000125184305944
0.7500037555291783
0.2500038747675717
0.7500116243027151
0.25001937386696227
0.7500581216008868
0.250065871165134
0.750197613495402
0.25032172552892007
0.7509650573774707
0.2509958171285689
0.7529872129671276
0.25494856436853297
0.7648440241755452
0.2669288913020864
0.8007748721865937
0.3320425154233817
0.9961208705499303
0.003941119182854891
0.011823357548564672
0.019705595914274454
0.059047169517725706
0.06699902610853314
0.20085784187540412
0.33492646599188447
0.995220601093024
0.012867630022810772
0.022916616493603215
0.056250038236612454
0.07291657474706881
0.21874970945646055
0.34375079729943536
0.906251408305252
0.21875339042162523
0.28125435911351815
0.8437630773405544
0.4062717955966946
0.7188066834642086
0.7813240901450627
0.3439548638125416
0.9066118666960392
0.2196174354176037
0.28237029426964
0.8471029842621647
0.41181604712619446
0.7332350785436574
0.8002909346832894
0.33350219586282037
0.998545326438034
0.0034484792849980295
0.004425056802574545
0.013275170407723635
0.022125284012872726
0.0585633511072956
0.07424938824260607
0.20712316286517307
0.37124694121303037
0.8793658096692525
0.13723959829076193
0.3960937649535481
0.6861979914538097
0.9414060255512595
0.0664065042801667
0.1992195128405001
0.3320325214008335
0.9960975642025005
0.003910066094249487
0.011730196420103312
0.019550330471247435
0.05865097837522626
0.06647112360224128
0.1994133391417563
0.3323556180112064
0.9970666174776852
0.00488698625122197
0.014660480053862557
0.01662243125610985
0.04986394286970608
0.08307113594491966
0.2492129011952784
0.2512931797245983
0.7538719246804249
0.2540016262792051
0.7618828066624701
0.27000813142512925
0.8091088389919605
0.31790556164924055
0.9517635580850765
0.08171530734398402
0.23922526228125207
0.27841795564745553
0.7882486848102417
0.3530272595817223
0.93310569121968
0.19970731731154956
0.3334968886047136
0.9985365863249172
0.00342130713397637
0.004398824356030673
0.013196470972616225
0.02199412084883079
0.05816222127759829
0.07478001218987629
0.20869974774541333
0.3739000413916074
0.8782993709319271
0.13049785952898674
0.3895389612589497
0.643699041887885
0.9271792414365336
0.2184545194322709
0.3445725426718127
0.9076867127150763
0.22220564592862502
0.2857441983069293
0.8571105243754573
0.42865995547617786
0.7139583812386263
0.8566595349111594
0.42898738823714666
0.7127400765020866
0.853918453969527
0.4362589670054149
0.6912230989255477
0.8167115012765862
0.45013450385886244
0.5830691058945376
0.7492073176545091
0.7512829904153477
0.25384897040203214
0.7539711608551443
0.26191348073189147
0.7698558043630328
0.3095673999050632
0.8173876645741984
0.4521629606897477
0.5791180715605151
0.7373541020788252
0.7705883453891147
0.3117643078439869
0.8137261510710232
0.4411762755771633
0.5666689271165524
0.7000023738364689
0.8333423760195728
0.49997276754584163
0.5000358313554898
0.5001055848842952
0.5001715265098028
0.5004467231628951
0.5006072110263631
0.5015925058687571
0.502821352740284
0.5069758040772285
0.5092086620861664
0.5270615135377739
0.5438004389288835
0.6146776502428111
0.6559527440695092
0.9070671425724868
0.2201933641335927
0.2847247650497593
0.8482175559620373
0.4196374070306774
0.7410877788497601
0.7767366633634083
0.2945611056347843
0.8661030450894032
0.401507759175729
0.669362704094965
0.9919118876277935
0.02426433702930808
0.04044056171551347
0.1208334038965404
0.1374979098327458
0.39583113184198737
0.687489549163729
0.9375296826765407
0.0625315909855999
0.18759477295679972
0.3126579549279995
0.9379719565040432
0.06303704678430222
0.18904628852033056
0.3151852339215111
0.945069298177259
0.07055760925868526
0.21167282777605578
0.3527880462934263
0.9333641388802789
0.19947935742675327
0.3328130721638445
0.9973948797851335
0.007809638511389494
0.007817268837243319
0.023451806511729956
0.03907871479168534
0.11723614437505603
0.13289357023313642
0.39868071069940925
0.6643076338805258
0.9929229016706813
0.00903809122974053
0.02711427368922159
0.0432297017541714
0.11406219698255882
0.15364755090558901
0.414056206762325
0.7265736309927888
0.804715142090572
0.3203478013165295
0.9610434039495885
0.10173137721722014
0.18013309649541043
0.44591262252652086
0.5875547323084902
0.7294009868055582
0.8117379080795217
0.31375231040874496
0.9412569312262349
0.06680842707282864
0.19993482428253628
0.3337892770941835
0.9983727534126956
0.0029286144417710602
0.0068391565582714975
0.008794427441898733
0.026381374977063388
0.04396355414064601
0.11626184679334983
0.14950526651227847
0.41720666986657307
0.7473460881155916
0.7576632355048787
0.2582144890911877
0.7741532786749303
0.29082067546551116
0.869465581694385
0.3896463146666065
0.6435606869636104
0.9267681782657746
0.21780337247764692
0.34475864708656445
0.9092740339110605
0.22379227806231938
0.2963651208265219
0.8608970006171148
0.393139076186344
0.6794017155189067
0.961789130960824
0.10291004210012034
0.183241845050361
0.45008945564040914
0.5831785231712274
0.7494707157311495
0.7515859751729295
0.25256444528349675
0.7576933358504903
0.2579394136555493
0.7738182409666479
0.28968931970302947
0.8690679591090884
0.3849681249121204
0.6546602043090388
0.9090624397213105
0.22572238597786054
0.2904216820024885
0.8707765263388865
0.3876551621069666
0.6456281332357321
0.9366478879819624
0.18884898428223096
0.31605102625326253
0.9422879812482279
0.07535320590250194
0.21043270942755044
0.36870175949297845
0.8853344360832125
0.156002593023004
0.40698786577559076
0.719984888943145
0.7849305869895034
0.3479515317303594
0.9187916525697801
0.23971855751005933
0.2807973654125817
0.7818447406752966
0.3453835380205419
0.909135000925744
0.22569601837312803
0.29018184036249295
0.8705433455179445
0.3883699633588549
0.6472832722647581
0.9330586080322973
0.20076312575838529
0.33470695969299413
0.9958791208628099
0.011996336979791522
0.020360195310786366
0.05998168489895761
0.07005494483746588
0.19606227125041187
0.33721001190133393
0.9803113562520593
0.05906593080726452
0.06694138873717748
0.20076313000754453
0.3347069432202261
0.9958791702811141
0.011996274173725396
0.020360007823910564
0.05998136108973995
0.07005409913836047
0.196063116483856
0.33720897225430235
0.9803154627443291
0.05905323030310683
0.06692727401969023
0.2007818220590707
0.33463573493645526
0.9960908896464389
0.01172542735002935
0.01953983516432345
0.05861950549297035
0.06644917582161725
0.19933226495049894
0.33217719779349864
0.9965010683517903
0.004635988996597007
0.013434829044854268
