0.37416388938436285
0.8763940736535005
0.12863003960228525
0.3797329737863038
0.6380988435994368
0.8981718050781637
0.18047682268661447
0.4466066298482474
0.5898027530929539
0.7305898928898387
0.8009043078345712
0.34021292335819453
0.9732715386198834
0.04481455628410913
0.11537322562071495
0.15080514809233136
0.4206161269394215
0.7381515893212054
0.7699052041280083
0.3092271223140415
0.8182758268958423
0.4514090336742811
0.580331766337622
0.7409916929609608
0.7766553722321987
0.29478687423397787
0.8656221144774463
0.4010579177411273
0.6718262400245294
0.9844564242812339
0.01586879597743973
0.04711999563733116
0.07885854894993827
0.235598994710017
0.26929243182530627
0.8010394489974715
0.3405950304295402
0.9739268229168374
0.0467194298398681
0.10983789566671476
0.14115870982641354
0.42344751924974844
0.7057048387941904
0.8671145154803526
0.39864114252850413
0.6644273740239441
0.993045491661178
0.008915892394725233
0.026745821989607066
0.04457764030667022
0.11614333599573001
0.15156093199038878
0.4192785329069011
0.7421643452835269
0.7734763943299185
0.28917822847142816
0.8673209357075393
0.3832056490064133
0.6490824274660554
0.9159972803900018
0.24419142669648863
0.2637632379482966
0.7677920724090654
0.3030099615571089
0.8387155956006609
0.4837981384189334
0.5485583773406688
0.5808557662530802
0.7415635530778673
0.775286449235864
0.2911904029606376
0.8734987291682046
0.3775428195949644
0.6325063521508127
0.8837309375230689
0.14947995293186978
0.41718981409212574
0.7473919764743187
0.7578009294520598
0.257831938797608
0.7734953395556659
0.2891291764390189
0.8673841914569493
0.3831350918626413
0.6494052602211013
0.9150651077798102
0.2451608834671788
0.2628082729061134
0.7726083685993217
0.3060757844650652
0.8239601004461292
0.4655927265412174
0.5989264711388387
0.6717111642647069
0.9848598164971918
0.016117953025968745
0.04835239876410924
0.08058881145552732
0.24175406593712978
0.2739968567912001
0.7907405247387942
0.36996518063824624
0.8900467605562881
0.14230628349469043
0.4245978451508563
0.7103053496975917
0.8690752259572037
0.3849618052772712
0.6546238614537288
0.9091752889216878
0.22559895293670706
0.290060931147309
0.870173644128954
0.3877690698718652
0.6476669056573883
0.9310226867964957
0.19910441915271804
0.33998885221080855
0.9730610092519782
0.043694245716324076
0.11499955240287818
0.15456610868568532
0.40898019218002446
0.7259401703195181
0.7909141253912821
0.3693224870658014
0.8891027804638725
0.1431317136157304
0.42939430265687406
0.7117515264544636
0.8530261020932812
0.4331091337953694
0.6997112947865389
0.8335080464312341
0.49855575535912067
0.503477732068859
0.5044593798520509
0.5133705175830983
0.5222892799356487
0.5580635183723643
0.5758018683700357
0.7095985977794044
0.870983188826358
0.38686008600052446
0.6449549967655912
0.9342698975524399
0.19318868982372805
0.32662109314696863
0.955681913474109
0.11683190715848468
0.1493200316617731
0.4151989645033609
0.7455835263535846
0.7632379760616459
0.27204422067734413
0.8083163451228756
0.3250495337997563
0.95841349841794
0.12475173370330594
0.1257447806710843
0.3762408443435561
0.6287223235995043
0.8792127553024329
0.13763778351130895
0.3955735841591377
0.686719036049908
0.9388038319302723
0.06640005033113994
0.1914172186225187
0.3242459330067504
0.9570670170651283
0.12119914370123297
0.12907745584379882
0.38716560148168355
0.6451392894377932
0.9351870637910906
0.19422518549254164
0.32339132676133886
0.9662214770796709
0.10130111625767313
0.16484665116877295
0.49349429478752427
0.5117023366328795
0.5273927383241244
0.535238155600382
0.6057111280970275
0.6760276970744599
0.9655825994559564
0.09888818740728311
0.17165783399832435
0.4846542816085275
0.5164617718255613
0.5482709307107143
0.581749706849223
0.739114077645354
0.7787435968930367
0.288769161736127
0.8523757258080877
0.4311502573254984
0.6987364895467181
0.8403424632851966
0.47415072095463984
0.5454418100707699
0.6128876917646267
0.645177800412057
0.9355298245791346
0.19340718237799592
0.3223480110464152
0.9670359118899796
0.09596245753346011
0.16285724221961573
0.4797824257402681
0.5603799606324174
0.5688334062870126
0.6977720980066806
0.8433124644507188
0.46932923077838495
0.5329302632599138
0.5964681143814232
0.6634277506964281
0.9784343218489084
0.05688453436596319
0.07641626225085929
0.2058112858212553
0.36645631078863516
0.90015017677797
0.16626394339255057
0.49879135043011047
0.5031947071838658
0.5056745333131403
0.5139793979760725
0.518499948841054
0.5537831126421224
0.5871247756294906
0.729832735407399
0.8104698411771096
0.31858949243905954
0.9475287085224409
0.09257926448481157
0.22201221896102652
0.2870845245779492
0.8574658177676611
0.42393703883863054
0.7091277725121472
0.8695630023139529
0.38935774224228226
0.6443647787964437
0.9262576822075062
0.215351782127982
0.3491800966730807
0.9204772805969696
0.2379862351808697
0.2703551377635449
0.8100282915402204
0.3198550136585254
0.9458931631816085
0.08755625679623336
0.2294651448028162
0.3115586539497599
0.813580721267499
0.4406045385694597
0.5678347658540588
0.7027380198705941
0.8287947529752273
0.48626981518464163
0.5176462409435771
0.5529267406964209
0.5882214243756607
0.7333825932873879
0.7998520412365906
0.3330868844350334
0.9992592142953072
0.0012448408524505794
0.0037038985756225884
0.00426907412474975
0.012577620858792216
0.020642972260247916
0.06191138533176854
0.06414353515719995
0.19038188882404938
0.31941808544797823
0.9465278599527664
0.0891253309964668
0.23219676085864194
0.3030281873361673
0.838711019285256
0.48386026633670554
0.5483825402916409
0.5806782834406476
0.7418516289908439
0.7743229305197019
0.2902532260050066
0.8703934670775197
0.38852198896347545
0.6468882552871946
0.9323515905416571
0.20293665266945027
0.32844496206962503
0.9853062759793829
0.01670982502400875
0.04994445480406284
0.08342702500522137
0.24971838481724262
0.25083338283002377
0.7513984683901072
0.2536150645755697
0.7547187675663736
0.2631721702637151
0.7729759759968147
0.3052101867797319
0.8218805379874539
0.4635509140789509
0.6093415282666683
0.6719714738719631
0.9532923512742855
0.1098495016049128
0.14113101016846485
0.423392985801911
0.7056510871334467
0.8669217747519724
0.39922704626224004
0.6653558401449118
0.9960522611509077
0.011837494414066896
0.019658585457364097
0.05897384855779819
0.06703525854391046
0.20110005265451036
0.33419591552228667
0.994482461566804
0.01456696935929358
0.018798549426719546
0.052002785028889775
0.09350717789493501
0.2189976053778082
0.2819870940875262
0.844983258517459
0.40993451679241844
0.7229552383942064
0.793772240052931
0.364715156290913
0.9058538148819935
0.1568924873135984
0.4706753143109381
0.5332407797686756
0.5997100328386296
0.6661935612210073
0.9984891290951055
0.002518437569960952
0.00755434506572783
0.008563824696466327
0.024708234937861562
0.04281292459927499
0.1215569342020899
0.12943929876200855
0.3882933382410556
0.64711495465599
0.9335321116086561
0.19940365181537345
0.33233847602969036
0.9970153975882567
0.004954096599249169
0.014861827512504533
0.01693750763661228
0.05069043012917973
0.08224611656623892
0.24637206763145514
0.2547344973718282
0.7631040182022844
0.2731834097648971
0.8054492006194778
0.3215673775121104
0.9646954485506285
0.10587741393828765
0.1765036738361232
0.46658186783315614
0.5998874478391372
0.666844120802125
0.9994333047652617
0.0016997278726194054
0.0027111668314319104
0.007125287578674033
0.009629877138650045
0.025774928188184276
0.04558471470954828
0.1132441570807714
0.14463346856064163
0.4337744162476156
0.6918407205666881
0.8247763731051236
0.45870386975002475
0.6238807536137756
0.6283556510461494
0.8805579274485353
0.13946936040883884
0.39399366040015593
0.6773270225967281
0.9675268100982066
0.0974194280570373
0.16040893516037613
0.4812251291004941
0.5520430916221812
0.5936254452972207
0.7191235392238013
0.7818688804691192
0.34560496953781694
0.9083663994679227
0.22509514531702735
0.2915114389907103
0.8745195048686583
0.37551163957687095
0.6265034763491713
0.8775573033781257
0.13245634420309216
0.3836971427081153
0.6495672744931653
0.9174517713545356
0.24759123352123424
0.25644521025242284
0.7613934245309792
0.2783197207318153
0.7861343749391381
0.3584012006758712
0.922858412435744
0.20606370011228137
0.36428411983069964
0.9053161086922046
0.15733886731322855
0.47183063498232514
0.5365321970311925
0.6091073492134456
0.6726473983726464
0.9544622791872825
0.11317279713694006
0.1446712379110977
0.43401275121141225
0.69210237020161
0.8260290097969119
0.4594100200920366
0.6198148364783265
0.6404486701067071
0.8910610054153949
0.17245049009216018
0.454816408775514
0.6121127241349313
0.6477926757070236
0.9316219644097146
0.19731588463764638
0.3418863621773198
0.9709229416912422
0.03739406043314375
0.10436965894768946
0.1868901737325359
0.43908843034296297
0.5653102138603572
0.6944654401740991
0.8216632498370018
0.4645012893015519
0.6063624982489273
0.6769976421783213
0.9680305099464022
0.09548050872399472
0.15850419612252153
0.47541507516871206
0.5424399171315599
0.6226802450255491
0.6314702650706749
0.886598294833675
0.1524685125623364
0.4105295830813702
0.7310882526508067
0.8026377281057648
0.3419646977854427
0.9711761874204967
0.03761303349165246
0.10502636554883793
0.1841586864902638
0.4431005754158832
0.5769213551538996
0.7063466499967035
0.8650726646883413
0.4047800946573261
0.6587065006315242
0.976089911069721
0.03959714111988433
0.11873020938946865
0.13548558266484179
0.4060279819823336
0.6565488223277498
0.9695548844174482
0.03268055824446492
0.09726341653731652
0.16080879684886895
0.48241068367497064
0.5527618096384685
0.5879261966329068
0.7325285293918569
0.7989964427542873
0.3344273664697539
0.9947371767193545
0.015276465157512575
0.01653251488460228
0.048058194865006953
0.08139990869676694
0.24016764253610745
0.27949337632162496
0.7835255719837733
0.3505765362351667
0.9170173886523116
0.24711485631996766
0.2569464423577301
0.7589305702713318
0.2767912256240379
0.7946223295584787
0.366041338595096
0.9018120576511137
0.16954666082165204
0.4908710172458086
0.5272643116477411
0.5432031906675547
0.6135544639837462
0.6531090920907445
0.9114757072820794
0.2342916396446526
0.29711315548047423
0.8283794359304011
0.4851373317942489
0.5168780280218925
0.550630746060051
0.5824341242259834
0.7468057379010133
0.7556759988365229
0.26397786277811974
0.7684950010152534
0.3037755418627057
0.8371017060417216
0.4798100234474987
0.5605085289571434
0.568474172410788
0.6973961622570641
0.8421870525635313
0.47135485522449017
0.5390602517873049
0.6015691068314482
0.6796981935040094
0.9453404976229649
0.08597557456232607
0.22666188213042915
0.3048633292783052
0.8207482227589935
0.4615107982244808
0.6032518696447369
0.6824318909784779
0.9524601266311947
0.08002804493298754
0.23641731502721086
0.2717042501899414
0.8069263205979951
0.3270232360519003
0.9564264770888258
0.11488191230455413
0.15516924689291045
0.4093549273093231
0.7240831916569732
0.7964866264665034
0.36003997654188424
0.8925283321877941
0.17391619985573925
0.45920270212809555
0.6194278737821151
0.6395180980325677
0.8939456820662599
0.17740823817439377
0.4677715895231813
0.5966816546861082
0.6611387140874285
0.9834082734887488
0.047881070495350286
0.08108812946011312
0.23935432368307374
0.2804406473005656
0.7827014890208375
0.3471851390786469
0.9106960422359407
0.23201944542233832
0.30344968623830937
0.8396473644825164
0.48079510586103424
0.5517524462775327
0.5908345004718285
0.7256041823420674
0.7900899749074597
0.37020841176854447
0.8879098016186617
0.14773675994365476
0.4314911720866803
0.6976679362996947
0.8425125465728343
0.4724604520306457
0.5354841394291725
0.6064381130272523
0.676765999669442
0.9677979901316576
0.09476734450436197
0.159301064821193
0.4737566041003447
0.5462668615218718
0.6109685532865115
0.6434432058304083
0.9288608389906585
0.21231789563898928
0.3552032314182725
0.9343821989896242
0.19270301231881604
0.32807946583488956
0.9532325381296687
0.10951354014105164
0.14104062030673958
0.4225657630886417
0.7049531482916791
0.8616991805029102
0.3971092574938666
0.6834881515533198
0.9493902284302749
0.082477879448561
0.24670120122027583
0.25549805010086857
0.7645407942181919
0.26869333459762856
0.802173265547026
0.34346475821803324
0.9696017913811374
0.03259991487720981
0.09729912522016093
0.16103604837553576
0.48161278379848227
0.5541846054256894
0.5874194793577772
0.7290516805369407
0.8120938872743864
0.313227150880266
0.9392228545038961
0.06471597132622264
0.19414201300241984
0.32357588547165506
0.966772291372763
0.0996497017913498
0.1661366053740494
0.4981722150114365
0.5023247855133377
0.5064838953258004
0.511615208000876
0.5275170466920827
0.5356129223364405
0.6060518513841089
0.6774041325552389
0.9677570808271412
0.09672872669762
0.16121457662666216
0.4836414034361951
0.5480988545459695
0.5817926753952634
0.7385391970165074
0.7780938684300054
0.2864299514913
0.8592154678772204
0.42234215218923055
0.703668983100215
0.8609149192343466
0.39326838109991513
0.6795543259067927
0.9613313001464121
0.10220833946368657
0.18162474912242033
0.44731324512395076
0.5918752670113463
0.7209380467538722
0.7873792648024391
0.3542928695678711
0.9368753433227539
0.18934917452861555
0.314625740138581
0.9438161851430777
0.07284641306614503
0.21841716818744317
0.3447008148650639
0.9072713878122158
0.22178745965356939
0.28627301150118
0.8588152179436292
0.4235525574767962
0.705903158406727
0.8666106622258667
0.4001211407012306
0.6667935453006066
0.9993752229202073
0.0018476282712072134
0.0021244327072054148
0.006306540919467807
0.010373254539445043
0.030890881782397628
0.03211373114027083
0.09487420390360057
0.15959113952703774
0.47435146919451654
0.5456721226219088
0.6126020669762511
0.6463245947961695
0.9360128640837502
0.1899963617324829
0.3198956251144409
0.9460135698318481
0.08773934844066389
0.22891581067233346
0.31125342860468663
0.8162051443650853
0.4417642359621823
0.5750976814888418
0.7081707739562262
0.8745108913281001
0.37646616317215376
0.6274448873300571
0.8823289073188789
0.13331341647426598
0.399924519500928
0.6665589856856968
0.9995825431542471
0.0007007284148130566
0.0018036847177427262
0.002355416101636365
0.006575105100637302
0.011522777291247621
0.027671344781992957
0.03612568255630322
0.10645441044471227
0.1787363229377661
0.46195949215325527
0.6045998602930922
0.684708749235142
0.9447512477345299
0.07198099792003632
0.21374376118183136
0.35876820981502533
0.9234664589166641
0.2059452981047798
0.3663557321706321
0.8998341412807349
0.16767169575905427
0.4969115709536709
0.5053506658296101
0.5151975032349583
0.5161750534316525
0.5485241950082127
0.580875228100922
0.7416424444818404
0.7749753902899101
0.2917076679004822
0.8748769515368622
0.3753691154997796
0.6256152272690088
0.8768454992969055
0.1270918234367855
0.3812748817144893
0.6354568666429259
0.9061254944826942
0.15662344847805798
0.46936867921613157
0.5331056623253971
0.5958655725989956
0.6625966870342381
0.9790068138099741
0.06201656349003315
0.06300281547009945
0.18898131884634495
0.31499080173671246
0.9449046719819307
0.0710419621609617
0.2126514260598924
0.3537745011562947
0.9362960629805457
0.19072221824899316
0.31819894490763545
0.9516528067179024
0.0805748603597749
0.24172344672842883
0.2739674184995238
0.7906465278647374
0.3697557868435979
0.8905173456296325
0.14076342529733665
0.42229024608968757
0.7038171264866833
0.8612048695213161
0.39294744431390427
0.6783502350153867
0.9647353141917847
0.10560880610137247
0.17620028569945134
0.46553961976314895
0.599467233318137
0.6703482731827535
0.9870006020355504
0.023257665103301406
0.055120192700996995
0.07087598065845668
0.21260397997684777
0.3543602933641523
0.936919059837237
0.1891207441512961
0.3154044573602732
0.9443803950271104
0.07139935361919925
0.21400920330779627
0.3568699294119142
0.9293892467976548
0.2117402807052713
0.352991384716006
0.9332111997937318
0.19987811928149313
0.3339440008858219
0.9981679859338328
0.002078065794194117
0.0062303826853167266
0.010390313836978748
0.03114423863007687
0.031420864776009694
0.09419774447451346
0.15685988406767137
0.47033741892664693
0.5340590795094613
0.6007104874006473
0.6654125848726835
0.9957361217821017
0.01259708488942124
0.020670891943154857
0.06200886078295298
0.06397152491263114
0.1899500027357135
0.3198499853897374
0.9458437485445756
0.08751591324107721
0.22915003536036238
0.312419229245279
0.8127420648816042
0.43775030723190866
0.5632425322255585
0.6887509005027823
0.8161935734970029
0.44174290529917926
0.5751066441880539
0.7082262443436775
0.8743125178734772
0.3768168751557823
0.6273378240002785
0.8815208949963562
0.1366871957143303
0.40243838299647905
0.6603139021608513
0.9809415999334306
0.05131573535618372
0.09138545193127356
0.22532818317995407
0.29274253055336885
0.8713907001365442
0.3797243836452253
0.6381627329974435
0.8980087052041199
0.1802393227117136
0.44696796440985054
0.588691845186986
0.7338489451503847
0.7984396677347831
0.33074374808347784
0.9921361113956664
0.02352729270933196
0.039278419979382306
0.11746857216348872
0.13364772038767114
0.3998378489050083
0.6676682301913388
0.9968997332907747
0.005332374945282936
0.015252752229571342
0.016245828941464424
0.048735639080405235
0.08023172058165073
0.24069507233798504
0.2759143877774477
0.796492924913764
0.36003294031252153
0.8925344181188848
0.17394112248439342
0.4591317385202274
0.6195521900663152
0.6393895893415902
0.8943039925652556
0.1760738942248281
0.4656595149135683
0.5991150599147659
0.6713971674907953
0.9848929548461456
0.0171214624424465
0.04941121017327532
0.08560726704308763
0.24314764997689053
0.2588380531524308
0.7764490972622298
0.29418768556206487
0.86645739726373
0.40015287551796064
0.6662710481905378
0.9988064688805025
0.00320866028778255
0.005719700129702687
0.01409017643891275
0.01827586838044226
0.054547209991142154
0.08635443192906678
0.22726387507282197
0.3064895349089056
0.8226649395655841
0.46750626832363196
0.5974506697093602
0.6605154987191781
0.9813326193543617
0.051905153261031955
0.093183999939356
0.22044707293389365
0.28395512542920187
0.8508887616335414
0.4158388144278433
0.7445789958874229
0.7642488437122665
0.2692613728286233
0.8015585156681482
0.3411722741439007
0.976458620338235
0.03923531269538216
0.11764466416207142
0.13339412663481198
0.40005697068409063
0.6669677716854494
0.9990641407202929
0.0010985818516928703
0.0030518433486577123
0.005249243607977405
0.015259076579241082
0.016480294783832505
0.047975039429729804
0.08142427625716664
0.23987257407861762
0.2801643621933181
0.7843235766922589
0.3490554135059938
0.9215825913706794
0.23519100798876025
0.26708310676622204
0.8003017327573616
0.3325455848244019
0.9976024138159119
0.006460276985308155
0.011377549410099164
0.02824239057372324
0.0363644324534107
0.10866487407474779
0.17363895117887296
0.45539369105244987
0.6161796418309677
0.6514601163216867
0.9191013115632813
0.241673189913854
0.2749460826162249
0.7916168242227286
0.37465921536204405
0.8759002535080072
0.12620548938866705
0.3781891620019451
0.6306612360058352
0.8889925648982171
0.14354019466554746
0.42872747272485867
0.7119636383722536
0.8545723416318651
0.4348107142141089
0.6945841197157279
0.8220331863558386
0.46315461135236546
0.608212775841821
0.6751174423552584
0.958931053057313
0.12313102002372034
0.12717466251342557
0.3811577168817166
0.6355681367858779
0.9057269231416285
0.1578183356032241
0.4713645471201744
0.5390306391345803
0.6016576056717895
0.6798446579778101
0.9457830163883045
0.08647907470003702
0.22811139535042457
0.3073505412612576
0.8279349052754696
0.4534396993694827
0.6103153397561982
0.6417065173445735
0.9249745259876363
0.2084562628006097
0.37462835051701404
0.8756244934338611
0.12684963806532323
0.3771262338850647
0.6313157591503114
0.8853488818567712
0.1559188196551986
0.40720920864259824
0.7197783836745657
0.7842664566996973
0.3488607860635966
0.9211893838364631
0.2361633663822431
0.26805617319769226
0.8032529921329115
0.33938628918258473
0.9810494923149236
0.052399711654288694
0.0927460063539911
0.22171523244469427
0.2862394397670869
0.8585665956779849
0.42329497868195176
0.7066508452408016
0.8639098634303082
0.4042257457622327
0.6623227546806447
0.9788520483707543
0.06143309210892767
0.06564693211112171
0.19266160007100552
0.32798479695338756
0.9535417765146121
0.11007600525044836
0.14242656526039355
0.42422790828277357
0.709691390482476
0.8708952815504745
0.38706986643956043
0.6454014337796252
0.9347387419547886
0.19478000912931748
0.3218869481643196
0.963523115409771
0.10930762969655916
0.17206948139937595
0.45345708302920684
0.6103252000757493
0.6416444095957559
0.9249164720531553
0.20815978597966023
0.37442200336954556
0.8766805803461466
0.127722121484112
0.3821820400771685
0.6347038684762083
0.9005749333591666
0.17023065371904522
0.48724774073343724
0.5225342345656827
0.5558675997017417
0.573608121543657
0.7166756352817174
0.8497327681398019
0.4163853122445289
0.7486619334376883
0.753796761855483
0.2540505621873308
0.7621402424701955
0.2702122648479417
0.8103925347095355
0.3188195029797498
0.9477906822867226
0.09336429834365845
0.2194182276725769
0.2831476330757141
0.8457779288291931
0.4123101830773521
0.7288739086070564
0.8114250303478912
0.3155912760703359
0.942866862489609
0.07764882012270391
0.2036340853665024
0.360899395076558
0.8931298956740648
0.1793896833260078
0.4617393969965633
0.602990548039088
0.6832082264008932
0.9498870385286864
0.08392835024278611
0.24812293436843902
0.25215173920150846
0.7562110616127029
0.26063662572414614
0.7804449258546811
0.28267330885864794
0.8472867894452065
0.41077205844339915
0.7323139066284057
0.80287490633782
0.33830826231860556
0.9831220730848145
0.05063091963529587
0.08243454247713089
0.2468062862753868
0.2556738033890724
0.7639844343066216
0.268502004473703
0.8037960753717925
0.3371389285894111
0.9797938991105184
0.06036842675530352
0.06879916225443594
0.19783727268804796
0.3434998971351888
0.9694926758820657
0.03250051144277677
0.0974443057202734
0.160494118637871
0.4813602276262827
0.5519822551286779
0.5930766198725905
0.7205259545007721
0.7836401890090201
0.3501881269621663
0.9176973349531181
0.24686209761421196
0.25523279889603145
0.7655515867227223
0.26582819141913205
0.7972403181483969
0.3289806280808989
0.9854767964861821
0.018926572985947132
0.05238159652799368
0.09266876522451639
0.22185350488871336
0.28658559639006853
0.8589928513392806
0.4225328946777154
0.7050346686446574
0.8614413264440373
0.39663299117819406
0.6820492685947102
0.951893339632079
0.08181527190026827
0.23856213860563003
0.2781787835119758
0.7865568760025781
0.3590755274053663
0.9226818645838648
0.20454603878897615
0.36290569356060587
0.8951667173823807
0.18546962010441348
0.4435911256005056
0.5725298160105012
0.7175894166284706
0.8469859316246584
0.41205133256153204
0.732488058245508
0.7990261844825
0.3343057122838218
0.9951029679214116
0.014666777453385293
0.016652394668199122
0.04989608924370259
0.08322188828606158
0.2492986120050773
0.2518020855495706
0.7523523605195805
0.25656879335292615
0.7615128871693742
0.2777027082629502
0.7860190249048173
0.35659212482278235
0.9291172731609549
0.2126447824994102
0.3542502875206992
0.936774177593179
0.18921970055089332
0.3147251817572396
0.9441297611047048
0.07358581974403933
0.2167291240184568
0.34980118001112714
0.9163466758909635
0.24900568401790224
0.2529827616235707
0.7549676114867907
0.2648708710912615
0.7669022351037711
0.3006112922739703
0.8324798195098992
0.49669925903435796
0.5055076634744182
0.51454292415292
0.5187262466060929
0.5522043019009288
0.593380416627042
0.7193647466192488
0.7830940945423208
0.34584708846523426
0.9125319613667671
0.2291995565756224
0.3123392221168615
0.8129823004710488
0.43799859131104313
0.5639947083836887
0.689973778265994
0.8199177471396979
0.44595929596107453
0.5878699832828715
0.7285756360797677
0.8106109767104499
0.3146413321082946
0.9436797335802112
0.07319663715315983
0.2178805096191354
0.3448646594188176
0.9095929344766773
0.22432323705288582
0.2957650225434918
0.8626977795211133
0.3961529153166339
0.6865049024345353
0.9404808938561473
0.06747324269963428
0.20236536843003705
0.329381555726286
0.9881426399224438
0.019947023800341412
0.05928424259764142
0.0682335862366017
0.20154205887229182
0.33070039210724644
0.9920849933114368
0.02361823880346492
0.03949599660700187
0.11774786707246676
0.1344878475065343
0.40122014266671613
0.6713088158867322
0.9860715275572147
0.018332542502321303
0.054009619052521884
0.08771831460762769
0.22897143044974655
0.31113251636270434
0.8160803139908239
0.4423811930755619
0.5751980240165722
0.7099680616520345
0.8681731545657385
0.3857675563194789
0.6533657691325061
0.9131936969642993
0.22767735493835062
0.30803206434939057
0.8258867597905919
0.4598380067909602
0.6204845127358567
0.6383089912123978
0.89734413989936
0.18275312200421467
0.4505802203784697
0.585621532809455
0.7431315830617677
0.7588864113204181
0.2765295063436497
0.79443203061237
0.3667019779095426
0.8989326282171533
0.16553636654862203
0.4946552295878064
0.5151793291151989
0.5162257641204633
0.548490608780412
0.5809652653988451
0.7414305659767706
0.7746990479645319
0.29284618931706063
0.8714614096388686
0.37951903470093384
0.6385570444981568
0.896614766534185
0.18203143344726413
0.4518226362997666
0.5820301835192367
0.7382842406223062
0.777348903415259
0.28517118803574704
0.8554849407228176
0.4258280340000056
0.7149229739443399
0.8478901071648579
0.41824278444983065
0.739046013681218
0.7786581323307473
0.2889769652974792
0.8517864406458102
0.42999214920564555
0.6961074766295496
0.8373439022689126
0.4800489257031586
0.5592730968783144
0.5682000270462595
0.7016384448797908
0.8306229567388073
0.4917734432092402
0.5241303315560799
0.540888330200687
0.6195216726337094
0.6392980360542424
0.894456582114799
0.17598234303295612
0.46520175598561764
0.5985352341085672
0.6691083442710806
0.9916983415023424
0.024903526733396575
0.041507030167849734
0.12451724600396119
0.12550197858945467
0.37648286457988434
0.6274940360162873
0.8824095160816796
0.13352543671499006
0.4002043735526968
0.666326360864332
0.9989762214245275
0.0030083902238402516
0.00511889040353708
0.014916050975443795
0.017373700015014037
0.04918950507999398
0.0848533559765201
0.24525578253087588
0.26311107151559554
0.7731515042542014
0.30553831782890484
0.8216595014673658
0.46448965041781776
0.6063440633297432
0.6769394851871766
0.9682030740368646
0.0952830424066633
0.15888264426030219
0.476403747452423
0.5395303789991885
0.6177365107287187
0.6343392956187017
0.9010630631528329
0.17169492784887552
0.4848074419423938
0.5161891849711537
0.5485389000095893
0.5809190655709244
0.7415946677501779
0.7750767592806369
0.2919570429075975
0.8741277981025632
0.3761517488164827
0.6283806200372055
0.8804716872109566
0.1393390276352875
0.3944822017219849
0.675862978619989
0.9650867856980767
0.09790370485279709
0.1687064579455182
0.48951589700300246
0.5310245793079957
0.5315445779415313
0.5945712532266043
0.6576914173492696
0.9722077270271257
0.035761660343268886
0.10707039639237337
0.17860564569127746
0.46403762730187736
0.6068952390050981
0.6793139885994606
0.9615563483384904
0.103417610633187
0.18180398468393832
0.45165811700280756
0.5805725069949403
0.7417094073316548
0.7739562505739741
0.2905579398793634
0.8697206945216749
0.39028954989043996
0.6415717744384892
0.922883288905723
0.20614986307919025
0.36441453360021114
0.9057435933500528
0.1577654015563894
0.47128202216117643
0.5387888459081296
0.6023283847025596
0.6810047464387026
0.9491417888784781
0.09007437984109856
0.2229180310096126
0.29375315390643664
0.8645892234926578
0.406231427914463
0.6563010649988428
0.9688402301690076
0.03146709891734645
0.09402936353581026
0.15708655578782782
0.47014553571352735
0.534875831741374
0.5984898743627127
0.6693707815138623
0.9918846154178027
0.024237309058662504
0.04047773458296433
0.1206932567874901
0.13742455729516223
0.39628240786259994
0.6859019152470864
0.940335138438968
0.06949369958601892
0.19676180579699576
0.339402076555416
0.9810346413869411
0.05247844735276885
0.09254922004765831
0.221982167015085
0.28693337852018885
0.8578582883637864
0.424402853299398
0.7106780395261012
0.8679658794717398
0.384109802194871
0.652329393546097
0.9179850454966072
0.23833010665839538
0.27742510807001963
0.7854002180392854
0.35571331888786517
0.9265142347721849
0.2160660966183059
0.35132102464558557
0.9143136650673114
0.24292936417623423
0.25905816224985756
0.7771439412317704
0.2933221021667123
0.8641582010313869
0.4034963446028996
0.6635224810743239
0.9781138907419518
0.057357076002517715
0.07792830999824218
0.20344759410363622
0.3603427590278443
0.8916276003292296
0.17484840581892058
0.4581207952578552
0.6241708164452575
0.6263881727063563
0.8786475035594776
0.12965578530565836
0.38798720549675636
0.648275579122128
0.9301704012905248
0.19581501369248144
0.3374206591688562
0.9790547993907239
0.06210317660588771
0.06320206669624895
0.18923996633384377
0.31478931743185967
0.9442458675475791
0.07345826216624118
0.21610232509556226
0.35141835527610965
0.9144834823382553
0.2428700466407463
0.2596100150840357
0.7758536239853129
0.29545548526220955
0.8629002878151368
0.39515838120132685
0.6854731170460582
0.9435653435357381
0.07262425037333742
0.21765910199610516
0.3468247831915505
0.9115375782712363
0.23412391365855
0.2976168116147164
0.8293708921119105
0.48808167362585664
0.5198858375661075
0.5594676141918171
0.5675629987963475
0.7025805141020101
0.8296653700526804
0.48701602991786785
0.5233039491286036
0.5550728825619444
0.5709802467899863
0.7128338338225149
0.8535886603349354
0.4357507220702246
0.689818145125173
0.8192169700341765
0.44836974603822455
0.5912001254619099
0.7262141920800786
0.7899697360116988
0.3683717956591863
0.8860878612322267
0.1542345032794401
0.41229597956407815
0.7288255611201748
0.8114748240041081
0.3155126971541904
0.9426203957409598
0.07740318888681941
0.20486200161394663
0.3616100604122039
0.897316826885799
0.18303789448691532
0.4508775992435403
0.5848061669967137
0.7455814858840313
0.7632250130409375
0.27209253134788014
0.8082340650435071
0.3250841808039695
0.958158049499616
0.12442645829287358
0.12668959502479993
0.37774371114210226
0.63214591119322
0.8847189254593104
0.15046796321985312
0.4201537704502698
0.7365927439241204
0.7722773968125694
0.30792294986895286
0.8261124178825412
0.4590481842751615
0.6193306220811792
0.6389859099581372
0.8935202290304005
0.17881430083070882
0.4620863446907606
0.6049479689972941
0.6851560929208063
0.9440100352221634
0.07421760552097112
0.21484692895319313
0.34766197169665247
0.9179821022553369
0.23829841721453704
0.2773952516436111
0.7852420858398546
0.3556957380496897
0.9260730926762335
0.21565823708078824
0.3491154586954508
0.9214002859953325
0.23488072375766933
0.2671421703416854
0.7994035591837019
0.3356758619484026
0.9929722890665289
0.009120208560489118
0.027325920411385596
0.04302200011443347
0.11336562887299806
0.15256553457584232
0.4104552991921082
0.7312724207295105
0.8022154524514917
0.34335364162689075
0.9693914871313609
0.03317444838467054
0.09573573785019107
0.1622069723380264
0.4786786873883102
0.5610342502768617
0.5649424393195659
0.6948273179878015
0.8208057883311994
0.46241736502270214
0.604019404418068
0.6870582132251002
0.9380657721485477
0.06419731606729329
0.19020487531088293
0.31963806063868105
0.9470876071136445
0.0883331254881341
0.2329864630883094
0.30052187145338394
0.8327789853501599
0.4973603037651628
0.5076448472682387
0.5082858659152407
0.5239418906276114
0.5405742414004635
0.6197084970772266
0.6403709613077808
0.8913866319344379
0.17312992757069878
0.45688261490431614
0.6136898369004484
0.6530653884401545
0.9118936803715769
0.23270268825581297
0.29966221848735586
0.8353878438356332
0.49383633336401545
0.5105602442345116
0.5307038726168685
0.5327815118653234
0.5963880725903437
0.6638968299666885
0.9770420523709618
0.05520192309631966
0.07182095819734968
0.2134922034747433
0.35903485494782217
0.9227733575680759
0.20433617022354156
0.3625736351823434
0.8962841226020828
0.18589979215175845
0.440328663418768
0.5695135093119461
0.6967299867537804
0.8394345971464645
0.4811926237307489
0.5525141791440547
0.5920821908221114
0.7215551925473846
0.788459418079583
0.3531576457899064
0.932519803987816
0.20231070907902904
0.3295883297396358
0.9877955717092846
0.020026981073897332
0.060066522390116006
0.06887144217034802
0.1987696327851154
0.3404495233553462
0.974255878769327
0.045799252548022196
0.11248016825993545
0.14594270204543136
0.43709565806784667
0.688209581625415
0.8142624697647989
0.4397661672264803
0.5692980322928634
0.6983420891920105
0.8409969936183188
0.4760244099306874
0.5406153745134361
0.6198471327952575
0.6404242096468806
0.8909832136996556
0.17275300534674898
0.45426359883276746
0.6127874584053643
0.6460097189701628
0.9360531400889158
0.19097082506050356
0.3169800844916608
0.9509075825626496
0.08477724943077192
0.24542393028968945
0.26361363352043554
0.7715522877988406
0.30683265018160455
0.8265036898956168
0.45603580452734604
0.6162608467857353
0.649502753134584
0.9172105820616707
0.2473592810856644
0.2576761385134887
0.7581968484737445
0.27409844571957365
0.7909842423978262
0.36923334127641283
0.8888275957724545
0.14304146560607478
0.4282669241656549
0.7144648925750516
0.8561017784231808
0.4276659853057936
0.7169884232571349
0.8460325558262412
0.4130665780394338
0.7295502024353482
0.8096365921373945
0.3195338260848075
0.9466099773999304
0.08982992570963688
0.23048640493652783
0.3008341988606844
0.8399282095197123
0.47287899325601757
0.5432688605505973
0.6140897905279417
0.6537632386316545
0.9136815787933301
0.2271897392347455
0.3065670719370246
0.8224710235372186
0.46715700908680446
0.5965679931396153
0.6632377050118521
0.9779371185286436
0.05832259700400755
0.07498641760321334
0.20835602044826373
0.37493050802731887
0.8752073130453937
0.125346803892171
0.37591258660540916
0.6261646735656541
0.8782494103070349
0.13081527155009098
0.38878084425232373
0.6427219113393221
0.9281571504543535
0.21357518513104878
0.35921329390839674
0.9223580991092604
0.20362824643962085
0.3608558897394687
0.8931135756429285
0.17927896257606335
0.4616590820660349
0.6032999990566168
0.681921165145468
0.9520058602502104
0.08148050808813423
0.23993255163077265
0.2800946392817423
0.784619853948243
0.34920366425649263
0.920650234183995
0.23804929736070335
0.2697956890333444
0.8093870633747429
0.31768838901189156
0.9530646678467747
0.07818772585596889
0.23456030490342528
0.2659366828156635
0.797801463981159
0.3291908217652235
0.9875246619048994
0.020793889416381717
0.062374157132580876
0.06287013716064394
0.18812193744815886
0.3143505237530917
0.9396331247407943
0.06879211569321342
0.197828557662433
0.3434627399838064
0.9695962492551189
0.03261750121600926
0.09733029617927969
0.16113124252296984
0.4814481127541512
0.5537177950609475
0.5869229489762802
0.729518844105769
0.8096123514405917
0.31944679375737906
0.9464380973950028
0.08926848604460247
0.2321599694842007
0.3035200900922064
0.8391953794925939
0.4823993700556457
0.5527884182520211
0.5879611871496309
0.7326298044645227
0.7991772030654829
0.3348866447340697
0.995321435155347
0.013056270574452356
0.023329280636971816
0.05482820505858399
0.07072889173286967
0.21163714982685633
0.3533696214144584
0.9320479989110027
0.2019018928403966
0.33179432136239484
0.9885335568687879
0.028100669936975464
0.03641778384917416
0.10925239601056091
0.17224270760198124
0.45373792303144
0.6112135305593256
0.6427082842565142
0.9281240027339663
0.21354063658509403
0.3593699726043269
0.921890074503608
0.20314057022915222
0.3594216878700536
0.890702359174611
0.17210688471095636
0.4533895635395311
0.6101682121516205
0.6419074639852624
0.9257214341778308
0.2070958984841127
0.3712810057622846
0.879223757336149
0.137654491874855
0.3956292525981553
0.6866473983391188
0.9388447311648633
0.06604584504384547
0.1922705009346828
0.32534627860877663
0.9603603704599664
0.1188731120491866
0.1355376322462689
0.4056344260752667
0.6580958753766026
0.9708410451421514
0.03752292683930136
0.10420502742636018
0.18736951079335995
0.4378904857148882
0.5631519420130644
0.6894499246845953
0.8144587770511862
0.44337293261196464
0.5722831260645762
0.7168492459750269
0.845790141436737
0.41233564479625784
0.7288129608205054
0.8113634941983037
0.3158958948624786
0.9429258693999145
0.0767323404434137
0.20675355690764263
0.364110425056424
0.9037318975315429
0.16380380114424042
0.4773118647572119
0.5559561707486864
0.5740574164083228
0.7153277282195631
0.8481574253528379
0.4194551083201077
0.7407794661412481
0.7769286124384962
0.2936609644384589
0.8651108561607543
0.4046655203565024
0.6588207167224027
0.9764487466018181
0.03920916304923594
0.117594103096053
0.1335439078975469
0.40014952584169805
0.6662648341152817
0.9987945023749489
0.0031891570542939007
0.005661217437591404
0.013992643042001873
0.018540302466135472
0.05372738681035116
0.08696294104447588
0.22957397165009752
0.30981279275147244
0.8195827261661179
0.44702844132552855
0.5881441738747526
0.7331794743076898
0.8000933362345677
0.3338508477900177
0.9984321806114167
0.0026207522314507514
0.007755352038657293
0.007885178929427639
0.02364003166439943
0.03942574540269561
0.11804689498967491
0.1339258411026094
0.401750282588182
0.6696041703980882
0.9911722147953697
0.026483236317289993
0.04407781598274596
0.11660677901818417
0.15005607219063677
0.4169648531533312
0.7490596566640306
0.751081524475012
0.25309950319933705
0.7553312240925152
0.2652533751097508
0.7662496263510548
0.29872426539077424
0.8302508915367071
0.49069163942476735
0.5259719268069603
0.5465418027888518
0.6103283243719488
0.6416405670170207
0.9249202397768386
0.20814084631274454
0.3744177930348087
0.8766236492374446
0.12791019317228347
0.3818936984753236
0.6338555334368721
0.9015644396713469
0.16926908324239776
0.4921774885733612
0.5234665935277008
0.5390963657700922
0.6172833713935688
0.6329779991938267
0.8989168197731487
0.16457718130550347
0.4936952138377819
0.5103655622515362
0.5309135790448636
0.5321362235408742
0.5949438156676479
0.6594584681733977
0.974469153676182
0.045338723371969536
0.11202922891243361
0.14828632553690113
0.4300876175693702
0.696018780610757
0.8376900973380543
0.47887306587654166
0.5614274379622657
0.5655956080299802
0.6928616133227479
0.8276615780778229
0.4536573416844476
0.6109488816873636
0.6432104069972411
0.92962170849205
0.21113302296726033
0.35188966925488785
0.9306574481888674
0.19629973368137144
0.33889514781185426
0.9814834096177947
0.05381020763888955
0.08708975045010448
0.22992733540013433
0.310143334325403
0.8190702707506716
0.44903155745123513
0.590161186264595
0.7235922120744362
0.7940671135729644
0.3663338154437952
0.8997816194896586
0.1676061004109215
0.49695281687309034
0.5050175935903098
0.5150375218363479
0.5172653351037297
0.5497513270820491
0.5850449370627757
0.7433855406707153
0.7610399934055749
0.27912217000266537
0.7875607722089626
0.3541068623017054
0.9371911252674181
0.18841946573229507
0.3135494118905626
0.940632484445814
0.06774704970302992
0.2030088396568317
0.328256929613417
0.9847707589215133
0.016268777835648507
0.04880245524691418
0.08012318605324253
0.24034237867454067
0.275531530554872
0.7953379157115705
0.3620269307575654
0.8982899198599625
0.18009925173828378
0.44602990633575246
0.5876624726806767
0.7288067508197855
0.8113592136651278
0.3159068431996275
0.9428987448045518
0.0766954553546384
0.2066488437121734
0.36393838247749954
0.9042540452210233
0.1622211748326663
0.47866754650021903
0.5609453586221207
0.5651573888608254
0.6951051193464082
0.8206592684146017
0.4618498275813181
0.6027278274705168
0.6829358985414729
0.9511283185856882
0.08409781841328368
0.24428854981670156
0.26408113836077973
0.7683023710851558
0.30446788665722124
0.8362224996380974
0.4774164260015823
0.5560319127398543
0.5738551917893346
0.7157052465481684
0.8487643312255386
0.4212896557874046
0.736006056482438
0.7685421544301789
0.30373327783308923
0.8369690964464098
0.4795635908667464
0.5597833444771823
0.569673195364885
0.697176829125965
0.8381110880873166
0.48270554895862006
0.5496784315037075
0.5853392062126659
0.7437953269982245
0.7606794472085312
0.2804587887658272
0.7825383522722404
0.3476058903615922
0.9102452502120286
0.2306899705727119
0.301063632912701
0.8406907719618175
0.47400712891248986
0.5465321553056128
0.6102690733678173
0.6418404616415501
0.925063621281879
0.20875598868587986
0.37333827855763957
0.8777642886270769
0.1323163034103345
0.3843010263808537
0.6509184828901198
0.9215044985758141
0.2349972756637726
0.2674765640113037
0.7990098137233872
0.33441497694002464
0.9946942831738852
0.01533278645365499
0.016440125327790156
0.048335826460970566
0.081554750475334
0.23878949842764996
0.27886694730841555
0.78766566698323
0.35517305321991444
0.9344120677560568
0.1928541157685686
0.3276847285160329
0.9536962231213693
0.11107925180112943
0.14332304388517514
0.42897719115717337
0.7127012618002482
0.8538318290084135
0.4364897641353309
0.6905267876572907
0.8175491816655267
0.4526239247643389
0.579612489498686
0.7368705392291304
0.7730190953006968
0.3053854104655329
0.8221247801266145
0.46330732200294733
0.6081209806725383
0.6756355213292409
0.9574368736357428
0.12182231360930018
0.13062678583082743
0.38893522866419517
0.6433681830822024
0.9290205861325376
0.2128427697753068
0.35359806605265476
0.9357858530420344
0.1897122652735561
0.3191078251693398
0.9485333699267358
0.09163280136999674
0.22508632190874778
0.29153075665817596
0.8745464409876149
0.37559197074733675
0.6266382115427405
0.877897613478126
0.13193024072097614
0.3839484713389538
0.6518339329049923
0.9194905648182612
0.2407958770636469
0.27705887402407825
0.7938231055159122
0.364624433015706
0.9058844673854765
0.15710625879000872
0.46985095099080354
0.5345522867282853
0.5992544569598977
0.6708035235642456
0.987461607059231
0.020978567306883633
0.06206382007803768
0.0630759090417996
0.18919005512725562
0.3152355394558981
0.944668517797254
0.0722406093555037
0.2129347817681264
0.3575313957699109
0.9239725834631827
0.20940546051133424
0.3698221402009949
0.8904720671707764
0.14108361947000958
0.4223949268634897
0.7046846871089656
0.8619743211311288
0.39842104210401885
0.6797368605912197
0.9453928708680905
0.08617858096840791
0.22681176642072387
0.3054350617749151
0.8215485819673631
0.4646457444760017
0.6057897837017663
0.6767443474091124
0.9658376108855009
0.10063781033386476
0.16512553961365484
0.4953460340911988
0.5129853323742282
0.5232698195613921
0.5551609616086353
0.5708166291587986
0.7124496788892429
0.854082966921851
0.4372474395495374
0.6882567273860332
0.813762205070816
0.44128089272999205
0.5667777917988133
0.6998431496322155
0.8338811882131267
0.49821886053541675
0.5024080017465167
0.5064440186542924
0.511397470603697
0.5283061537484173
0.5361513266689144
0.6084496766270604
0.6729419777402654
0.9562714844068978
0.11453814822016284
0.15611086814897135
0.40666402963688597
0.7194427708745934
0.7830760061915498
0.34608446550555527
0.9127353725489229
0.23039308216539212
0.30879399258992635
0.8167591406090651
0.4500943158636801
0.5831853494164534
0.7494644946127664
0.7515435735695064
0.25267752309446223
0.7575919419468846
0.2580965111264959
0.7742865829495713
0.29041953399428166
0.8707457636191975
0.38762392150238156
0.6457208856008947
0.9368607574433554
0.18936430622125044
0.31467380438698456
0.9436432512593456
0.07311534366453998
0.21815396708552726
0.3453531447739806
0.909106303617591
0.22578915761550888
0.2904045340255834
0.8709729110705666
0.38684451425797306
0.6449016359692905
0.9342161483946256
0.1932581750152167
0.32635321831912734
0.9555076772521716
0.11579011776484549
0.1520498066674918
0.4187891830224544
0.7397202102001756
0.780805036687525
0.28185243980260566
0.8453606231487356
0.409097093710443
0.72582595483982
0.7902955691679381
0.37086973161785863
0.8870231305772904
0.1453261360875331
0.4350008988403715
0.6948895526002161
0.8209967695584055
0.46272900083567947
0.6039996553445235
0.6860471935069654
0.9409385967883281
0.0669545078126248
0.20074762581498362
0.3346609344880562
0.9959256260481197
0.0121620845166035
0.020127668452914804
0.06019939627731219
0.06926433992339298
0.19845315051497892
0.3411630321643315
0.9764803727739491
0.03930106174084358
0.11744538953644224
0.13356280265725218
0.3997113722434733
0.6678087731997948
0.9965598641429096
0.004449139145435765
0.013255863770609722
0.022182734595844522
0.058445783535717055
0.07462826956179924
0.20775578435859643
0.37282639686600305
0.8811429158959072
0.13561624544672668
0.4056511588860303
0.6578561754431576
0.9716151601460297
0.03827379533322528
0.10285668395226821
0.18355472903931513
0.4493343817885034
0.5821640526992269
0.7464883369102608
0.7545530912466347
0.26365162947331555
0.7715447531954851
0.3067033920669928
0.8263573095900938
0.45538957152166404
0.6161610702692997
0.6514557539485395
0.9191640713543165
0.2415005262591876
0.275254160806071
0.7913982587051578
0.3737061344727408
0.8788660527497996
0.1290268111624755
0.3868434398318641
0.6449048573267646
0.9342119828506839
0.19326092535629869
0.32633333606645465
0.9555624355562031
0.11573455625330098
0.15187507364316843
0.4185157564061228
0.7398135224066209
0.7799795726314187
0.2850002227642108
0.8481184738629963
0.41850086965132505
0.7398587180068716
0.7799321745114867
0.2850785003392957
0.847887557989452
0.41823541300254874
0.7390676972281653
0.7786349466186948
0.2890264955058228
0.8516676468134392
0.42985798191512004
0.6957619401509874
0.8365419468318578
0.4781592603540048
0.5575246406951919
0.5773040036729071
0.704564219515305
0.8628381587041076
0.39512792124878615
0.6851986973779276
0.9442665329261217
0.07344941765768453
0.21616731659742072
0.3514980240142904
0.9142500642337836
0.2425059869128745
0.2587491253216285
0.7745305358839687
0.29212797700893134
0.8724543146090582
0.38249960672692396
0.6337511276069563
0.89951351727359
0.16716848060605116
0.49750655129901133
0.5074116814939771
0.5085266611422412
0.5251974406128284
0.5413510299986228
0.6239937233331148
0.6279616094543599
0.8799777367094066
0.1398054176243022
0.3920723687624559
0.6753453878918663
0.9576064105203841
0.12278477678773925
0.1316447130520828
0.3860717033385299
0.6542764260084368
0.9121700052346569
0.2285773374605924
0.31073176278732717
0.8147605753038079
0.4442812491033692
0.5733145804551896
0.7160303349373862
0.8509257269615773
0.4159363381913863
0.7443746538483538
0.7639462311926764
0.26834197039715946
0.8040476639289409
0.3378021715034265
0.9787342551571783
0.06083655438851565
0.0652925978647545
0.1947181256255135
0.3219463877612725
0.9638250012649223
0.1085093199799303
0.1730011007457506
0.45645651177619584
0.6149749463365879
0.6550751045579091
0.9095002141839359
0.22459427191643044
0.2949375894968398
0.8613744340254925
0.39656217032461427
0.6818720886076335
0.9514387812814675
0.08086431454285048
0.2415243514406029
0.2753542875580024
0.7911168886639643
0.37322850251803175
0.877382836479228
0.13141607618308626
0.38642192995757796
0.6531613135884982
0.9116018156055361
0.2339442789379973
0.29742901524878107
0.8297855555138085
0.4871438445406966
0.5229434075881727
0.5561620900116395
0.5727827856317163
0.7182949511625338
0.8443369018496014
0.407876714336453
0.7216747266065795
0.7881005590897985
0.3525562178983819
0.9326648977876175
0.20027736347401515
0.33519945916486904
0.9934217220288701
0.01149221180821769
0.02763998185400851
0.035976057493826374
0.10691536837839521
0.17924990129540674
0.46151678639580496
0.6032426022866275
0.6824062803061679
0.9524912055640016
0.07999586005462334
0.23656728659989312
0.27174309495603666
0.8073900738381781
0.32744067881139927
0.9549166567448992
0.11181241396116093
0.14698452124139294
0.43312508246162906
0.6997658723848872
0.8335636447591241
0.4987292260630056
0.5037512826966122
0.5043702269031201
0.5122485325555317
0.5211148735543247
0.5611625531455502
0.5662982404755894
0.6915471655665897
0.8246348193788435
0.45773008570540696
0.622899386449717
0.6312712781655136
0.8854830106138252
0.1560214041674044
0.4065407115558628
0.719560145837022
0.7827029242180288
0.3471875214308966
0.9107031892926898
0.23200083582196385
0.3034167530713603
0.839687863481231
0.48093187660560943
0.5513139988470357
0.5914191079791635
0.7252389269706327
0.7929042808827944
0.3712813048332464
0.8792247730598319
0.13765526987845078
0.3956241809646599
0.6866589177516289
0.9388600024103653
0.06609172141179442
0.19234688440337777
0.3253011289052665
0.9601317537017167
0.11861148246680386
0.13635197895928286
0.4029557515459601
0.6619899840734433
0.9825509237125516
0.04920382707496174
0.0846195976191666
0.24601577516295947
0.26194979759748094
0.7697971458837856
0.3093827372067608
0.8177012816886418
0.4530850079318043
0.5782415339781437
0.734510728798341
0.7660092961450573
0.2975379073759541
0.8300410971278325
0.4864306029921863
0.5216652073140722
0.5570742127019912
0.5767325570632238
0.7067530120839365
0.8641092823527288
0.40372921247035265
0.6638081287965178
0.9773252541490365
0.05593902902910486
0.07406708336202428
0.2152415284072049
0.34836117358645424
0.9197134916321374
0.24058486355352215
0.2762913874175865
0.7960982833465096
0.36070498393382877
0.8944318123394623
0.17595749246538617
0.46527990253525786
0.5982322518539149
0.6696587128681131
0.9910164703323971
0.026699282694607973
0.04489546408876777
0.11527712130919099
0.15050265146419406
0.42007407592609525
0.736725480761379
0.7721881592005957
0.30838207114720717
0.8245602629031055
0.4579259695892688
0.6223129727004562
0.6320825504953973
0.8845288491284009
0.1506431441521272
0.4206784783164039
0.737590720760636
0.7713586968893651
0.31091723073041067
0.8150757910334505
0.44521067637833767
0.5704949468199629
0.7113664795760997
0.8521141558594536
0.4313417226076126
0.6980702728033066
0.8432281166606117
0.4703114480362274
0.5338590891915374
0.6015477034670766
0.6640782513422891
0.9922347526589874
0.007891255838330835
0.023673763091210276
0.03933027264429256
0.11795929429354146
0.13415131386136636
0.40223352290922776
0.6681105994503014
0.9887063790520187
0.028021130128763616
0.03693661617580801
0.10787908628117293
0.17440961592365056
0.46060444915201515
0.6181405183160678
0.6338289388513658
0.9014839541050605
0.16908127380884252
0.4915959294012282
0.5250747932295781
0.5419592431280762
0.6241222534154076
0.6261374012683518
0.8784121703065466
0.13038085959851742
0.38918902911245823
0.6440761517733335
0.9263681043230463
0.21647061972180381
0.3505803888547234
0.9170059695024975
0.24708803274552338
0.2568890964903403
0.7588737244659569
0.2765896721975878
0.7942465519299731
0.367016203381354
0.8988844239793252
0.164670848287642
0.4937802953645587
0.5106301279738545
0.5304246014275122
0.5326266373158433
0.5973859086807352
0.660932106198743
0.9818025750864763
0.05459179758327082
0.08610240457346663
0.22704052279004827
0.305205593991559
0.8218095575575717
0.46347264197538607
0.6090458408289123
0.672831945179496
0.9541603999387007
0.11237224214710295
0.1457018635701388
0.4368567999918014
0.6894288768526167
0.8144948149856646
0.44347843975992873
0.5723928636289202
0.717178098479053
0.8463294735411182
0.41398743717581965
0.7267645543615799
0.8050426377449185
0.32119430860620923
0.9620723047701176
0.10496350552421063
0.18510661472100765
0.4439305647974834
0.573970022262074
0.7155888750276063
0.8488997893291526
0.42168434741324745
0.7346880220866296
0.7665637072059326
0.2979515300539788
0.8312315623334143
0.48969612101791427
0.5308500922401436
0.531957625382347
0.5955028561875224
0.658555989182787
0.9754848620505072
0.042169586959062144
0.12251095779356547
0.13240249999216758
0.3835356220661197
0.6501715208578389
0.916304357117042
0.2488892155524809
0.25331666399142705
0.7555525688512716
0.26459014014108106
0.768622767936904
0.30195011707837693
0.8431043024465907
0.47068709187442437
0.5332501546363346
0.5996894266863819
0.6662483880063519
0.9983179063128773
0.0027202022611163557
0.007184012851212174
0.00969414523569867
0.02560337196337059
0.0452587510808371
0.11221626220503822
0.14768007601378486
0.4309524058480747
0.6990842027007602
0.8402321330213454
0.47332120046485215
0.5448720486601815
0.6153223567234818
0.6506087919115089
0.9202091871702578
0.23717479885090142
0.2728503638645634
0.8063134864205495
0.3232355442887638
0.9677840240474325
0.09475437668152153
0.1592173536773771
0.4737334365490824
0.5460763170849532
0.6107936476182658
0.6441198064130731
0.9265000302984845
0.21657069819048047
0.3499064235948026
0.916833455208689
0.24949128882144578
0.2515255963371601
0.7525032625126187
0.2575086531578563
0.7586094653815962
0.27484604084747843
0.7925540015858132
0.37178724800469354
0.8807310521951877
0.13904912266298197
0.39321586457663216
0.6796015212021302
0.9611648628488183
0.10185501261730678
0.1805036413425114
0.4467700562963728
0.5893639786809217
0.7309810700826347
0.8022874486923683
0.34240522753680125
0.9722959163482301
0.03602073699585162
0.10659652613685466
0.1791110678750556
0.4626204499800224
0.6042917578888591
0.686880583758466
0.9393563411722425
0.06462051108246669
0.19383292231941596
0.32277067442191765
0.9683101156842895
0.09432197219575755
0.15795160320703872
0.47144392094924115
0.5383541888149921
0.6033132988377474
0.6820034106203821
0.9520308730425313
0.08118991032824852
0.23964536070707254
0.2809399401594419
0.7821799557132181
0.3448041797382757
0.9094120460795239
0.22389692012802698
0.2966892139229458
0.8596871521149296
0.3915500112925656
0.6729374620481394
0.9562818651029374
0.11454997782129794
0.1560887567466125
0.40673371276352555
0.7192510328022763
0.7827376240456942
0.3462449502549134
0.9136432973318733
0.22725743587943725
0.30649740880471654
0.822687584295636
0.4674821997759864
0.597491888445802
0.6606339536665473
0.9809849026496522
0.052283566299593076
0.09238612317130901
0.2223457141953986
0.2860857376654167
0.8565253227425274
0.42894380807410926
0.7121853373246267
0.8552594943030272
0.4339425449143164
0.6923129752394743
0.8254044628411066
0.46030981047078967
0.6190704782493412
0.634974086220609
0.9046475687646307
0.1591041681531351
0.47578555418294854
0.5403937709925231
0.6209908163873479
0.6368982234562282
0.894962620397564
0.18415542374714278
0.4430743434058968
0.5770255392126273
0.7064222199842334
0.8648716481693555
0.40515605272958055
0.6593143727513961
0.9740212516335305
0.04656393628101796
0.11030050192493945
0.14169179869350046
0.4250217812368646
0.7082871383754537
0.8748599776590709
0.3754191067419015
0.6256957990699448
0.8768107124778908
0.12738036247901618
0.38153078709729016
0.6365356871392578
0.9027711062517483
0.16070571058662608
0.4821171010262333
0.5535285338410176
0.5892961199569982
0.7319968265946954
0.8034122812387068
0.3396715901908465
0.9809241829789244
0.051367353269597515
0.09147235439741053
0.22558293302427046
0.29199735636939295
0.8720853199192788
0.38185193215031177
0.6338360853260383
0.9014471309783403
0.16917844483396038
0.4914823659346439
0.5251823926228099
0.5413655381125864
0.6239502251846716
0.6281331080535892
0.8802488739020191
0.14050337820663117
0.3907475794258062
0.6722427382774185
0.9537378922104836
0.11121367666055448
0.14270783224492334
0.4281234966183547
0.7135391612246167
0.859367482829839
0.4218827574804891
0.7031482705788221
0.8594137873733416
0.39074133420945145
0.6720066230918746
0.9535198688972741
0.11001785637927242
0.14255356634384952
0.4238684204465244
0.7091052599425893
0.8692658033687621
0.3890435954381246
0.6432021077198442
0.9295834199292585
0.2111124071816448
0.3520142207562458
0.9302778034762014
0.19695955008501187
0.33880718023283407
0.9834625281509943
0.04803978043491952
0.08137502105091698
0.2401887668238487
0.27940413137548603
0.7833410268358421
0.35002295207232237
0.916705128736794
0.2498693531670142
0.2503900612646248
0.7506513848493341
0.25195030629402027
0.7519599120714702
0.2558681002992671
0.7597917707462329
0.27934050030307844
0.7833163877367042
0.3497574507200625
0.9164255160430912
0.24877008743351325
0.2536878302344121
0.7541952456231229
0.2625590337847825
0.770892300090054
0.3121848038281314
0.8134455772233196
0.4385686167224776
0.5655837492377032
0.692843067983631
0.8276745273906272
0.4537133553531021
0.6110164581332356
0.6435044508252759
0.9288005524431355
0.21213349883328192
0.35477653334965
0.9354233500489499
0.19372800935525447
0.3228832468157634
0.9686361575732008
0.09389675399870612
0.15665639212238602
0.4694808947679121
0.532961525808787
0.5959548888495192
0.66284943712526
0.9797592432587408
0.060340915893903
0.06871806006529368
0.1981279118626844
0.3429188314185012
0.9701315058337059
0.03490605729166418
0.098399079288356
0.16921923600602895
0.4919751262059435
0.5237768363440409
0.5399517499899957
0.6183896895381622
0.6360375688818749
0.9041431526420638
0.1625703034515027
0.47904009601916187
0.5621167109638918
0.5631582472124137
0.6894133432942908
0.8145702907349914
0.44349615860846825
0.5726487290521618
0.7174557292601094
0.8476175532268826
0.41027231788029894
0.7306011831969954
0.8011774059559684
0.3404862091410905
0.9745817163493484
0.044959074148209766
0.11142827090225182
0.14666274134651758
0.43208030026289634
0.7017432179127354
0.8317805894766934
0.4890246186114382
0.5285926405631471
0.5388551485375501
0.6019093563954812
0.6806000380311161
0.9464773189101834
0.08918730850564316
0.2323770392104052
0.3028421570197679
0.8380308655905537
0.4828387148154434
0.5495292981213424
0.5857861518743448
0.7425878842768725
0.7585186957148835
0.27518892302759923
0.7913718227937352
0.3739304547198117
0.8780856146477163
0.1303448700637091
0.3901801180036273
0.6412262997182552
0.9234881642623805
0.2059750948974397
0.3664451820368413
0.8996874117001425
0.1677588284946978
0.4964333879761398
0.5048030880279839
0.5129286400333513
0.5227336721145548
0.5564327721658628
0.5726109340321273
0.717710730881663
0.8468649460119195
0.4114444334700238
0.7343247165263165
0.7969644456752576
0.32834469780209474
0.9846600441087503
0.016478672914672643
0.048219130316283554
0.08166857162723318
0.239140379417222
0.2784551580552943
0.7884747385396622
0.35320371398120187
0.9325647951627616
0.20223540108418092
0.3293278818600811
0.9876021758536808
0.021324219967937097
0.061012453777948394
0.0649951190862339
0.19489380231243558
0.3210078322736081
0.9627486932149623
0.10394044424174353
0.18622552446322516
0.44123139505973086
0.5668582162470557
0.6998083453800064
0.8336775482166559
0.49896507503581233
0.5029977246595081
0.5050754275871441
0.5149784452805761
0.5175610570586286
0.5488759834261145
0.5840668199816719
0.7443796004226897
0.7639310343074612
0.2683265231025871
0.8040020530170295
0.3377263650181703
0.9789927278761752
0.061062611610395834
0.06595359000493772
0.19200127580552362
0.3258516268397216
0.9599154819443356
0.1202249308116734
0.13783364882692695
0.3978758552111685
0.68135568452999
0.948119491833495
0.09314146783435717
0.22033903253031895
0.28406361473025754
0.8507183570764028
0.4154352476762142
0.7457596749591175
0.7626675022183917
0.27054546689032577
0.8116240959207062
0.3136545004672371
0.940871944243554
0.06794813156011514
0.20189026350271888
0.3318060378951486
0.9885753811395261
0.02816461509792134
0.036596088961232454
0.10893085779389367
0.1724728067056276
0.4547342417645268
0.6122376716812141
0.6476543536118697
0.9309991030022502
0.19919008485157974
0.3398762485885527
0.9727537195722107
0.04313122056191787
0.11376847844803706
0.15283506986452267
0.4116262829047628
0.732925001939293
0.8003088949189987
0.33256705629173666
0.9976372708333656
0.006582739908481017
0.011500840511871502
0.027630343596683815
0.03600074406131171
0.10684065675013699
0.17935522177140228
0.4618880665220786
0.6025827164703514
0.6827299996512011
0.9503430103941355
0.08537233591778204
0.24388278351398185
0.26051607116824016
0.7805701899924316
0.28304433517041616
0.8461718613107223
0.4126553668756969
0.7300467667519115
0.809279016306391
0.3181949491845444
0.9516494082054123
0.08059483548277058
0.2417357628874015
0.27402777507086284
0.7907095822447445
0.37005732126999646
0.8897126106312498
0.14179026675992645
0.425123584427638
0.708941121614771
0.8731612554402091
0.37709826344507746
0.6312640339892823
0.8854913169634528
0.15601451552356593
0.40652008590404876
0.7195256870181765
0.7825850477674976
0.34755722610861994
0.9103169387381058
0.23094989196397364
0.30127860861830413
0.841333917574957
0.4751430393953342
0.5425879753602203
0.6217210878385231
0.6307852893660311
0.8888768604374491
0.14293964169337414
0.42860145927988924
0.7140115368820261
0.8568667341023684
0.4293920304917265
0.711760008794954
0.8529993129195645
0.4331433050392661
0.6998071286070626
0.8336726387497038
0.4989730234083254
0.5030187562515493
0.5051037644734606
0.5149316262977663
0.5174494468956254
0.5492050285392907
0.5846227213041857
0.7460097646398935
0.7619401884148829
0.26982910264632665
0.809395754156867
0.3178340007434599
0.9527389377471991
0.07879394802148454
0.23627431647037156
0.26764746065600775
0.8029421434330288
0.33823623036732897
0.9833361423225142
0.04999157154816203
0.08331690289196558
0.2499505857413169
0.2500805318413768
0.7502408723521512
0.2502495942171663
0.7507465782109648
0.2512392110947985
0.7537133408186492
0.25424078467767686
0.7626679876120761
0.27054397427127697
0.811628569586901
0.313646582653746
0.9408786653075367
0.06798873355728574
0.20179551778710447
0.3319303411117289
0.9884589335124474
0.02778524742461741
0.03572375583462417
0.10716745187528431
0.17849669023416936
0.46414366574026644
0.6072714093606919
0.6781371042889077
0.9636028984677978
0.10919130450929515
0.17218173531000502
0.45404329858138226
0.6104194229992572
0.643746824876871
0.9270892460772302
0.218731498462148
0.3438011802500114
0.90634059777949
0.21896648770780303
0.28152943050372414
0.8445882911619265
0.407639522862155
0.7223692512488924
0.7860003184468951
0.3568412741879001
0.9293530824361369
0.21188733927556314
0.3525734529539477
0.9327202462882269
0.20036715973401442
0.3354151925886981
0.9937486292910762
0.010418991063488647
0.03124159437720664
0.031274262437364087
0.09379154877387919
0.15636892427573912
0.4688776340626646
0.5316300337144639
0.5943780076922849
0.6581340007542167
0.9709096464212053
0.03745421380153857
0.10442612730548717
0.18672161243739538
0.4387973228294868
0.5663919209910091
0.6914225023938343
0.8242675058136228
0.4571124328649603
0.6213372978963889
0.6291519447404426
0.8874539264943451
0.1457587688055355
0.43726485487422906
0.6877705598308239
0.813275174878072
0.4388327476044651
0.5663142422272358
0.6915593684534542
0.8246780138870236
0.4575526410480961
0.6226576283806935
0.6315082636720035
0.8867118127527647
0.15235308682895266
0.4101813993474934
0.7305134648631793
0.8008910606149584
0.3399862617079634
0.9730832030472811
0.04364092636387795
0.11505265545565635
0.15472756361123174
0.4087568676332012
0.7262706028996035
0.7898771335894708
0.3686469704261981
0.8862446793937124
0.15285031471285038
0.4116721011523623
0.7330012482998427
0.8005071169463918
0.33279569834121503
0.9974086251750123
0.007728342432528734
0.008034003432840109
0.023735782597213984
0.03986483393236995
0.11861784430220723
0.13633390283212066
0.403004287276417
0.6620765957050025
0.9825199884653557
0.04899133514845744
0.08447017398430035
0.2446362337213941
0.2651452537975274
0.7661372018628754
0.29838108803960495
0.8306858602736611
0.4918286905740388
0.5242998878820799
0.5401847717294004
0.62052283633966
0.6384238585887942
0.8972284222836606
0.18288070693961345
0.4509858567325864
0.5842944017786067
0.7450706751551479
0.7647259778168518
0.26683409401448444
0.8000683369464241
0.3337980411888566
0.9983574437501375
0.002882871718611568
0.006915304868016392
0.009022992278914899
0.02664171560900286
0.044708636531140655
0.11557069892296568
0.15127752645639703
0.4211140138213523
0.735632020921912
0.7693884261825588
0.3012068533571437
0.8405177931999788
0.47443328486406244
0.5453585888899397
0.6119024436920881
0.6481765229545999
0.9304684755043127
0.19661639092373662
0.33983737070229836
0.9804800179263111
0.05080837698187679
0.08987862768117338
0.222760881180875
0.29314313747454435
0.8637346489122137
0.40293665570789017
0.6617954866669606
0.9833635361865163
0.049909270397620276
0.08318231356679462
0.24947648789384402
0.251568866398884
0.752616129379021
0.25777565740281716
0.7579153866390698
0.2736169349809643
0.7894939625693951
0.36774896242422983
0.8844812091556378
0.15124349991674535
0.4212673544243444
0.7359690466837492
0.7684417363489047
0.3038583406305406
0.837325752916513
0.48021012847311795
0.5593428069259971
0.5676761402573902
0.7029616411891766
0.8286112467467319
0.48486938467249274
0.5171000161208212
0.5493469233915675
0.585479736851994
0.7427673355850857
0.7594299342017621
0.2763366767030675
0.7959289642458316
0.3604431397980079
0.89370731881354
0.17721568411798216
0.46829237436759286
0.5943302477535326
0.6578680917737074
0.9716509110003244
0.038118801545351744
0.10263692634180188
0.18278087070211768
0.45068063819780946
0.5854541505686939
0.7426905487955082
0.7592940494068898
0.27592711403849535
0.7964702470053453
0.36010050057666376
0.8923432910232805
0.17409732294618152
0.45976142134168185
0.6204713559418451
0.6385706732980907
0.8966657002747525
0.18207015987718478
0.4517275492544286
0.5817375181359239
0.7391014103486668
0.7787818913348019
0.28861618184600957
0.852161409886321
0.431301124044694
0.6981544577283785
0.8429985280672554
0.47002033464377746
0.5349999643513002
0.5981179538357537
0.6684993614908308
0.9898573423561174
0.029935751867014915
0.03507064044242725
0.09787969995522872
0.16827281628502533
0.4890780242276378
0.5287528582266532
0.5386491553799715
0.6022526804590598
0.6815079347288702
0.9476598773035221
0.09244505254901014
0.22263429491431452
0.2852106636564713
0.8555403484788258
0.42599220835836604
0.715186468733009
0.8485507011355367
0.41918388998601586
0.7414689062861726
0.7751641274953727
0.2913126949570142
0.8738636975758709
0.37839651267859153
0.6304268862877507
0.8892359801684506
0.14424181912909262
0.4266219381534029
0.7162042093405034
0.8512493242742494
0.41500153244123794
0.7432650874543469
0.7609197644051164
0.27876122322049923
0.788653359602904
0.3522863549878821
0.9314203743124381
0.19755085269571282
0.34264874199288897
0.9720528193574864
0.036752471525687724
0.10830142576014623
0.17497138545149937
0.45848404214484617
0.6245325997588225
0.6255475855141412
0.8765282104723155
0.12763077815179713
0.38264056443586014
0.63326726356172
0.8990225195302628
0.16569489249377511
0.49510270371683873
0.5146650676324498
0.516650736797601
0.5498854532197583
0.583249869348947
0.749273724592058
0.7517190657090396
0.25222750872489996
0.7566231301461812
0.2610792483901605
0.7792088432470337
0.28732760055572726
0.8538031188945752
0.4363933748099953
0.6908193964045495
0.8180331171315629
0.45214288478018716
0.581068484520074
0.7392755472974386
0.7803265225375071
0.28231141800642945
0.8469019469048362
0.4114332899916917
0.7342044988181442
0.7973245142784435
0.32872955017955974
0.9859716887003742
0.018461467319866642
0.053866150468820706
0.08737874773214571
0.2300202921323944
0.30919864037423395
0.8180072681570891
0.4520448375842534
0.5812281449907459
0.7397138119849842
0.7808555762749165
0.28189730577287264
0.8456838148122188
0.4082605860894546
0.724674946279265
0.7912113777420018
0.3733747267979197
0.8779223303426988
0.13184438363532536
0.3838133113749791
0.6514088801050093
0.9190643738256767
0.2413381667865906
0.274795269331662
0.792618556675734
0.3719953180407174
0.8800848926766776
0.1400033813843038
0.3924831768090371
0.6739850700541865
0.9594552018679678
0.11968120888923295
0.14022395070060156
0.3913398102449719
0.6736360517970752
0.9554096823558211
0.1161927962966729
0.15141778727411292
0.419035983417416
0.7414257148921024
0.7746919333003461
0.29282177475397475
0.8715039785893168
0.37962570844683796
0.6384494024096057
0.896785529475892
0.1824458599439822
0.45259563118452206
0.5797092911670916
0.7369453914870974
0.7733247292926535
0.3048346076684538
0.820723299839301
0.4616577746346593
0.603292248211801
0.6819441849656869
0.9519680245430209
0.08148905375855975
0.23981628500041552
0.2799936922674533
0.7850189156888518
0.3480682509834878
0.918655413959641
0.24009709476376884
0.2796784309030045
0.7838594667555299
0.35151700547430664
0.9141701346961781
0.2423261591757182
0.2582280006899964
0.7741288584948052
0.290890765900258
0.8695137116010301
0.38929116338840686
0.6444357749132905
0.9259454204584472
0.21532100238255225
0.34817189574823715
0.919469664542703
0.24082800722680986
0.2770257892552763
0.7939068384002894
0.3643731784832198
0.9054041242634412
0.1576186161255464
0.4723331151762977
0.5361246968386695
0.6064696592802648
0.6787515007308684
0.9620357515232172
0.10461489448789507
0.18493842787574977
0.444948201184161
0.571172728552483
0.7120456859993283
0.8548870561062358
0.4352131701016333
0.6943113740126137
0.8232824908918701
0.46594121828093193
0.6007111432554666
0.6654108575894497
0.9957413040974643
0.012591067817993462
0.020683121285401285
0.06197400821838528
0.06406461994629353
0.19011843774933368
0.32026184571441263
0.945403246791102
0.08615246778936125
0.22684070860850625
0.3055160458025057
0.8216985360195395
0.46459188812877983
0.6062242161715403
0.6770405554270837
0.9686208303901367
0.09412534101284109
0.15688583059818484
0.4706266878347378
0.5334324038412888
0.5998694885638542
0.6667954954027664
0.9993460229597986
0.0019443170458544046
0.0019791308732237667
0.0059030546399299055
0.009878484503133222
0.02944467033375986
0.03361419783323072
0.10032760925241746
0.16774285069550388
0.49638879907433875
0.5047298777790274
0.5131539372960106
0.5229808445146773
0.5552706552552991
0.5719352237356361
0.7138505791081116
0.8584477856347803
0.4229323989129625
0.706296227464918
0.8645093969244044
0.40601379587315023
0.656517947325483
0.9695216256950516
0.03258817206369713
0.09754701511701569
0.1603008490637876
0.48088896478293464
0.5514620601315983
0.5916386944882106
0.7250808766111732
0.7915522167750169
0.37459561513969675
0.875724827114027
0.12671671746647917
0.37722031949670054
0.6316303780477028
0.8861013560090214
0.1541840087447781
0.41225711940205656
0.7289268839231227
0.8112652471172623
0.3161809950543102
0.941700304771075
0.075039847928565
0.2084703904693015
0.3745566196157597
0.8755962737486698
0.12660529857384972
0.377858910971554
0.6320479929854628
0.8841275473823771
0.15225908128195442
0.41819128484348767
0.7385825226374436
0.778148862591479
0.2865794051613193
0.8590057932597119
0.42249052395345643
0.7049710326245986
0.8614662798063364
0.3968976993346587
0.68233076937031
0.9529924291709904
0.07851889677112922
0.23502257611835375
0.26755628240061924
0.7988845480722375
0.33405826284433715
0.9943461944640148
0.014031001890543848
0.018441880762111396
0.05385862273396924
0.08732549886917695
0.23021097533637658
0.3093441591481678
0.8176797803607769
0.45296638409490697
0.5785932182625402
0.7349234619759955
0.7671520111325663
0.2995027906727046
0.8357597005087882
0.4926287567068357
0.5083807151240762
0.5251354695064947
0.5417753059009556
0.6243035788065754
0.6268146052898373
0.8773682141909376
0.13155151149840094
0.3865950184117537
0.6527126061555464
0.9107735537108965
0.23230921613867395
0.30288160921190865
0.8383013276325073
0.48314276861492544
0.5505564053310081
0.5823328971455339
0.7468918165541254
0.7553229328186717
0.26522016583476216
0.7663502710638568
0.29859304628917016
0.8303475440188777
0.49101210618391633
0.5267186458222568
0.5448165242851246
0.6154046967276372
0.6508404339838307
0.9205255282577127
0.23792365964618511
0.27041160393855534
0.8097354261262808
0.3198160190950148
0.9468018233892508
0.0884199044376146
0.23400786475394852
0.2974863355921116
0.8299590066599194
0.48645511543145403
0.5218653446645476
0.5572677042509895
0.5780512050259858
0.7033306488592643
0.8597344367881306
0.3914882493845653
0.6729998132504988
0.9564643661142327
0.11498140098410659
0.15505578115698881
0.4094660876726266
0.724476635834435
0.7953161603654735
0.3619762080197688
0.8984152697084937
0.17974264052463695
0.4453835001331754
0.5861497786245309
0.7269017441140022
0.8055770822102204
0.32151543247164227
0.9641646400268655
0.1072618190664798
0.1782002372201532
0.4634328114334494
0.6089568517636508
0.6725717720401008
0.9549404492718168
0.1117409732833039
0.14717212741379626
0.4334597416163888
0.6996055158379022
0.8327012918307446
0.4979893975832965
0.505924988683546
0.5099614527425729
0.5296249134407844
0.5341721005970612
0.6005936776346061
0.6650620952132158
0.9951557343301829
0.012810461106710136
0.022592328605242074
0.056055344990454614
0.07389723567757756
0.2158082815585658
0.34865346003789455
0.9209584429627284
0.23541568467044272
0.2687428220815491
0.8020780608349014
0.34370452916482463
0.9688577281194739
0.0313883799535688
0.09416502053500153
0.15694183969753794
0.47058066286263056
0.5335700342839118
0.6002214461332187
0.6678489098849241
0.996222481073346
0.004282996145775542
0.012356832769000903
0.02139972193981521
0.06076933493022807
0.06475429385318421
0.19416459152125753
0.3236894532747101
0.9664278254203964
0.10022643959382549
0.1678553746896796
0.4962416964699514
0.5043157571344636
0.5124432231241371
0.5212640716927126
0.5608301287575159
0.5653028708766215
0.6947145991434809
0.8219214169075713
0.46379968119435944
0.6085923732898664
0.6731852786615491
0.9570066621818114
0.11332163313636556
0.15246478019980714
0.4102813948993571
0.730840012372937
0.8014067263284232
0.34169043612200767
0.9747778627788648
0.04145999313914217
0.12364398126373999
0.12856115589966066
0.37981646330445074
0.6378924494201783
0.8977850512019359
0.1816295856551733
0.44729300556355156
0.591832988866372
0.7208083951845765
0.7872797502495814
0.3539656820357777
0.9361498273792677
0.19104793047881685
0.31728438651771285
0.9503568375657778
0.08544528880156577
0.24366391892544925
0.2602733571548015
0.7808195946272463
0.28180497910943814
0.8454113610496279
0.4090139282634482
0.7260649834061041
0.7905530379211996
0.3696738008293323
0.8902446844731458
0.1412538233853411
0.42375744323362596
0.7052899879345205
0.8655723651172593
0.4012820482312236
0.671123306005029
0.9856532809790224
0.019352793955476955
0.051221013854956254
0.09041535985306837
0.22435915816458873
0.295664672536077
0.8625785236654337
0.3962720854906365
0.6858860776992515
0.9403428513614926
0.06956204090965912
0.19658587296726182
0.3396847792319022
0.9809377925121225
0.05132718730601482
0.09137402920168824
0.22529378285980783
0.2928074969968293
0.8715774791489821
0.3794072198215872
0.638206311268732
0.897026502789231
0.18317471054615453
0.449914630909916
0.5838422221713699
0.7484732398006599
0.7526256653945893
0.25763260878738947
0.7582453618233558
0.27400030789431185
0.7907280275830999
0.36998625090927817
0.8900411876093131
0.14225433790124953
0.42479373584501445
0.7099891167599708
0.8682008569885511
0.3858449350227602
0.6535003454773687
0.9135182249301579
0.2281035027699545
0.3073276741197333
0.8279883448267356
0.45350824753404595
0.6100334201182704
0.6425387032795697
0.9239463599224109
0.2091179437120445
0.36952598294010386
0.8893396435887553
0.14447437712806277
0.425854592846008
0.7150470333581325
0.8480219565099105
0.4188247087004129
0.7393823675520252
0.7806469760835171
0.282845441281097
0.8465815299132373
0.4132492133649066
0.7280248369788751
0.8081129832717124
0.3247147928341292
0.9585193601087667
0.12357395348954014
0.1285342707124073
0.3795262154599186
0.6385786453320179
0.8966391325811855
0.1821048658748623
0.45170152132050134
0.5816630141052883
0.7388974453788251
0.7791847058397252
0.2872606607270427
0.8539160736254416
0.4362527565972414
0.691204536386067
0.8167615131824277
0.4501014324778225
0.5831666655431036
0.7494923560298048
0.7515228647680487
0.25250766857061535
0.757522156345658
0.25862178034731187
0.7748887263878714
0.29249838599935174
0.8716348218731582
0.3804568616033066
0.639383500063559
0.8943465488264337
0.17608924573869444
0.4657660613011103
0.5987025762733538
0.6711076840874739
0.9857003516226541
0.019461445044726133
0.050990425515919924
0.09019277384504676
0.22356229508295655
0.29415328754112124
0.8665601764805615
0.40031658255611546
0.6662205630855169
0.9984084885800257
0.002820455381879583
0.006980517151532695
0.00920933045563288
0.02704806425026618
0.043787083035567775
0.11472916111233644
0.1558096555818338
0.40682102771825157
0.7204544999694917
0.7839487355086021
0.3508515240100678
0.9158272947242949
0.2444606406497769
0.26460319972829893
0.7686631148098968
0.3018978341424372
0.8431925449112896
0.47042236424749717
0.5340372711070813
0.6010131786752027
0.6657104638870806
0.9949340971943457
0.015075729053933173
0.01715095475083217
0.04949973855400458
0.08575465221656486
0.24261551891686395
0.25836307409917936
0.7750892141484655
0.2918129858735483
0.8744623370293994
0.3765452218358405
0.6276825405075215
0.8825735189893749
0.13307164248544723
0.39918594469781965
0.6653302578488365
0.9959296937158797
0.01219563017366454
0.020046340592671186
0.06009306659689173
0.06895106571028009
0.1989027980598621
0.3407877304707654
0.9737305584712885
0.0460610483714845
0.11083939499803819
0.1440434776886832
0.42627105725114234
0.716311137744924
0.8501052825013176
0.4174881036451552
0.7466049326758366
0.7554092577192932
0.26427464818698354
0.7691727535275277
0.3016588519094512
0.8409808186115697
0.47606738880858757
0.5405363875615876
0.6196551804896444
0.6401792357501108
0.8912255734321661
0.17349124464089982
0.45596624867175706
0.6164300596283283
0.6497023567790166
0.9178341207152698
0.24648236407665536
0.25457146140979603
0.7636208943440579
0.27157556646852754
0.8068548479641322
0.3264483329257928
0.9559041453176178
0.11661380316945724
0.1501261655066628
0.41680891378200613
0.7493290583661292
0.7518926618504338
0.25201574931270443
0.7560453404730652
0.26007747947005555
0.7802209903602488
0.28426648673485033
0.8488588482432533
0.4211950749740936
0.7361689360695891
0.7680466029269155
0.30328108451794833
0.8394239406334236
0.48114808220998384
0.5525751018139999
0.5922632503788918
0.7212477058928926
0.7886477464926429
0.3522559837147128
0.9315123432606924
0.19764282513642684
0.342434459074866
0.9725700112176128
0.035383904789341614
0.10576234621112235
0.17659418619587086
0.46630545394145884
0.6010798196948599
0.6645644959062338
0.9936701152764726
0.010307220800314099
0.03084579313872382
0.03195998660521582
0.09551290696254
0.1585174790234305
0.4755502950283699
0.542098882899154
0.6222382839478087
0.6322788130491972
0.8843847681127954
0.15101807384053245
0.42180081660626456
0.7345794274588116
0.7659863708249759
0.29774399753659964
0.8292401963844895
0.4877203805663157
0.5211984190100338
0.5613979465560988
0.5658004073484335
0.6930063326726668
0.8270476580073591
0.4562329848995432
0.6146994825685397
0.6558390864229295
0.9069703828427009
0.22047961069620214
0.283507233398268
0.8504058255057316
0.41742457658983767
0.7476345810573548
0.7565469399851281
0.26158247684361413
0.7777282506576739
0.2858175883011427
0.857390984572703
0.42782656935742125
0.7130450765253045
0.8578816533263307
0.4243527848739177
0.7105507252272218
0.8678576352831442
0.3847082264837809
0.6504558934248053
0.9201169643492904
0.23665398790035397
0.27245981793385
0.8076204863609746
0.32520067170844413
0.9599748986947816
0.11818303517065942
0.1357919464353472
0.4034084945451468
0.6633039463777095
0.9778267590154428
0.058463082008529454
0.07461072591831908
0.2076845625997521
0.373038369405549
0.8808834453229792
0.13480690118740313
0.4044168293767143
0.6583312452712562
0.9749859870644286
0.041655749460915104
0.124909669830231
0.12521729039144702
0.37527886251336895
0.6258361105865333
0.8763940736535005
0.12863003960228525
0.3797329737863038
0.6380988435994368
0.8981718050781637
0.18047682268661447
0.4466066298482474
0.5898027530929539
0.7305898928898387
0.8009043078345712
0.34021292335819453
0.9732715386198834
0.04481455628410913
0.11537322562071495
0.15080514809233136
0.4206161269394215
0.7381515893212054
0.7699052041280083
0.3092271223140415
0.8182758268958423
0.4514090336742811
0.580331766337622
0.7409916929609608
0.7766553722321987
0.29478687423397787
0.8656221144774463
0.4010579177411273
0.6718262400245294
0.9844564242812339
0.01586879597743973
0.04711999563733116
0.07885854894993827
0.235598994710017
0.26929243182530627
0.8010394489974715
0.3405950304295402
0.9739268229168374
0.0467194298398681
0.10983789566671476
0.14115870982641354
0.42344751924974844
0.7057048387941904
0.8671145154803526
0.39864114252850413
0.6644273740239441
0.993045491661178
0.008915892394725233
0.026745821989607066
0.04457764030667022
0.11614333599573001
0.15156093199038878
0.4192785329069011
0.7421643452835269
0.7734763943299185
0.28917822847142816
0.8673209357075393
0.3832056490064133
0.6490824274660554
0.9159972803900018
0.24419142669648863
0.2637632379482966
0.7677920724090654
0.3030099615571089
0.8387155956006609
0.4837981384189334
0.5485583773406688
0.5808557662530802
0.7415635530778673
0.775286449235864
0.2911904029606376
0.8734987291682046
0.3775428195949644
0.6325063521508127
0.8837309375230689
0.14947995293186978
0.41718981409212574
0.7473919764743187
0.7578009294520598
0.257831938797608
0.7734953395556659
0.2891291764390189
0.8673841914569493
0.3831350918626413
0.6494052602211013
0.9150651077798102
0.2451608834671788
0.2628082729061134
0.7726083685993217
0.3060757844650652
0.8239601004461292
0.4655927265412174
0.5989264711388387
0.6717111642647069
0.9848598164971918
0.016117953025968745
0.04835239876410924
0.08058881145552732
0.24175406593712978
0.2739968567912001
0.7907405247387942
0.36996518063824624
0.8900467605562881
0.14230628349469043
0.4245978451508563
0.7103053496975917
0.8690752259572037
0.3849618052772712
0.6546238614537288
0.9091752889216878
0.22559895293670706
0.290060931147309
0.870173644128954
0.3877690698718652
0.6476669056573883
0.9310226867964957
0.19910441915271804
0.33998885221080855
0.9730610092519782
0.043694245716324076
0.11499955240287818
0.15456610868568532
0.40898019218002446
0.7259401703195181
0.7909141253912821
0.3693224870658014
0.8891027804638725
0.1431317136157304
0.42939430265687406
0.7117515264544636
0.8530261020932812
0.4331091337953694
0.6997112947865389
0.8335080464312341
0.49855575535912067
0.503477732068859
0.5044593798520509
0.5133705175830983
0.5222892799356487
0.5580635183723643
0.5758018683700357
0.7095985977794044
0.870983188826358
0.38686008600052446
0.6449549967655912
0.9342698975524399
0.19318868982372805
0.32662109314696863
0.955681913474109
0.11683190715848468
0.1493200316617731
0.4151989645033609
0.7455835263535846
0.7632379760616459
0.27204422067734413
0.8083163451228756
0.3250495337997563
0.95841349841794
0.12475173370330594
0.1257447806710843
0.3762408443435561
0.6287223235995043
0.8792127553024329
0.13763778351130895
0.3955735841591377
0.686719036049908
0.9388038319302723
0.06640005033113994
0.1914172186225187
0.3242459330067504
0.9570670170651283
0.12119914370123297
0.12907745584379882
0.38716560148168355
0.6451392894377932
0.9351870637910906
0.19422518549254164
0.32339132676133886
0.9662214770796709
0.10130111625767313
0.16484665116877295
0.49349429478752427
0.5117023366328795
0.5273927383241244
0.535238155600382
0.6057111280970275
0.6760276970744599
0.9655825994559564
0.09888818740728311
0.17165783399832435
0.4846542816085275
0.5164617718255613
0.5482709307107143
0.581749706849223
0.739114077645354
0.7787435968930367
0.288769161736127
0.8523757258080877
0.4311502573254984
0.6987364895467181
0.8403424632851966
0.47415072095463984
0.5454418100707699
0.6128876917646267
0.645177800412057
0.9355298245791346
0.19340718237799592
0.3223480110464152
0.9670359118899796
0.09596245753346011
0.16285724221961573
0.4797824257402681
0.5603799606324174
0.5688334062870126
0.6977720980066806
0.8433124644507188
0.46932923077838495
0.5329302632599138
0.5964681143814232
0.6634277506964281
0.9784343218489084
0.05688453436596319
0.07641626225085929
0.2058112858212553
0.36645631078863516
0.90015017677797
0.16626394339255057
0.49879135043011047
0.5031947071838658
0.5056745333131403
0.5139793979760725
0.518499948841054
0.5537831126421224
0.5871247756294906
0.729832735407399
0.8104698411771096
0.31858949243905954
0.9475287085224409
0.09257926448481157
0.22201221896102652
0.2870845245779492
0.8574658177676611
0.42393703883863054
0.7091277725121472
0.8695630023139529
0.38935774224228226
0.6443647787964437
0.9262576822075062
0.215351782127982
0.3491800966730807
0.9204772805969696
0.2379862351808697
0.2703551377635449
0.8100282915402204
0.3198550136585254
0.9458931631816085
0.08755625679623336
0.2294651448028162
0.3115586539497599
0.813580721267499
0.4406045385694597
0.5678347658540588
0.7027380198705941
0.8287947529752273
0.48626981518464163
0.5176462409435771
0.5529267406964209
0.5882214243756607
0.7333825932873879
0.7998520412365906
0.3330868844350334
0.9992592142953072
0.0012448408524505794
0.0037038985756225884
0.00426907412474975
0.012577620858792216
0.020642972260247916
0.06191138533176854
0.06414353515719995
0.19038188882404938
0.31941808544797823
0.9465278599527664
0.0891253309964668
0.23219676085864194
0.3030281873361673
0.838711019285256
0.48386026633670554
0.5483825402916409
0.5806782834406476
0.7418516289908439
0.7743229305197019
0.2902532260050066
0.8703934670775197
0.38852198896347545
0.6468882552871946
0.9323515905416571
0.20293665266945027
0.32844496206962503
0.9853062759793829
0.01670982502400875
0.04994445480406284
0.08342702500522137
0.24971838481724262
0.25083338283002377
0.7513984683901072
0.2536150645755697
0.7547187675663736
0.2631721702637151
0.7729759759968147
0.3052101867797319
0.8218805379874539
0.4635509140789509
0.6093415282666683
0.6719714738719631
0.9532923512742855
0.1098495016049128
0.14113101016846485
0.423392985801911
0.7056510871334467
0.8669217747519724
0.39922704626224004
0.6653558401449118
0.9960522611509077
0.011837494414066896
0.019658585457364097
0.05897384855779819
0.06703525854391046
0.20110005265451036
0.33419591552228667
0.994482461566804
0.01456696935929358
0.018798549426719546
0.052002785028889775
0.09350717789493501
0.2189976053778082
0.2819870940875262
0.844983258517459
0.40993451679241844
0.7229552383942064
0.793772240052931
0.364715156290913
0.9058538148819935
0.1568924873135984
0.4706753143109381
0.5332407797686756
0.5997100328386296
0.6661935612210073
0.9984891290951055
0.002518437569960952
0.00755434506572783
0.008563824696466327
0.024708234937861562
0.04281292459927499
0.1215569342020899
0.12943929876200855
0.3882933382410556
0.64711495465599
0.9335321116086561
0.19940365181537345
0.33233847602969036
0.9970153975882567
0.004954096599249169
0.014861827512504533
0.01693750763661228
0.05069043012917973
0.08224611656623892
0.24637206763145514
0.2547344973718282
0.7631040182022844
0.2731834097648971
0.8054492006194778
0.3215673775121104
0.9646954485506285
0.10587741393828765
0.1765036738361232
0.46658186783315614
0.5998874478391372
0.666844120802125
0.9994333047652617
0.0016997278726194054
0.0027111668314319104
0.007125287578674033
0.009629877138650045
0.025774928188184276
0.04558471470954828
0.1132441570807714
0.14463346856064163
0.4337744162476156
0.6918407205666881
0.8247763731051236
0.45870386975002475
0.6238807536137756
0.6283556510461494
0.8805579274485353
0.13946936040883884
0.39399366040015593
0.6773270225967281
0.9675268100982066
0.0974194280570373
0.16040893516037613
0.4812251291004941
0.5520430916221812
0.5936254452972207
0.7191235392238013
0.7818688804691192
0.34560496953781694
0.9083663994679227
0.22509514531702735
0.2915114389907103
0.8745195048686583
0.37551163957687095
0.6265034763491713
0.8775573033781257
0.13245634420309216
0.3836971427081153
0.6495672744931653
0.9174517713545356
0.24759123352123424
0.25644521025242284
0.7613934245309792
0.2783197207318153
0.7861343749391381
0.3584012006758712
0.922858412435744
0.20606370011228137
0.36428411983069964
0.9053161086922046
0.15733886731322855
0.47183063498232514
0.5365321970311925
0.6091073492134456
0.6726473983726464
0.9544622791872825
0.11317279713694006
0.1446712379110977
0.43401275121141225
0.69210237020161
0.8260290097969119
0.4594100200920366
0.6198148364783265
0.6404486701067071
0.8910610054153949
0.17245049009216018
0.454816408775514
0.6121127241349313
0.6477926757070236
0.9316219644097146
0.19731588463764638
0.3418863621773198
0.9709229416912422
0.03739406043314375
0.10436965894768946
0.1868901737325359
0.43908843034296297
0.5653102138603572
0.6944654401740991
0.8216632498370018
0.4645012893015519
0.6063624982489273
0.6769976421783213
0.9680305099464022
0.09548050872399472
0.15850419612252153
0.47541507516871206
0.5424399171315599
0.6226802450255491
0.6314702650706749
0.886598294833675
0.1524685125623364
0.4105295830813702
0.7310882526508067
0.8026377281057648
0.3419646977854427
0.9711761874204967
0.03761303349165246
0.10502636554883793
0.1841586864902638
0.4431005754158832
0.5769213551538996
0.7063466499967035
0.8650726646883413
0.4047800946573261
0.6587065006315242
0.976089911069721
0.03959714111988433
0.11873020938946865
0.13548558266484179
0.4060279819823336
0.6565488223277498
0.9695548844174482
0.03268055824446492
0.09726341653731652
0.16080879684886895
0.48241068367497064
0.5527618096384685
0.5879261966329068
0.7325285293918569
0.7989964427542873
0.3344273664697539
0.9947371767193545
0.015276465157512575
0.01653251488460228
0.048058194865006953
0.08139990869676694
0.24016764253610745
0.27949337632162496
0.7835255719837733
0.3505765362351667
0.9170173886523116
0.24711485631996766
0.2569464423577301
0.7589305702713318
0.2767912256240379
0.7946223295584787
0.366041338595096
0.9018120576511137
0.16954666082165204
0.4908710172458086
0.5272643116477411
0.5432031906675547
0.6135544639837462
0.6531090920907445
0.9114757072820794
0.2342916396446526
0.29711315548047423
0.8283794359304011
0.4851373317942489
0.5168780280218925
0.550630746060051
0.5824341242259834
0.7468057379010133
0.7556759988365229
0.26397786277811974
0.7684950010152534
0.3037755418627057
0.8371017060417216
0.4798100234474987
0.5605085289571434
0.568474172410788
0.6973961622570641
0.8421870525635313
0.47135485522449017
0.5390602517873049
0.6015691068314482
0.6796981935040094
0.9453404976229649
0.08597557456232607
0.22666188213042915
0.3048633292783052
0.8207482227589935
0.4615107982244808
0.6032518696447369
0.6824318909784779
0.9524601266311947
0.08002804493298754
0.23641731502721086
0.2717042501899414
0.8069263205979951
0.3270232360519003
0.9564264770888258
0.11488191230455413
0.15516924689291045
0.4093549273093231
0.7240831916569732
0.7964866264665034
0.36003997654188424
0.8925283321877941
0.17391619985573925
0.45920270212809555
0.6194278737821151
0.6395180980325677
0.8939456820662599
0.17740823817439377
0.4677715895231813
0.5966816546861082
0.6611387140874285
0.9834082734887488
0.047881070495350286
0.08108812946011312
0.23935432368307374
0.2804406473005656
0.7827014890208375
0.3471851390786469
0.9106960422359407
0.23201944542233832
0.30344968623830937
0.8396473644825164
0.48079510586103424
0.5517524462775327
0.5908345004718285
0.7256041823420674
0.7900899749074597
0.37020841176854447
0.8879098016186617
0.14773675994365476
0.4314911720866803
0.6976679362996947
0.8425125465728343
0.4724604520306457
0.5354841394291725
0.6064381130272523
0.676765999669442
0.9677979901316576
0.09476734450436197
0.159301064821193
0.4737566041003447
0.5462668615218718
0.6109685532865115
0.6434432058304083
0.9288608389906585
0.21231789563898928
0.3552032314182725
0.9343821989896242
0.19270301231881604
0.32807946583488956
0.9532325381296687
0.10951354014105164
0.14104062030673958
0.4225657630886417
0.7049531482916791
0.8616991805029102
0.3971092574938666
0.6834881515533198
0.9493902284302749
0.082477879448561
0.24670120122027583
0.25549805010086857
0.7645407942181919
0.26869333459762856
0.802173265547026
0.34346475821803324
0.9696017913811374
0.03259991487720981
0.09729912522016093
0.16103604837553576
0.48161278379848227
0.5541846054256894
0.5874194793577772
0.7290516805369407
0.8120938872743864
0.313227150880266
0.9392228545038961
0.06471597132622264
0.19414201300241984
0.32357588547165506
0.966772291372763
0.0996497017913498
0.1661366053740494
0.4981722150114365
0.5023247855133377
0.5064838953258004
0.511615208000876
0.5275170466920827
0.5356129223364405
0.6060518513841089
0.6774041325552389
0.9677570808271412
0.09672872669762
0.16121457662666216
0.4836414034361951
0.5480988545459695
0.5817926753952634
0.7385391970165074
0.7780938684300054
0.2864299514913
0.8592154678772204
0.42234215218923055
0.703668983100215
0.8609149192343466
0.39326838109991513
0.6795543259067927
0.9613313001464121
0.10220833946368657
0.18162474912242033
0.44731324512395076
0.5918752670113463
0.7209380467538722
0.7873792648024391
0.3542928695678711
0.9368753433227539
0.18934917452861555
0.314625740138581
0.9438161851430777
0.07284641306614503
0.21841716818744317
0.3447008148650639
0.9072713878122158
0.22178745965356939
0.28627301150118
0.8588152179436292
0.4235525574767962
0.705903158406727
0.8666106622258667
0.4001211407012306
0.6667935453006066
0.9993752229202073
0.0018476282712072134
0.0021244327072054148
0.006306540919467807
0.010373254539445043
0.030890881782397628
0.03211373114027083
0.09487420390360057
0.15959113952703774
0.47435146919451654
0.5456721226219088
0.6126020669762511
0.6463245947961695
0.9360128640837502
0.1899963617324829
0.3198956251144409
0.9460135698318481
0.08773934844066389
0.22891581067233346
0.31125342860468663
0.8162051443650853
0.4417642359621823
0.5750976814888418
0.7081707739562262
0.8745108913281001
0.37646616317215376
0.6274448873300571
0.8823289073188789
0.13331341647426598
0.399924519500928
0.6665589856856968
0.9995825431542471
0.0007007284148130566
0.0018036847177427262
0.002355416101636365
0.006575105100637302
0.011522777291247621
0.027671344781992957
0.03612568255630322
0.10645441044471227
0.1787363229377661
0.46195949215325527
0.6045998602930922
0.684708749235142
0.9447512477345299
0.07198099792003632
0.21374376118183136
0.35876820981502533
0.9234664589166641
0.2059452981047798
0.3663557321706321
0.8998341412807349
0.16767169575905427
0.4969115709536709
0.5053506658296101
0.5151975032349583
0.5161750534316525
0.5485241950082127
0.580875228100922
0.7416424444818404
0.7749753902899101
0.2917076679004822
0.8748769515368622
0.3753691154997796
0.6256152272690088
0.8768454992969055
0.1270918234367855
0.3812748817144893
0.6354568666429259
0.9061254944826942
0.15662344847805798
0.46936867921613157
0.5331056623253971
0.5958655725989956
0.6625966870342381
0.9790068138099741
0.06201656349003315
0.06300281547009945
0.18898131884634495
0.31499080173671246
0.9449046719819307
0.0710419621609617
0.2126514260598924
0.3537745011562947
0.9362960629805457
0.19072221824899316
0.31819894490763545
0.9516528067179024
0.0805748603597749
0.24172344672842883
0.2739674184995238
0.7906465278647374
0.3697557868435979
0.8905173456296325
0.14076342529733665
0.42229024608968757
0.7038171264866833
0.8612048695213161
0.39294744431390427
0.6783502350153867
0.9647353141917847
0.10560880610137247
0.17620028569945134
0.46553961976314895
0.599467233318137
0.6703482731827535
0.9870006020355504
0.023257665103301406
0.055120192700996995
0.07087598065845668
0.21260397997684777
0.3543602933641523
0.936919059837237
0.1891207441512961
0.3154044573602732
0.9443803950271104
0.07139935361919925
0.21400920330779627
0.3568699294119142
0.9293892467976548
0.2117402807052713
0.352991384716006
0.9332111997937318
0.19987811928149313
0.3339440008858219
0.9981679859338328
0.002078065794194117
0.0062303826853167266
0.010390313836978748
0.03114423863007687
0.031420864776009694
0.09419774447451346
0.15685988406767137
0.47033741892664693
0.5340590795094613
0.6007104874006473
0.6654125848726835
0.9957361217821017
0.01259708488942124
0.020670891943154857
0.06200886078295298
0.06397152491263114
0.1899500027357135
0.3198499853897374
0.9458437485445756
0.08751591324107721
0.22915003536036238
0.312419229245279
0.8127420648816042
0.43775030723190866
0.5632425322255585
0.6887509005027823
0.8161935734970029
0.44174290529917926
0.5751066441880539
0.7082262443436775
0.8743125178734772
0.3768168751557823
0.6273378240002785
0.8815208949963562
0.1366871957143303
0.40243838299647905
0.6603139021608513
0.9809415999334306
0.05131573535618372
0.09138545193127356
0.22532818317995407
0.29274253055336885
0.8713907001365442
0.3797243836452253
0.6381627329974435
0.8980087052041199
0.1802393227117136
0.44696796440985054
0.588691845186986
0.7338489451503847
0.7984396677347831
0.33074374808347784
0.9921361113956664
0.02352729270933196
0.039278419979382306
0.11746857216348872
0.13364772038767114
0.3998378489050083
0.6676682301913388
0.9968997332907747
0.005332374945282936
0.015252752229571342
0.016245828941464424
0.048735639080405235
0.08023172058165073
0.24069507233798504
0.2759143877774477
0.796492924913764
0.36003294031252153
0.8925344181188848
0.17394112248439342
0.4591317385202274
0.6195521900663152
0.6393895893415902
0.8943039925652556
0.1760738942248281
0.4656595149135683
0.5991150599147659
0.6713971674907953
0.9848929548461456
0.0171214624424465
0.04941121017327532
0.08560726704308763
0.24314764997689053
