1.33514404296875e-05
2.384185791015625e-05
5.2928924560546875e-05
9.560585021972656e-05
0.00021255016326904297
0.0003820061683654785
0.0008487403392791748
0.0015325695276260376
0.0033994242548942566
0.006114814430475235
0.013574687764048576
0.024523929692804813
0.054396535735577345
0.0978323093149811
0.21719928074162453
0.3923922107205726
0.8703323343943339
0.06532618252094835
0.22521807422162965
0.40326112051843666
0.362826379656326
0.8265291365387384
0.118962232634658
0.6944423165696207
0.16864810153492726
0.9176605459360871
0.041171665099682286
0.6049103166151326
0.4475458028027788
0.8085911243106239
0.7207049165153876
0.6474638639192563
0.2387759512057528
0.3825804081861861
0.8243672543612774
0.11961568921105936
0.19117688466212712
0.9122545770951547
0.5600479966378771
0.8449779388029128
0.5814327815605793
0.46712758045759983
0.26741283290903084
0.4327074629254639
0.7838904259260744
0.7408691944146995
0.12963025309727527
0.9527634762052912
0.054885429999558255
0.5980762030230835
0.9675644188828301
0.01635705679655075
0.056274835020303726
0.10076980106532574
0.2157304072752595
0.3940917397849262
0.8733968364540488
0.564278145233402
0.4717996637627948
0.27215692805475555
0.4264258433249779
0.7887478923366871
0.24625129433115944
0.37737840323825367
0.3200998609827366
0.35570107580861077
0.8226456148840953
0.12093525621457957
0.6895363060175441
0.6632889718748629
0.68447076229495
0.15977901939186268
0.9281680994899943
0.53690789124812
0.3722950329538435
0.8143407945754007
0.596766847622348
0.45967328385449946
0.7701719420729205
0.6794281928741839
0.1602861496503465
0.43600120084010996
0.28297697720699944
0.4874864259327296
0.26455782205448486
0.39897299723816104
0.3650925450201612
0.31745378754567355
0.8571737199672498
0.5714132631546818
0.9999460058752447
0.5000422866141889
0.2501018825278152
0.3751932069135364
0.31292243470670655
0.844515348871937
0.07982521009398624
0.21399377161287703
0.8935085615667049
0.12358876844518818
0.6883281629125122
0.15780531978816725
0.9252477307163645
0.04519078796147369
0.6034460334922187
0.9521832946920767
0.5552977157931309
0.3495484081795439
0.8408510678564198
0.5796970131923445
0.9643028386053629
0.5178810074576177
0.8124708714312874
0.7187683864030987
0.6406845319143031
0.24228076174040325
0.879107693763217
0.0765675408183597
0.24400385704939254
0.881906467344379
0.07495024666422978
0.24572806150536053
0.8771379976533353
0.5697356008749921
0.4807650972798001
0.2607160850893706
0.9009091403568164
0.612106494809268
0.45188180019613355
0.8053100694087334
0.7243306344025768
0.6534596848650835
0.7363276435062289
0.6357424282759894
0.21337974708876573
0.8933120486908592
0.6236605606391095
0.9381773490458727
0.532880670420127
0.3624659297929611
0.32707190135261044
0.8677140493236948
0.06821865504025482
0.7315166412736289
0.6345164586091414
0.7178980207245331
0.14154693053569645
0.4936949185212143
0.7571828363870736
0.13703358179191127
0.4637407662521582
0.26812961732503027
0.9365005351719446
0.5317649930366315
0.8611316973692738
0.5734701605979353
0.9950033211207483
0.002531004633056
0.5067911682126578
0.26223335351096466
0.902147736720508
0.11155678593786433
0.2025224553362932
0.9300197669654153
0.5359676345251501
0.8746020600956399
0.06294311067904346
0.7195069452282041
0.6422645022685174
0.24527454320923425
0.8778681757685263
0.06887841314892285
0.7313088192604482
0.6363006264728028
0.2133784056350123
0.8942873755004257
0.6231698255578522
0.4389052799961064
0.28445754389395006
0.4907134278619196
0.2556208322639577
0.8878298426570836
0.08785412335419096
0.7099830179067794
0.1450700644927565
0.9920420778507832
0.003994250117102638
0.5138730325561482
0.27480939446832053
0.42906272294931114
0.7854705458739772
0.7489008621487301
0.12554957263637334
0.4394235005020164
0.7841964070976246
0.24077926747850142
0.8797324402839877
0.577720517932903
0.9926338816294447
0.5046598675835412
0.2653097180882469
0.8985952024231665
0.613705946248956
0.9441236196726095
0.04368907888419926
0.10511622985359281
0.19747335725696757
0.4330054471211042
0.2835585502325557
0.9920117021829356
0.004009422700619325
0.5138649079599418
0.7748373061767779
0.6789877170231193
0.6606363329628948
0.18628345607430674
0.9068744881369639
0.048546428413828835
0.6046351817785762
0.9482317329384387
0.5571342676703352
0.34644836533698253
0.3346188423456624
0.8327555632567964
0.585575343342498
0.9572285445465241
0.02190453399089165
0.5525264572061133
0.34887410048395395
0.8416762645356357
0.5791657420631964
0.4645752692304086
0.26772857969626784
0.9369975563604385
0.5315055767132435
0.36025429170695134
0.3218870302371215
0.37446453468874097
0.8127983117010444
0.594701503549004
0.4546176473668311
0.2766589979000855
0.42429638988687657
0.29664089757716283
0.9767101293255109
0.012194378505228087
0.5261370030930266
0.7994620495883282
0.23314441769616678
0.38342785168788396
0.34150493663037196
0.8292780643969309
0.08975958195514977
0.2051354715367779
0.40536732628243044
0.8600690912862774
0.07191869855159894
0.24925842040101998
0.8758600843138993
0.5640383435238618
0.4721619898627978
0.2717353202169761
0.9276246687513776
0.5362200905219652
0.8727591626229696
0.5636291214032099
0.972641007596394
0.02149205975001678
0.05178460691240616
0.5991689786023926
0.46617068722844124
0.7669147159904242
0.6829803632863332
0.15851174070849083
0.9295410601771437
0.5352457158733159
0.8732464019267354
0.06386937273782678
0.7220326603564899
0.14680404134560376
0.4901055516093038
0.7549491334066261
0.13840995202190243
0.9620450249058194
0.5234063808456995
0.8007968097808771
0.7246635918272659
0.6534171966777649
0.23605104157468304
0.3858807366632391
0.33886282247840427
0.3305685927043669
0.8425369059259538
0.07874680627719499
0.712610269227298
0.14760117602418177
0.9892564844340086
0.5073251212306786
0.2619643803627696
0.4012483064434491
0.8618834771041293
0.07713111650082283
0.742684445460327
0.6306454734585714
0.20036330027505755
0.4315571675542742
0.7881286208285019
0.7466846821771469
0.12885495641967282
0.4434160162054468
0.2940391293668654
0.4782331592286937
0.7647896722482983
0.14940472241141833
0.989751248533139
0.0051396941125858575
0.5130856724863406
0.2747720471234061
0.9290202266711276
0.03550610097590834
0.12384851573733613
0.18810841339291073
0.9081430589139927
0.0498385968094226
0.6080230242223479
0.9462335972930305
0.5601015869760886
0.8450715227227192
0.08137430378701538
0.2171564058517106
0.3924002669227775
0.370221383695025
0.8151334636786487
0.1002801304566674
0.2154849352373276
0.8942116184916813
0.12320859913597815
0.688888038508594
0.6594622307748068
0.17820447575650178
0.91187623195583
0.5597175228758715
0.8456915123388171
0.5810681530565489
0.46730917957029305
0.266410744341556
0.9313698382757138
0.03823671070858836
0.12205620692111552
0.19092931400518864
0.41237842018017545
0.810473626217572
0.21977130800951272
0.3941426667734049
0.8734873375215102
0.06426341141923331
0.7219006996019743
0.6473656902089715
0.7388786706433166
0.13276652092463337
0.9492723921430297
0.5567363510490395
0.8468921814928763
0.5848546979250386
0.9576358473568689
0.023383156629279256
0.050823743804357946
0.09971222496824339
0.21601303652278148
0.8925125189707614
0.6201504675555043
0.9400545259704813
0.5380296160874423
0.37162737298058346
0.8162616280314978
0.09968264336930588
0.21606027366942726
0.8924583837506361
0.6201856579282321
0.9401666898629628
0.5377296328078955
0.871791686542565
0.06605728171416558
0.7248527700139675
0.15368737306562252
0.9856582814536523
0.011081164237111807
0.02571706217713654
0.05061910429503769
0.10750295157777146
0.19649269463843666
0.9373982444521971
0.5313620339729823
0.8595631387433968
0.5707220311742276
0.9968655543925706
0.0036463520082179457
0.5059893258439843
0.26315011936821975
0.3996769114455674
0.36663669723202474
0.31668262006132863
0.3583862569066696
0.8208149819693062
0.12282618138124235
0.6886500903347041
0.16006948630092666
0.42779307570890523
0.286225651652785
0.4977601444988977
0.2511275571305305
0.8788927452405915
0.5683699421060737
0.4814707933110185
0.7593256385007408
0.15562319027958438
0.4846884053258691
0.2586648005817551
0.40387075461330824
0.36081305670086294
0.823507365945261
0.6195574718294665
0.94119806875824
0.03735080239130184
0.12243841649615206
0.6887846082972828
0.1595216087589506
0.9280670144653413
0.036945083673344925
0.6221600913850125
0.43916460155742243
0.784327764849877
0.24119799543404952
0.37940958558465354
0.32790398481301963
0.8673595195868984
0.5668094770226162
0.4832120864884928
0.7585181807517074
0.6539516639895737
0.7355852646578569
0.1366020182322245
0.9629645034437999
0.5187924074416514
0.31140845554182306
0.9693110312509816
0.01757334789726883
0.057619576051365584
0.0961978581326548
0.7097288595105056
0.14516805522725917
0.9919301334593911
0.004043054505018517
0.5141223032260314
0.7751664837996941
0.17888595850672573
0.4110453616012819
0.8120717768033501
0.21908619679743424
0.39143543315003626
0.3687393497675657
0.8197811925783753
0.6057420666620601
0.44816680284566246
0.30716850684257224
0.9715416930557694
0.022041772899683565
0.05175474032876082
0.6010777218907606
0.46509377215988934
0.768445412046276
0.6861203125154134
0.15718791825929657
0.42335916610318236
0.292288686032407
0.9789777869009413
0.5115050812601112
0.775558524299413
0.675209140201332
0.17020818332093768
0.9159950184402987
0.5459097578132059
0.35207563888980076
0.8259765865805093
0.11839189814054407
0.695198643632466
0.1680583489651326
0.9162149963958655
0.04238472066936083
0.6038689282431733
0.4490506823640317
0.8067552434513345
0.7218669957655948
0.14738349767867476
0.48880837409524247
0.7576729160791729
0.13678857174818404
0.9631346639653202
0.01892101630801335
0.06085223049740307
0.5955509259365499
0.9561317444604356
0.029992802505148575
0.547507414361462
0.8532609633693937
0.07727767611504532
0.7431147634342778
0.13042733757174574
0.9505334164132364
0.5559909816947766
0.850910885783378
0.5901714646606706
0.9558908618055284
0.5298675459634978
0.29781138474936597
0.4780474326107651
0.7649438156513497
0.6489001774170902
0.23904226924059913
0.3824930334521923
0.32438232775893994
0.3695471780083608
0.3162040482275188
0.8498325610999018
0.5911970612651203
0.4544321135908831
0.27669043172500096
0.4241624451824464
0.796707959350897
0.2266479313839227
0.386924235499464
0.8382761644315906
0.5819005324156024
0.9668622339959256
0.5168303163954988
0.8084793730813544
0.22079108620528132
0.39766157435951754
0.8641661074070726
0.06993110736948438
0.7309038329112809
0.13555564044509083
0.4635952652315609
0.7682100005040411
0.18626878867507912
0.9068675148591865
0.04853465626365505
0.6046704536420293
0.9481530618504621
0.5571812178823166
0.8465314655331895
0.5845642016211059
0.4579620400327258
0.7729721203504596
0.17607500570011325
0.9130611933942419
0.059109781752340496
0.0974595244624652
0.20920862301136367
0.8958845071028918
0.6145882659184281
0.44270588192739524
0.2942797186842654
0.47786020397325046
0.264978055463871
0.3987648039474152
0.864094667165773
0.06990769886760972
0.7309154255199246
0.6355198038509116
0.7135511369851884
0.14322658471064642
0.49871446736506186
0.25064282590756193
0.8766394608828705
0.06558677286375314
0.22552456142148003
0.40286278261919506
0.3631442809419241
0.3262413208722137
0.8684059200168122
0.07019181162468158
0.7305329386726953
0.6349854200962
0.714261791552417
0.6429301990137901
0.24982825660845265
0.37511640417505987
0.312686057848623
0.34415312780765817
0.8289152578508947
0.08761953518842347
0.7101041119021829
0.1454977531102486
0.4917042782471981
0.2541632409556769
0.8895504745014478
0.08653967230929993
0.7089274334139191
0.6455526149366051
0.7398457638046239
0.13032319585909136
0.9504939793550875
0.0561293798382394
0.1008568188699428
0.7152577467786614
0.14335555690922774
0.9987573026737664
0.0006232559971977025
0.5016721338906791
0.2530739979702048
0.8818248476891313
0.07471353074652143
0.7458616259682458
0.1271018652478233
0.4448108856449835
0.7932272536272649
0.2293935729248915
0.8853663981717546
0.08881094909156673
0.7056098447646946
0.6551297708938364
0.2349389297014568
0.8847583481401671
0.09277802970609628
0.7036281587206759
0.6501698167412542
0.7413833322934806
0.6297985895362217
0.20269409005413763
0.9300255058333278
0.5359724001318682
0.37459204424521886
0.312948597187642
0.8445032476156484
0.07976254005916417
0.21402521838899702
0.39349093177588657
0.8735675705538597
0.06334210181375965
0.22028971838881262
0.8940360789129045
0.12329642771510407
0.18934361534775235
0.9092654367268551
0.053427738923346624
0.5982862497330643
0.9684981849859469
0.5157509372802451
0.8051281911029946
0.22344323876313865
0.4059828674653545
0.8595238865236752
0.570787615259178
0.9968408764980268
0.0035632061772048473
0.006093004951253533
0.01306868705432862
0.024730945064220577
0.05407230855780654
0.5979638536227867
0.9676273843215313
0.016201568709220737
0.05659865683992393
0.600614554801723
0.46537877287482843
0.7693896543059964
0.18561773255351
0.9074668722460046
0.5506610951561015
0.3574896134668961
0.8215146522852592
0.6248892358271405
0.9375858996936586
0.03145145921735093
0.10977065833867528
0.696152275922941
0.185129147808766
0.9077139008441009
0.5500493295839988
0.857789803063497
0.5720856023544911
0.49912155550555326
0.25069865517434664
0.376605943281902
0.3156719438266009
0.8504648708039895
0.5903964985336643
0.4570068995235488
0.7793252627016045
0.6728984673391096
0.6675833781482652
0.6664524594962131
0.16778096952475607
0.41623183980118483
0.7923799907439388
0.7288711014552973
0.6365429228171706
0.7129938123107422
0.14374774307361804
0.9989583809510805
0.5005209363880567
0.7518228337867185
0.6279948498995509
0.19407545815920457
0.4185872718517203
0.2926921692851465
0.4786539153428748
0.7612262037000619
0.6506369586568326
0.7381667929294053
0.1387443623098079
0.9621525086986367
0.023318336490774527
0.5508485845348332
0.3498353455506731
0.34119754572748207
0.32943186414195225
0.8391912790539209
0.0804119898530189
0.7185833078401629
0.14071263759979047
0.9923878818808589
0.004302209039451554
0.514511984976707
0.27399591531138867
0.9277337631792761
0.5361331186140887
0.8725594260031357
0.5637221943761688
0.47204921010416
0.7717955317930318
0.6775950688752346
0.6612024659989402
0.6853023740404751
0.15734905161662027
0.42572096284129657
0.29495405303896405
0.4776488584757317
0.26533408448449336
0.3986135051236488
0.8636835554789286
0.06915005890186876
0.2311722802114673
0.3863708033168223
0.3381337995524518
0.8314213889243547
0.09210374267422594
0.7049285673128907
0.1514500725606922
0.9870191196969245
0.014304966694908217
0.5241585556359496
0.30237409326946363
0.9738286899228115
0.02922951729851775
0.5478890564991161
0.8550990583316889
0.0726955802529119
0.24588640363072045
0.8771943732572254
0.06970550288679078
0.23077994128107093
0.8856029237504117
0.5884485455462709
0.9560542597610038
0.029785491176880896
0.04760822298703715
0.10315092132077552
0.7023348508228082
0.18057848533499055
0.9116801548516378
0.5599069938471075
0.34505045373225585
0.8313888911798131
0.09211900900118053
0.20492099376861006
0.40144623367814347
0.8620286834484432
0.07679839667980559
0.742913751717424
0.13050012342864648
0.4503903183795046
0.3065745970234275
0.9756189812906086
0.5279452705581207
0.30072463044780307
0.48246736626606435
0.7588884169817902
0.6559566629002802
0.7345531546743587
0.6332118236168753
0.21562828845344484
0.39426111069042236
0.8731991112581454
0.5639497765805572
0.9719318683783058
0.021878041239688173
0.5526006184809376
0.3487073202559259
0.3415464825811796
0.8292305887734983
0.08979461670969613
0.7051341629994567
0.15536751953186467
0.4850680698582437
0.2594190977397375
0.9055096739029977
0.11023344614659436
0.6968521972594317
0.18700576323317364
0.40650094798184
0.2977418539230712
0.9781146266905125
0.015093136869836599
0.023712134774541482
0.5516815451555885
0.8511124140932225
0.5901909898966551
0.9558813059993554
0.0299028750450816
0.5477927033207379
0.853065476519987
0.577510842733318
0.4924946121464018
0.2547369458770845
0.39022503190790303
0.3363837742654141
0.33279233454959467
0.8356181130220648
0.08219501335406676
0.20939077480579726
0.896281712455675
0.6144812159764115
0.44324864182271995
0.2940312269201968
0.4782287692942191
0.2647999716864433
0.399399392248597
0.8647555746429134
0.06765655995695852
0.731857874605339
0.6340732126263902
0.7182455585279968
0.1408773401635699
0.49307057113037445
0.25547887550783344
0.3881335810001474
0.33721384673845023
0.8354223580681719
0.5822964505641721
0.9598896126262844
0.5200556705531199
0.30456267946283333
0.4727188986726105
0.7795135227497667
0.6732396261359099
0.1673474725394044
0.9163282912049908
0.0428276757884305
0.6035864303121343
0.9484819199133199
0.057497328729368746
0.09625993360532448
0.2099419344740454
0.8950293009693269
0.11696946938172914
0.6915763079014141
0.17033372630248778
0.9158096993342042
0.5461237426206935
0.35242688687867485
0.32577115372987464
0.8686085656227078
0.06960983894532546
0.23088159997132607
0.8855377305008005
0.08860726188868284
0.20569639885798097
0.4049958910327405
0.8600039692828432
0.5720198645431083
0.49914739246014506
0.7509184146183543
0.6265016071265563
0.6907929031585809
0.16241795575479046
0.43540048247086816
0.2823159716790542
0.9879924131673761
0.5138205998227932
0.7748890465009026
0.678969475789927
0.6605460255814251
0.18639149313094094
0.4068043130391743
0.2988108449499123
0.979500842426205
0.01028417973429896
0.5261689489998389
0.29953808765276335
0.483044441731181
0.7585103232704569
0.15394797091721557
0.9855952157522552
0.5115969252074137
0.7754525060008746
0.1750198252266273
0.42079492268385366
0.789671210659435
0.2323626737925224
0.383822481991956
0.3433748279057909
0.32855696519254707
0.3367152760620229
0.8337176764907781
0.08314212286495604
0.7089496447297279
0.1455254179018084
0.9898069092596415
0.005218675738433376
0.5130161398847122
0.2747428987349849
0.4290368276415393
0.7854815899045207
0.7488613116438501
0.6255693441489711
0.6894125954422634
0.15919995598960668
0.42827356507768854
0.7859853026748169
0.24960076421848498
0.8754437585012056
0.5632585056009702
0.9703849226934835
0.5187223736138549
0.3114396021119319
0.9692804382939357
0.017435456829844043
0.5576895353151485
0.8464298980252352
0.08459781942656264
0.20770919838105328
0.8981137996015605
0.11344527575420216
0.19376564709818922
0.9197187538375147
0.5402627240982838
0.859263228776399
0.5703990300535224
0.996294625569135
0.5023486295540351
0.25767578298109584
0.38678907963912934
0.838133933080826
0.5814217992010526
0.9671035230858251
0.5174287367553916
0.3076995112351142
0.9713953694154043
0.02211481539416127
0.5515038737794384
0.8512012030405458
0.09004019462736323
0.20549870896502398
0.9060435527353548
0.6096156141720712
0.9456815470766742
0.05939343335921876
0.597271726699546
0.9594228075875435
0.021295676269801334
0.5519747398502659
0.3495085407048464
0.8409327855333686
0.5797777478874195
0.46403275601915084
0.26847214536974207
0.9360802720475476
0.032082053483463824
0.11091305938316509
0.19872634546482004
0.9318868291156832
0.035041269060457125
0.6153071247099433
0.44262217709911056
0.2948021928023081
0.47760654834564775
0.7653624059748836
0.6485707676620223
0.7387334152008407
0.6316103484714404
0.6998885201464873
0.1832599382614717
0.40837386139901355
0.8041215395496693
0.2229393515153788
0.4052558681287337
0.35987233425839804
0.3220512922271155
0.8741916539438535
0.06339343785657547
0.7202583173639141
0.6438994000200182
0.7483666156476829
0.1268238318443764
0.9404952897166368
0.03782629600027576
0.12171185223269276
0.6911282012006268
0.662249368004268
0.18505738192470744
0.4074713090376463
0.3001725328504108
0.9827300482720602
0.009619711752748117
0.5303616528981365
0.7975652235909365
0.7281781462952495
0.6398786963254679
0.21180276278755628
0.8960823822417296
0.6147039033821784
0.9426557084079832
0.5443587174231652
0.352824463887373
0.327616118156584
0.3674429552338552
0.31728560430929065
0.858996611321345
0.5707539421564434
0.4968801387876738
0.2536372717877384
0.38100913033122197
0.8256698110781144
0.11841903021559119
0.1947272561956197
0.41832339053507894
0.7918224975583144
0.7291195239522494
0.6356886703870259
0.7134209543000907
0.6434118334727827
0.2486070675367955
0.8759711844904814
0.0639684901398141
0.72192966422881
0.14686316601000726
0.49007598136086017
0.754965839383658
0.6383863401133567
0.7120589794649277
0.14842608410981484
0.9882870185829233
0.005871872417628765
0.012719819787889719
0.024954969761893153
0.054051312268711627
0.0979915174539201
0.2176059229823295
0.8911980089324061
0.11910016849287786
0.6943564046232495
0.1685078337613959
0.9178213400009554
0.04110458877403289
0.10469198081409559
0.1981461064715404
0.9322379857476335
0.034133738721720874
0.11577616311842576
0.19223422926734202
0.9214767757803202
0.5395067064382602
0.3562271507398691
0.3239010618417524
0.8693071152374614
0.0658349919540342
0.7248969122883864
0.6542751934030093
0.7353662480018102
0.6362537040840834
0.7131851386802737
0.14450798570760526
0.9980740048049483
0.001025017147185281
0.5035235604445916
0.2562948683043942
0.8884866128792055
0.587128764775116
0.9608344552689232
0.519651468785014
0.8029185254126787
0.7240330791391898
0.15361608992679976
0.985814563871827
0.5110142268240452
0.7758039366744924
0.1755784387642052
0.9201453548739664
0.5404165574582294
0.8587284893437754
0.07063599466346204
0.24691667139995843
0.37849484937032685
0.8188113617070485
0.10719971134676598
0.6964612989104353
0.6874160312581807
0.6563072729913983
0.17196855394286104
0.9142677483323496
0.043354883906431496
0.10436212312197313
0.1978191777889151
0.9326007810595911
0.033699728664942086
0.11599506105994806
0.19206353535992093
0.9215506489563268
0.03922474256251007
0.10587614838732406
0.19803896700614132
0.9323525905201677
0.03382383185089566
0.6159311016381253
0.4420347193663474
0.2966294298530556
0.9766852890315931
0.01214755151886493
0.02615661680465564
0.04955189794418402
0.6080365548550617
0.4459990228060633
0.8102341321064159
0.7198831798450556
0.14446869207313284
0.4980791691050399
0.2510863080096897
0.37861513515235856
0.818535453727236
0.10684747685445473
0.19659155202680267
0.936983021121705
0.03151231203810312
0.6102891902264673
0.4468087842396926
0.3118758355267346
0.9690659584011883
0.5164742238412146
0.3062169821059797
0.4760495904192794
0.277615947969025
0.42472962458850816
0.7954516253375914
0.22739625786198303
0.3882559814082924
0.33739672708907165
0.33520812905044295
0.33240407149423845
0.3347897856438067
0.33263765898300335
0.8358784361334983
0.08206866649561562
0.709103472676361
0.14569434188888408
0.990148979035439
0.004941730498103425
0.5132762646535411
0.7748603017244022
0.17898373224306852
0.4105692887096666
0.8113209731236566
0.2194616136548575
0.8922227987204678
0.6203253830899484
0.9403266634908505
0.5377178402268328
0.8720102803199552
0.5659519205801189
0.9749664927658159
0.029119270824594423
0.5479556904174387
0.8551730222825427
0.07244782309862785
0.745514492620714
0.62724489995162
0.19529252732172608
0.4179788555484265
0.7910413356730714
0.7295403673488181
0.1353595774853602
0.46381447109160945
0.7681252047477756
0.18637202846002765
0.9068182811315637
0.048795784707181156
0.10450859606498852
0.1978110363415908
0.9324666117317975
0.5337745638389606
0.366169869172154
0.3169169732136652
0.8591807946213521
0.5705326306051575
0.9964872545097023
0.5027961171290372
0.25642207826604135
0.3876887532824185
0.3393628016929142
0.8303338616678957
0.09365313398302533
0.7032354218245018
0.14863419518223964
0.9887021780596115
0.5066292883711867
0.7624476853525266
0.6519802369584795
0.23651751276338473
0.3900575260340702
0.3362231443170458
0.8329871211899444
0.5854606373177376
0.4573002159013413
0.7723875493102241
0.17631397405057214
0.9139184469240718
0.5586677141254768
0.8459409213101026
0.08533414272824302
0.20734818765777163
0.897333940374665
0.6138330298417713
0.4452886187355034
0.7929959494213108
0.22856502784998156
0.8858473049767781
0.08857097997679375
0.7057489021099173
0.6549380526412278
0.7350319571851287
0.13443905467283912
0.9679407833318692
0.01651790493633598
0.05619518581079319
0.10093263848102652
0.7151587999542244
0.643428634677548
0.7485982124344446
0.6259529024246149
0.6889924173010513
0.6594729987846222
0.1782058216049336
0.4118746128224302
0.3097220259660389
0.47068854206008837
0.7685638863185886
0.18606494917185046
0.9070290373929311
0.04856259896769188
0.6046290336525999
0.9482042856980115
0.5571488257555757
0.346488560346188
0.3346905286598485
0.33267095556948334
0.8356787419761531
0.5821625381940976
0.959441348182736
0.021256365696899593
0.051934761519078165
0.09952483462984674
0.7158778451848775
0.6421841312258039
0.24556595532339998
0.8772172776225489
0.07024336617905647
0.23050334717845544
0.38488666972261854
0.33905081331613474
0.3309649011353031
0.8423338659922592
0.5789630349026993
0.9624716117687058
0.022947024554014206
0.051026517525315285
0.10046759527176619
0.21539883920922875
0.3945132240187377
0.8730561431730166
0.5635062607179862
0.4722146916901693
0.7718291327473707
0.6775658275582828
0.6612476338050328
0.6852463379036635
0.6573939990776125
0.1756977850163821
0.9199645616172347
0.0401417275716085
0.6090795865457039
0.4454912090441212
0.8089927065302618
0.7214887932059355
0.6471901755430736
0.7389204096398316
0.6325544330757111
0.6993516577931587
0.1820929717796389
0.9099310451711062
0.052915642416337505
0.5990307291795034
0.46611392704653554
0.26707274408545345
0.9328701312770136
0.5335997443762608
0.8670502552413382
0.5664751110016368
0.9826625869609416
0.5091580010775942
0.2805848808202427
0.42222309031058103
0.7898669251590036
0.7320501818321645
0.6342200071376283
0.21805388337816112
0.8911106416489929
0.6179217185417656
0.4429961144051049
0.294134810596006
0.4784361348429229
0.26469014975009486
0.8990269959031139
0.11518426032853313
0.6924384173180442
0.1695289387134835
0.4154873155639507
0.7961626520555001
0.22697983623947948
0.38748688279883936
0.8395970434357878
0.0802015993394889
0.21820380396093242
0.8909057879354805
0.6181619513372425
0.44287228389293887
0.2941931495734025
0.4779110584349837
0.26496622565900907
0.8987978974182624
0.11408148819464259
0.69492788228672
0.668407136661699
0.1668035119655542
0.416720799083123
0.29164722983841784
0.4792385099863168
0.2603807449922897
0.9010748865257483
0.11199307476636022
0.2018197782454081
0.4303553715290036
0.28677639685338363
0.99724443841842
0.001866301492555067
0.5029902653768659
0.7564394972578157
0.13765046498156153
0.9643798147444613
0.5178750020568259
0.8124737546895631
0.7187793350894935
0.6406713983160444
0.7422883380786516
0.6291037939372472
0.7015924089355394
0.6814322672726121
0.16332750528817996
0.43444964781519957
0.28473213079269044
0.4906982642132789
0.7556436465820298
0.6378643311036285
0.21281040814938024
0.39750107572763227
0.3638717710855417
0.8202618648356292
0.10552464475040324
0.697359988320386
0.182821809372399
0.4090774960059207
0.3033366963500157
0.9735760345938616
0.5308063206030056
0.7972189770953264
0.22736898151924834
0.388299153681146
0.33734885914600454
0.3352470792015083
0.832498650852358
0.0847274754778482
0.20766728671151213
0.8981805172516033
0.6134174974577036
0.44381005031755194
0.7946986998722423
0.22771168532199226
0.8905387193080969
0.5859959605732001
0.9571242168894969
0.5216858477797359
0.8021530203113798
0.22398553873063065
0.9036360471800435
0.11071276603615843
0.6985498669673689
0.6819826968130656
0.660000474716071
0.6778141739196144
0.6613446904812008
0.6854414138069842
0.1573441466607619
0.925478436605772
0.04508186684688553
0.10296263641794212
0.7024254720599856
0.18016791756963357
0.410892619547667
0.312147580756573
0.46895768272224814
0.7660133141907863
0.6805314178345725
0.6616893383616116
0.18503984966082498
0.4074810325691942
0.30019625919521786
0.48277564396266825
0.2595963718777057
0.4053886449546553
0.8600518449384253
0.07194247806910425
0.24918554740725085
0.3758993227093015
0.3140034943644423
0.347028542048065
0.33429835562128574
0.8338621942675672
0.5830689363647252
0.9587099108903203
0.020645522308768705
0.5527275704953354
0.3486381220864132
0.8413214515312575
0.5793697917833924
0.9642862375185359
0.01785694094724022
0.5624988757190295
0.843750593776349
0.5781268490827642
0.96094039385207
0.5195375591574702
0.30274671854567714
0.47365908065694384
0.278856614488177
0.9232023498625495
0.5423051050747745
0.8538782052928582
0.5740379516209941
0.49423960770945996
0.7531397184939124
0.6317313990439288
0.699828950338997
0.6835327904846054
0.1582338473526761
0.42881812347332016
0.7858360998507123
0.249692500452511
0.37515399005496874
0.8129151048779022
0.09452670649625361
0.20481279667001218
0.4015037892968394
0.8622673887002748
0.07668074278626591
0.2429709040443413
0.38058974329032935
0.32534544719965197
0.3691265927918721
0.3193469025136437
0.35598206653958187
0.8240240842860658
0.11936766511644237
0.6908047029282898
0.6624449576775078
0.18537911763996817
0.9073106795840431
0.05049552777200006
0.6075657496112399
0.9467664420371875
0.5617751906102058
0.3441276634694077
0.8289432821038645
0.08748154353816062
0.21041736792540178
0.3947915553872008
0.36614375907811336
0.3169320543529466
0.8592494348413311
0.570376236224547
0.9963136528676841
0.002346952009247616
0.5076785309647676
0.26179342350224033
0.9006290195684414
0.11267760151531547
0.20148901763604954
0.4315146015433129
0.28814894921379164
0.9968025645648595
0.0035675783292390406
0.006091661023674533
0.5130753339035437
0.7747438061924186
0.17903819162165746
0.4104814415622968
0.3113627566199284
0.46931865194346756
0.7675389566575177
0.6826367716421373
0.6587446916964836
0.6785622244351543
0.6607343870564364
0.6874555526301265
0.6562761054665316
0.1719229825248476
0.9141691639670171
0.5431595625705086
0.8539392633829266
0.5740074086061213
0.49437701239367016
0.25329977515502833
0.38117811729898676
0.826043513166951
0.11823211968294345
0.6950495970086195
0.6681011851760559
0.6664682104019448
0.6677427106478717
0.16619730944512412
0.4173896567954216
0.29130713854101487
0.48044888672302477
0.2597760334610939
0.901392500847578
0.6118649039708544
0.4520097478234675
0.3052453945274465
0.9746069932880346
0.028321510792011395
0.5483430741878692
0.35474237395101227
0.32264502547332086
0.37093457524315454
0.31453676547971554
0.3507882589183282
0.3407196900807321
0.8316552687902004
0.5922290211601648
0.45487781733390875
0.27658941547269933
0.4246974478010088
0.7954944138182327
0.7274979023204651
0.13820608326932415
0.4622082393907476
0.272925154393306
0.4260527451406233
0.7880131324345712
0.24662607107893564
0.8787626365956385
0.06843501233379357
0.7316822712309659
0.6346481012005825
0.21784942896920256
0.8913499441696331
0.6187786372320261
0.4445331440656446
0.7938773627683986
0.23001635106629692
0.8851291544851847
0.5896624639281072
0.9551725866622292
0.530478103319183
0.797749468969414
0.22814136653323658
0.8900798266695347
0.08622630120953545
0.20798548593302257
0.897962527902564
0.11354926129570231
0.19426684131030925
0.9184917005186435
0.04284556122729555
0.10357724942150526
0.6984576635295525
0.6825132791127544
0.15881214465480298
0.4286508104414679
0.7856765321630519
0.24986586498562247
0.3750747118028812
0.8127382564416621
0.09412297143717296
0.7039305740909185
0.15002027055015787
0.49164031495456584
0.2541879507189151
0.3896449497551657
0.8364284790295642
0.08374651672784239
0.2081422425690107
0.39644958535791375
0.36427526877378114
0.31793210314936005
0.35678103455575183
0.8216095423267689
0.124351600126829
0.1878244420804549
0.9070648482011165
0.04842165665468201
0.10493969640810974
0.6975306287349667
0.18352228723233566
0.40823910225299187
0.30383029390941374
0.4733295300975442
0.7809171783737838
0.6720490700390656
0.16446380686829798
0.9187619518488646
0.5426942194171716
0.3536534007580485
0.3237235699198209
0.8693901829246897
0.0662967317912262
0.7246951434062794
0.653525384113891
0.2362257121130824
0.3858565823175013
0.8385658792685717
0.5807324402558152
0.4674465331772808
0.2662810253968928
0.43131267561693676
0.28825015071197413
0.49698869040003046
0.7534597483754624
0.13120481729856692
0.9509996381239034
0.5557807583245449
0.8512609655736014
0.5900021615379956
0.45550269790692255
0.7810382239113096
0.1721067735052202
0.9144426449493039
0.04378599984920584
0.6050620622118004
0.9477132296306081
0.5583699551061727
0.8458760578068905
0.5853627527831122
0.9573338824266102
0.02243169181747362
0.051287968788528815
0.6013778056076262
0.4650591211684514
0.26796253546490334
0.4373766979551874
0.7813116510224063
0.23459028216893785
0.8831969548482448
0.5906972413940821
0.45660453409072943
0.27975640396471135
0.4236021901015192
0.7921740588499233
0.7294012593047228
0.13530133751919493
0.4637252181128133
0.26813790141022764
0.43651820748345926
0.7817409567942377
0.23609039705479518
0.38587632539565675
0.3388326030690223
0.8305837021907791
0.5925898201239761
0.4538271611672826
0.7750405651459005
0.1789489101502113
0.4110177642724011
0.3120845090888906
0.4692333872371819
0.2663598728249781
0.9312810713017825
0.03828097358928062
0.6220052501012105
0.4409505596559029
0.28746740461792797
0.997867860191036
0.5010824024793692
0.7536091912188567
0.6310403593233787
0.7005931620951742
0.6809577179665212
0.16355709117488004
0.9338465773325879
0.03408784462953918
0.6158296435605735
0.9423297975736205
0.04644470490165986
0.6019017448707018
0.4500333343457896
0.30818699437077157
0.4711506471503526
0.7732137687271461
0.6759542113577481
0.1625111830071546
0.4353612598206382
0.28244144457858056
0.9881776385591365
0.5137923454749398
0.7745989518007264
0.6795988700760063
0.16020844114245847
0.43564286464243196
0.28243993426440284
0.9881745720340405
0.013786755764158443
0.5246017174504232
0.30461090011522174
0.9726945499423891
0.5294002880400512
0.2980449502647389
0.48040269486955367
0.25979865627596155
0.9014804016042035
0.11200393980834633
0.20182776328874752
0.43033611835562624
0.2867855445074383
0.49723318513133563
0.2518718157953117
0.37797034208779223
0.31894941613427363
0.35639446234563366
0.8237864116381388
0.11947887984570116
0.19124475290300325
0.4121901272737887
0.3097759920055978
0.9706002852472011
0.018667621217900887
0.561223783675814
0.3444034903368447
0.32975185665418394
0.33903416627435945
0.3309714367496781
0.8423286968900356
0.07895778145757504
0.7124785268388223
0.14794167643412948
0.48852940020151436
0.7567276017507538
0.6372927300108131
0.21480472368421033
0.3925979063787963
0.3740764895337634
0.8130838409124408
0.09567111151409335
0.7060716517444234
0.15484165854286402
0.48520171974087134
0.7593599022075068
0.15572069375775754
0.48464156046975404
0.758716851414647
0.6538457125425339
0.7357144728593994
0.13605104023008607
0.9632321094977669
0.519376035197638
0.810624959267443
0.21993548405589536
0.3944270425417926
0.37316764349816367
0.8136603491439018
0.09756626401212998
0.709033250779612
0.14561355113983154
0.48993736505508423
0.7550639808177948
0.6385812908702064
0.2119632289686706
0.8980544546502642
0.6137178823119029
0.9441519545798656
0.043671335151884705
0.1051193650055211
0.6975052343914285
0.6829861409205478
0.1585145607823506
0.4295472830417566
0.7852282737439964
0.24828558092121966
0.8763465656375047
0.06574061146238819
0.22495751289534383
0.9041229331633076
0.6104731041414198
0.44891386927338317
0.8067941401095595
0.22209312621271238
0.3967698121268768
0.36521384606021456
0.3173940459964797
0.8569585541845299
0.5715822388301603
0.9994948302628472
0.5002536582469475
0.250884065637365
0.8765721580712125
0.5658662785717752
0.4749138198676519
0.7792672001814935
0.17286833890830167
0.9175371689198073
0.04135348956333473
0.10530846039182507
0.6973457781714387
0.6828213707194664
0.6590778345125727
0.6783351249760017
0.6610765790974256
0.18705522088566795
0.40659469852107577
0.2976830432889983
0.9781422401429154
0.5150802281568758
0.773727081832476
0.6767351519956719
0.1635860267560929
0.43386347277555615
0.7841058929334395
0.7407674213172868
0.6297383675992023
0.20271098264493048
0.43016916781198233
0.7858960391604342
0.7496453793137334
0.6252083661966026
0.6878850593056995
0.15710272823343985
0.9234023010358214
0.5424530548334587
0.35378111884347163
0.32414802169660106
0.8691759893845301
0.06554957327898592
0.22528185491682962
0.4029884236806538
0.3629665427724831
0.8263292435149197
0.11858894853503443
0.6946118390478659
0.1684450847969856
0.9167616664781235
0.5416506975889206
0.8542395010881592
0.07288036876707338
0.7448272203910165
0.6276169376214966
0.6940041504276451
0.16863843036117032
0.41763438665657304
0.2911866811919026
0.9799025705142412
0.010049683303805068
0.5273276059597265
0.2988364689517766
0.9834266904508695
0.5083476908912417
0.27915564324939623
0.9229221823334228
0.04271994368173182
0.10364026750903577
0.19867581041762605
0.4319273538130801
0.285136865102686
0.9902440711739473
0.504908959264867
0.7632315555529203
0.14976499503245577
0.4915237524837721
0.25426867124042474
0.3894672864698805
0.8365241130522918
0.08395070629194379
0.20802658586762846
0.396055371616967
0.8645948655321263
0.5677063893526793
0.981779553956585
0.009111180523177609
0.5306045044562779
0.7971982851158828
0.7273850512283389
0.13826061427243985
0.9623657710908446
0.022727239673258737
0.5511978997092228
0.35037955024745315
0.8405727961217053
0.5816676805843599
0.9669863496092148
0.5170103652053513
0.8079029917134903
0.721170574426651
0.6482042521529365
0.23842839160352014
0.8813361937063746
0.5759410954779014
0.9933100006019231
0.0078044403926469386
0.011722906696377322
0.5254047595662996
0.7998281694890466
0.23296159639721736
0.3836412758391816
0.34139787263120525
0.32954544364474714
0.8391373577760532
0.580492475972278
0.468551411293447
0.7658463944680989
0.6800656223495025
0.16097522267955355
0.9370905290124938
0.5317065353447106
0.36012329877121374
0.8219544777239207
0.12418282628641464
0.6884126195509452
0.157748752477346
0.9251616968540475
0.5452326201775577
0.3533755114185624
0.8272187406255398
0.11791910257306881
0.6929941111884546
0.16912985360249877
0.41592718404717743
0.7959503171732649
0.7271479287592229
0.13863856001989916
0.4619309742411133
0.27300561271840706
0.9261197726882529
0.03792430553585291
0.12166291056200862
0.19136783690191805
0.41212858993094414
0.8096222766325809
0.7203118858742528
0.6440097218146548
0.748308145761257
0.1268873431836255
0.44046263801283203
0.28771100082667544
0.9970136551128235
0.003463704080786556
0.006202725722687319
0.5135002593451645
0.2745305110584013
0.9293853735143784
0.03531544972793199
0.6234708151605446
0.43924318996141665
0.284414354711771
0.9910938572138548
0.5044688070483971
0.2656184133084025
0.3984448466799222
0.863292836380424
0.06838463779422455
0.7314946699189022
0.6343823801435065
0.21820970717817545
0.3909294824115932
0.8681339512113482
0.5678871040290687
0.4817445245862473
0.25925362468115054
0.4055451807216741
0.8597903672780376
0.07108912791591138
0.24778158875415102
0.37611305035534315
0.31636876391712576
0.8496300402912311
0.5908710154471919
0.9546870431804564
0.026822128042113036
0.04908905705087818
0.6093096222321037
0.4453452228626702
0.3087081611447502
0.4708900601544883
0.27287106978474185
0.9260645847825799
0.03807040935498662
0.6215897954243701
0.44118928315583616
0.7872798509779386
0.7474810004932806
0.6262595314474311
0.190900462155696
0.41236233690869994
0.31045520326006226
0.46983343397732824
0.7692339129862376
0.6857265397557057
0.6576260285801254
0.6751008650753647
0.6703843846044037
0.16580155122210272
0.9210665692517068
0.03995607717661187
0.10697699422598816
0.6966336048499215
0.18684332197881304
0.9066088602994569
0.5476732052047737
0.8531336894375272
0.577583575679455
0.9924897432210855
0.5048556764377281
0.7651580354140606
0.14873297320446
0.4892321760125924
0.2573525380284991
0.38700978126144037
0.8388480346475262
0.0805759827781003
0.7175551453838125
0.6412837009120267
0.24381893372628838
0.3819967831368558
0.8251168044807855
0.12064472274505533
0.6898040172236506
0.1638870538736228
0.9337121103017125
0.0333883248094935
0.6166147568437736
0.44170788035262376
0.7958707697107457
0.7270722519606352
0.6384780640073586
0.21213500908925198
0.8983422857127152
0.6133903849404305
0.9435575312527362
0.04436515425913967
0.6028179034183268
0.4526356113201473
0.30493219432537444
0.4735126186569687
0.28082563035422936
0.9223390165425371
0.039822435937821865
0.10710486443713307
0.19645543745718896
0.4374177736463025
0.7812949879444204
0.7344750568736345
0.6330085195659194
0.2152646591712255
0.8933480477135163
0.12377583549823612
0.18811303592519835
0.40790424481383525
0.29996963968733326
0.9833178689877968
0.00834113301243633
0.029155701689887792
0.04792215008637868
0.6052198946126737
0.9473901758319698
0.5580510760191828
0.8459897217398975
0.08591824633185752
0.7070409961452242
0.14651049819076434
0.48930584962363355
0.25547772855497897
0.8881302847294137
0.5872156285622623
0.4604209830868058
0.7697981590463314
0.17863851811853237
0.9106809803924989
0.06237544259056449
0.09381234203465283
0.2033417843049392
0.3988250268739648
0.8641260527947452
0.06989009882090613
0.23093959633843042
0.8855067643162329
0.08853148759226315
0.7057952932082117
0.6549148683261592
0.2350731133192312
0.8844166316557676
0.5930167179612909
0.45398017650586553
0.27496494419756345
0.4291717946762219
0.7854222126188688
0.7489515066845343
0.6255264241190162
0.18932724226033315
0.4092426372517366
0.30344296639668755
0.4732938058441505
0.7809942251187749
0.6720106434659101
0.664513954136055
0.6687234340934083
0.6676524431386497
0.1661747323232703
0.41741617434308864
0.29129405951243825
0.48045923255267553
0.25977044517640024
0.9013801554101519
0.6118406936293468
0.9519570039992686
0.05539363162824884
0.09927252188208513
0.7160499008605257
0.6424652381974738
0.24520797992590815
0.3776406573015265
0.8189940791635308
0.10619294529897161
0.6988566524523776
0.18183788808528334
0.40959985851077363
0.803014724428067
0.2246065293729771
0.9033217968826648
0.11084303917596117
0.1984923749405425
0.9320200268412009
0.534997074137209
0.3653180164983496
0.8175851361011155
0.6073212496121414
0.946401372377295
0.562199734209571
0.8439159283298068
0.5785303175216541
0.9617152342980262
0.021217607951257378
0.051892213261453435
0.5995745995314792
0.9658378348394763
0.01715070172213018
0.05795297317672521
0.09602375974645838
0.210777659463929
0.8946121855115052
0.11543995520332828
0.1927685572009068
0.9193027106812224
0.5403486782161053
0.3587491366197355
0.8206254326214548
0.12194487225497141
0.19098164277966134
0.9125735119450837
0.5603300653456245
0.34489791819942184
0.33195320164668374
0.3418363913660869
0.8292076902580447
0.5895466684014536
0.955258144706022
0.5306736460188404
0.7971708678815048
0.22751367569435388
0.38821156130870804
0.8372052843042184
0.08542949668481015
0.7072852667770348
0.6473654012661427
0.7388783643546049
0.132765951246256
0.9492730262281839
0.05673747943365015
0.5968907807546202
0.4598553983087186
0.2701371511502657
0.42962869003531523
0.28519423815305345
0.49816521001048386
0.7511617740383372
0.6288217504916247
0.193416943133343
0.4190395524201449
0.2907320086960681
0.9835404840705451
0.008781015232671052
0.028812736592954025
0.5481098450836726
0.85488184686983
0.572622261417564
0.9959154317621142
0.5020576034730766
0.25702795808319934
0.3876336513494607
0.33938629931071773
0.8304298745642882
0.09357603301759809
0.20324655511649325
0.3986208630667534
0.3636788650765084
0.8191390373103786
0.10618150056689046
0.6988623749348335
0.6818502879468724
0.6595631447562482
0.17809983080951497
0.411927124398062
0.30966340473969467
0.4704164914728608
0.2687056487775408
0.9365100649010856
0.031748786073876545
0.6111092793289572
0.9484127060568426
0.057539678673492745
0.5962301756662782
0.45982145034940913
0.770089282275876
0.17968746362021193
0.4101562700525392
0.3105469246802386
0.46972665685461834
0.7690431748924311
0.18579138937639073
0.4080818848160561
0.29986721492605284
0.9831270946597215
0.00844409695127979
0.02904312519240193
0.547978445305489
0.8554206866247114
0.07232041360111907
0.24521570987417363
0.877651663904544
0.5689876300748438
0.981199909147108
0.011353170877555385
0.525575337727787
0.30020442718523555
0.48271839681547135
0.7597394418553449
0.6553038146230392
0.7349091320065781
0.6346208975592162
0.2178462782758288
0.3913524881063495
0.3687769116659183
0.3195256658073049
0.3563657224876806
0.8237722921767272
0.6194859244278632
0.9412338694091886
0.5372265597397927
0.3722558686567936
0.3143682296213228
0.34673739501158707
0.33456780994310975
0.8329679246526212
0.585469646990532
0.45732621164643206
0.27243564804666676
0.4262974347511772
0.28886547675938345
0.49631820622016676
0.25232917824178
0.3826559746521525
0.824297013139585
0.11935351023566909
0.6908120179723483
0.16246949357446283
0.4353708772105165
0.7823298499861266
0.23798653873382136
0.3888497635780368
0.33731345998239703
0.335257272439776
0.3324934345437214
0.834747041168157
0.5826875147758983
0.9606099114753306
0.5196959979657549
0.3031421915802639
0.47440547042060643
0.7785448198555969
0.6737158861942589
0.6670798992563505
0.16670419854926877
0.916655590175651
0.5417333593068179
0.35413548100041226
0.8229665917751845
0.11976676742779091
0.1901796780002769
0.9127264840644784
0.5592772551462986
0.8473469225573353
0.5841390987625346
0.958426838129526
0.020786595821846277
0.052245014667278156
0.5988774963770993
0.9661884124507196
0.5169096093741246
0.8079591044806875
0.7210357663570903
0.648273213300854
0.7383710227732081
0.1310591378423851
0.9505875270115212
0.5560173354751896
0.35090616531670094
0.8402025615796447
0.5808757585764397
0.4673908500408288
0.26654874539235607
0.9312114158819895
0.038422627723775804
0.12141762097598985
0.19027562355040573
0.9126756719197147
0.5595352404052392
0.8471859965648036
0.08428822632413357
0.2089547617943026
0.39552455648663454
0.364802690804936
0.8177207323606126
0.6067732168594375
0.9466133934620302
0.06184979167301208
0.09407558146631345
0.20393883230281062
0.8999837089504581
0.11665855150204152
0.19167072424897924
0.4208272692922037
0.28958636533934623
0.9822972718975507
0.5088513649534434
0.7809785247372929
0.17201837073662318
0.9145410851633642
0.04370602176641114
0.6051156114262994
0.44747271278174594
0.8080062759981956
0.22105789923807606
0.39826012778212316
0.3633852248021867
0.31855158804683015
0.856871946627507
0.07156402667169459
0.7494972924178
0.12525326112518087
0.43838450658950023
0.28282191429752856
0.9877404472208582
0.5139747012872249
0.7753614163084421
0.17872935652849264
0.9107039901136886
0.06234916136600077
0.09382923494558781
0.20333739096531644
0.3988195860001724
0.36412977159488946
0.8198920543654822
0.605938863940537
0.9480090677097905
0.057276106759672984
0.5964239503373392
0.9596081551280804
0.5202266858541407
0.8043440738110803
0.7228890596888959
0.6546689935785253
0.23615781633998267
0.8858578603249043
0.5885691443982068
0.45573068657540716
0.2799481401743833
0.4225259895029012
0.2906903761031572
0.4835610917361919
0.25870785643928684
0.40384921166696586
0.36069770334870555
0.3235574020363856
0.3695018762664404
0.3162257512449287
0.8497072537720669
0.09103080429485999
0.7049747864366509
0.6514875848661177
0.7370008249999955
0.6393159101426136
0.21159968920983374
0.3961542350007221
0.8644381710910238
0.568269434326794
0.9814941049553454
0.5093831389967818
0.28070882309111767
0.4221781400265172
0.7900095632649027
0.7319524113554507
0.6340924589021597
0.21823260121163912
0.8908875141933095
0.11810153047554195
0.19290331529919058
0.4192993614706211
0.7903584259620402
0.23375755830784328
0.8831233741657343
0.09068014932563528
0.20661311180447228
0.904784543759888
0.11108429153682664
0.19836509143351577
0.9325576431001537
0.5337252333993092
0.8660795867617708
0.06696122779976577
0.23435691051417962
0.38282166604767554
0.33987374138087034
0.8301241942681372
0.5928735460911412
0.4538092824805062
0.27507906092796475
0.928870655305218
0.5360682272585109
0.8745450251444709
0.06285719550214708
0.219548083958216
0.3921962496242486
0.8705525349650998
0.06475520387175493
0.726535445661284
0.6523649214941543
0.2363790828967467
0.38974502886412665
0.8366370121075306
0.08363461893168278
0.7082475563220214
0.14636453287675977
0.4893263184931129
0.755596240167506
0.6378271188295912
0.2128557162359357
0.39747845148667693
0.8638303924817592
0.5701600140018854
0.48054523140308447
0.25997203539009206
0.40175321721471846
0.8616864540381357
0.5779458373726811
0.49229285068577155
0.7540986689564306
0.13909833968500607
0.9626778713427484
0.5226913069200236
0.30164656179840676
0.47616036538966
0.777789919055067
0.6745892333274242
0.1705791606218554
0.41471471145632677
0.2945958363125101
0.9777023202623241
0.5155438497895375
0.7734780788596254
0.17588315799366683
0.4123025616281666
0.809992788330419
0.2200036058202386
0.39403415052220225
0.8732954321894795
0.5643460284045432
0.4717637831636239
0.27217522970749997
0.42641335394000635
0.788807603326859
0.24622311323764734
0.8773920430103317
0.5701240373018663
0.4806860202224925
0.7601529308012687
0.6522113715764135
0.7363947985286359
0.13987451550201513
0.9618011426937301
0.021087128174258396
0.5522005839738995
0.8489007222524378
0.09123758508940227
0.7043813267664518
0.15185291593661532
0.48657357183401473
0.26550609138212167
0.3985045911394991
0.8635080726526212
0.06873424677178264
0.232269017258659
0.38386549230199307
0.8434681846410967
0.5782668615574948
0.9614178003976122
0.520267677231459
0.30433505366090685
0.972863944421988
0.5296852508326992
0.7986954491061624
0.22956044861348346
0.38547944332822226
0.33851123409112915
0.8307749154337216
0.09242507218732499
0.7038561324006878
0.650025118375197
0.7413955991214607
0.12979431127314456
0.9526891073619481
0.055027516616974026
0.09848009722190909
0.7183380768401548
0.6410753574164119
0.242939360847231
0.38054546414059587
0.3253522698942106
0.3690795582951978
0.8193664713180624
0.6060638979543
0.9491654358862434
0.05669804642093368
0.5967735240410548
0.4596785217290744
0.7701607400667854
0.6794340434134938
0.6602834553341381
0.6859868458705023
0.658013657637639
0.17502530803903937
0.4208033897448331
0.7896602939581499
0.7323747490008827
0.13384338148171082
0.4683585390157532
0.26608018949627876
0.9304365869611502
0.5367996963032056
0.3722252115549054
0.314384262484964
0.8467142379668076
0.0845931879885029
0.7079485300928354
0.6479826746799517
0.23863860833807848
0.8816572585492395
0.5748135983012617
0.9960404702287633
0.002010774303926155
0.5069301675539464
0.7624118054809514
0.15199722969555296
0.9865643872471992
0.015018589474493638
0.5237564557755832
0.3016298361180816
0.47614214176428504
0.2778138129215222
0.42457162344362587
0.7955574442748912
0.7272832815651782
0.6383192327921279
0.7121213817154057
0.6483376848627813
0.7383921936270781
0.6310489993193187
0.70060404058313
0.6809501263778657
0.663553257152671
0.1838484328764025
0.9090829828346614
0.05333229750976898
0.5985856221814174
0.46831589491921477
0.26596614986192435
0.9305087538086809
0.5366992847411893
0.8725233147852123
0.5637383575376589
0.4721057666174602
0.27175967628136277
0.927720709471032
0.5361434599908534
0.3725842662679497
0.3137689020077232
0.34715162208885886
0.33423668894101866
0.3338909112790134
0.33311557973502204
0.8336901733709965
0.08318544577923603
0.7088965428702068
0.14555941754952073
0.48984260740689933
0.7553386023500934
0.6379557007167023
0.21233713359106332
0.39773792208870873
0.8637616960622836
0.06909584123059176
0.7310928152292036
0.6364382053725421
0.7130347418424208
0.1440321849368047
0.9982983316294849
0.5018426555034239
0.25301591769675724
0.381549637299031
0.8248579299543053
0.620835672976682
0.4395860079966951
0.28853829493164085
0.4963568138773553
0.7528668201121036
0.13137933021062054
0.9500617004523519
0.058179964224109426
0.5961849163577426
0.4607009108585771
0.2696648042765446
0.9281865158991423
0.036883543187286705
0.12225239959661849
0.6893620815535542
0.15922724321717396
0.4283247636340093
0.2860820139758289
0.9995676355902106
0.5003382832801435
0.2508150521025527
0.3765456661058124
0.31587946583749726
0.8498727708065417
0.0917266967589967
0.20413762019597925
0.9019748900609557
0.11175717986770906
0.7029143473191652
0.17992276445147581
0.9105269140272867
0.06135527160950005
0.09435288549866527
0.20502129971282557
0.4014118135382887
0.36191628460073844
0.8271004059060942
0.11773034534417093
0.19321431417483836
0.41903316922253
0.7907277944323141
0.23355046004871838
0.883774088229984
0.5913171575230081
0.4543738462671172
0.27678039274178445
0.9241136779310182
0.5468543017923366
0.35157392197288573
0.8242435575230047
0.619189288088819
0.44053511548554525
0.7877892104734201
0.24676281979191117
0.8785719837760553
0.5685303237696644
0.48185575619572774
0.7590730907104444
0.15574562130495906
0.48462742776609957
0.7586952819256112
0.6539165341237094
0.23579016531584784
0.38604169283644296
0.33835134308901615
0.33180877470294945
0.34196914779022336
0.8295056761708111
0.5891686744580511
0.4555382252729032
0.28102856458281167
0.4220468721759971
0.2894653303665109
0.9812601693847682
0.011445110838394612
0.0255315130634699
0.5502911892544944
0.3576674158393871
0.32214666926302016
0.8740906052989885
0.5632150523306336
0.47034573316341266
0.7687681925308425
0.18641668881173246
0.9068529366049916
0.54877129002125
0.35453687704284675
0.32285363561823033
0.37006949860369787
0.8149957692075986
0.10044050795841031
0.7154200201621279
0.6444882390496787
0.24807607318507507
0.37602323698229156
0.3160186249879189
0.8500512620375957
0.09160645114025101
0.2043198282190133
0.9022517871053424
0.11143539514159784
0.20233989765984006
0.9306007872510236
0.03665279096458107
0.12242497381521389
0.1887951722892467
0.909539421700174
0.05304708066978492
0.5994683410099242
0.4658910678990651
0.26732961609377526
0.4327414421713911
0.784126266167732
0.24076462580705993
0.8797397881280631
0.5777082924323622
0.4926706386322621
0.2546414820535574
0.3902650468808133
0.3361328546598088
0.33245427976362407
0.8347496628994122
0.5827558256860357
0.4605752722127363
0.7697281013824977
0.6781557169160806
0.6619026388507336
0.6848114939930383
0.15808450119220652
0.9248718690651003
0.04563693344243802
0.6021816529391799
0.45089710855972953
0.30580147562432103
0.47655506746377796
0.7773479505558498
0.6738422976923175
0.6709218724281527
0.6646022747154348
0.6697740579256788
0.6651282373059075
0.1715862868586555
0.4142107029329054
0.7934440245444421
0.2292631411983166
0.8853989767667372
0.0886117862246465
0.7056946004740894
0.654981412255438
0.2350399316928815
0.8844374525360763
0.5929528123524506
0.4540121145255398
0.27495518140494823
0.9290507892146707
0.5354908216104377
0.37385618159896694
0.3130740558844991
0.8456640598305967
0.08107435441343114
0.21733850418240763
0.8914528219320346
0.11874209958477877
0.6947795794694684
0.6682395185343921
0.6669178384181578
0.1665488304279279
0.9168478953652084
0.5415779894974548
0.35448566448758356
0.32276146672666073
0.8698845254257321
0.5650883890048135
0.47532957917428575
0.27796832035528496
0.9254994898510631
0.045064782549161464
0.10301694003283046
0.7023980186204426
0.6800662531750277
0.6609744904271793
0.18709470191970468
0.40669681946747005
0.7976301215821877
0.7281992186035495
0.139807132887654
0.4618509868741967
0.7710276355210226
0.1771123354556039
0.4114514621323906
0.8099302707996685
0.22003869523177855
0.8939022803679109
0.6233623172447551
0.43932595135993324
0.2842433348414488
0.990942604461452
0.004543971677776426
0.015369112399639562
0.5235730732965749
0.30123274645302445
0.9753640039707534
0.5280041691148654
0.8004519941459876
0.2326017621671781
0.38418930844636634
0.8430692270339932
0.07858793757623062
0.2116978599515278
0.8961653504229616
0.11442114319652319
0.1932777394540608
0.41898714541457593
0.790628497605212
0.7338363956368994
0.1331127965822816
0.4657922680489719
0.7690648587886244
0.6858411067223642
0.15818004825268872
0.9248316039738711
0.04545822489308193
0.10240160053945147
0.7007523284410127
0.6811487621744163
0.6633323466521688
0.68396741716424
0.6590081278118305
0.6783391925273463
0.6610750547552016
0.1870482272352092
0.406614290230209
0.2976694210956339
0.47812225940288045
0.2650969499081839
0.398702605481958
0.3641862949007191
0.8198600094474386
0.10583238396793604
0.19806049345061183
0.4322235679719597
0.7841400167671964
0.7407435049244668
0.1296892903628759
0.4528558188176248
0.3048373512283433
0.47313113263226114
0.2800398406689055
0.9225107201782521
0.04075905337231234
0.10853435363969766
0.6962516890489496
0.6850793072371744
0.6575213833712041
0.675268168823095
0.1701936744793784
0.9159407687839121
0.5459396952355746
0.35215225294814445
0.3261221533466596
0.3682194484572392
0.31991886475589126
0.8559178182040341
0.5730176682700403
0.9948043774929829
0.5025978112244047
0.7565288608311675
0.6373605844564736
0.7145266791631002
0.14274434951948933
0.9994296872755513
0.5002889710885938
0.25095417798729613
0.8764780048222747
0.06569789204513654
0.22502888159942813
0.904087155329762
0.11059399030636996
0.19909801479661837
0.43170487086172216
0.28439933457411826
0.9911173422588035
0.5045023640559521
0.26557516859611496
0.8984929332800675
0.11337608433677815
0.6935637355200015
0.6693325021769851
0.6653947840968613
0.17120886212796904
0.9144108351611067
0.04377115992247127
0.6051019073347561
0.9476931906538084
0.5583809213421773
0.3459335188381374
0.835338074946776
0.5823614810651634
0.45979683523182757
0.270109213743126
0.4296427928493358
0.7851826569240075
0.24809471459593624
0.3760828341473825
0.8161089744826313
0.09978961065644398
0.21622038350324146
0.891897454392165
0.6205805766221602
0.4397250311158132
0.28898782236501575
0.996134918415919
0.5020550889021251
0.2570290961593855
0.3876293700595852
0.3393884399556555
0.8304357481829356
0.09357118839398026
0.20323157939128578
0.3986283658305183
0.8637051244149916
0.5691249539377168
0.9811922902881633
0.01135697984136641
0.025588677148334682
0.05022446211660281
0.10770074973697774
0.6972644703928381
0.6865241349732969
0.1567398417100776
0.9235870487464126
0.0421208327752538
0.10444319070666097
0.6978110682102852
0.6824665403692052
0.6587744858989026
0.1786696363124065
0.41066710455925204
0.31230560786207207
0.4689697470457759
0.2660196204087697
0.9305279075924773
0.036693464702693745
0.6225529556395486
0.9387237610935699
0.034552483120933175
0.11555157776456326
0.19323344068834558
0.41900830969098024
0.29074773436877877
0.9835478874738328
0.5087772799888626
0.7788221758964937
0.17311990645248443
0.4174111619940959
0.791294449736597
0.2304676242347341
0.8847662032349035
0.5888690460415091
0.4555693216971122
0.7800355886865873
0.17249771041679196
0.9157366951694712
0.546037962049013
0.3525390376453288
0.8256836210784968
0.11840824905084446
0.19470224840915762
0.9182741141994484
0.5418400129419751
0.854080947174225
0.5732057012501173
0.9946509645087644
0.5027360465319362
0.25656848441576585
0.8873561367217917
0.0895870623353403
0.7052140982123092
0.6557244886353146
0.23463966394774616
0.38371782714966685
0.8413443306344561
0.5794651791220531
0.9641737210040446
0.01791695790598169
0.0623383323836606
0.5938317874679342
0.9533282767224591
0.023824679316021502
0.051625265448819846
0.10114052207791246
0.7153141998278443
0.1433195817808155
0.9986870567372534
0.000717566377716139
0.501595299312612
0.25314114469802007
0.8817302098323125
0.07482525167870335
0.7460346402367577
0.6269903763604816
0.1944547610473819
0.41864390959381126
0.29263880726648495
0.9786959147604648
0.011140444927150384
0.5256838343630079
0.30076437527895905
0.48243138709221967
0.2588186537323054
0.40580801788019016
0.8597200916556176
0.07112033135490492
0.2476737460528966
0.8764091749326326
0.5657169289770536
0.97507659799885
0.5290670800895896
0.2979970969608985
0.9804591646243352
0.009770447592018172
0.5263801546534523
0.7993406861496624
0.2332070076954551
0.3835186260694172
0.341460024646949
0.8293311569432262
0.08973086057812907
0.7051689056970645
0.15547267216606997
0.9852538676350378
0.5093911620788276
0.7807048170652706
0.17216380496392958
0.9150167303159833
0.5444469056383241
0.35280706486082636
0.3275676270131953
0.8674663057026919
0.06738170731114224
0.23388727134442888
0.8830585138057359
0.5907011202652939
0.9566102622193284
0.529766887484584
0.7985950263100676
0.7296394932782277
0.6357305244018789
0.2133924286463298
0.39333478032494895
0.373709975508973
0.813145131454803
0.5953967736277264
0.45620792650152
0.7801987258135341
0.6724044592119753
0.6658734425727744
0.17096954557928257
0.9147900046082214
0.5445581231906544
0.3527288071345538
0.8280453883344308
0.617229272815166
0.4415075535653159
0.7951158555806614
0.7279609308461659
0.6399267419474199
0.7114163590304088
0.1452686213888228
0.4918345573823899
0.7541132537880912
0.6390605901542585
0.21275754843372852
0.39752842992311344
0.8639952440571506
0.06995741042192094
0.7306768272537738
0.6351503444893751
0.21472005851683207
0.8926410511776339
0.12423993065021932
0.18837597884703428
0.4078262308030389
0.800239303644048
0.23270811079419218
0.8847450840403326
0.5927846625563689
0.9536382477381267
0.5251955133280717
0.8039382088463753
0.7235202497395221
0.1558523342537228
0.9848180368135218
0.008569571102270856
0.5289831967384089
0.29800864015123807
0.4804073791601695
0.7597963702573907
0.15147436293773353
0.48700792773161083
0.7643409927259199
0.6490797420265153
0.7399170766293537
0.13004922517575324
0.45108962326776236
0.805709010513965
0.7261743069975637
0.6527839261107147
0.737115236261161
0.13938077536295168
0.9615748710930347
0.5212276783131529
0.3018937903398182
0.4745721422950737
0.778340836201096
0.17339067711145617
0.9173331009515096
0.041348723316332325
0.6053022606647573
0.9473526880610734
0.5578179158328567
0.34658790731919
0.3345796114008408
0.33295487181749195
0.835507167794276
0.5823704244685359
0.9597990429610945
0.5201009555603378
0.8046468045795336
0.7226766275416594
0.15434772183652967
0.48544822522671893
0.761441536800703
0.15052926348289475
0.48778849936206825
0.2639182541461196
0.4002760261646472
0.8662834966380615
0.06713314840453677
0.7340120280859992
0.6330016749852803
0.2152536564390175
0.39334974918165244
0.3737637492886279
0.31311815886874683
0.3454250400827732
0.3311946857138537
0.8427722258784343
0.07861388716264628
0.7126481187879108
0.6475860052742064
0.7392034519289155
0.13236665792646818
0.949565650545992
0.5574437409813982
0.3463091318262741
0.8349020896130241
0.5825576595379971
0.9608116243034601
0.5195942176796962
0.30295472088619135
0.4740263064741157
0.7786750276864041
0.17317014731816016
0.9173518131137826
0.5413281504879706
0.855327753466554
0.5723366602032911
0.49535728548653424
0.7528096683090553
0.631415832642233
0.20017649052897468
0.4331158634449821
0.2834726496366784
0.9921140112564899
0.5039506388711743
0.7637718705227599
0.649610116466647
0.24212025880115107
0.37894368622801267
0.3262905027368106
0.8683498729660641
0.07022722507826984
0.23052688653115183
0.3848605343955569
0.8390715628920589
0.08095357360434718
0.717396763357101
0.14154581900220364
0.4936955972225405
0.7571805219340604
0.1370385835180059
0.46373778831912205
0.768132066965336
0.1865077881666366
0.906746346183354
0.04861143059679307
0.6046635372622404
0.4481641457241494
0.3071684040769469
0.47154168388806283
0.7720417772652581
0.6767547237395775
0.16357770026661456
0.4338438397971913
0.7840703856782056
0.7408078547450714
0.6298440321115777
0.702656108973315
0.17998393456218764
0.41110666599706747
0.31204219654318877
0.469039936986519
0.26657872390933335
0.9311638822546229
0.5383550797996577
0.37150897207902744
0.8152297691849526
0.10032063937978819
0.2154685033892747
0.894249644188676
0.6231895854580216
0.938954591169022
0.534429431281751
0.36561304406495765
0.8182007983268704
0.10652841947739944
0.19698047477868386
0.9366679209924769
0.03221535962074995
0.11084640631452203
0.19849832053296268
0.4320335347438231
0.7850208302843384
0.7403097221395001
0.63011981206364
0.20105531328590587
0.43073766175075434
0.28881256183376536
0.996222533780383
0.0023923943226691335
0.5076255286694504
0.7619343397091143
0.6507788599701598
0.7381484065845143
0.13874020497314632
0.46213935839477926
0.7733253288897686
0.6758688221452758
0.6623097593837883
0.1849662733147852
0.4075783902371768
0.3001189626811538
0.48278747106087394
0.25958282707142644
0.40536582039203495
0.8600631377776153
0.5719256175798364
0.9992544912383892
0.5008696785080247
0.7515488112112507
0.628376104257768
0.19362468720646575
0.41985076255514286
0.2900746189407073
0.9840063972224016
0.00824094211566262
0.5281099214917049
0.8005278947239276
0.232549510023091
0.38422878526034765
0.3430726152146235
0.8285895774024539
0.586697569466196
0.9586672837322112
0.02067400241503492
0.05265226375195198
0.5986777461366728
0.9664084361575078
0.01704184664413333
0.057915844256058335
0.09616844065021724
0.21072010282659903
0.3947011031850707
0.36564559838734567
0.8181542699458078
0.606671843182994
0.4471524863038212
0.8116143400548026
0.7194369855278637
0.14223558612866327
0.49535143296816386
0.25281280363560654
0.38142135881935246
0.325189101829892
0.3706123962183483
0.8147090914135333
0.10146605136105791
0.2149530097085517
0.8927755203330889
0.6244435386906844
0.4377801682567224
0.7822238680091687
0.7358416752540506
0.6359892272739671
0.7132631368003786
0.6443604913365562
0.24816471288795583
0.8761619033757597
0.5663221635913942
0.47466667884145863
0.2784139731375035
0.4235452602733858
0.7921336803992745
0.22948342986637726
0.38525830206344835
0.3386382535099983
0.8307114206254482
0.5925179440819193
0.45374127393006347
0.2750982238794677
0.9288877171056811
0.03604823737987317
0.6245692804513965
0.4378383846778888
0.28206503318506293
0.485920847277157
0.7611918761976995
0.6506541850394569
0.7382114662323147
0.6387067976465914
0.21203607975621708
0.8981323657499161
0.1134339384152554
0.1937715504609514
0.9197162940108683
0.04026487719966099
0.10926412665867247
0.6953984542342369
0.1837954070942942
0.9085982368851546
0.05455205254838802
0.5977278042410035
0.46703581578913145
0.26697049441281706
0.932928635913413
0.5335512094898149
0.8670153669954743
0.06652284919982776
0.2326086995017249
0.8841916243254673
0.09307593503035605
0.20358459546696395
0.39918807946378365
0.8649278711236548
0.0675363028421998
0.2323470707051456
0.3838303985539824
0.8433631219668314
0.5785635352076497
0.4617253164178692
0.7712127755221445
0.17690171950380318
0.9120985162444413
0.5595778895367403
0.34522632902371697
0.33132372272666544
0.842211913142819
0.5798787419334985
0.9640889495494775
0.5184458409203216
0.811120097147068
0.2196881621493958
0.3921090439253021
0.37041326993494295
0.31491638923762366
0.8513461941911373
0.09001341488328762
0.7054853895388078
0.1560464887879789
0.48459906806237996
0.7581887770211324
0.6531628117372748
0.23787173588061705
0.38912864073063247
0.3376622430514544
0.8351381324464455
0.5829231489624362
0.46050730149727315
0.769870386517141
0.678549240983557
0.6607263629557565
0.6874592038511764
0.15627088234759867
0.421925654518418
0.7891594814718701
0.7306796737830155
0.6351489211665466
0.7147169559902977
0.14264164119958878
0.49924368783831596
0.7508817259222269
0.6265753237821627
0.19087036568089388
0.9124080733745359
0.5605238894931972
0.8447533736762125
0.08159083776990883
0.7171472725458443
0.6424029281188268
0.24523637650418095
0.8776278601726517
0.5690062291396316
0.48113815841497853
0.7613840532430913
0.15056190750328824
0.4877151995024178
0.26395588371087797
0.4003746249654796
0.3662194294738583
0.8169227702601347
0.10917801715550013
0.6955369063362014
0.18396994820795953
0.40902306709904224
0.8033010265207849
0.7236017335671932
0.6557772731466684
0.23467347145196982
0.8837638082623016
0.09133654669858515
0.20439288194756955
0.40183569776127115
0.8615822184074204
0.07802942453417927
0.24229644396109506
0.3791040286014322
0.32659181478084065
0.36893160876934417
0.31957968961796723
0.35632367484504357
0.8237922433472704
0.11959998961538076
0.19118038238957524
0.4122914669569582
0.8099675477715209
0.720018253166927
0.14402300934307277
0.49830126541201025
0.7518564473721199
0.6280390656320378
0.6940447446831968
0.16863316035596654
0.41763845263631083
0.29119603618164547
0.4798907475487795
0.2600584411411546
0.9023271627083886
0.11133665716624819
0.7021766298566945
0.6802228394080885
0.6619675912079401
0.6846412062295713
0.6579550126916729
0.6749287436250597
0.6708442782110069
0.16459359650616534
0.9197803659772035
0.04011005541542545
0.10912684930372052
0.6954366950085387
0.6840280437318143
0.15897782921092585
0.42844661031267606
0.2857766966917552
0.9997205328836571
0.00013973447494208813
0.0004871381679549813
0.0007331144879572093
0.0015884900058154017
0.5031158797501121
0.2567509559739847
0.38726481070625596
0.3396949361776933
0.8301601622370072
0.5929766190820374
0.9540000929846428
0.525014366954565
0.8041432071768213
0.22294372235774063
0.9052517718519084
0.6098780498141423
0.947044621425448
0.06169595837127417
0.0946422690176405
0.2046474953822326
0.9017055560834706
0.6116549724538345
0.45296159127610736
0.3047711717663333
0.9728585584671237
0.5296845088596456
0.7986962968716398
0.7295581686485093
0.13548079191241413
0.4635096059064381
0.7682796522567514
0.18617291274131276
0.9069755622476805
0.04846737053594552
0.6046878309571184
0.9481754199950956
0.5571661065332592
0.846554290765198
0.08453729280154221
0.707983183208853
0.6479772765014786
0.2385723970073741
0.8818163700634614
0.5747168149973731
0.4958762227324769
0.7521229833946563
0.632247157569509
0.6995019282912835
0.6825995769759174
0.1587003381573595
0.4284966634295415
0.28581272019073367
0.9996727185789496
0.5001655788219068
0.2504057321057189
0.37577751869685017
0.3141865709912963
0.8468139181786682
0.08492625103099272
0.20753688193508424
0.8982538407726679
0.11349514991161413
0.6937417830049526
0.1697936134878546
0.4151070386869833
0.7966121915378608
0.7266948655596934
0.6371714861597866
0.7136408231745008
0.1432482832169626
0.9986883602396119
0.0006577869353350252
0.5016280462150462
0.7530927186016925
0.6317544517223723
0.6997478970442899
0.6834512616624124
0.6582746084895916
0.678949861379806
0.6610134103684686
0.6870791702531278
0.6567198180418927
0.17261859073187225
0.9156743481289595
0.5461306494253222
0.35243058591731824
0.32576931864605285
0.36861332671833225
0.3195998288865667
0.35588802851270884
0.8230326097109355
0.6198715012869798
0.9400652188342065
0.5377837351115886
0.3717410021054093
0.31609789762296714
0.3497654589882586
0.3412381848611403
0.32938138450845145
0.33935288892826065
0.8303236747451592
0.09363104365183972
0.7031921375892125
0.6486643448006362
0.7386561107414309
0.13168309270986356
0.9497834540961776
0.058556046133162454
0.5957229307095986
0.46001404465641826
0.7701150479842909
0.679655478161294
0.6601732164272107
0.6856033647782169
0.6573208647314459
0.6754976184165571
0.1700639310583938
0.9155192657781299
0.046146677632350475
0.10194299658178352
0.700035582005512
0.6831872711190954
0.6586505646992009
0.17946426442358643
0.4103289029444568
0.8109489508497063
0.22051758426823653
0.8937695621571038
0.12391993406345136
0.688108697620919
0.15814393031178042
0.4248381000070367
0.2955232847307343
0.47748273678007536
0.26322892459575087
0.8997577309492044
0.6165283460868523
0.9417682817147579
0.04571766214212403
0.10214976689894684
0.701137760275742
0.1806816006428562
0.41363509770599194
0.30892952249269
0.47151204152032733
0.7720569560769945
0.6767166768258903
0.16359669392113574
0.933887943479931
0.034155614732299
0.11574998145806603
0.6921880118316039
0.6716138272022363
0.16419359302381054
0.418425817246316
0.29176371393259615
0.9791801327955909
0.5104119750321843
0.7760592714766972
0.6744708447949961
0.6705809002451133
0.16471731336787343
0.41959470859728754
0.7902045605005696
0.734292385604931
0.1328576218802482
0.4649432630976662
0.7677734702010639
0.6869464719784446
0.656527002400253
0.672843714884948
0.665531327133067
0.6711563225544523
0.1644533248618245
0.4188148691318929
0.792546170996502
0.7289882883487735
0.136482657660963
0.9630401462491136
0.01903127774130553
0.060804490523878485
0.09560532864998095
0.7061684653162956
0.6549725272052456
0.23502996386378072
0.8844382028910331
0.592939060064964
0.9540187512466218
0.02494804112939164
0.05405430021346547
0.5979729690880049
0.46764583405456506
0.26617758959764615
0.9316161004535388
0.03811453888192773
0.12162876571528614
0.1912646439159289
0.41218020784435794
0.8098105680255685
0.2205829981539864
0.8936225145298522
0.12376088241580874
0.18812147359130904
0.40792292114929296
0.2999452662479598
0.48339681650395505
0.2583026720676571
0.9040556045947596
0.610479860653868
0.44916991953505203
0.8066975862311665
0.22177328090765513
0.8971781366562936
0.11391093351994641
0.6950597067771014
0.1680951465968974
0.41645800819969736
0.2927780759637244
0.9787332744745072
0.011137387074995786
0.025743355829035863
0.5506086992681958
0.8575389214674942
0.5714746798621491
0.9999148547358345
5.7831406593322754e-05
9.512156248092651e-05
0.00020420923829078674
0.0003866683691740036
0.0008442932739853859
0.0015311012975871563
0.0034001136664301157
0.006112503702752292
0.013579650374595076
0.024521329411072657
0.5543906814418733
0.8478371140372474
0.0921947876631748
0.7048834601882845
0.6515942354744766
0.23719143171911128
0.8892515952175017
0.0868683579028584
0.20851921450230293
0.8958019084529951
0.6147220851562452
0.44265424786135554
0.7943610569927841
0.7278271093091462
0.14011489975382574
0.9611966033407953
0.020408786076586694
0.05431025932193734
0.598089966486441
0.46757196480757557
0.2663379961741157
0.9312841418141034
0.038295203528832644
0.12196568321087398
0.6910400361812208
0.16253662438248284
0.9353332578612026
0.03245545719983056
0.1131668324524071
0.7012596649001352
0.6808644273551181
0.6639702007814776
0.18370141251944005
0.40839540504384786
0.8041376498877071
0.7229311824776232
0.6552591293875594
0.23487234461936168
0.8845512924017385
0.5929416543513071
0.45401843753643334
0.7749458173057064
0.6790556501073297
0.16047599056037143
0.43639414440258406
0.28180388355394825
0.9863126240961719
0.010749938053777441
0.5259060330572538
0.7996089876396582
0.7331378269882407
0.13343108672415838
0.4665200372983236
0.2667399814527016
0.43358993472065777
0.7832050326396711
0.7412176139769144
0.6294064536341466
0.7029073270387016
0.679857379058376
0.6605677138140891
0.18631773538072594
0.9069642793328967
0.04847290780162439
0.10470037421328016
0.6981391745794099
0.1822490772465244
0.40911963366670534
0.8032565574685577
0.2235015443584416
0.9058283064805437
0.10984527607797645
0.6960541630978696
0.6852103831479326
0.6574563353497069
0.17566827277187258
0.4200128225493245
0.790237729815999
0.23427663490292616
0.8829246251552831
0.0900320999789983
0.20548749004956335
0.4060453184065409
0.8596032276691403
0.07068667135899886
0.24691470552352257
0.8784976806200575
0.06881566811352968
0.23219468211755157
0.3839675683993846
0.8436612238874659
0.5781770323810633
0.46103367331670597
0.7697444738296326
0.17811629018979147
0.41198040716699325
0.30963676708051935
0.9704410161066335
0.01868622621987015
0.06149200041545555
0.09425413576536812
0.7048892380262259
0.15158751644776203
0.9872099019412417
0.014270731917349622
0.5243664375739172
0.8023005434952211
0.22397585352882743
0.4036523357499391
0.8606743685668334
0.5735776571964379
0.4944612011895515
0.7537464985798579
0.13094020483549684
0.45040096138836816
0.8065378303581383
0.22569885075790808
0.40302072852500714
0.3629580199776683
0.3263337442476768
0.36857522392529063
0.31961914885323495
0.8559394032345153
0.5730069206911139
0.9947809915756807
0.5026705552299973
0.25647823564941064
0.8874183091975283
0.08949409332126379
0.20531780319288373
0.40564191131852567
0.8596876274095848
0.5711480118043255
0.49762936495244503
0.7514604525640607
0.6281760833517183
0.19373304149485193
0.9197503154282458
0.5401555982534774
0.8590731018339284
0.5704710784484632
0.9965190746006556
0.5027170270332135
0.7565799052244984
0.637342736357823
0.7145633482432459
0.14272214242373593
0.9995007750985678
0.00025158311473205686
0.0008661489409860224
0.501551060762722
0.7533758734934963
0.631132194714155
0.7010967722162604
0.6807059054553974
0.16367536954930983
0.9340316979796626
0.5339917155797593
0.8659387720981613
0.5670384836557787
0.48411993321496993
0.7579420604160987
0.6527825107332319
0.7371160929615144
0.1393770011200104
0.9615691362705547
0.021230561629636213
0.55188471917063
0.8495614524290431
0.09087479146546684
0.7046889670309611
0.6518211677321233
0.736589539272245
0.6405632032547146
0.7109689059725497
0.14463952838559635
0.9904283253417816
0.005304638238158077
0.012973642005817965
0.5248928937071469
0.3039600417832844
0.9730357184598688
0.030114280903944746
0.547446920099901
0.3534738354792353
0.3271698109456338
0.8677270984917413
0.06821176526136696
0.23153485672082752
0.3844767793198116
0.8429219143872615
0.07908836292335764
0.21241705745342188
0.8977282388368621
0.6136980054143351
0.44412946712691337
0.7936975960037671
0.7301052815746516
0.6349549904989544
0.21427628691890277
0.8928637717908714
0.12497930650715716
0.6875114215945359
0.1562748216674663
0.42192368415999226
0.28916798473801464
0.9806603866745718
0.510190543544013
0.7771314117708243
0.6740601867786609
0.6712783181574196
0.6643923122028355
0.16878422154695727
0.9175612526305486
0.04146542176022194
0.6052439114428125
0.9474395562428981
0.5580194717331324
0.3460055527102668
0.3359085987030994
0.3320495302323252
0.8340443772030994
0.5830998817400541
0.45869622653117403
0.7706557014316786
0.1777217340131756
0.9111467623733915
0.5600821440457366
0.8450218853540719
0.581517379527213
0.4670695459644776
0.2675028251251206
0.9326587713439949
0.5337929239613004
0.8661611620918848
0.566950055945199
0.9842256520641968
0.5078948629961815
0.27754766488214955
0.9242144637100864
0.0467431043216493
0.6016284778597765
0.9494456377578899
0.5570154698507395
0.34750327927758917
0.8340611155435909
0.08321453662938438
0.708882980805356
0.6456195465871133
0.7399348592734896
0.6300478291232139
0.7010894896520767
0.18070931572583504
0.9136736932850908
0.059033370576798916
0.09649231703951955
0.20968847326003015
0.39516447309870273
0.8669319240725599
0.5665340714622289
0.9828615639416967
0.00957641823333688
0.5304941662761848
0.29775648668874055
0.9781369938864373
0.51508953794837
0.7737358082376886
0.17673276280402206
0.9136020026053302
0.5588855423266068
0.846659676375566
0.08448272559326142
0.20778927399078384
0.3981195308442693
0.36344810284208506
0.8187642316916026
0.6072214138112031
0.9465114835184067
0.5623930959554855
0.34383403105312027
0.32832737095304765
0.33632510286406614
0.3328760036092717
0.3355152574076783
0.3325022484641522
0.8347254457185045
0.5826718627649825
0.460678230621852
0.7696613913285546
0.6781890572747216
0.6618840082956012
0.1847516613197513
0.40811293115257286
0.2998536067898385
0.9830155155214015
0.00873733838670887
0.5288688178698067
0.2981882019957993
0.47981405633618124
0.2600968015321996
0.4021781917545013
0.8614195509871934
0.0773468651168514
0.743065102113178
0.13048208615509793
0.4506290852150414
0.3059507161669899
0.4760551080980804
0.27759744616923854
0.9247084170638118
0.04551944675040431
0.6024923000659328
0.450737492996268
0.8060052944929339
0.7259189809556119
0.652665993780829
0.7371474399405997
0.13923902029637247
0.4618822747725062
0.7710119880794082
0.17705694938194938
0.9115974104206543
0.059842030867002904
0.09514192707138136
0.2063430359994527
0.9047640059725381
0.6110984042170458
0.9483878043247387
0.5576073290721979
0.346196350583341
0.8347300621971954
0.08266549403197132
0.7106853479635902
0.6446575793088414
0.740675704262685
0.6306692912476137
0.7004143325320911
0.18154638120904565
0.4131945713888854
0.8092756863916293
0.7223459186207037
0.1466397795593366
0.4896760217961855
0.7551620505691972
0.138183330593165
0.4621583496045787
0.27282761174137704
0.42608715151436627
0.7879349238937721
0.7466614133154508
0.12887467263499275
0.44337519371765666
0.29400058824103326
0.978125590889249
0.5151029137778096
0.773700570105575
0.6766949569282588
0.1636058849398978
0.4339484231022652
0.2840100399334915
0.9908382444118615
0.004829339741263539
0.015178714151261374
0.5237828477984294
0.8015853779797908
0.2261914341361262
0.40277343124034815
0.3620975954690948
0.8269010481308214
0.6178016216726974
0.9430599440529477
0.04411034728400409
0.10343322867993265
0.2021937036770396
0.4302752189396415
0.2870606778014917
0.4971270861278754
0.25155864690896124
0.8783796511706896
0.5686227060505189
0.9823514832532965
0.5088247389066964
0.7808812171278987
0.17230365218711086
0.9148285661067348
0.044668601709418
0.1026666565448977
0.20307658120873384
0.9297427037963644
0.5352545629430097
0.37325735634658486
0.813861517875921
0.5970442151883617
0.9592908711347263
0.02133497514296323
0.05184014228871092
0.0993250250176061
0.7159624913183507
0.14256830915110186
0.49512209635577165
0.25245474703842774
0.8816156461543869
0.07488204166293144
0.24576213397085667
0.37713520508259535
0.8197331861592829
0.6057604335073847
0.4482222327205818
0.30713915184605867
0.9714609458460473
0.5221430771052837
0.8014361206733156
0.2262350647652056
0.9025093826348893
0.6117335899034515
0.9529265758756083
0.05490878236014396
0.09803400974487886
0.21761531455558725
0.8911928513261955
0.11910846934188157
0.19435309240361676
0.41851331110228784
0.2928185696655419
0.4785984081099741
0.7609450557793025
0.15126767606125213
0.9869272576470394
0.014593492465792224
0.5239694964839146
0.8025904470996466
0.22370883723488078
0.4040452395856846
0.36047791861346923
0.3241717881173827
0.8691946386534255
0.06552668998483568
0.22530855442164466
0.40297126714722253
0.36303234126535244
0.32629633040050976
0.3685977472923696
0.819622638868168
0.6059376657067332
0.44800774546456523
0.307277121784864
0.4714224784402177
0.7721099630580284
0.6764755362528376
0.663715387112461
0.6838284021650907
0.1585742068127729
0.4295174565340858
0.28527182328980416
0.9982375205145217
0.5013847799855284
0.7532139796530828
0.6313278198649641
0.20093816105509177
0.43081143728340976
0.2890499753411859
0.9961076417239383
0.5019769505306613
0.25688696815632284
0.8873036197619513
0.5898107746324968
0.45509461453184485
0.780330165522173
0.6724569875805173
0.16597738562268205
0.9209176187578123
0.03960247163195163
0.10727446660166606
0.19637802921351977
0.9372115102305543
0.03139806049875915
0.10985029360745102
0.19606001366628334
0.43520366740995087
0.28245943985530175
0.4881652960611973
0.26374607931938954
0.39965173878590576
0.36707296082749963
0.8164788379799575
0.6076604795234744
0.4466585332120303
0.31183461323962547
0.4690990259696264
0.2664270496170502
0.4312739627202973
0.7885134688694961
0.7463693468016572
0.6279158667312004
0.6938584113377146
0.6687263719504699
0.6676519362663385
0.16618178045609966
0.417397868091939
0.2913049109047279
0.9804461782914586
0.5097778719500639
0.7763934891554527
0.6743645331589505
0.6707608868309762
0.16461962385801598
0.4199184485769365
0.2900417312339414
0.4838931368140038
0.2580686903675087
0.9032246729766484
0.11290182365337387
0.20161390231805854
0.9314501293702051
0.5383042111934628
0.3719783457345329
0.8160252331581432
0.10004499365459196
0.7166115501895547
0.6418162989721168
0.24599067340022884
0.8770733287674375
0.569520095421467
0.981357286858838
0.5112821412039921
0.775731476576766
0.17562609066953883
0.41999957387452014
0.2902481852506753
0.4842704982147552
0.7579343693505507
0.15252707561012357
0.486725221213419
0.7654274353699293
0.1486602601944469
0.4886622117192019
0.25667597432038747
0.3872880279668607
0.8398051629483234
0.08009755262173712
0.21782571345102042
0.3912092210375704
0.8691100747964811
0.0693512144498527
0.23101049498654902
0.3865700679598376
0.8379804669530131
0.5812543916399591
0.967677459702827
0.5162223071965855
0.3065947286086157
0.9756394037394784
0.5279276086948812
0.8007492006581742
0.23243892050231807
0.8838453905191272
0.5933558672259096
0.4535738443082664
0.27418969993595965
0.42742121950141154
0.2862894051359035
0.997984344343422
0.001008781953714788
0.0035278706927783787
0.006300812441622838
0.5134816887439229
0.7746334017137997
0.6795930928783491
0.6602645041130017
0.18574073491618037
0.4076484909746796
0.8000829665688798
0.7329008356609847
0.13452662172494456
0.4679082281945739
0.2665646856476087
0.4311746044259053
0.28837998339440674
0.9965580360149033
0.502712803252507
0.7565192876500078
0.6373729855404235
0.7145166920381598
0.6427455883240327
0.7494282413681503
0.12528683297568932
0.4384571853734087
0.282724536024034
0.9875749913044274
0.5140860413957853
0.27519225163268857
0.4289321949472651
0.7860221986775286
0.7495975730125792
0.6254454174195416
0.6882616023649462
0.657883613195736
0.674966350721661
0.6708214822574519
0.6645893817767501
0.6697814730287064
0.16511123240343295
0.9216252994374372
0.5391878273221664
0.8559020011452958
0.5730418936291244
0.49485112371621653
0.752578283107141
0.13155393654596992
0.949849112163065
0.058341511874459684
0.09582927759038284
0.21040241452283226
0.8948293112334795
0.6161860055872239
0.9419222561991774
0.5466783039737493
0.8517867330519948
0.07459539247793145
0.7449593858036678
0.12752043001819402
0.4443040629266761
0.7934732367575634
0.23027945109060965
0.8849861743510701
0.5892604828695767
0.9554318106966093
0.5310807870409917
0.2969903792254627
0.9767508583609015
0.5121281416213606
0.27616255314205773
0.42454461599118076
0.29554031213046983
0.9772613189124968
0.013324402912985533
0.024656524561578408
0.5545667457918171
0.34772045715362765
0.3420165712304879
0.32949621192528866
0.3392191943130456
0.8303944568906445
0.09362238153698854
0.703189286054112
0.6486571344721597
0.2386760456720367
0.381699591584038
0.8247790785098914
0.12108836360857822
0.689456772786798
0.16309177476796322
0.9340946098091081
0.5349368224560749
0.36540895351208746
0.8177839246345684
0.6067504497186746
0.4467468456714414
0.8117828886315692
0.21916971015161835
0.8913919616607018
0.618894950079266
0.9444597903057002
0.543887204490602
0.8550174054980744
0.07262862831703387
0.7459141854778863
0.6270505368593149
0.6945471753133461
0.6688396936224308
0.1675981301232241
0.41644507928867824
0.29276261347695254
0.47875603748252615
0.7611105027899612
0.15070286238915287
0.9881404506159015
0.5137432320625521
0.7746530721778981
0.6795682335505262
0.6602235200989526
0.18577277346048504
0.40760380373103544
0.800135111581767
0.23274591323570348
0.8846112948667724
0.09285108323092572
0.7038224136922508
0.6500420383235905
0.24145484904875048
0.8797608866298106
0.07769821834517643
0.2426459925773088
0.8796555033477489
0.07781528463237919
0.7423428345064167
0.12932450874359347
0.9519395763345528
0.0554194521100726
0.5992434140644036
0.9660042773466557
0.5174881095590536
0.30766625577234663
0.4712966016086284
0.272409414552385
0.4263296398858074
0.28891043542535044
0.4961718125559855
0.25216204914613627
0.3822200251161121
0.8245836519927252
0.1199347440560814
0.6900345502072014
0.6630431822850369
0.6841115150600672
0.6599584026553202
0.17795739564462565
0.9115133983432315
0.5598990865983069
0.8450523640785832
0.0813800755131524
0.7171229539671913
0.6424150874081533
0.24519882549066097
0.3776449667639099
0.8189900464203674
0.10619113218854181
0.6988575663417578
0.6818365352519322
0.1596005313040223
0.928016183373984
0.5371057998854667
0.8720730574859772
0.06397110808757134
0.7219362090982031
0.14687682036310434
0.4900992210023105
0.7549590321723372
0.6384201430773828
0.21204004951869138
0.8983900038001593
0.11333602602826431
0.19345787199563347
0.919155583542306
0.5409114449867047
0.8585192257887684
0.5709845873061568
0.9977127396559808
0.0011474765196908265
0.5038288993237074
0.25589811365352944
0.8878001592529472
0.08759406936587766
0.21014368170290254
0.8954166790354066
0.6167457470437512
0.9417512382788118
0.045729758974630386
0.10216612237854861
0.7011161269037984
0.6807073163799942
0.6636746621516068
0.18403565508197062
0.9089892525225878
0.553440905205207
0.34829672853811644
0.34349103638669476
0.8282554429315496
0.08639304441749118
0.7077800442348234
0.6481284295441583
0.738435785722686
0.1312781369779259
0.45096273336093873
0.8059078995720483
0.7264405816677026
0.6524051938904449
0.7365424973831978
0.14003157609840855
0.46129906180431135
0.27032750853686593
0.429297000344377
0.7856110189168248
0.24879796130699106
0.8756699540826958
0.06411910161841661
0.2218505180790089
0.3973836358927656
0.3638081970566418
0.3201731235603802
0.8555384419451002
0.07250952059985138
0.7454835227981675
0.12725873044109903
0.9451606807415374
0.5430466898833402
0.8537246252526529
0.5736265059676953
0.9945054189884104
0.503723883011844
0.7559525272808969
0.637896691710921
0.21279805662925355
0.8975682568270713
0.6139620425237808
0.4450064434495289
0.293122047529323
0.4789291685447097
0.761515807826072
0.6506146749306936
0.23768094388651662
0.8890026727458462
0.5877252261561807
0.46005152055295184
0.7702183803485241
0.17934587405761704
0.4103919724293519
0.31091777569963597
0.47053484100615606
0.7686694672156591
0.18622286079335026
0.9069057659944519
0.548500480450457
0.3546569718164392
0.823161836800864
0.11966908181784675
0.19028801415697671
0.9126685078081209
0.05956647821585648
0.5971698858775198
0.9592352162871975
0.02137427285197191
0.5518454151460901
0.8493214330810588
0.09097218292299658
0.2050637017819099
0.40137631064862944
0.3618464228056837
0.32695033875643276
0.36789791443152353
0.8180060788581613
0.10665259780944325
0.6971657970279921
0.18663441654643975
0.9069278860115446
0.5485044484375976
0.8546561864204705
0.5731601899315137
0.4946699721913319
0.25278720387723297
0.8814191402052529
0.5751900955219753
0.9956081377458759
0.5022036834270693
0.7577024797792546
0.636806214810349
0.7130910332489293
0.14395093789789826
0.49839806620730087
0.7517784849333111
0.12804943617084064
0.9440321688598488
0.04361274515395053
0.6051544433867093
0.44742373941699043
0.8080417897726875
0.22097958612721413
0.39842518424848095
0.8632952759217005
0.06838288006838411
0.2314965630066581
0.38437378880917095
0.34322924696607515
0.8283854063192848
0.08684883257956244
0.7085289620154072
0.14586617247550748
0.9895669810357504
0.505232245544903
0.7630098327936139
0.14977953903144225
0.4915169573214371
0.25424345952342264
0.3894838858395815
0.8365156939253211
0.5839404319704045
0.45803360067657195
0.27104435773799196
0.927107759489445
0.036446151905693114
0.1224344681832008
0.18878277009935118
0.9095189255021978
0.05306066674529575
0.5994467695127241
0.9659016152145341
0.5172933409630787
0.30775959440506995
0.97166954993736
0.5219777250604238
0.3015264039277099
0.9762204555154312
0.02757962406030856
0.5491984766558744
0.8592060368391685
0.5704275033203885
0.9962825347611215
0.002362280327361077
0.007607982406625524
0.5119470148638356
0.2757647776452359
0.42562567471759394
0.7950015709211584
0.22775123972678557
0.39051986529375426
0.33605494792573154
0.8322172049665824
0.5843873156409245
0.458798193722032
0.7707249441300519
0.6776334385504015
0.6612448085215874
0.6852467363351025
0.6573920118971728
0.6756985289976001
0.6699670800298918
0.16513859000406228
0.921582056733314
0.53924142656615
0.8558678082190454
0.57305125638959
0.49484656142885797
0.2525924586225301
0.8815782893216237
0.5748396709968802
0.49581404734635726
0.752092976559652
0.13232301804237068
0.44946349097881466
0.8074967411230318
0.7212554739089683
0.6474370103969704
0.23879676940850914
0.3826178020099178
0.8244458005647175
0.6195156230824068
0.9412535605661105
0.03718578675761819
0.12227648566477001
0.18935051711741835
0.40929298399714753
0.8034102757519577
0.22331202824716456
0.9059221426432487
0.10953940550098196
0.19571959573659115
0.9343667646171525
0.5348920593678486
0.365366485202685
0.8178356167627499
0.606707318307599
0.44671500561526045
0.8117987788573373
0.21922458833432756
0.891368146345485
0.6188000462134369
0.9445672704023309
0.5438375287340023
0.8550648784148507
0.5727136390050873
0.995869802631205
0.0021266190451569855
0.007237471727421507
0.51202164235292
0.7763380504911765
0.6743348202144261
0.1707138736383058
0.41476609485107474
0.2945739523274824
0.9777821670868434
0.5155034628114663
0.773500296054408
0.6759978147747461
0.1624972416611854
0.9354139786737505
0.032294977601850405
0.6130181610642467
0.4513039121229667
0.30611782634514384
0.4758474602131173
0.777770426182542
0.6745914092171006
0.6706398272654042
0.664682023547357
0.1696466848370619
0.4151766743452754
0.296868302335497
0.9765677571122069
0.011731411999789998
0.5254148711683229
0.7998574222146999
0.23300597839988768
0.38375736481975764
0.8413244742550887
0.57940076518571
0.96433176076971
0.517849885072792
0.3124270629195962
0.4687941584561486
0.2657260640698951
0.4298849400365725
0.7855763884144835
0.7488153952872381
0.6257296324183699
0.18908857885980979
0.4093657755001914
0.303626008098945
0.9732022696407512
0.5311010875448119
0.29695708653889596
0.9767658655764535
0.5121058257936966
0.2762346921954304
0.9243829081533477
0.5458804453664925
0.35206028789980337
0.8259573133254889
0.11833243854925968
0.6952303394500632
0.16801366183790378
0.9161154777975753
0.5421883095696103
0.3544247045647353
0.8227919411147013
0.6199913734744769
0.44000458193477243
0.7880624568206258
0.7466090378002264
0.6287106100353412
0.6935868951259181
0.6693201056623366
0.16537237231386825
0.421220065705711
0.2893937855551485
0.4812796776241157
0.2613218841433991
0.400833200517809
0.36306023044744506
0.8263438970025163
0.11856729432474822
0.19463787652784958
0.4184302799112629
0.29176908172667027
0.9791766135022044
0.5104119391471613
0.27605928931734525
0.4244708936312236
0.7955808681144845
0.22721721115522087
0.38834454922471195
0.8370796942035668
0.5858546841191128
0.9570769648707937
0.021583587862551212
0.05195246962830424
0.09954280988313258
0.21585410262923688
0.3922026521177031
0.8705501525837462
0.06474018434528261
0.2265410480904393
0.40235830601886846
0.36135139435646124
0.32719885508413427
0.36777455010451376
0.8183255036128685
0.606463201896986
0.4468370954855345
0.8118598321743775
0.21907199508859776
0.8914444096735679
0.618731397902593
0.9447923881525639
0.0432290447934065
0.604424986318918
0.4477914482995402
0.30749160586856306
0.9712551656411961
0.5224366876936983
0.3012971868738532
0.9763674740679562
0.5275709645648021
0.29920375646906905
0.48422152444254607
0.7578894910984673
0.6525513044907711
0.7367164734750986
0.6404923377849627
0.21100580561324023
0.8947567352443002
0.6156108691357076
0.9432017684739549
0.04402412331546657
0.603239739080891
0.9522863842139486
0.05565809170366265
0.5991278956935275
0.46607680278248154
0.2669940542546101
0.9329703772382345
0.03352340211858973
0.11705787901883014
0.6914713008736726
0.1701492257998325
0.4154146818618756
0.2962332417955622
0.9768836324219592
0.5125366536085494
0.7769386463914998
0.6742752942373045
0.6716533832368441
0.6642345837899484
0.6683719581342302
0.6668059614021331
0.6667210007144604
0.16664715882507153
0.9167379336140584
0.0416310946457088
0.1041997114662081
0.19793067767750472
0.43228847585851327
0.783871052757604
0.24087792728096247
0.3795686694793403
0.8277940361294895
0.617370149033377
0.4418032663234044
0.29570100232376717
0.47727349161868915
0.7633202534925658
0.14962051386828534
0.9920852279756218
0.5040203592798207
0.2638590205751825
0.39982451414107345
0.3664949766243808
0.8168783985602204
0.108162601623917
0.6959511245659087
0.18528865746338852
0.907359962904593
0.050745082495268434
0.10744022697326727
0.6963490317284595
0.18710381933487952
0.4066944074584171
0.7976331734680571
0.7281975810765289
0.6398151037283242
0.7118307610799093
0.14603971151518635
0.9896022224565968
0.5052032101375517
0.26305391342611983
0.89972310475423
0.11656007583951578
0.19172021633130498
0.9207762635487597
0.03961192967835814
0.10739154292969033
0.19630472073913552
0.9370658803090919
0.03159115681773983
0.6101962437969632
0.9468555097118951
0.5619764506700449
0.8440118421567604
0.5790394252107944
0.46243341447552666
0.7728137625672389
0.1760969335155096
0.9129586805938743
0.5591457788832486
0.847632007469656
0.08401199729996733
0.7080569443060085
0.6461012946383562
0.2396945664077066
0.3801870509341825
0.32565360827720724
0.36842522240476683
0.8197584970330354
0.1057459898875095
0.19823326749610715
0.9321334263077006
0.5339504530129489
0.36586780595825985
0.8171276388166007
0.10901526297675446
0.19550776141113602
0.9340168263879605
0.5339681567274965
0.8659586132853292
0.5670206951908767
0.9840841091063339
0.007988464058144018
0.5277459863573313
0.7996188877441455
0.23312561083002947
0.8834410095005296
0.5915514058433473
0.9542245355260093
0.027284204465104267
0.5488618316594511
0.8585112848377321
0.0709894537285436
0.7477236607519444
0.12613840802805498
0.4413291428645607
0.2871484649949707
0.9971747472591233
0.0016567818820476532
0.003112221136689186
0.006744730286300182
0.012253595981746912
