0.8134750646713655
0.09521654632408172
0.2063019261113368
0.40466964410734363
0.3611570030625444
0.3233604197157547
0.8698139456682838
0.5651007182314061
0.9752775263041258
0.5279883826442529
0.3004665967018809
0.4825793210766278
0.7592141188506503
0.15554919253918342
0.9848518288927153
0.5085582779429387
0.27895452035591006
0.923087619477883
0.5428507820761297
0.35359094248269685
0.3234792019648012
0.37000064813764766
0.8150150613801088
0.10058010456850752
0.2153387940779794
0.8942992252705153
0.12319531600223854
0.1889517180097755
0.909438505594153
0.5531237945542671
0.8494766542571597
0.5908885806566104
0.9548153484647628
0.026499529427383095
0.04976909395190887
0.6079279530094936
0.9461047034419607
0.060272843576967716
0.09486548928543925
0.2070266439113766
0.4042996558127925
0.8603578052134253
0.5737427255953662
0.994411063962616
0.5038323339249473
0.2559049202827737
0.8877946250722744
0.5875973349320702
0.9601390542229638
0.5204188212228473
0.30425134469987825
0.9729964016878512
0.03012053546262905
0.047439732268685475
0.6034778781759087
0.45216826457181014
0.30522893360466696
0.4744607284956146
0.2784104012825992
0.42353989387629554
0.7921401852800045
0.22947970058885403
0.8852677801332902
0.08864674856886268
0.20573957194574177
0.4049429822480306
0.8600437685963698
0.5719312574365176
0.999194465985056
0.500898678554222
0.7515047412889544
0.1282797643507365
0.9436728566943202
0.044797559996368363
0.602601279708324
0.4528540427563712
0.8048306229175068
0.7231342733721249
0.6550349063472822
0.7349978210113477
0.13448500214144588
0.4679175636265427
0.76659101981204
0.6811595373728778
0.16334185953019187
0.43398554195300676
0.2840448564675171
0.4907979406125378
0.2548756953328848
0.8901423187926412
0.5861940994218457
0.45791027261293493
0.27306284598307684
0.9262132550065871
0.03788710111984983
0.12180353488656692
0.6910523410188034
0.6623188182420563
0.18495411053299904
0.40759257785975933
0.8001100802794099
0.7327579404518474
0.1345985758525785
0.9678588703391142
0.5163187604048289
0.8062937450013123
0.7258214268367738
0.653202567860717
0.23786914316588081
0.8891525866056327
0.08765050806687213
0.7100967325095553
0.1454714478168171
0.9917212194995955
0.5042006792209577
0.2646252023987472
0.8989526873920113
0.615038294257829
0.44261157329310663
0.2948074947053101
0.4776270125876181
0.7653373686189298
0.14858995881513692
0.9887543369841296
0.006599647429538891
0.5123561706859618
0.777087062044302
0.17396409835782833
0.9213494891009759
0.03932716464623809
0.10637407493777573
0.19876620674040169
0.43200424063252285
0.7849745017883833
0.24032906751381233
0.38008735547191463
0.32607055810512975
0.8682757859060075
0.07001303433207795
0.2306337495392654
0.8851714362681378
0.08964472063235007
0.7052998291910626
0.6556518354336731
0.7347065667854622
0.6336232833273243
0.21639958955347538
0.3920443458482623
0.8703851499594748
0.5648703675542492
0.4763539086270612
0.2775854343781248
0.9241955715115182
0.5466952106216922
0.8516600259754341
0.07443036988843232
0.2445231601013802
0.3787800707214046
0.3184224796423223
0.35666600725380704
0.8221705406031106
0.12413308772374876
0.6881852262595203
0.15789105946896598
0.4249626876844559
0.29583470363286324
0.47708312605391257
0.2635374506935477
0.8994890232570469
0.6169366368849296
0.4415336188103538
0.2953618540195748
0.9783261679694988
0.514869051228743
0.774319022311829
0.6773556027037557
0.16157396958442405
0.4348687730671372
0.2826895913458429
0.9875767727207858
0.014085268107010052
0.5251877580303699
0.8039345009310637
0.22352198816952296
0.9058477678045165
0.10982073447667062
0.19607385445851833
0.43522818706696853
0.782389728614362
0.2381999063945841
0.8887125505134463
0.5870158546895254
0.4606424708326813
0.26970931194955483
0.9281336273706984
0.03691743779927492
0.12228835141286254
0.18936128658242524
0.40928667166735977
0.8034137853537686
0.7233245934476145
0.6559178557363339
0.7345487089478411
0.6332144634216093
0.7156345914117992
0.6442579145368654
0.24818738826434128
0.8764632516540587
0.5656755853269715
0.4749785221356433
0.27912017109338194
0.9229551769676618
0.5426747695310041
0.8536931347043719
0.07364220585441217
0.24443655720097013
0.8788814271974843
0.06838705262634903
0.23149256844772026
0.3843797218578402
0.3432105445826892
0.3284261994122062
0.33688554147374816
0.3335182221780997
0.33330240135546774
0.8334728375193663
0.5832790802814998
0.9584224637947045
0.5207965176086873
0.8022238115372602
0.2238900313677732
0.9037105018796865
0.11071014279150404
0.6985511785896961
0.1819896713423077
0.9099817305395845
0.05285597490728833
0.5988161680579651
0.4667061826621648
0.2666488756076433
0.9332079433079343
0.033640199224464595
0.11700055521214381
0.19162180784041993
0.9203100663144141
0.5408826874627266
0.3584670520212967
0.3210259042389225
0.3726902920752764
0.8136856174096465
0.5975521994114388
0.4591051264142152
0.2706918158219196
0.9276442958216649
0.03618178644683212
0.12266381020890549
0.18891321899718605
0.9094839736935683
0.5531928386189975
0.8493820507428609
0.5909988551866263
0.954989332385594
0.026419280242407694
0.5494126690609846
0.3583674759429414
0.32081638879026286
0.37285692035220563
0.8136955323861912
0.5975622627593111
0.4590924372896552
0.7707018558867276
0.6776678727765102
0.1611670807178598
0.9351711597992107
0.5326586874143686
0.362592403718736
0.8266383852169383
0.11891166152781807
0.6944809377309866
0.6689339685835876
0.6674863793305121
0.6662725766655058
0.667870791774476
0.16612958107725717
0.9171793500718195
0.04191483461181633
0.6040426124818623
0.9481029117305297
0.057198544236598536
0.5966792608378455
0.9594729888194706
0.020264474384021014
0.054322795156622306
0.5978426597139332
0.4671995807730127
0.26739305173396133
0.43283179466379806
0.7840763196873013
0.2408432468364481
0.8798235011345241
0.0776703083247412
0.7425450299342629
0.12970410712296143
0.4527434780902695
0.30512241646647453
0.9734459910541773
0.5309774382330943
0.2970194170193281
0.4770396081148647
0.7624578387767542
0.1519894645025488
0.9865377094247378
0.5150319565436803
0.7738032236229628
0.6765749525802676
0.1636666172707919
0.9340377695916686
0.033961731736781076
0.6158926768403035
0.44206230470445007
0.7965469763730653
0.7267266309936531
0.6371252050739713
0.7136644665733911
0.6432898372295313
0.7486686621559784
0.6256961865292396
0.18910504871746525
0.409422419994371
0.3035896309593227
0.47320721129653975
0.7812224900408182
0.1718969208013732
0.9141125785827171
0.04306771815754473
0.10372560087125748
0.19862596510211006
0.43200663590687327
0.2849733679322526
0.9903262928710319
0.5050819778698497
0.7635742001002654
0.649527996632969
0.24188639229396358
0.37907307615387253
0.3265767436241731
0.8689402330783196
0.5695582037442364
0.9813382345600985
0.5113145289942622
0.7758374200493563
0.17555880625150166
0.9200941338785924
0.5404431255883537
0.8586999534163624
0.5707725863030646
0.49684885240276344
0.25358985699131154
0.38101805601036176
0.825620496441843
0.11843975560623221
0.694812496076338
0.6682263832481112
0.1668944251141511
0.41661763822776265
0.2919353365141433
0.4790485758567229
0.7605977823841386
0.6509532624622807
0.7372980270010885
0.13916736171813682
0.4616816990019288
0.27114376187091693
0.9269891542207915
0.03700157577986829
0.6221547296736389
0.9391687511524651
0.034321993618505076
0.6162012965360191
0.44189941155491397
0.7966439168958459
0.2267085749481339
0.8871993205684703
0.08862690406385809
0.205701925966423
0.4049922972044442
0.3600081727199722
0.3220100738981273
0.3741513473796658
0.81342810523347
0.0952700705092866
0.7063971073075663
0.15462932526133955
0.48616406053770334
0.7608318495913409
0.6510782791301608
0.7369647943705786
0.1393913839419838
0.9615628910833038
0.5212022587074898
0.8018993474543095
0.7246006112836767
0.1533248136693146
0.985854763246607
0.511009452980943
0.7758067859977018
0.17557412688620389
0.42016277310904115
0.7904090562951751
0.7337093512178399
0.6331606467138045
0.7156463583232835
0.6441645244776737
0.24847437837161124
0.37674038752447814
0.8156600338988937
0.6004747151746415
0.9654181599617004
0.51948913934757
0.31057555982260965
0.469773493881803
0.7691458653716836
0.18598376846057363
0.9080154343682807
0.050021096714772284
0.10829786228714511
0.19591222368762828
0.9354930620465893
0.03226899608853273
0.6128947759279981
0.9516092601406854
0.056452464894391596
0.10080211953027174
0.21571985087939538
0.8941542426182423
0.12348142664995976
0.6892511238984298
0.1594032351858914
0.42860011919401586
0.7857305809156969
0.7499574524990749
0.1250289329327643
0.43754752236418426
0.7813521312782541
0.7345683134335559
0.1332346439594403
0.46560930385021493
0.7692781732475851
0.1856734301254619
0.9076687622291502
0.05010238738032058
0.10788387022330426
0.6970508400700055
0.6866919852327555
0.657144197874004
0.17338487427332439
0.9173363604641054
0.04133378856931813
0.6053404280391987
0.44733361556427553
0.8078427117725369
0.22156787902349606
0.39705910810153
0.36421464616432786
0.8198534387629479
0.6057593456062023
0.4482208692061249
0.307143439684296
0.47145927502424456
0.2721458198793698
0.42642735838308
0.28875470854109153
0.9962476606306154
0.00236829646746628
0.5076125436462462
0.7619417596433777
0.15077121622744016
0.9881217122310773
0.5137535549874883
0.27461742318701
0.9295862983562984
0.5352679010829888
0.8732354592066258
0.5638858104648534
0.4719638290407602
0.2719564853759948
0.4274984408693854
0.2862834428960923
0.4980326252116356
0.25098762128618546
0.37844320383737795
0.3186528868973255
0.8574048783630133
0.5712980376847554
0.4995415784360375
0.2502903653657995
0.875954407529207
0.06397789574111812
0.7219478206243366
0.6469039201328997
0.24002461033524014
0.8801251431286801
0.07605095006874762
0.7432288462878205
0.6325436008046381
0.6993685924680904
0.682115259085549
0.15992275602184236
0.4278821313055232
0.7866082512191497
0.7473286313470453
0.6263662019337062
0.1907863453088794
0.912419328262331
0.06040719078737311
0.5947964646620676
0.9567866116703954
0.029419198108371347
0.04827966567245312
0.604768385150237
0.44774193270131946
0.8083632404450327
0.720849971199641
0.1479406454891432
0.9885297071596142
0.006728934647981077
0.012291177146835253
0.5273021538741887
0.7988499084312934
0.23344858104246669
0.8833999297348782
0.5917625595757272
0.4541187874856405
0.7769156404829118
0.17416449033771642
0.9217087285069283
0.03914951003389433
0.10566987082711421
0.6976610050187446
0.6834573337691836
0.6582732409005985
0.6789544130151626
0.16101119393715635
0.43707349683973007
0.28170935914386064
0.9851257018162869
0.5094594154506922
0.7804265423037577
0.1727770367579069
0.9155684215365909
0.5462443777360022
0.8518778111611027
0.07506818205001764
0.7456690488616005
0.62741724748048
0.19509569753427058
0.4181400942034088
0.7914258635428268
0.23026410859893076
0.8849938306957483
0.5892414851405192
0.4554107287840452
0.2810856354772113
0.9219648712605704
0.039262189384317026
0.6058610310428776
0.9481070842011832
0.5572050409391522
0.8466721377626527
0.08447666963911615
0.7077774007921107
0.648095955431927
0.7385168721084483
0.6312300984864123
0.7010036793653853
0.6807787113939412
0.6637615117360838
0.6837605171022005
0.658608024532441
0.6794872111058794
0.6603784647304565
0.6859278971387539
0.1580431910988409
0.9248857283673715
0.045615685638040304
0.10219218698330224
0.20091908366885036
0.4307904581655748
0.7890166033466812
0.24614721589023247
0.37704870288143866
0.31954802852123976
0.8563402877189219
0.5738478310231585
0.4945704654965084
0.25369896285701543
0.8811004151939414
0.5755649809725583
0.9934751408000011
0.007184419053373858
0.512032798375003
0.7762446148262825
0.17437770956894383
0.42086879911948927
0.2895675078907516
0.4822343403357081
0.7590049006103072
0.1561506947327871
0.9844856878917199
0.00800154299940914
0.027753260277677327
0.049599992897128686
0.60813839599723
0.9459308320074342
0.5602691820822656
0.844867331237765
0.08202976870234124
0.7167986028362066
0.6416046325175557
0.24561204088968225
0.8772092999133747
0.07021707959938794
0.2305775107233785
0.3849631357297767
0.33928746948367916
0.3303582033258863
0.8437472899386194
0.07812683953670785
0.210940395394573
0.8945375676557887
0.11524671348161064
0.6924090691027232
0.6694816216477193
0.6653898464865051
0.671211356529966
0.6644250786921475
0.16876450742711313
0.9175794693583157
0.041469784162472934
0.10524215098121203
0.6974486102408264
0.1830139761150349
0.9084932523255702
0.05466498719761148
0.09766852736356668
0.7168231612304226
0.6416496948513668
0.24571205966640264
0.37738817831268534
0.8201259677589405
0.1056850420718547
0.6976535125286318
0.6834608415956609
0.6582715163240209
0.6789361412811559
0.16102075448725373
0.43709921900881454
0.7816945329832379
0.2351374059508089
0.8844454650825355
0.09293460522894748
0.7040228879486676
0.14994168846169487
0.49156130591291003
0.25421937729697675
0.8895233488292433
0.586490233137738
0.9589600187027827
0.5205362031410914
0.30229299364145845
0.9739798659575172
0.5286350818932988
0.798213096044492
0.7297999440925196
0.6351076652936172
0.21468804823234677
0.3926578850951046
0.8742353609995916
0.5633710780821275
0.4703324972651899
0.7689841457176954
0.685829025140265
0.15819937994820066
0.9248068283486646
0.045417192042805254
0.10230667021824047
0.20083127604448237
0.930895398982102
0.0389547293598298
0.6211781533493195
0.43965697873500176
0.2884723078168463
0.4964503878727555
0.7527513722889125
0.6314521322783548
0.2001431947282981
0.9331658747978508
0.5335391348053236
0.36702045632409863
0.31649167963769287
0.8576273576472886
0.5716746023972519
0.9993810055893846
0.5003094971762039
0.7508390994626097
0.6265335757052526
0.6909143895318266
0.16235578391933814
0.43543226129258983
0.28229914396069944
0.9880315746413544
0.5137972235388588
0.2748472988605499
0.9289989322423935
0.5356226042204071
0.3737941049912479
0.31313352490542457
0.8454484785033856
0.08118391808238812
0.7177241118333768
0.141169476788491
0.4939904643688351
0.7569187673507258
0.6374097607040312
0.21450042043579742
0.39281082680099644
0.37439538273611106
0.31281759767443873
0.3445983445562888
0.3296578867302742
0.3393367230310105
0.8303325921588112
0.09365328410058282
0.7032346317428164
0.6486344545846805
0.7387016321008559
0.13162777299294248
0.4499484577390831
0.3082294325577095
0.9708891026093625
0.5228638891130686
0.8010833738662768
0.22555897998972796
0.902853139617946
0.6130880988202989
0.9513905209314544
0.05605834300513379
0.6009381136391312
0.9651598854979966
0.018427137314574793
0.5610999000200536
0.34470185003010556
0.8296177013835404
0.08915891128708608
0.7055464890727308
0.15601605660049245
0.48452250464470126
0.25828806406934746
0.4030901636870112
0.3629385609528981
0.8264061629597563
0.11853520173463039
0.6946543847443536
0.6683283257007133
0.1668163335416466
0.4166073313681409
0.7919414584175684
0.7290599077823572
0.6355921243084595
0.7134616268740501
0.14351332926889881
0.4985577576153446
0.2507821862527635
0.3766845792415552
0.8155801807588432
0.10057184522156604
0.7153433857893106
0.14431200927356258
0.49821776917087846
0.251387533149682
0.8782124843564816
0.5688303621136583
0.9821863816468976
0.5089413966052234
0.7812348681327421
0.1718830736062955
0.9140899362973869
0.5430180414405186
0.35362068001995794
0.3234342811629176
0.8700554803945124
0.5649723790411372
0.4754493364307564
0.2779022689210251
0.9257805272354744
0.5449227131903172
0.8525405656837393
0.07764005017816089
0.7424376082490198
0.6297739857109264
0.7027216800197493
0.18013735464774072
0.41090789262671024
0.8121857507503591
0.7189080819953233
0.6410495288728271
0.2429523354221601
0.8806028498511296
0.07533123472239822
0.24410324479686096
0.3818566541594919
0.3247577238944359
0.870946869807085
0.06454182596644387
0.22578576116939075
0.9032242750690784
0.11290214391192421
0.20161415546317585
0.9314500322507229
0.03830384270986542
0.1219775723584462
0.6910253889800515
0.16254588350420818
0.43536295674857683
0.28244112848187797
0.4881758752744645
0.7637894271174446
0.6495994587603491
0.24210344452876598
0.3789635444409214
0.8262655663129408
0.11836946473340504
0.6952098156325519
0.6680821108457167
0.16620308623532765
0.917404159437865
0.5412979203101713
0.3554497034929227
0.32227520970627666
0.8701430393848568
0.5649897548428271
0.4754473557986785
0.27790132220252417
0.4257790315314196
0.7949229879595805
0.227542797656497
0.8901424807845615
0.5861941375769675
0.9579102497373242
0.023062879889039323
0.5512131775030866
0.8503871473658364
0.09055361582431942
0.20667728752596304
0.4045062811637763
0.3607353795378003
0.32360817937296815
0.36944597188266926
0.31625405338127166
0.8496864423505031
0.5910279469098896
0.954978126246715
0.026478766376385465
0.5495066647708882
0.358074428368127
0.3209637432009913
0.8727212610829156
0.06363962276373059
0.22257472173077986
0.39652516893693246
0.3643595458997879
0.3180643751111347
0.3566233310557436
0.3221766194328666
0.874075569678098
0.5630842873652
0.4706722881819587
0.2685701100854203
0.936088956950698
0.5320785457151942
0.8609311379259452
0.5736848226224538
0.4944080953137018
0.7538345039065462
0.13089722290169448
0.45031371765071526
0.8063377607322764
0.22574595641344786
0.4032556810416281
0.8628257613163441
0.5765303025546018
0.4939614112081472
0.2569410490395967
0.38739909292780794
0.33953797226422466
0.33023101757862605
0.34318624148727395
0.3284087884530891
0.336898321605986
0.33350396511377767
0.8332794961461332
0.08342320955125615
0.20829629330546595
0.8959748810448218
0.11451638917787932
0.6927728317095898
0.6693015266209841
0.6653493037738372
0.17124697621329688
0.9143765139742754
0.5438227010890841
0.8550417744845618
0.07272433381876908
0.7458663029246964
0.6271317153587006
0.6947349533438683
0.6682661660306621
0.16696554989903234
0.9165327373775654
0.541795143741183
0.8542283466958907
0.0728858268703334
0.24483855967991985
0.8775807238707785
0.0690910414850805
0.7310799579427112
0.1364151130837854
0.9630464974907227
0.5189726767712273
0.8108272365643643
0.7207002732902765
0.643556143186288
0.24853830281062983
0.8757386048673652
0.5641000350005925
0.9718867817719001
0.022361741604981944
0.5513801685301587
0.8515072111913469
0.08988671301631257
0.20517884092987515
0.9054712732613552
0.11028319396427833
0.6968126008869149
0.686889189935755
0.656555472058244
0.672699899849249
0.16560508613474667
0.42135172931011766
0.7893242554855533
0.7313840566785075
0.6362611639196984
0.7132419651607051
0.6443565354857128
0.24816678010392934
0.3761607510386966
0.8163184770673979
0.0996608909626957
0.7159166918718256
0.6423011728911661
0.7452559038065374
0.6279251829546411
0.19384996822918765
0.9187086073216051
0.5426141993666533
0.3537238951830659
0.3236273180518765
0.3695050056267064
0.3162243055412546
0.8497046387637965
0.5910245120758191
0.9549762673850637
0.026479643653146923
0.04950432066107169
0.10807571790064685
0.6959623803850263
0.6852257793361787
0.15738722999230959
0.9257018773641903
0.04496352930436842
0.6026403056457639
0.9528307295695413
0.05486515289521776
0.5980567813967355
0.9675808086176403
0.516331696708221
0.8063025987357832
0.7258161052013747
0.6532090600812808
0.7378791125665884
0.13911803846713156
0.46267517359228805
0.7726299386413302
0.17667760368203744
0.41361438369494863
0.3089401169854682
0.47150699759367853
0.7720895187812857
0.6766995008802041
0.6636110049148556
0.18395709485048428
0.4089999226562213
0.3033201755024493
0.9736002802383155
0.5307780165749136
0.297176079970086
0.477510600729147
0.2632059904572088
0.39970804096083157
0.36667528515681624
0.8166776758152992
0.6083259092702065
0.4458447045471985
0.3104029632813763
0.46980257891118526
0.7692796187475324
0.6856732270971406
0.157667880266672
0.9251028423313983
0.5453850862686522
0.8532992818509229
0.5773181806434877
0.9930830065277405
0.5054116366081871
0.7630412838771008
0.6497294176369905
0.7415720662393142
0.12921396698220633
0.952002210484352
0.5552641535177827
0.8495670999691356
0.09084907951182686
0.7046369731542654
0.6517136502661742
0.7366432942799293
0.6404988875146955
0.7110005860740785
0.14475201387540437
0.990627540537389
0.0057248118973802775
0.5127702867612243
0.7751397532701958
0.17883829757920466
0.9110845104441978
0.5620663875597529
0.844092721468769
0.5789454615151044
0.4624813553527929
0.7729173574771266
0.17604156013112515
0.41301872866461053
0.8091195102024358
0.22253082564566284
0.396548040851485
0.8644777812587563
0.06826470899977721
0.7315555921813939
0.13447400371660478
0.9679502426588442
0.016517041891347617
0.05620986284338869
0.6009243444132153
0.465170460898662
0.2683915783709381
0.43611861814861186
0.2821848931198474
0.48586175503442064
0.7610364227730315
0.15085582772735506
0.4880640340852551
0.7638419954164419
0.14982590012368746
0.9914933000400197
0.004375659627839923
0.014414211385883391
0.024074425164144486
0.052476948039839044
0.5987694086798001
0.46675957142724656
0.26662215538090095
0.9331564458843786
0.03354384840349667
0.6170324585400522
0.9414837707590777
0.045131204155040905
0.6029226791579276
0.952514532400528
0.0549927412357647
0.5984804462350439
0.4683383787050843
0.7660759384743869
0.6804405006405432
0.1617941492877435
0.9347279272042215
0.5331396360707004
0.3623364320665132
0.32677030307240784
0.8681166184833273
0.5679262907651719
0.48178774706320837
0.7591216395085212
0.1555973375798203
0.4847089943650644
0.2586225421400741
0.9038957286975347
0.6107962771784514
0.9485167112725321
0.057052679505432025
0.5974504914192948
0.45920980235678144
0.2708843412983697
0.42708836181554943
0.7864560593734495
0.747404629481025
0.6262978049635421
0.19075926230289042
0.4124369228957221
0.810383101052139
0.7198094629566185
0.6442456591175869
0.7481917123950552
0.12645346019417048
0.44067976204678416
0.7874883620534092
0.7478879596164916
0.12605983487446792
0.9411204881907906
0.037253209797199816
0.12254774503526278
0.6887282733514439
0.1595573730301112
0.4280644521350041
0.7869445785763673
0.7471608471823856
0.626663717062911
0.19057642569532618
0.41307741825585254
0.3090865461563226
0.4724270180449821
0.771629538590787
0.17723502439912409
0.4113835094613023
0.8099485040584113
0.22005841153440997
0.3938770446984563
0.37338166756671853
0.31428584989043884
0.3467654857086018
0.834677712933626
0.5826612068340182
0.9606855833262671
0.019657215889310464
0.5531751704984345
0.8494199737324379
0.5910409577190876
0.9549830612086225
0.02647672322927974
0.5495134086231701
0.8580865851836279
0.570958615251584
0.49773907801136374
0.7511304647196084
0.6288331210671458
0.19340358467889018
0.9190462317492347
0.04072487342637032
0.10857456928351894
0.19620290418970399
0.9351169321453199
0.5325640820374247
0.3626280255266465
0.8265062360733282
0.1189736865926534
0.1944213438546285
0.4186624035355635
0.7926219399960246
0.22875101905083284
0.38611277265590616
0.3382110201928299
0.33190156996715814
0.841861775086727
0.5793286310508847
0.9647304690734018
0.017669574677711353
0.5617219166015275
0.8446275613387115
0.5797008646768518
0.9643009268329479
0.5178649147856049
0.8124805906554684
0.7187597643060144
0.14065111317904666
0.49223549346788786
0.25401293853065
0.888862671359675
0.0873377091193106
0.7102378873969428
0.6450117711210623
0.7409706844191533
0.12953018525149673
0.45284403051482514
0.8048318143410143
0.22313343995483592
0.40503579619689845
0.3599973683594726
0.8219871190667618
0.12416269243112765
0.6884756666258909
0.6577154111000709
0.6750506943790242
0.670290974987438
0.16583876422373578
0.42100225007743575
0.289744922920363
0.4821114494407084
0.25894522917224094
0.9061795535089914
0.1094107149692718
0.6954320032673422
0.18377825818606652
0.9086029747559223
0.054495264106662944
0.5978753929666709
0.46719097765162587
0.7674425875302404
0.6826887784118298
0.15893052276805975
0.9283472386014182
0.03583404372329824
0.6246763619128615
0.9376637869572733
0.031656389619456604
0.6101488595304545
0.4470007953350432
0.8116569289413746
0.21969034924404696
0.39210801091394387
0.37042103573912755
0.814911791094346
0.10133510595187545
0.21502241608686745
0.3929770769318566
0.8748091145535
0.5627175139379688
0.9691450251848437
0.5164655621047132
0.8062242256710306
0.7260687953967135
0.15259155782405287
0.4871884167077951
0.7642337967699859
0.14940823664073832
0.9897528829460498
0.0051390594453550875
0.013087910338072106
0.5247670818353072
0.8040308153431397
0.22301511035766453
0.4050950802047737
0.859969626966631
0.07221248192945495
0.24908154012518935
0.8755832155002281
0.5644134065078106
0.471700502501335
0.7720233137079049
0.17661065570428036
0.9136630710563622
0.5590380828361958
0.8464613358082715
0.08464298644685186
0.7076863745751325
0.14810996750020422
0.9884470427932683
0.006264767289394513
0.5134732319565956
0.27463545618229546
0.42957733958610334
0.2852428019104991
0.4982477554876823
0.2513720628048759
0.3782812579302117
0.8186738379881717
0.6072989759850316
0.9463510041823611
0.5622268257138785
0.3438905247603543
0.8286116983217653
0.08667166793020442
0.208621113182744
0.8956973114400171
0.6151548861525953
0.9424245276313741
0.04453480659867637
0.6029772299807519
0.9524481824191753
0.05514905383461155
0.5984096798638348
0.46843438028008677
0.26578293277998455
0.43011231216951273
0.28592043643584475
0.9997439110011328
0.00013568144640885293
0.5004519713693298
0.7507543935789727
0.6266370974481106
0.6905898470722605
0.16302112405537628
0.9341145723010413
0.535025778808631
0.8653000949125271
0.06761127465870231
0.2323077631299384
0.3838775934127625
0.34346350870328024
0.8282761143927928
0.08641221659490839
0.20777432873728685
0.8980969624826685
0.6135125539440196
0.44373975472990423
0.7947622027131729
0.7276210783747956
0.640339851466706
0.21108007448492572
0.39500927962944843
0.36597192360204645
0.31702929895254783
0.35909399681258947
0.8204568242072128
0.6215709042735398
0.9401920659292955
0.03773172592627816
0.6217918008333072
0.9410572255437728
0.03735261136898771
0.12243709500762634
0.688783613150008
0.6595182586170267
0.17806106340140104
0.41194615000858903
0.8096538397949189
0.7204174591752235
0.1436984759347979
0.9990126380289439
0.000495588785270229
0.5017206052143592
0.253076941909967
0.3818243033019826
0.8247206044034101
0.620873817417305
0.9396279751090333
0.5384867937245872
0.37139781581936404
0.8153997253684793
0.10011478399974294
0.7156324579555076
0.14425902778748423
0.4981907347100787
0.7514539644180331
0.128181414474966
0.9437370553787332
0.044763612444512546
0.10261832043761387
0.20284909845213406
0.9298254824243486
0.5356384825718123
0.37378613973851316
0.3131226731929928
0.845424214261584
0.5811942658328917
0.46777326677693054
0.7661133982765023
0.18139666426577605
0.9132083988806698
0.059510042920010164
0.5972001301997807
0.4593383350293152
0.7713155608216766
0.17687274134368636
0.9118097070895601
0.05973546495079063
0.5956210332806222
0.9560995480278507
0.5298849173996132
0.2978038276778534
0.9780817627324723
0.5149913728237152
0.7737698108248878
0.1765926108637359
0.9136645087855868
0.559036886668764
0.8464600423758384
0.08464732865104452
0.2076768164697569
0.8981318903388456
0.6134341745346319
0.44377215136773884
0.7947174239670858
0.7277674124052282
0.1405108417966403
0.46102616979624145
0.26973296399228275
0.9281294603133574
0.5369738808076363
0.37214188219513744
0.8142038363148458
0.5968045711633749
0.9599061566987075
0.5200622998527251
0.8045459610875696
0.7227272579038981
0.1545369833766017
0.9857198500831146
0.01105443129199557
0.5257380584953353
0.8006086061650421
0.23253871843917295
0.3839748484606389
0.3436648560746107
0.3281828344624955
0.33603262758697383
0.332235457142815
0.834371033241041
0.5838520889810752
0.4580740896053612
0.771222356474027
0.6768888292426709
0.16207821425632574
0.9345859226596076
0.03276903132791631
0.6126457268837839
0.951505134726176
0.05647402492468245
0.6006731715460774
0.46553256228799
0.7691954867623281
0.1857757936231792
0.40760051854886115
0.8001367476535961
0.7327446104900446
0.1346128554432653
0.46784994335030206
0.2663196533394512
0.43129431252600625
0.7883220362418797
0.24695251666707918
0.3784930791298393
0.3188406526169274
0.357183203130262
0.3214236573257949
0.37496372702298686
0.8125219516514335
0.09380012730252929
0.7032240333210211
0.1486473832046613
0.488664828997571
0.7567132912517991
0.13726841419702396
0.4648140122008044
0.2675949162512552
0.4365801301319152
0.7818320387741551
0.7362899485451635
0.1357612766441889
0.46343045830144547
0.26840696431463584
0.9361245299514849
0.032181876682443544
0.6108665452338755
0.9485340125684161
0.05711269538733177
0.5974202185170725
0.9591348236135673
0.02098191948607564
0.052013363456353545
0.09902383584994823
0.21617418475216255
0.39192065622773953
0.3704766789160203
0.3147635697387159
0.8514225997496396
0.5899138193635736
0.4553215790365357
0.28064005143824033
0.4221809298032895
0.7898881278815679
0.7320128761930391
0.6342458404542413
0.2180333299911581
0.39104634083923884
0.36795732608879916
0.3181122762616724
0.8565708288224414
0.5722107351466548
0.4990671107079834
0.7505886341677979
0.6269072442955803
0.19048317521810532
0.41269322112202644
0.8095382656902075
0.7221850054629613
0.1467848472238984
0.9902064627385698
0.5049043979961425
0.7632338697148953
0.14975704278913327
0.9915430480323266
0.004228954669088125
0.014495683135464787
0.024002188234589994
0.0526964136515744
0.0986522849125322
0.716360847291071
0.6419417658471502
0.745452533417847
0.627273763064295
0.6951526578341145
0.16804969191434793
0.9162212020019069
0.5423779205593746
0.3538730322616175
0.8240401138900779
0.6192471091635525
0.9406205879349727
0.03802148552495055
0.6216152113629505
0.9412753382639494
0.03717483108630404
0.12229892102186568
0.6893388208409306
0.15926790103549138
0.42842364401440136
0.2857958092354238
0.9997412592638284
0.500131285196403
0.25045698674512096
0.37574854606646113
0.3141417986480519
0.8468392920331098
0.5848963942262344
0.9575527905253693
0.5233064294734504
0.3008470239001326
0.9748377952782903
0.02869444413227029
0.5481843703601044
0.3548159870551899
0.8225996959372424
0.6209277911111712
0.9395399191707838
0.03828671094379388
0.6219776147627272
0.9410254796384834
0.5375458081252873
0.8728630224068183
0.06369103604811244
0.722550984355621
0.646602096123388
0.2394431002321653
0.38077544877887703
0.3252525362477172
0.3687458097410854
0.3197851309669204
0.8557324643188622
0.07317333639366552
0.2446634510124568
0.8778060957847629
0.0689104663033504
0.7314177259977441
0.13625216006767005
0.463184955122415
0.7695080702833366
0.1855737385340035
0.4072746445890516
0.8003995810868219
0.7328569697856437
0.13457907200790942
0.46798976871650666
0.7665010262862779
0.6812638930859976
0.6635203518671915
0.6838801443518605
0.15915963746374473
0.42823269616928883
0.28591423013131134
0.49968217173591256
0.750166543526575
0.6254050411807839
0.18827594924368896
0.9079372844717
0.04994189928402193
0.608360356738558
0.44582007516874
0.8103546012716834
0.2199457531387452
0.8944369139207993
0.12315532405045815
0.6886702943302225
0.1600904418155551
0.42776727909222245
0.7862460676115006
0.7477461217495147
0.12614413691335358
0.9413224627787713
0.0371518129541073
0.6221721174952108
0.43915808291058056
0.28435772797092795
0.9911219209898263
0.5044466763793025
0.2654768580396194
0.3985287521209102
0.36347976501565427
0.8187488793046214
0.6072891193325631
0.946357466862537
0.562236917874543
0.3438820476876572
0.8285787328495644
0.5866872556507587
0.9586786385916639
0.020660695707192644
0.5526590064982884
0.8486724077956751
0.5914147486619186
0.45453688548877835
0.7766692803706974
0.674289400834823
0.1716519919282291
0.9142355234653223
0.04337051961920224
0.6043066974380054
0.9479687217972241
0.5572694547008723
0.8464339390920941
0.08459648783900775
0.7077055786794517
0.14810820345883258
0.9884611590241548
0.006259668676648289
0.01347935778903775
0.5246328836074099
0.8045933780667838
0.22276446904288605
0.4044907357019838
0.36077349149854854
0.8235204653756227
0.11961958644678816
0.19116724797640927
0.9122441647050437
0.060021720186341554
0.09499295460409485
0.7064708087709732
0.654578049259726
0.7363248690380715
0.6357459612190723
0.7133846488140989
0.14332299408852123
0.9986816399614327
0.5007242831634358
0.7515909839130472
0.12812703382223845
0.4442677819170058
0.7934931430500001
0.7303438826056663
0.13482831386500038
0.9640837983752135
0.018454518547514454
0.5611462767992634
0.3446729767310899
0.3296320146182552
0.8392127917031758
0.5803946211235598
0.9686222700111102
0.015689110849052668
0.05490770633332431
0.09804974833969027
0.21763987670419738
0.39118772131041624
0.3691340454679448
0.3193432953848969
0.3559686120133847
0.8239998804638162
0.6193120486277621
0.4408398881787434
0.7873930364730768
0.7480309371603653
0.6259846655593719
0.19094539055367932
0.41240275467862375
0.310529899870744
0.46973555692238733
0.7690728075394873
0.1858372659480665
0.9081809553608764
0.04981768722063862
0.6079341897857375
0.9460982615710236
0.5602760684560053
0.8448773586424068
0.5820171259983908
0.46680823690257967
0.7666264140279964
0.6831541978463065
0.15855284756980836
0.4295126387150958
0.785276165639516
0.7482310587074608
0.6263770583609585
0.19072538046748377
0.912572002998786
0.06033107321127318
0.5948955006315373
0.9569511394947767
0.5293369302817155
0.29795360899879597
0.48017359379446134
0.7599437365133781
0.15176644289749674
0.9866244717268273
0.5155988969781902
0.27346773276804015
0.9258271990402136
0.037208951340289786
0.6222656336321961
0.43938800948671997
0.7842122527072206
0.7408366098243278
0.12982583756092936
0.4526814335840754
0.805031383788446
0.2234630172897596
0.9058771414856892
0.10980944463517517
0.19608722190605476
0.435282538033789
0.28235876170219854
0.9882459063956048
0.013689554471056908
0.024474021891364828
0.5542913112149108
0.3481006383372005
0.3425550738465972
0.8287835578375962
0.08756909862859175
0.21012170068570413
0.8954296069277916
0.11673832152155228
0.6917567327327561
0.17072321102023125
0.41466989554464817
0.7948642848059535
0.727575732889818
0.1402566962351557
0.9613659135648049
0.5202979123569094
0.8044339281041175
0.7227832781209145
0.15473740760353394
0.986138377309544
0.010963073000311852
0.026272241957485676
0.04942588275298476
0.10835144785232842
0.1958547973772511
0.43539973377482966
0.7823153928329702
0.2379932324984111
0.3888196986808907
0.3373894828837365
0.8352191677549854
0.5824209951970261
0.45982900739181787
0.7700855116709135
0.6796702453866601
0.6601648810610641
0.18557701850659214
0.9072727652383037
0.5503929248661734
0.8578622049535625
0.5720759794348851
0.9992446854885202
0.000881197745911777
0.0015735687338747084
0.0033712507865857333
0.5061574238352478
0.7636468878772575
0.14944194254348986
0.9917467907071114
0.5042525194876362
0.2644755412766244
0.3990427546086721
0.86517594839097
0.06741965704713948
0.7320525342074689
0.13421978085534647
0.46805404950282536
0.26611078303540125
0.9304211861162912
0.03674637642689049
0.1222594449063763
0.18937478616135195
0.4092188578506466
0.3033292242907919
0.9735795287124347
0.030819362495094538
0.04721335764043033
0.10237763414625078
0.2007643079268746
0.4311139242781792
0.2883492878463585
0.4965119361586403
0.25272154808044434
0.8815890550613403
0.5748309493355919
0.4957914651313331
0.252112016256433
0.8822602707950864
0.07449680267018266
0.745107982045738
0.12744697008747607
0.44410427421098575
0.7936036188912112
0.23021616550977342
0.8848924536723644
0.589309220580617
0.4553759221744258
0.2812241553037893
0.4219051518011838
0.7891086976742372
0.7305686910112854
0.13496182166272774
0.4642878900922369
0.26786037627607584
0.9374962071888149
0.5312519560393412
0.3593817716173362
0.3203246262855828
0.8711201136466116
0.5645010454172734
0.4756921542866621
0.2780230671924073
0.42547307020868175
0.2950778880622238
0.9779572050319985
0.5149286053783726
0.27392308600246906
0.9265155037865043
0.5386991878331173
0.3712831566517707
0.31486220011720434
0.851359903550474
0.09006723773200065
0.20545561652397737
0.4060917727474589
0.3594543540093582
0.32052506983745843
0.8714758064015768
0.5653018401935697
0.9751654095307458
0.028301813959842548
0.550304367498029
0.857690863602329
0.5721922859665938
0.999067991564516
0.5005880747339688
0.7519051961135119
0.627984171413118
0.1939467910269741
0.9189110341540072
0.04249773084302433
0.6038200525508728
0.4491890854551457
0.8066574316762853
0.22173637253581546
0.8970663879881613
0.6142196563305333
0.9448432973294985
0.04326440137811005
0.10446646192576736
0.1977820911561139
0.4324201087874826
0.2839158464339562
0.9908545767830219
0.004604184941854328
0.015276036254363135
0.5236808849440422
0.301148317696061
0.9754043706052471
0.027926867915084586
0.5507414761814289
0.857442835229449
0.5713396212959196
0.4996085396851413
0.7504551910387818
0.12574908617534675
0.9391434471181128
0.03433458603103645
0.6161420751304831
0.4419290818623267
0.7967513909388799
0.22662528810906224
0.8869353117188439
0.5882785006833728
0.45689834823133424
0.7793652965629008
0.17307675135089085
0.4178566398622934
0.291103166207904
0.4796926785784308
0.26065004817792214
0.4009860413207207
0.36225207362440415
0.3267188965983223
0.36801286041736603
0.8179505094885826
0.6069015749089886
0.44655016632168554
0.31194615102140233
0.9690274017921183
0.01659256502171047
0.5561570884601679
0.3508448870270513
0.8402331355318893
0.08092211032635532
0.7173533531022258
0.6415827563614585
0.7436627603019588
0.6321053892606869
0.6996334634895902
0.18241746060084552
0.4089136100956239
0.8033576025336515
0.22335172002203763
0.4059060871368274
0.8596080074203201
0.5706852609873749
0.9968991947243921
0.5035362058551982
0.756288538192166
0.1384649535175413
0.46215491194743663
0.7733191097504459
0.6758480744902045
0.6623356313502882
0.18494594426010735
0.907561367697781
0.05012582038762048
0.10775149715482257
0.6971046623657458
0.6866043956251815
0.656943910260452
0.17348140920512378
0.41722755099181086
0.7918746249633841
0.7290798540925607
0.6357347619195934
0.21338309586280957
0.39332473182003014
0.373680651653558
0.813222856959328
0.5953417002747301
0.4562507261580322
0.28020605494384654
0.4224007891898509
0.2908900632173754
0.9834621722984593
0.008520691306330264
0.02895827655447647
0.04808380609028973
0.6053603209147695
0.44735143045545556
0.3078222568437923
0.47157721253461204
0.272086956363637
0.9267006643058266
0.03861832007532939
0.1214383908372838
0.6902611967816483
0.16271244990639389
0.43451386934611946
0.7847133639152162
0.7405781416455284
0.6306884472433012
0.20031326834578067
0.43133750691777095
0.7882456064980943
0.24700574434245937
0.8784513266291469
0.5687165401468519
0.4822433226800058
0.2588955662504304
0.4059526076016482
0.3595547055010684
0.8207118821737822
0.12187837372766808
0.19113601589924656
0.9122616889071651
0.5600434756488539
0.8449787988211028
0.5814483236754313
0.9671512955974322
0.01740857434924692
0.05773295817198232
0.09638154329149984
0.7096369873615913
0.6451824641553685
0.7418619004020002
0.12906928843585774
0.4515786374977324
0.30643730334122665
0.47580978795303963
0.2782084023929201
0.9253795009863097
0.045366893958998844
0.6033007747028023
0.9523168987652753
0.05558180625666864
0.5991660366707947
0.4661645327578299
0.7669196484202985
0.18297707792953588
0.9085152757179458
0.05454668725724332
0.5977276174817234
0.9670358504226897
0.01697059444268234
0.5579285822750535
0.34605102747445926
0.8357655753206927
0.08214774492080323
0.7091708045918494
0.6459105121030007
0.23956098619964905
0.8803416378505062
0.07545824162662029
0.2435895735397935
0.38211194379255176
0.8246949280146509
0.6198868480569217
0.4400880546600092
0.2878333822300192
0.49670878757024184
0.7536159124865662
0.1310351814609021
0.45059665164444596
0.8059688403154723
0.7260441404068843
0.6526038834999781
0.2372376233106479
0.38919750397326425
0.8367890688532498
0.08356049814028665
0.20847164388396777
0.895780398423085
0.11467086573247798
0.6926686222141143
0.16941277409205213
0.4152940900239628
0.296289726276882
0.9769172453670762
0.5125255710445344
0.776970886887284
0.1742625753104221
0.9216731528285891
0.5392864634341095
0.35584504951839335
0.323084795702016
0.3697076058597304
0.8153980269271415
0.10011360759381205
0.21563115360913798
0.3942634932755027
0.3731964973558206
0.3139530049811583
0.3469376157736406
0.8343751642969437
0.5838538897805847
0.9580735340132378
0.5212245546281338
0.8018878419243265
0.22457583909272216
0.9033389880205505
0.6108994107926264
0.948579568619607
0.056964090443216264
0.0975026244414039
0.20906120268045925
0.8957155660609715
0.6151343166129664
0.9424941232136916
0.04462398635223508
0.10270332708023489
0.20304334827233106
0.42972929490497336
0.7852574545249809
0.24824065188295208
0.8763989580911584
0.5657067858264782
0.9750889262068085
0.5290571072837338
0.7979888509435114
0.23043062427313998
0.3847847474680748
0.33891878271242604
0.8306629322760273
0.09274091021507047
0.7036296121659689
0.6502034076256678
0.7414266183914151
0.12978308222955093
0.45274762649205513
0.30512140129576437
0.4734311243519187
0.7809865702874959
0.6720067763526458
0.1645158875908237
0.9187186340568587
0.5426635454350617
0.3536682312260382
0.8236542326922063
0.11942300331429578
0.6913873732846696
0.1621192977472674
0.9345968829002231
0.5327625974605326
0.36265491964877583
0.3264855169982184
0.36901623648009263
0.31939838506514207
0.8561737648851704
0.07387390173971653
0.24437509756535292
0.37830073991790414
0.8186776570510119
0.607293253444368
0.4463576796988491
0.3122368398180697
0.4688817030109931
0.26607820074423216
0.430437941045966
0.7868028860830236
0.2472237954789307
0.8768782948027365
0.5654710439266637
0.9751990488439333
0.02827058476395905
0.050348350196145475
0.10776066716061905
0.19710433515137993
0.9366040833410807
0.5319442465552129
0.8609810056514107
0.5734768493566662
0.9949999767413829
0.0025155125476885587
0.5068294094817247
0.26221464661648497
0.9021110623434652
0.11147502003586851
0.7026243659784086
0.6799455665168352
0.6610345370718278
0.6871238289750181
0.656682349042967
0.672650661697844
0.16574986538034864
0.9210351395595353
0.04000122903380543
0.10695346602005884
0.1965862132201437
0.9369854525721166
0.031523488025413826
0.6102759133500513
0.44681707659037784
0.8118736116157379
0.21906367311021313
0.39147715832223184
0.36871466515003704
0.31979688786668703
0.8557341854611877
0.07317146277637221
0.744664268597262
0.12780544077395461
0.9439097798313014
0.5439186036819592
0.8550014563079458
0.07256032235454768
0.2460685033001937
0.37698106697644107
0.31938312924467027
0.8560593203874305
0.5741676357283723
0.4941977139096707
0.7530232208082452
0.631552927865414
0.19984901475254446
0.4333415750297718
0.7833294811716769
0.24165225683827884
0.8792044041620102
0.07712336996337399
0.2427035738073755
0.8806629172468092
0.07541942660463974
0.24402856981032528
0.8819224863837007
0.0749079053348396
0.7457568166137207
0.12718265861622058
0.9447113592759706
0.5433036602917127
0.8543252096278593
0.5728393193276133
0.49507841508602723
0.752460793388309
0.13164409410092048
0.9499250269727781
0.5582580165646505
0.345932028722018
0.8353348264936358
0.5823632245010231
0.45979520355467685
0.2701105064188596
0.42964207945624366
0.7851799141790252
0.24809798959176987
0.37607332138577476
0.8161289889540058
0.09974806557875127
0.21630409831414
0.3918480851862114
0.37049079046119004
0.8147698677494191
0.6014351304620504
0.9649084033735562
0.0177976876439061
0.5619176769978367
0.8441022264305502
0.5789292649424169
0.4625190119550098
0.2728918384236749
0.42606171109946445
0.7880832744704094
0.2465838416828774
0.3786650784604717
0.3184878286847379
0.35688464081613347
0.8215901049843524
0.1244832715310622
0.6877664705680218
0.157154364453163
0.42337701565702446
0.292355075100204
0.47882439981913194
0.7615720525209326
0.15047971133026294
0.9875042998464778
0.5145525657280814
0.27403476065956056
0.9276885279687122
0.536186254088534
0.3726540782954544
0.8139325986849144
0.5969404317147564
0.4594071414321661
0.7712731109932065
0.6769941128150094
0.16199128454900347
0.9346450970624574
0.5329530633171089
0.8624336531502195
0.5770996902720071
0.9927326097968034
0.5057091292692348
0.7627790259139147
0.15010468749096617
0.49135438495432027
0.25487308143056
0.39014170347945765
0.8361948848178145
0.0829096693196334
0.21056337884510867
0.8949624595697969
0.6160111279750708
0.44211746045039035
0.2965232401911635
0.4767694358888548
0.2621054780902341
0.9012348888791166
0.6118826188612729
0.9521305900125299
0.05518484002095647
0.5993950373667758
0.46598851832095534
0.767494979489129
0.6826606754912063
0.658791985915741
0.17866446444531903
0.41069835241069086
0.3123519728833344
0.4688413028488867
0.7658234966511372
0.18007704001502134
0.9110000350337941
0.062080074538243935
0.5942193630617112
0.9538673727365676
0.025050911732250825
0.5539419559354428
0.3485254099650774
0.34334595248219557
0.3285721479624044
0.336692399578169
0.8336682136869058
0.5831668477912899
0.458920145931188
0.7705418942205142
0.17735876003280282
0.4115652672480792
0.8098576270276681
0.7201933164324146
0.1438134069321677
0.4984364482224919
0.7518203274521511
0.12799799733329564
0.44407290866365656
0.7935890374064911
0.2301900795137044
0.8849050794378854
0.5893548831227235
0.9553225886775181
0.5311287218646612
0.29693755408516154
0.976779416698264
0.012106204259907827
0.5262355125159957
0.799382243945729
0.7333809133851901
0.6333097817550879
0.21658256684895605
0.3917698718723841
0.8710105508507695
0.06449666566913947
0.22568629708257504
0.9030302846513223
0.11296853190287948
0.20132847246713936
0.4310897843679413
0.7883623710949905
0.7465697078150697
0.6276996061787941
0.6939932146924548
0.6686913504963741
0.6676074805145618
0.1662119990796782
0.41741281442227773
0.29129752854350954
0.9804653731989674
0.5097682675113901
0.7763735552725848
0.1743284811382182
0.4206806992588099
0.28972068551229313
0.9821008922008332
0.008949561335612088
0.031170824397122487
0.54691649886081
0.8516638508881442
0.5744132302934304
0.9945621837105136
0.0036956052063032985
0.006094635522458702
0.013065967446891591
0.5247341898502782
0.804069673147751
0.22296565514989197
0.4051349473884329
0.8599326492403634
0.5722633733530529
0.9990245940280147
0.500491998216603
0.7517148150946014
0.6280643414938822
0.6942996198486071
0.16847900522407144
0.4177747776848264
0.7912368272372987
0.22988515644101426
0.3851185766106937
0.3396751494437922
0.3301934197952505
0.34296189952874556
0.8290228289260995
0.08744172635488212
0.21031139104161412
0.3948443063418381
0.8660859103838447
0.06695901593775488
0.734350625454681
0.132840914739063
0.9648906972142868
0.5176810174016282
0.8117161617556121
0.21966095658717677
0.3921231240092311
0.37047444822383113
0.31476301440852694
0.3514247367857024
0.8399127508164383
0.5803192403982393
0.9681430981727317
0.5159363192215096
0.30552463117055595
0.9741909286240116
0.528808487317292
0.29809578612912446
0.9798585995449685
0.5100711770355701
0.7771919872902799
0.17390591380535625
0.9211077519576065
0.5399344052420929
0.857055574626429
0.07171641290187836
0.24929828196763992
0.37547343596816063
0.8132407981902361
0.5953652775206137
0.45628464649780653
0.28016276651760563
0.9224491641216446
0.04097280287533067
0.6084277314948849
0.945847169845365
0.5604035810974892
0.3448020241339691
0.8317803813552018
0.09192423155764118
0.2045415437023621
0.9016659961780533
0.6117929167521652
0.45290786382975057
0.8048580643662717
0.2230668935808353
0.40506835459382273
0.36008980407495983
0.32190828266902827
0.37423656781902537
0.8133699973404873
0.09533014692715369
0.7064872841001488
0.6545843590865843
0.7363064830424264
0.6357569428801071
0.21340205357410014
0.3933610225794837
0.873755966371391
0.5631374099175446
0.9704464088426903
0.5186906791932415
0.311486205086112
0.9692588048055768
0.5173848173872102
0.30783603093004785
0.47158553946064785
0.7720808250305708
0.17670754651771858
0.41362998852855526
0.30893303063930944
0.9715177063771989
0.022054183471482247
0.05171705680550076
0.6010946263850201
0.4651387835328933
0.26852924103150144
0.9360631534073036
0.03202945843804628
0.11106431478401646
0.19837409260799177
0.9325827063003089
0.033708647068124264
0.1160270799009595
0.6921090081159491
0.1715255898598116
0.914302293327637
0.5433371499821078
0.35431669070385396
0.8228569171624258
0.6200657123408746
0.4399977228604257
0.7879358280915767
0.746664968697587
0.12886478126165457
0.943382080149604
0.04399511427618563
0.10312499839346856
0.2026041634962894
0.42994791848468594
0.2860677068820223
0.9995442715589888
0.5003580742632039
0.7507975253392942
0.6265706353005953
0.6908650748082437
0.6624125218368135
0.6855173718649894
0.6572453709377442
0.17535223651793785
0.92025898952852
0.04085088241845369
0.1084884530864656
0.196000897558406
0.4352064946433529
0.7824580262531526
0.7381731484201737
0.6387565029435791
0.7121177985682152
0.6483356468379498
0.7383937184058595
0.13104728152393363
0.9506050261552446
0.555947725311853
0.8510582891467493
0.09009597462136298
0.2059600469074212
0.4048954497848172
0.36030410483363084
0.32183207443449646
0.8743661275948398
0.5628321968251839
0.9695614177908283
0.017180045950226486
0.05806060606846586
0.09597160454723053
0.7108681696699932
0.6445660348690581
0.24035528022795916
0.3800665601156652
0.8260819122660905
0.6182128585933242
0.444929998164298
0.2934041416447144
0.47930703626479954
0.7604685521801002
0.6510198077303357
0.7370587606565095
0.6392836041632108
0.7116120279533789
0.6461548615188804
0.23943878192221746
0.38076892102253623
0.3252448907296639
0.36875726224388927
0.8197717893053778
0.6057734981295653
0.9482120047905482
0.5571449663839303
0.8464904602151364
0.584693400800461
0.4576685583742801
0.27318089609616436
0.42591718505718745
0.2875603408610914
0.49782330126618035
0.25114963049418293
0.3788197318208404
0.8184179524832871
0.10653809801442549
0.19697902552434243
0.9366743670834694
0.032213116326602176
0.6108504421717953
0.44851179234683514
0.8070551687851548
0.722456611256348
0.14670627968735062
0.9896370496717282
0.5052120001637377
0.7630232916562818
0.6497383709065616
0.7415371837851126
0.1292316475592088
0.951986217405647
0.5552569546562154
0.3495690268173348
0.34084050240926445
0.829641260788776
0.589207691809861
0.45541153207886964
0.7810835390700959
0.6719620749354362
0.6642632223956753
0.16836526812403463
0.9168550234171562
0.5415729692904279
0.8544891272613313
0.07275746314553544
0.24487889828742482
0.8775763162702788
0.06905485954484902
0.7311014519655146
0.6364634343772195
0.7130193575285375
0.6439938650291879
0.24834802231634967
0.8769246821757406
0.5654520226235036
0.4751475242956076
0.27817438475904055
0.42538119151140563
0.29536798293702304
0.9783002618933097
0.5148176385264378
0.2743332771351561
0.9272866093670018
0.5364797192742117
0.8723851710674353
0.5638384703197517
0.9719870224944316
0.521827602526173
0.8025780833850149
0.22371119717718102
0.9040216650173534
0.11048916759318672
0.6992120564100333
0.6816458809771575
0.659192348306533
0.678246903931722
0.660941405367339
0.1872296122892294
0.9064014100295026
0.0473486412956845
0.602304209722206
0.9508353543060366
0.05589384972699918
0.601449543988565
0.46493468040716834
0.26777680797385983
0.43691333138849586
0.7816062768106349
0.7351736624841578
0.6343815525178798
0.7182096739416011
0.6409294952754863
0.7431340192561038
0.6303870690171607
0.7004944116924889
0.6811286865849979
0.6633576581371017
0.6840091134072281
0.6589797583292238
0.6784456447931007
0.6607810225978028
0.18721837061457336
0.40639272949192673
0.7973529665614478
0.7273005578899756
0.6383181123237591
0.21212158107664436
0.39833780872868374
0.8633921307919081
0.0685490922187455
0.23185399392968975
0.8840750379604287
0.5932408013031818
0.9533798528718762
0.5243176309159026
0.8023553782550152
0.22407431929605082
0.40361835886142217
0.36081485968315974
0.8235141983896028
0.11955442768521607
0.19120322295930237
0.4123332009767182
0.8099467105639633
0.22005716321291402
0.3938776758441236
0.3733812916907482
0.8142859320214484
0.0967651913233567
0.709677863487741
0.14516155276214704
0.49193529205513187
0.2540324770088773
0.3891132556600496
0.8377004839130677
0.5851802243269049
0.9579134315717965
0.5230575710593257
0.30121940912795253
0.47539739051717333
0.27804944838862866
0.9254360339255072
0.5451555481995456
0.8529105685884133
0.5774663437332492
0.49254736106377095
0.7547066966653802
0.6402400393853895
0.7113750745775178
0.6453195507347118
0.24191565834917128
0.3790498011512682
0.8266494772979058
0.6189038506126963
0.9444695983547717
0.5439095361216459
0.3549993143242318
0.32256903729285114
0.37106465152464807
0.8144714963855222
0.6006454466551077
0.46542536397464573
0.7694883983349428
0.6855761845072266
0.1572729428880848
0.4253937881148886
0.2953635612502694
0.9783258396200836
0.5148673078801949
0.27431989458273165
0.42735422775149345
0.7865708712488413
0.7473700819828082
0.12643799054785632
0.9406948843388818
0.5375263332389295
0.8728388764720876
0.0637179505720269
0.7225357952993363
0.6465484319778625
0.23947803271585144
0.8807645236665849
0.0753058003319893
0.7438488698389847
0.13201260191272013
0.9501112718135118
0.558162755361991
0.3460409460531082
0.33577669778605923
0.8321116809092928
0.08418925394653343
0.7083936619455926
0.6458663499215618
0.7395668269309681
0.1302319086389616
0.45050916535547003
0.806030004780041
0.22589124771184288
0.9026799135026522
0.6121375612565316
0.951745641825255
0.5556251641828567
0.849141023500124
0.09111749034491368
0.7045635645918082
0.15164069505408406
0.48674080870114267
0.7654205654980615
0.6486656325578224
0.2386559417936951
0.3816810845164582
0.82478469616035
0.6210587324458174
0.9394707534229383
0.5381467424740549
0.37167373072588816
0.8163609369366895
0.09963298891671002
0.2158714778488502
0.39218639192404225
0.8705729377397802
0.06471356115071103
0.2264973743876908
0.9023763127916027
0.11144207985489629
0.7023356009158306
0.6805867085931823
0.6616598005348351
0.1849193197558634
0.4075403401220683
0.3001704722701106
0.4827273839910049
0.25961383918183856
0.4053512382088229
0.8600725783617236
0.571916836022865
0.9992675172397867
0.5008545226592105
0.25152598472777754
0.8783876404049806
0.5686191868735477
0.9823539579228964
0.008825055265333503
0.030881051468895748
0.5473041085933801
0.35232835268834606
0.8259187678049784
0.11829086986836046
0.19526626338483766
0.41802244921564125
0.29111191880656406
0.9797053548099939
0.010635663435095921
0.5259942781704012
0.2997489237750415
0.4829533569572959
0.25864551941049285
0.4038841800938826
0.36083259840961546
0.823490965005476
0.6195216910564341
0.9412465029745363
0.5371902040205896
0.872275960893603
0.06435033070738427
0.7217926003504544
0.6471613537578378
0.23893458282691427
0.8824860870081466
0.07438577304128557
0.2445459013688378
0.3787055196298752
0.31858187753823586
0.35682627742062323
0.32161738257855177
0.8743485794402659
0.5628276176576037
0.46956287484499626
0.26717264496255666
0.9330640984117053
0.5334700965322554
0.8671150568698067
0.06644260577741079
0.7325412664795294
0.6339739917020779
0.21866136544849724
0.3906770658795722
0.8672837795165833
0.06661942444043234
0.23280362956575118
0.8846368594677188
0.5928397278185003
0.9538395652780309
0.5250334019947331
0.30392388871405274
0.9735264561022632
0.5308768876129761
0.797307633998571
0.22733806807082146
0.38840663811424747
0.8370505107741337
0.085900062113069
0.2070518800173886
0.3965351100487169
0.3643550228443928
0.8180818879918661
0.10658418288221583
0.1972612780809868
0.9365256278251763
0.03174588835099712
0.11109543984639458
0.6983890779083595
0.6826048380171414
0.15870533703127876
0.42849058771389537
0.2858176826266572
0.999669402895961
0.5001805575448088
0.750398002914153
0.6257813767006155
0.18919213820481673
0.4093111348047387
0.30367954703979194
0.9731604648986831
0.5310608369472902
0.29709552612621337
0.9769562542787753
0.5125613936688751
0.776930325810099
0.17431045314879157
0.9216376655094791
0.03919693277566694
0.6059222400072031
0.9480155099881813
0.5573119824694004
0.3463440108462237
0.8346405579068232
0.08267984035774134
0.7106134509085678
0.6446937513537705
0.7406424207438249
0.13065535222995095
0.9504196479683742
0.5565289350633975
0.350672333559487
0.8405332124966662
0.08169414999429137
0.2170265234890394
0.39197704652906395
0.3704520757601131
0.31477449866360985
0.35140372143359855
0.8399269856454339
0.08028070762520656
0.21816138483700342
0.8909804620489012
0.11798823974095285
0.19297429372090846
0.41938247106736526
0.7903403027739841
0.2338581699586939
0.8830787865445018
0.5907486887008417
0.4565807477047201
0.2796596955158748
0.9236476835503709
0.04209015774540603
0.10421432054135948
0.19789477688027546
0.4323712761106435
0.2838149058225099
0.49090886177145876
0.2545532003568951
0.39031774099566974
0.3360911374038551
0.33244678055052646
0.3347608035837766
0.33274221239844337
0.8355858337308746
0.08223760488908738
0.2093704399303533
0.396354300173698
0.3643230887828395
0.8180988422245719
0.6065756983007304
0.9472328588599339
0.561539883929072
0.3442953851772472
0.829927510174457
0.5889503778307699
0.9557694303803146
0.5299297219899017
0.2975964136130642
0.478155879303813
0.7648436287418008
0.6493488955602515
0.23977867732173763
0.8802408388000913
0.5755045805708505
0.99351404159097
0.5071492296410725
0.7620828399376478
0.1511852023540996
0.4869116978079546
0.26460842121741734
0.3989459104486741
0.8650414435833227
0.06760138203389943
0.232328325859271
0.3838968731579371
0.8434558898152318
0.07830281503265724
0.21133785721031018
0.8953153835318517
0.11691799713298678
0.19155631982721388
0.42039615742396563
0.7907823301502503
0.7335456027067266
0.6337774724233896
0.7163220256625209
0.1418697440822143
0.9955367047514301
0.002231707680039108
0.007810776180122048
0.011720103881089017
0.5253937627421692
0.7998108714527916
0.23292327672243118
0.3835689090192318
0.8414840567857027
0.5792579790868331
0.46478083039983176
0.2676096464856528
0.9366336809762288
0.03193518295302056
0.6110170049942099
0.9484016255009919
0.5575532041548286
0.3462253136385698
0.3348296621988993
0.3325861379271373
0.8359194563818164
0.5820405139238574
0.9590140755171888
0.5205545412609354
0.802346707059769
0.22407460364047438
0.4036182194831781
0.8608139221614692
0.07351646994356997
0.7445530405675527
0.12870102567831054
0.44358608426409774
0.2943202470196411
0.977874745207373
0.5149688794626854
0.7737655751407146
0.6765938047610689
0.16365628232597373
0.934041126340162
0.5339562377193943
0.8658954479906242
0.06705275282729417
0.234067011566367
0.38296662087668665
0.3402590240293648
0.33085471362574026
0.8425082863832358
0.07874967195675708
0.7126088671211619
0.14760384496184997
0.9892474088119343
0.5073296595073771
0.26197543274611235
0.9012699001468718
0.6119299072597641
0.4520917168993037
0.30522136914078146
0.9744646299513988
0.5283931771991774
0.7985790829116013
0.22961671248776838
0.38568782262154855
0.3384213479293976
0.3309133111324627
0.3423558603681158
0.32909723464399576
0.8374045114032924
0.58521263700095
0.45740894132177345
0.2723027435131371
0.9263488685246557
0.539030945074046
0.37110954281524755
0.3145082902919967
0.350684243690921
0.3405425234232098
0.8316837715683505
0.5920393421256449
0.4544690872426145
0.776675528526539
0.17416988001787104
0.9217203368025366
0.03913986138650216
0.605678263498703
0.4476491569366772
0.30847114135394804
0.47076442930847406
0.7726755025796592
0.6766524447884876
0.16369178329478018
0.9340233122929931
0.533973489451455
0.3659632204507943
0.3170188665972091
0.8590772750030737
0.070476621738635
0.24650020973058417
0.37772693633451127
0.31907116569345817
0.8560903708275873
0.07393847309867851
0.7442810018546879
0.6284169534046669
0.19360402339952998
0.919801581534557
0.5401030314096715
0.3591067727538757
0.8204618766030762
0.12157030033995397
0.6901990716287401
0.1627439588191919
0.43431787836016156
0.28479430501465686
0.4904315768217202
0.25530307000735775
0.8879753725777846
0.08739964326377958
0.210206906136591
0.39490036162897013
0.36603413050761446
0.8169984319538344
0.10932498690090142
0.6953681433224119
0.6836889599799179
0.6584072900004685
0.6790973765600938
0.1605128238152247
0.9363452106481418
0.5318428928439971
0.3612758340896107
0.8233031423005741
0.11972050287295133
0.19038400886347517
0.41262073584948666
0.30937617397285067
0.47238806571112946
0.7716338600439485
0.1772342946496792
0.41139048952027224
0.309960764774587
0.9700844693288673
0.01886413464671932
0.5608966460567899
0.8455282692448236
0.5811746001127176
0.9674693484557793
0.5162696471379604
0.3063259329064749
0.9757433431514073
0.0282569877745118
0.5503248846507631
0.8577759426552802
0.57209628392593
0.49913957927492447
0.2506782933778595
0.37662971392273903
0.8155933152884245
0.6005043918557931
0.4653737615735736
0.26938832964515314
0.9356188427482266
0.03246523693087511
0.6131629334995523
0.9512386626738589
0.05589018913451582
0.10144967882661149
0.21493452313006856
0.892777355882572
0.12441401820979081
0.6878579599433579
0.6570475994958542
0.673445537686348
0.6674276218109298
0.1663188525417354
0.917939206759911
0.5410342713585123
0.8545516481099185
0.07284721481846645
0.2450743479130324
0.8774706975673325
0.5691381863434799
0.981179952446837
0.5113669634447433
0.7755975128966384
0.6751914325868711
0.6702779390325304
0.16583759483182803
0.4210027451335918
0.2897427680436522
0.9821160741848871
0.5089419647993054
0.2811745064682327
0.9219146541145165
0.03916880485485308
0.6056597381830215
0.9476899430446792
0.0583834984281566
0.5959380848216824
0.9603326929500327
0.5198489160684403
0.30358286789851263
0.9732123816793319
0.03123187000164762
0.046885972580639645
0.6015875461744145
0.9492682460404467
0.05674564000219107
0.09687155904248357
0.2098998276051134
0.3950500861974433
0.8670502718887292
0.5664751033764333
0.9826626131834928
0.009157928318018094
0.5305850418808404
0.29722273783409037
0.47736711768084206
0.26330011352547444
0.39984456115053035
0.3664916146371979
0.3168925947684329
0.3581552669638768
0.8209262445452623
0.6227477517677471
0.9386423440591898
0.03507335943868384
0.11527987525914796
0.6924821327847894
0.16962861159117892
0.41521716545685194
0.2967859655036591
0.9766146764450241
0.011814732191851363
0.5256040004896931
0.8001862814417109
0.7327808862028178
0.134587102860678
0.46787998764193617
0.2663041616906412
0.93133209910593
0.03824116155738011
0.12200035990099423
0.6909530065022409
0.6624752332281787
0.18536396088893525
0.907318526180461
0.55049208496348
0.35756849896279164
0.3217688826553058
0.374272292945534
0.8128810345660895
0.5945666838961188
0.4546707367117051
0.276816959871212
0.4240917584684212
0.2968051805801224
0.47659754380583763
0.7618404645472765
0.6505739158310462
0.23770181517465971
0.8889625481679104
0.5878693852573633
0.9599753720976878
0.0200433382706251
0.554494398587849
0.847874938044697
0.5921911902551074
0.4549420044932049
0.27643912576604635
0.9245550957857631
0.5455360324122012
0.8522396132175345
0.075848594045965
0.743325732764788
0.6327355396642815
0.19925735029391944
0.4317443637410179
0.7843739275704138
0.7411443424643949
0.6294283060997259
0.2029936753679067
0.4297542351996526
0.7853822827455588
0.7484221715130843
0.62679986882722
0.6905064431484789
0.6628043727541808
0.18422475122497417
0.9099018450651783
0.05286206185701303
0.5990725388983265
0.9661194884392899
0.017066140775568783
0.057888975308742374
0.09611845485051163
0.7107374794723
0.1447543142712675
0.49061500214156695
0.25569981752778403
0.38777701440267265
0.8376056334236637
0.5851039120170753
0.4579973603831604
0.7729545682086609
0.6760382130742073
0.6629880033724476
0.1841959674784448
0.9100992895546369
0.5527791277272627
0.8487325083406176
0.09150492813205346
0.20427805444342084
0.9022595646965783
0.11138549132738262
0.20224236295325682
0.43038154966779985
0.28676238041953184
0.49730538509902544
0.2518365424766671
0.3780032533686608
0.8190860381582752
0.606085797509877
0.44892554462421685
0.8068197722896002
0.7220784099772573
0.6467811628535856
0.24020853205001913
0.8799129597027786
0.5757298020762391
0.9935081527219154
0.5071542004006915
0.7620784327154979
0.651191698241746
0.23691941337892786
0.3895969639706891
0.3364820951828733
0.8338342743809335
0.5830907305935398
0.9586988070223015
0.020652623032219708
0.05272300908109173
0.09863874132861383
0.7163213650637772
0.1418698985944502
0.4955361505562905
0.2522319326235447
0.38281139385071583
0.32421930410782807
0.36914250114932656
0.8154325641226023
0.6001039088296238
0.4655884272942785
0.2691913516318891
0.4357780996069778
0.28260782206780277
0.48763291706563905
0.763996522029629
0.15022925537778065
0.4912917415203992
0.2546001771988813
0.39027806618832983
0.3361724788846914
0.3324030625226442
0.3347902900131885
0.3326356128382031
0.33588327761390246
0.3320741643256042
0.3340868954837788
0.33320069484761916
0.3339194087893702
0.8330403032887261
0.08360980136785656
0.20843971864087507
0.39579733661958016
0.3647236408723984
0.3176391406741459
0.3568379152275156
0.32164208125323057
0.8743433156050742
0.5628588598046917
0.4695482055831235
0.26719618833158165
0.9330523262615316
0.5335053676972166
0.867160363792209
0.06642756669316441
0.23247320734662935
0.3838854964415077
0.3434731437882874
0.32826344299246557
0.33642188654630445
0.3327656194451265
0.8355780643469188
0.08222646501963027
0.7094075035711285
0.14627281069988385
0.48949377887765877
0.2557413917966187
0.8877706525381655
0.5876393319631461
0.46008849181816913
0.2704592950467486
0.42925447385641746
0.2854986517922953
0.9988676225184463
0.5005683344788849
0.751920744572999
0.12794599702465348
0.9439045902108774
0.5437948059698101
0.3550638282322325
0.822712234192295
0.12087151827290654
0.18962529278360307
0.41349010181147605
0.8088953275582753
0.7216514467727393
0.6469953913765494
0.2390633394534234
0.8825437719060574
0.0743688496586401
0.7446149522147607
0.1286729029379785
0.44350658101029694
0.7944219795754179
0.7277966731635388
0.1400386694003828
0.461295992921805
0.27032856788719073
0.9293042230128776
0.03559226752258837
0.1238402685848996
0.1882019360200502
0.4078522838826757
0.3000413820846006
0.9832805838086642
0.5083759207627736
0.7792899429332465
0.6728569377737585
0.1674930696899537
0.9162844600214157
0.04289924938348122
0.6035506147600245
0.44836393278092146
0.8073121816851199
0.7213443860237021
0.1471412775281351
0.9889313877793029
0.5074912463023793
0.261879914207384
0.900800233357586
0.613076460751472
0.45140018488746136
0.8060382521362044
0.725918595388066
0.6526676263893023
0.737150617147563
0.13923817535396665
0.4618789877858944
0.7710141153947916
0.17706166667630896
0.41159147725556977
0.3098311837238725
0.47014937811763957
0.7688315609411802
0.18602740293135867
0.40796286103432067
0.29994032424292527
0.48336162843042985
0.7583230621821713
0.15410263650119305
0.48557173553854227
0.7616239259950817
0.6505012328561861
0.23750115462462418
0.8895807513035834
0.5864634986792225
0.4588588315236848
0.2705715378979221
0.9274660327355377
0.5362824808107689
0.8730349875695538
0.0634902622550726
0.2221925901249051
0.39678106969222426
0.865208336384967
0.5674130315019283
0.4819795193907339
0.25913278848747723
0.405590811278671
0.8597371422220021
0.5711079914181028
0.4976572662417311
0.2514307682577055
0.3781918865861371
0.818785221723374
0.607209074543789
0.9465194478689227
0.06238889115047641
0.5938360758300405
0.4533270717365667
0.7738324064412154
0.6766216330579482
0.6636466083582491
0.6840764136577491
0.15893859454081394
0.9283513396803755
0.03583959091338329
0.6246908811153844
0.9376545599370729
0.03166888398118317
0.11014259734656662
0.1970210963045247
0.43664594026631676
0.2821662657079287
0.9858719609619584
0.011096154747065157
0.02571004375931807
0.5506520583003294
0.35748850111849606
0.8215151563053951
0.6248872222786304
0.4375907248468138
0.7814492701727431
0.23476558516267687
0.38365873898146674
0.8413737634255085
0.07957347136107273
0.7141195153526496
0.1429729056544602
0.49986364669166505
0.7500720509560779
0.6252387524291407
0.1878698745276779
0.4070492546306923
0.798443999083247
0.7299288678914309
0.6350699654140044
0.2148138886259403
0.8925949651165865
0.6240798709914088
0.9380826191336382
0.03316358555457555
0.612324578280095
0.9517131535685621
0.5555157654453069
0.8492114547698293
0.09126341415685602
0.7043702022347134
0.15178600244689733
0.4866074835299514
0.7656245571852196
0.1484378574823495
0.9882820249185897
0.5058608950930648
0.7626986060058698
0.6499083273520228
0.24146836024010554
0.3792963376909029
0.327018377603963
0.8677410496165976
0.5683429570344742
0.4814536481280811
0.7593056017940398
0.15556449914583936
0.4848441423091572
0.2585544950561598
0.9039565296261571
0.6105830105952919
0.9491106628265698
0.0567252020991873
0.5968834469094872
0.9598590615496505
0.020131988771026954
0.5546312721562572
0.8476997456164099
0.591897436126601
0.9542992688948289
0.527275533619104
0.2988631910411641
0.9835202079848386
0.5084840368363075
0.7789615875808522
0.6730201673635747
0.16788647434441373
0.41606058171601035
0.2920922860794235
0.47919990503578447
0.26043062488315627
0.9010386219306383
0.11199596271035261
0.7018155320256483
0.1803498670924455
0.4117783106630668
0.8097530117374845
0.7206120435730554
0.6436011820915155
0.7486358945025131
0.6259300230012741
0.18901913979789242
0.4095206577621866
0.30306755666970275
0.47444278438342735
0.7784074392693583
0.17354042097576894
0.917144652834395
0.041976990905823186
0.6040117505181115
0.4480251340428367
0.807299483276438
0.721357895177789
0.6471338211267721
0.23893500049598515
0.3824856396531686
0.8243860256043263
0.6195453280233778
0.9412048598169349
0.5373340775258839
0.8724464827973861
0.06380824485677294
0.7220022472320125
0.6468194863700774
0.24006684933556244
0.37996753086918034
0.32588728252449073
0.3683065976074431
0.32030226758797653
0.3554739259125199
0.32227829605108127
0.8701415036630351
0.06499409812386148
0.7254375249613076
0.6529224574624095
0.2382360527117271
0.8886966195132118
0.0869665740756318
0.21054515248397365
0.39498896917211823
0.36598207836505026
0.8170700565096922
0.6090432177879848
0.9454939034185372
0.5589918072801083
0.8464845406415407
0.084699929371709
0.7076509908365551
0.14816196556785144
0.9884192635363434
0.006341591972159222
0.5134346427803393
0.2745484179467894
0.9296527623373549
0.03517388890031725
0.12310767377493903
0.18856824134127237
0.9098667616781313
0.05288010367075913
0.5991112911142409
0.966069361922564
0.016981114371446893
0.5579462122404948
0.8460307235072833
0.08577373099979013
0.2071141487103887
0.39668707372038625
0.36464677116600797
0.8177376537641976
0.10675644132425077
0.6966375150659587
0.18683750758646056
0.406615608750144
0.2976687618356664
0.4781197127595078
0.26509244251064956
0.8987078616628423
0.6141836668539327
0.44486988207791
0.7933121441747062
0.7293207604670897
0.6353706142108422
0.2138097950955853
0.3931027467478998
0.8738986950775143
0.06305115908617154
0.2206755010120105
0.8935762555338442
0.6235856458370108
0.43833117160829715
0.28280291717965156
0.9877498861751519
0.5139452170114964
0.7753152275981847
0.17875055098556913
0.9107507436128799
0.06244689566665329
0.5938080308551434
0.45321997758583166
0.2736420196306426
0.4261682289361488
0.28795354277826846
0.9966487138299271
0.5038881675282028
0.2558685356634669
0.8877253033278976
0.08744841421139427
0.7103051861922722
0.14484932215418667
0.49108247860567644
0.7544626955350395
0.14060619153315201
0.46094791960786097
0.2695565652102232
0.927782871760428
0.5362382675812114
0.3727502751571592
0.3136572882649489
0.8475659038813319
0.08403339277720079
0.2081130638543982
0.8961885643366259
0.11444006499368697
0.1932684876373969
0.4189926942635793
0.29062953797983937
0.4838361063739285
0.7581124643911608
0.6532925356295891
0.7378144865506329
0.6389665323658846
0.712867277674377
0.6474879370362032
0.23881813962361775
0.8826737567433156
0.5742881851620041
0.9943825921509415
0.5032969935855363
0.25616835433174856
0.3885250148305204
0.33700276649324223
0.8356490376463626
0.0821793591894675
0.7094597561226692
0.14625528448959813
0.4894029349379707
0.25584832587628625
0.387701790954452
0.8374144829867873
0.0852314343501348
0.7074453478853684
0.14726199524011463
0.48899113974766806
0.757458509731805
0.13692817377159372
0.4632744404661935
0.269408960477449
0.9356080812285654
0.5324405768187717
0.8631752119108569
0.07628795667551458
0.24335398070979863
0.38273334404220805
0.8242602353275288
0.11924195461324416
0.6906241207034327
0.6630192461307161
0.6841156302252784
0.6600254883232992
0.17779978562612087
0.41136165283387527
0.810432462283643
0.21981434707413428
0.8942433400079608
0.6231986978382338
0.4389504742284771
0.28443292021984234
0.9906304990581702
0.005722348112612963
0.012764796381816268
0.02514416736084968
0.05383443500613794
0.09857487937551923
0.7182983222592156
0.14098913653288037
0.49298202589852735
0.755466165166581
0.1381436953379307
0.9621786440548021
0.022877964162034914
0.5510611445643008
0.8505833193485159
0.09033335719141178
0.7067902908893302
0.6544249844446313
0.23579200240783393
0.38604076637420803
0.8383557421038859
0.5818139502080157
0.9669670969888102
0.017013316741213202
0.05789960653055459
0.09617277415236458
0.2107036328234244
0.894678760872921
0.11570993805071339
0.19312923777033575
0.9190908987948205
0.04100578202633187
0.10840335945249535
0.6958140726492275
0.18532660635537468
0.9074016668018885
0.5506939381011762
0.8574817771441303
0.5713813009206206
0.9997116484737489
0.00014805191312916577
0.5004757711139973
0.25074632122414187
0.8766107511182781
0.06566381693119183
0.22546888046781532
0.9029058334417641
0.6132748981763143
0.4511788657109719
0.30567583383526653
0.9760998043348081
0.5276361338910647
0.7997884355136193
0.7329182824469171
0.6335733432788402
0.7164776077552233
0.14176550254342146
0.9960118396847975
0.0019943222869187593
0.006937915808521211
0.012400183652061969
0.027033677411964163
0.5489831615122966
0.8588170836446807
0.5705914582067635
0.497070103592705
0.7534181328082923
0.13110391088412143
0.9510505616490263
0.055726747697917745
0.6012908314587548
0.9649877207993995
0.018055455991998315
0.0622633098391816
0.09388372307876125
0.20357741435873322
0.8991888690507039
0.6149273559858557
0.4425365771749057
0.7948492844298016
0.22758301789872348
0.3902370516443625
0.8363799137878232
0.5828171832254156
0.9606668458727654
0.019682342477608472
0.053209099773084745
0.5993759539560415
0.9659680176409893
0.517565322923474
0.8076314861827996
0.22121477843029425
0.3972680681908969
0.3639880664704833
0.3199748879123945
0.35569859875249676
0.322642826824449
0.8709357299958356
0.5645332078565843
0.975797681894619
0.5282144998782314
0.8004108461900614
0.7328514596447349
0.6345594455779064
0.21801397748640738
0.8914817842305638
0.6187208757619374
0.9448052152292803
0.5432226611010265
0.35439622635021806
0.8228629294317216
0.6200712739082519
0.4399948824720923
0.28793739728280343
0.49667203743592836
0.2538622080173809
0.38088522662292235
0.325243660248816
0.8687579031102359
0.5697714390989859
0.48077170641045086
0.2607127814553678
0.9008979045320302
0.61211971231387
0.4518748342816252
0.30531663793954067
0.4743635003687814
0.7784437271184288
0.673770239809528
0.6670288796594832
0.16662385783274658
0.9169322714151349
0.04153815977042541
0.10436061982181855
0.6978198103315663
0.18259973265230656
0.4087001634761691
0.8034972273744643
0.7233124289487023
0.1559220298368018
0.9845392402494326
0.5082191379915457
0.2781180072342977
0.9255161926266737
0.5450546588399448
0.8529919464490376
0.5774103074800223
0.9926137511210982
0.004669694375479594
0.5153673155291472
0.27357027985272
0.4262341358407866
0.28785952529869974
0.9967641403200105
0.5035710627853405
0.25602893554605544
0.88810274831485
0.5871991045714822
0.46042879804736003
0.7697858431201894
0.17861415861989371
0.9107540163677186
0.5624530060740653
0.34380403129034676
0.3282220216060523
0.3361483890621457
0.3324145942751784
0.334834117180435
0.33258300845045596
0.8359135104692541
0.5820585072506219
0.9590339347778354
0.020612733234884217
0.5524378374393564
0.34881553321611136
0.841705760511104
0.5791480736224912
0.9644562522880733
0.5180198292073328
0.312310158245964
0.4689688985235989
0.7660192118491977
0.6805279954860453
0.16169297220767476
0.9350531720847357
0.03247437518439256
0.6126767066889443
0.9514896459295414
0.5565127413719893
0.8506537536450196
0.0905577648372855
0.7066761799505912
0.6545049285050482
0.7357363013143186
0.13610676434473135
0.9631977055978496
0.01938152450020425
0.5606293708551675
0.8449294626771007
0.08193172307801433
0.7169077035214286
0.14179076987784356
0.4960154183791019
0.7519922910432797
0.13194249325897545
0.4498978939955123
0.8082852059451398
0.22085835068719462
0.3978792958369013
0.3635603539296426
0.8193356371193659
0.10595718142576516
0.19897501484956592
0.43176345370011404
0.7846085818891879
0.24051202746341005
0.38085075534763746
0.3251996241742745
0.8686674136552028
0.5696031803963706
0.9808849367254879
0.010535107634495944
0.026119779009604827
0.5494422865158413
0.3580989861220587
0.32096577328047715
0.3727202532463707
0.8136437199718785
0.09757273085415363
0.2090270956978202
0.39561054902151227
0.864938867976889
0.5675615902582649
0.4823324902972672
0.2588423975103069
0.40585712165920995
0.359830972913187
0.8210613149276469
0.12273779793758877
0.6886311085836496
0.16008672578027472
0.4277693922922481
0.2862545404059347
0.4977419309434481
0.7511295132280793
0.12883074342971668
0.44339906543609686
0.29405159453745
0.4782183582428843
0.7648286622716114
0.649325857491931
0.2397978556691669
0.38022415575687774
0.32552818846306764
0.3684860249632038
0.8196672927297186
0.10579138342291117
0.19808957679197192
0.43220522650517523
0.7841415879083797
0.7407418327347841
0.12969035742571577
0.45285552510176785
0.304837496340042
0.47313069115625694
0.7800400390697177
0.17251052876235917
0.4157599127793219
0.29603392322314903
0.9775020923989359
0.013206370320403948
0.5247078802494798
0.30417461952310987
0.4729284334171098
0.280198440537788
0.9224045962910168
0.5408729306655005
0.8584707388363313
0.07103929063305259
0.2476837218273431
0.3761662527685985
0.8163267241907306
0.5996512873680331
0.9659214566345327
0.5172835314879194
0.8077952477324288
0.22159065736923367
0.39702486217720434
0.8641096392238978
0.06991548687801696
0.7309114279050846
0.13552132921176963
0.9635513395769522
0.5182263586611953
0.3112145871273242
0.9693932438094635
0.017265086265979335
0.5577737222192809
0.8466171855980065
0.0845048648188822
0.2078735122049693
0.8980244755803142
0.11376243623089977
0.6940973710443359
0.16859157744329423
0.4176880997256376
0.7911597650672775
0.2299699744908139
0.38501692010322586
0.8397333689208608
0.08016480214428157
0.21797427121782675
0.3915090136870276
0.36875966168008745
0.8197725267382339
0.6057731886103284
0.4482125162612647
0.807145680882968
0.7214922478597146
0.1471884542843327
0.4889144155313261
0.7575569533219095
0.13684664439642802
0.46333045649225824
0.26934236218221486
0.9357672039186582
0.5326200582494494
0.36265940364683047
0.8264904613315593
0.11901196860708296
0.19440431974362582
0.41868224140489474
0.7926125446974766
0.22872519888915122
0.38612569763790816
0.8382563223713078
0.5818484033807181
0.9668893115594983
0.5168013922229875
0.30849778404808603
0.47081214311765507
0.7726591558603104
0.17668922833399847
0.41360875018290244
0.30895843083271757
0.971498360595433
0.02206713438499719
0.05171845661243424
0.10109389669378288
0.7151410277874675
0.143528119137045
0.49856423659366556
0.2507798724982422
0.3766890886472538
0.815562212781515
0.600550196133554
0.9653499615669716
0.01934692994109355
0.5607611202285625
0.8451096882927231
0.5814162635942921
0.9671048748714384
0.017431755375582725
0.05770569256856106
0.5963933211169206
0.9596234846394509
0.5202498293074314
0.3043320268916432
0.4728645376453642
0.27968202615738846
0.42370421582018025
0.29205441413796507
0.4792212250758894
0.7603970177879091
0.15111276652896777
0.48694409753079526
0.2643557770643383
0.8991028683958575
0.614905509253731
0.44256298866821453
0.7948336942645255
0.22759091822081245
0.8902338148618583
0.08639249243424274
0.7077805556182284
0.14812769900890999
0.9884366906480864
0.5062775658152532
0.26346279634162784
0.8996578680817038
0.6170656577742193
0.4414676497981418
0.2951362844032701
0.4779220771160908
0.7650102997140493
0.14874485781183466
0.48911285077338107
0.2574119603668805
0.3871631678775884
0.8386526230897289
0.08073475386481732
0.21744709374615923
0.3912803872663062
0.3688134249532595
0.8195015044766478
0.6063627678668126
0.9487755865266081
0.05698439810657874
0.09748532480443828
0.7091023230459541
0.6456929791311268
0.24014991326839663
0.8799403021403123
0.07577799595310353
0.7436127797118388
0.6320998908486217
0.6996380604396109
0.18240753273130395
0.9089340563223232
0.053346425615018234
0.5983307220158167
0.9684208720573224
0.5158048564917408
0.8050879987422377
0.7234401934838388
0.1559801600233186
0.9845252980885562
0.008286920667160302
0.028086916863685474
0.5504402474616654
0.8576543650706299
0.5716688556713052
0.9993528165505268
0.5003274215268902
0.7508128819754347
0.6265476414409932
0.1908765847911127
0.41237635430297814
0.3104744502925314
0.9697628942958545
0.019162377808243036
0.060975928558036685
0.09549247438553721
0.20628995093284175
0.4051558211504016
0.35993925647926517
0.3222581587906461
0.3740276478929445
0.8130023903795518
0.5954825668013655
0.9562279128003865
0.5301868546812329
0.2974223092023749
0.4783641022804659
0.26472825196105987
0.8991376594058238
0.614884773036465
0.9426224670896772
0.04480216736556031
0.6026075012341607
0.4528619287011679
0.3048195758019574
0.9731099646014627
0.0300465960172005
0.04754587318166159
0.6031801904900931
0.9523171680048108
0.5555816046253312
0.34916627159691416
0.341163934499491
0.8294189901498612
0.0892291872878559
0.20538564570597373
0.9061048227013089
0.6094629072467797
0.9455131638096645
0.5589902978099417
0.3465425679460168
0.8345416965894401
0.5830048306670506
0.4604526180482935
0.269781562499702
0.9286020011641085
0.5357295766298193
0.3749617708090227
0.3125191294820979
0.8438015900901519
0.5782215220388025
0.9611491152609233
0.019913783675292507
0.5535847598512191
0.34820763507741503
0.3437265547690913
0.8281519851298071
0.5859861156786792
0.957136643701233
0.5216758486058097
0.3021828456548974
0.9739085771725513
0.5287970883655362
0.7981090856483206
0.7298823477176484
0.13512392184929922
0.46466463230899535
0.2676834231824614
0.9367158978420775
0.03216478566173464
0.11087121645687148
0.19859467950300314
0.9319567133497912
0.03502873840625398
0.615299203665927
0.9426021719409619
0.044827483856352046
0.6026473538659047
0.45283064944669604
0.8048652077559382
0.7230566320067737
0.15508088332717307
0.985081867169356
0.00942792888963595
0.030503384274197742
0.5477406422141939
0.8531133373326156
0.07759419878129847
0.7424605319683906
0.12980840454110876
0.4526777413848322
0.3050332294078544
0.9734600078663789
0.5308787587564439
0.7973047761770431
0.2273318652587477
0.8884245289082173
0.08703967314795591
0.7108823277812917
0.14457463144208305
0.9903347555082291
0.5050805924984161
0.2636035342293326
0.3994491865450982
0.3668209010793362
0.3168339284893591
0.35818555296282284
0.3210312626324594
0.8726913083810359
0.5636853551550303
0.47255185365793295
0.27160536075825803
0.42694146768189967
0.787019723909907
0.7471189564967062
0.12657023657811806
0.4408653040009085
0.2874123325163964
0.49801747445599176
0.25099555429187603
0.3784771384380292
0.3186961221508682
0.8572575545404106
0.5713788828870747
0.4997114260040689
0.25014810924767517
0.3754753812099807
0.8132474717276637
0.09535996630438603
0.7062877792923246
0.1551578461949248
0.9849364568653982
0.00976146210450679
0.03027554921573028
0.04737033162382431
0.6032832860655617
0.45229607820510864
0.8056512773036957
0.7241353541903663
0.15358784058480524
0.9857690820354037
0.5110218286281452
0.7758769074862357
0.175538168346975
0.42004747290047817
0.29047220398206264
0.9836858841008507
0.5082791356835514
0.7780909295252059
0.17543819270213135
0.9201554521860089
0.04041246644919738
0.10871539477375336
0.6956737748987507
0.18438970483839512
0.4097661403939128
0.8031888366676867
0.724384185654344
0.1535015736881178
0.9862377402605489
0.5107916868000757
0.27598391589708626
0.9247524248203263
0.5454711265338119
0.3523865079623647
0.8257599976786878
0.11861438042251393
0.19459955199272372
0.9183872128196526
0.04178307912661694
0.6042476971051656
0.9478761821519583
0.557312387652928
0.34634482688852586
0.33464199435547926
0.3326830596488435
0.33561160272802226
0.3321952128317207
0.8343906748341396
0.583781359688146
0.45823162887245417
0.7713724705390632
0.6768442897882778
0.16182199676404707
0.934721645899117
0.5331884934857953
0.36231391443288885
0.3266898824949749
0.8679665716772433
0.06809382053324953
0.23158202387276106
0.8847277887398377
0.5927933391358238
0.4536662771133706
0.775242310075555
0.6788013076293282
0.6608435170492157
0.6871583334577736
0.1564856914919801
0.42224594214349054
0.28987075778422877
0.9820483237563167
0.009221052547218278
0.5305629048671108
0.29734067793469876
0.9773073001415469
0.5133319000597112
0.774645114899613
0.6795806165027898
0.1602402167627588
0.43574915145291016
0.7826139458047692
0.2376608188787941
0.8889820947370026
0.08775090801646002
0.7100307960936334
0.14526308252243325
0.49182159910560586
0.2540901857719291
0.38907009581453167
0.33769557607593015
0.8351881765702274
0.08289520646212623
0.2105398619605694
0.8949743288394529
0.11599154488067143
0.6920691090635955
0.6715436897065956
0.16424556818674318
0.9183654971420765
0.5417938735627104
0.3542252528422978
0.32288762711687014
0.8698371808568481
0.06508242702693678
0.7253399510227609
0.15295527045964263
0.9879797964240424
0.5138302926206961
0.774838639626978
0.17898743727710098
0.41063217009650543
0.8112932409567293
0.21938413643511012
0.39232400673790835
0.3702443809597753
0.81538135142182
0.100152349419659
0.715674726117868
0.6441310207010247
0.7484920878778212
0.6267381479265168
0.6905984575569164
0.1630034598056227
0.4341271453304216
0.7850117437192239
0.7403075969195925
0.6301228266675025
0.7010518716706429
0.1807321703818161
0.9137995652563404
0.05872629024088383
0.09615565370768309
0.21071126544848084
0.3947130914311856
0.8656317429849878
0.5681625983852427
0.4816695876652375
0.7596539642545395
0.655359789612703
0.7350643650570419
0.13442857208428904
0.46800326780066825
0.26648855561506934
0.43124318702029996
0.2885288124671206
0.9963615772430785
0.50285872007953
0.7563833783497103
0.6375706408289261
0.7144178641610779
0.6430390253080986
0.7497773133218288
0.6251733321987558
0.1879016227030661
0.9070415018941276
0.5485544760012999
0.854632945935009
0.0732407191535458
0.2446305940975435
0.3776885781844612
0.3189763171249069
0.856152117223246
0.07390961050987244
0.24429519474506378
0.37834855169057846
0.818638700991869
0.6074215080880094
0.4462894844764378
0.31201247655553743
0.9689957882801536
0.016482487233588472
0.5562200174026657
0.35105564081459306
0.3400991467642598
0.830957626370946
0.09239521369454451
0.7040542228787672
0.1499574885237962
0.4915534205501899
0.7542387878638692
0.639484083338175
0.7115156028303318
0.6464399414835498
0.7392838477098849
0.13041923817945644
0.45054603429161943
0.3059770145046059
0.4759487967530731
0.2776515594741795
0.42465844194521196
0.2954985975229647
0.4774967568810098
0.7632124057563487
0.14970531096332707
0.991679539118195
0.004160230892011896
0.5145529331930447
0.27403456866159104
0.42768788285320625
0.7861870529886801
0.24765545219997875
0.8764319135807455
0.5656902969640214
0.4750322685285937
0.2790854291524738
0.9230880617396906
0.5428505083255004
0.35359003441408277
0.8234797024633735
0.6200023639539722
0.44001433058292605
0.28808094657142647
0.49658459014608525
0.25366845953976735
0.880993537401082
0.07564893757808022
0.7434255465632305
0.6322626190667506
0.19949369417736307
0.43260286629083566
0.28370047418866307
0.9909966268460266
0.5045627813087776
0.765297692239983
0.14860318042337894
0.48868669103831053
0.756637538317591
0.6374283011828084
0.2144890415656846
0.8927861159900203
0.6244079635653179
0.4378651633160189
0.7820440409122966
0.7359332577325404
0.6361876062874217
0.21316394742461853
0.8944558772491291
0.6230864692188334
0.4385827137157321
0.7848591529764235
0.7404144022439141
0.13028304718318395
0.9504911076510325
0.556127008254407
0.3508580051129684
0.8402571601909585
0.5808517970726825
0.9675086868810467
0.5162466404726729
0.8063603260961827
0.22572632535593584
0.4033192608912941
0.3627935541444458
0.8264178707904648
0.1190214566886425
0.19440327025949955
0.4186830027028918
0.7926135607995093
0.7287238564167637
0.13612731426837854
0.9632550074020401
0.519349299109308
0.3106421419652179
0.9699307591072284
0.5194293910171837
0.8106593314150814
0.21991447536856867
0.8944526752748061
0.12308640088303946
0.6885827164514922
0.6598591515794396
0.6779143992171157
0.16153305614716373
0.93486610223772
0.5326894997269846
0.8625767665798776
0.5765852710464969
0.9939377435657661
0.007059478317387402
0.012584559561219066
0.026941362797515467
0.549273712647846
0.3591603126260452
0.8204809128365014
0.12149997058440931
0.6902303920069244
0.16281943413196132
0.434217309957603
0.28487500341725536
0.49037905150908045
0.25535979482810944
0.8879456390277483
0.5872934006038122
0.9602900975150988
0.5198593042732682
0.3035469105816446
0.9732265596103389
0.031209015724016353
0.546895555453375
0.8516133766679559
0.07431539779645391
0.744351700617699
0.12831243278924376
0.44372113718418404
0.7947409943735693
0.22763808773015626
0.8903466056508478
0.08607693650992587
0.20751895438297652
0.8972171469940804
0.6138923801481724
0.9450088572048116
0.04312462461530231
0.6039336320827715
0.9490108193131164
0.5568819199397694
0.3470473818015307
0.834292744868435
0.5838378343905788
0.4580972957191989
0.7711954964906909
0.6769063050742261
0.6620961712906137
0.6845850802201312
0.15773797931615263
0.4250992827001028
0.7953868963813875
0.2282986133650411
0.889818965777522
0.08683654695050791
0.20853485245606862
0.8958566128858365
0.6145716974860989
0.9427489752415568
0.5442505431419704
0.35287484762375243
0.3274690721591469
0.36751594074303284
0.8172196075029206
0.10897022858262062
0.19575927965342999
0.4343478763476014
0.784840255510062
0.7403943392273504
0.13030637145857327
0.9504723227582872
0.5561444920313079
0.35083406741614453
0.3402237019035965
0.8308961911825463
0.5923683383443858
0.4540604634094052
0.7749248607142363
0.17900509692844935
0.9106205054267775
0.06130668870173395
0.09440960560459644
0.2047560116625391
0.40152872100588866
0.3622277504473459
0.3266986545640975
0.8680237004300579
0.5679431970638689
0.48192829900654033
0.7590368339733686
0.15564558183541521
0.4846929521590937
0.25866066370508634
0.4038766096928157
0.8608211097016465
0.07349664974026382
0.24453222251031548
0.37877172481967136
0.8184342744352762
0.10668265508138575
0.6971488629060332
0.1865973231906537
0.9069760119600687
0.048468993307324126
0.6046870159625541
0.44817636371590197
0.8071618190733716
0.7215488200017717
0.14703814982203767
0.48924223976791836
0.2573320051014889
0.3869899938290473
0.33879355440149084
0.8306109753611963
0.09262908261734992
0.20368739630794153
0.4003840859804768
0.3662185657012742
0.3169059759238735
0.8591556564788334
0.5704832106130198
0.9965043132833671
0.0027244207449257374
0.006574298953637481
0.012337910127826035
0.027068986964877695
0.04896553631988354
0.6088792876980733
0.4455608348362148
0.8094624171499163
0.7222524349635933
0.14693258379702456
0.9900102725659963
0.005055928661022335
0.013585376756964251
0.5244726975215599
0.8042919715808239
0.22310200141509995
0.40505825079162605
0.3600328672619071
0.3219405360869132
0.8741862213064451
0.06339517814922146
0.7202555512776598
0.6439005447027739
0.24836223135935143
0.3768259718490299
0.3154932649922557
0.8503176412486937
0.09048143838299438
0.20677535017603077
0.904432454291964
0.1108030526957009
0.6985085383348633
0.18205688529997133
0.9099490737426095
0.5529753224691376
0.8490025869978126
0.0911313442629762
0.204450093297055
0.9016812035697512
0.6116937905317172
0.9529421681945678
0.05478000367293134
0.09785604636999778
0.7171890764730051
0.6424430673650932
0.24519331427291036
0.37767803273163736
0.8189737220527604
0.6061538825451862
0.4489076698664576
0.806800099904649
0.7221039744035807
0.146762479969766
0.4902252625033725
0.25488833742565475
0.38819621020229533
0.8371828893141355
0.08537968521704897
0.20731039581005462
0.897460608597612
0.11376975529128686
0.19506872628699057
0.9180916240438819
0.5414443766057957
0.35525842927745543
0.3225004887790419
0.8704890503722709
0.0647707354510203
0.2264343464630656
0.4024118803499732
0.36155346760642715
0.327525135333417
0.3675179503625259
0.8172175957006402
0.6089769714162685
0.945755684922915
0.5593506278237328
0.8473427280259784
0.08414161374093965
0.2084346442425158
0.8957829239661805
0.6147315768757835
0.9426361804071348
0.0443412495078519
0.10289088770514354
0.20246271722135134
0.9300530929758679
0.0359500169288367
0.12460410187486559
0.18794399703620002
0.4070086250139866
0.298509862535866
0.4796599624387454
0.26065830746665597
0.9009209654759616
0.6121618278848473
0.451732092682505
0.30565861603827216
0.47412490475107916
0.2785701771208551
0.4232301778974943
0.7923216939962003
0.22884299934958108
0.8865551225317176
0.08797340077580884
0.20625755944638513
0.905173909093719
0.6099741108482704
0.9472106879984494
0.06156718550482765
0.09433847779291682
0.705032084020786
0.6514207330474164
0.2369122404488735
0.38961673332960345
0.33644164822180755
0.33379527329816483
0.33322825230425224
0.8338899503287394
0.08311796837369911
0.708692800719291
0.6456851025868673
0.24014960436034016
0.8799407029291615
0.5757786560279783
0.49361244292231277
0.7571005221398082
0.13713577430462465
0.4636587954882998
0.26830793332192115
0.4361585668521002
0.7819245913415216
0.7359984605573118
0.6359232657414395
0.21377664848114364
0.8931157297920436
0.6238843367027584
0.43805837180116214
0.28320241245091893
0.4873050512105692
0.2641609430720564
0.39917146746302024
0.8648714446171653
0.06757191545329988
0.2323436700971797
0.38382816541707143
0.8433680606831331
0.07856012528645806
0.7117280013626441
0.6462131625448819
0.23940129397669807
0.3808496531273704
0.325200296822004
0.8686656021163799
0.5696040263283066
0.9808880829950795
0.5105325508338865
0.2761215314385481
0.9244402047188487
0.04559633176540956
0.10220994128030725
0.7008634747180622
0.1808204121189192
0.41399196995189413
0.8086291360959876
0.2208229995740112
0.8976451715570875
0.6141699869767763
0.9448757685604505
0.5433093056781217
0.8543374236614909
0.07283128838753328
0.24508284850162454
0.8774585777136963
0.06915189058054239
0.23117115529021248
0.38636951803346165
0.33813021014793776
0.3314236699952744
0.8421083540015388
0.0799378828087356
0.7139392459648661
0.6433051548665389
0.7486608846520539
0.12567718705395237
0.43913002891349606
0.28434171283151954
0.9911337991361506
0.5044333388214
0.7654854481224902
0.6485072759096511
0.7385253154789098
0.6312256234814413
0.7009888708707877
0.6807558048167266
0.6637729950598441
0.6837394570466131
0.6586816219205502
0.17944825199083425
0.9102916245174129
0.060998016473604366
0.5954814918804914
0.9562267925648484
0.030188339558662847
0.5474211561668199
0.35336652456317097
0.8272306189755909
0.6178793116705492
0.9430134696594905
0.04417941952124238
0.10339857148937881
0.20222225284669548
0.43041359138442203
0.7867501514556352
0.24726521284901537
0.876887147926027
0.0654626909235958
0.7252110931149218
0.15326362758059986
0.9878385966585483
0.014015274064149708
0.025219167611794546
0.5538276607112493
0.34833133121719584
0.8434200887859333
0.07830545477918349
0.7113360344083048
0.6453124272520654
0.7419268494704738
0.6290365771565121
0.20162742130924016
0.4314128597616218
0.7882651468098629
0.2469807098095771
0.8784705186844803
0.568699553317856
0.9822689817519858
0.5088655096187722
0.28096812847070396
0.9220168894389644
0.5395429001364391
0.3562051161425188
0.823866332822945
0.6193483048118651
0.9408180106256623
0.03746500678244047
0.6228709683055058
0.9385798975999933
0.03486139595042914
0.11541234940523282
0.19278234519879334
0.9192414642311633
0.5405014723364729
0.3586726819339674
0.3207249400438741
0.8718650615192018
0.5661446314770728
0.9747401880158577
0.028777996340068057
0.548111002863152
0.35491190291941166
0.8225442869588733
0.6210922547907103
0.43945482638082467
0.2880890281521715
0.9965885923884343
0.00367410434409976
0.006008140975609422
0.013170246849767864
0.02467252273345366
0.0541005362465512
0.5980127349030226
0.9675953161495272
0.016218092438066378
0.556588279461721
0.3506466893304605
0.34042375555145554
0.3319858651375398
0.8418205369380303
0.5791527932160534
0.9644519257708453
0.5180339766666293
0.8122720741957892
