0
0.3333333333333333
0.6666666666666666
0.1111111111111111
0.4444444444444444
0.7777777777777777
0.2222222222222222
0.5555555555555556
0.8888888888888888
0.037037037037037035
0.37037037037037035
0.7037037037037037
0.14814814814814814
0.48148148148148145
0.8148148148148147
0.25925925925925924
0.5925925925925926
0.9259259259259258
0.07407407407407407
0.4074074074074074
0.7407407407407407
0.18518518518518517
0.5185185185185185
0.8518518518518517
0.2962962962962963
0.6296296296296297
0.9629629629629629
0.012345679012345678
0.345679012345679
0.6790123456790123
0.12345679012345678
0.4567901234567901
0.7901234567901234
0.2345679012345679
0.5679012345679013
0.9012345679012346
0.04938271604938271
0.38271604938271603
0.7160493827160495
0.16049382716049382
0.49382716049382713
0.8271604938271604
0.2716049382716049
0.6049382716049383
0.9382716049382716
0.08641975308641975
0.41975308641975306
0.7530864197530864
0.19753086419753085
0.5308641975308641
0.8641975308641974
0.30864197530864196
0.6419753086419753
0.9753086419753085
0.024691358024691357
0.35802469135802467
0.691358024691358
0.13580246913580246
0.4691358024691358
0.802469135802469
0.24691358024691357
0.5802469135802469
0.9135802469135802
0.06172839506172839
0.3950617283950617
0.7283950617283951
0.1728395061728395
0.5061728395061729
0.839506172839506
0.2839506172839506
0.6172839506172839
0.9506172839506172
0.09876543209876543
0.43209876543209874
0.7654320987654321
0.20987654320987653
0.5432098765432098
0.8765432098765431
0.32098765432098764
0.654320987654321
0.9876543209876543
0.004115226337448559
0.33744855967078186
0.6707818930041152
0.11522633744855966
0.44855967078189296
0.7818930041152262
0.22633744855967078
0.5596707818930041
0.8930041152263374
0.0411522633744856
0.3744855967078189
0.7078189300411523
0.1522633744855967
0.48559670781893
0.8189300411522632
0.2633744855967078
0.5967078189300411
0.9300411522633744
0.07818930041152262
0.4115226337448559
0.7448559670781892
0.18930041152263374
0.522633744855967
0.8559670781893003
0.3004115226337448
0.6337448559670782
0.9670781893004115
0.016460905349794237
0.34979423868312753
0.6831275720164608
0.12757201646090535
0.46090534979423864
0.794238683127572
0.23868312757201646
0.5720164609053499
0.9053497942386831
0.053497942386831275
0.38683127572016457
0.720164609053498
0.1646090534979424
0.4979423868312757
0.8312757201646089
0.27572016460905346
0.6090534979423868
0.9423868312757201
0.0905349794238683
0.4238683127572016
0.757201646090535
0.20164609053497942
0.5349794238683127
0.8683127572016459
0.3127572016460905
0.6460905349794238
0.9794238683127571
0.028806584362139915
0.3621399176954732
0.6954732510288065
0.13991769547325103
0.4732510288065843
0.8065843621399176
0.2510288065843621
0.5843621399176955
0.9176954732510287
0.06584362139917695
0.39917695473251025
0.7325102880658436
0.17695473251028807
0.5102880658436214
0.8436213991769546
0.28806584362139914
0.6213991769547325
0.9547325102880657
0.10288065843621398
0.4362139917695473
0.7695473251028806
0.2139917695473251
0.5473251028806584
0.8806584362139916
0.3251028806584362
0.6584362139917695
0.9917695473251028
0.008230452674897118
0.34156378600823045
0.6748971193415637
0.11934156378600823
0.45267489711934156
0.7860082304526748
0.23045267489711932
0.5637860082304527
0.8971193415637859
0.04526748971193415
0.3786008230452675
0.7119341563786008
0.15637860082304525
0.4897119341563786
0.8230452674897117
0.2674897119341564
0.6008230452674896
0.9341563786008229
0.0823045267489712
0.4156378600823045
0.7489711934156378
0.19341563786008228
0.5267489711934156
0.8600823045267488
0.3045267489711934
0.6378600823045267
0.97119341563786
0.020576131687242795
0.35390946502057613
0.6872427983539093
0.1316872427983539
0.46502057613168724
0.7983539094650205
0.242798353909465
0.5761316872427984
0.9094650205761317
0.05761316872427983
0.39094650205761317
0.7242798353909465
0.16872427983539093
0.5020576131687242
0.8353909465020575
0.27983539094650206
0.6131687242798354
0.9465020576131686
0.09465020576131687
0.4279835390946502
0.7613168724279835
0.20576131687242796
0.5390946502057612
0.8724279835390945
0.3168724279835391
0.6502057613168724
0.9835390946502056
0.03292181069958847
0.3662551440329218
0.6995884773662551
0.14403292181069957
0.4773662551440329
0.8106995884773661
0.2551440329218107
0.588477366255144
0.9218106995884773
0.06995884773662552
0.40329218106995884
0.7366255144032922
0.1810699588477366
0.51440329218107
0.8477366255144031
0.29218106995884774
0.625514403292181
0.9588477366255143
0.10699588477366255
0.4403292181069959
0.7736625514403291
0.21810699588477364
0.5514403292181069
0.8847736625514402
0.3292181069958848
0.6625514403292181
0.9958847736625513
0.0013717421124828531
0.3347050754458162
0.6680384087791494
0.11248285322359396
0.4458161865569273
0.7791495198902605
0.22359396433470508
0.5569272976680384
0.8902606310013716
0.03840877914951989
0.3717421124828532
0.7050754458161865
0.149519890260631
0.4828532235939643
0.8161865569272975
0.2606310013717421
0.5939643347050754
0.9272976680384086
0.07544581618655692
0.40877914951989025
0.7421124828532235
0.18655692729766804
0.5198902606310013
0.8532235939643346
0.29766803840877915
0.6310013717421125
0.9643347050754457
0.013717421124828532
0.34705075445816186
0.6803840877914951
0.12482853223593963
0.45816186556927296
0.7914951989026062
0.23593964334705075
0.5692729766803841
0.9026063100137174
0.050754458161865565
0.3840877914951989
0.7174211248285323
0.16186556927297668
0.49519890260631
0.8285322359396432
0.2729766803840878
0.6063100137174211
0.9396433470507544
0.0877914951989026
0.42112482853223593
0.7544581618655692
0.19890260631001372
0.5322359396433469
0.8655692729766802
0.3100137174211248
0.6433470507544581
0.9766803840877913
0.026063100137174208
0.35939643347050754
0.6927297668038408
0.13717421124828533
0.47050754458161864
0.8038408779149518
0.24828532235939643
0.5816186556927297
0.914951989026063
0.06310013717421124
0.39643347050754457
0.7297668038408779
0.17421124828532236
0.5075445816186557
0.8408779149519888
0.28532235939643347
0.6186556927297667
0.9519890260631
0.10013717421124828
0.4334705075445816
0.7668038408779149
0.2112482853223594
0.5445816186556927
0.8779149519890259
0.3223593964334705
0.6556927297668038
0.9890260631001371
0.0054869684499314125
0.3388203017832647
0.672153635116598
0.11659807956104251
0.4499314128943758
0.783264746227709
0.22770919067215364
0.5610425240054869
0.8943758573388202
0.04252400548696845
0.37585733882030176
0.7091906721536351
0.15363511659807957
0.48696844993141286
0.820301783264746
0.26474622770919065
0.5980795610425239
0.9314128943758572
0.07956104252400548
0.4128943758573388
0.746227709190672
0.1906721536351166
0.5240054869684498
0.8573388203017831
0.3017832647462277
0.635116598079561
0.9684499314128943
0.017832647462277088
0.3511659807956104
0.6844993141289436
0.12894375857338822
0.4622770919067215
0.7956104252400548
0.24005486968449932
0.5733882030178327
0.9067215363511659
0.05486968449931413
0.38820301783264743
0.7215363511659808
0.16598079561042525
0.49931412894375854
0.8326474622770917
0.27709190672153633
0.6104252400548696
0.9437585733882029
0.09190672153635115
0.42524005486968447
0.7585733882030178
0.2030178326474623
0.5363511659807955
0.8696844993141287
0.31412894375857336
0.6474622770919066
0.9807956104252399
0.030178326474622767
0.3635116598079561
0.6968449931412893
0.1412894375857339
0.4746227709190672
0.8079561042524004
0.252400548696845
0.5857338820301783
0.9190672153635115
0.0672153635116598
0.4005486968449931
0.7338820301783264
0.17832647462277093
0.5116598079561042
0.8449931412894374
0.289437585733882
0.6227709190672153
0.9561042524005485
0.10425240054869683
0.43758573388203015
0.7709190672153634
0.21536351165980797
0.5486968449931412
0.8820301783264745
0.32647462277091904
0.6598079561042524
0.9931412894375856
0.009602194787379972
0.3429355281207133
0.6762688614540465
0.12071330589849108
0.4540466392318244
0.7873799725651576
0.23182441700960219
0.5651577503429355
0.8984910836762687
0.046639231824417
0.37997256515775035
0.7133058984910836
0.15775034293552812
0.49108367626886146
0.8244170096021946
0.26886145404663925
0.6021947873799725
0.9355281207133057
0.08367626886145405
0.4170096021947874
0.7503429355281206
0.19478737997256515
0.5281207133058984
0.8614540466392316
0.3058984910836763
0.6392318244170095
0.9725651577503428
0.021947873799725647
0.355281207133059
0.6886145404663921
0.13305898491083676
0.4663923182441701
0.7997256515775033
0.24417009602194786
0.5775034293552812
0.9108367626886145
0.05898491083676268
0.39231824417009603
0.7256515775034293
0.1700960219478738
0.503429355281207
0.8367626886145403
0.2812071330589849
0.6145404663923182
0.9478737997256514
0.09602194787379972
0.42935528120713307
0.7626886145404663
0.20713305898491083
0.540466392318244
0.8737997256515773
0.31824417009602196
0.6515775034293552
0.9849108367626884
0.034293552812071325
0.3676268861454047
0.7009602194787379
0.14540466392318244
0.4787379972565158
0.8120713305898489
0.25651577503429357
0.5898491083676268
0.9231824417009601
0.07133058984910837
0.4046639231824417
0.737997256515775
0.18244170096021947
0.5157750342935528
0.8491083676268859
0.2935528120713306
0.6268861454046638
0.9602194787379971
0.1083676268861454
0.44170096021947874
0.775034293552812
0.2194787379972565
0.5528120713305897
0.886145404663923
0.33058984910836764
0.6639231824417009
0.9972565157750342
0.0027434842249657062
0.33607681755829905
0.6694101508916324
0.11385459533607681
0.44718792866941015
0.7805212620027434
0.2249657064471879
0.5582990397805213
0.8916323731138546
0.03978052126200274
0.3731138545953361
0.7064471879286695
0.15089163237311384
0.4842249657064472
0.8175582990397804
0.262002743484225
0.5953360768175583
0.9286694101508915
0.07681755829903977
0.4101508916323731
0.7434842249657064
0.18792866941015088
0.5212620027434842
0.8545953360768175
0.299039780521262
0.6323731138545954
0.9657064471879286
0.015089163237311385
0.3484224965706447
0.681755829903978
0.1262002743484225
0.45953360768175583
0.7928669410150891
0.2373113854595336
0.570644718792867
0.9039780521262003
0.052126200274348417
0.38545953360768176
0.7187928669410152
0.16323731138545952
0.49657064471879286
0.8299039780521261
0.27434842249657065
0.607681755829904
0.9410150891632373
0.08916323731138545
0.4224965706447188
0.7558299039780522
0.20027434842249656
0.5336076817558298
0.8669410150891631
0.3113854595336077
0.644718792866941
0.9780521262002743
0.027434842249657063
0.3607681755829904
0.6941015089163237
0.13854595336076816
0.4718792866941015
0.8052126200274348
0.24965706447187927
0.5829903978052127
0.9163237311385459
0.0644718792866941
0.39780521262002744
0.7311385459533608
0.1755829903978052
0.5089163237311386
0.8422496570644717
0.28669410150891633
0.6200274348422496
0.9533607681755829
0.10150891632373113
0.4348422496570645
0.7681755829903978
0.21262002743484223
0.5459533607681756
0.8792866941015088
0.32373113854595337
0.6570644718792867
0.99039780521262
0.006858710562414265
0.3401920438957476
0.6735253772290809
0.11796982167352536
0.4513031550068587
0.784636488340192
0.22908093278463648
0.5624142661179699
0.8957475994513031
0.0438957475994513
0.3772290809327846
0.710562414266118
0.1550068587105624
0.4883401920438957
0.8216735253772289
0.2661179698216735
0.5994513031550068
0.9327846364883401
0.08093278463648833
0.41426611796982166
0.747599451303155
0.19204389574759945
0.5253772290809328
0.858710562414266
0.30315500685871055
0.6364883401920439
0.9698216735253772
0.019204389574759943
0.35253772290809327
0.6858710562414265
0.13031550068587106
0.46364883401920437
0.7969821673525377
0.24142661179698216
0.5747599451303156
0.9080932784636488
0.05624142661179698
0.3895747599451303
0.7229080932784637
0.1673525377229081
0.5006858710562414
0.8340192043895747
0.2784636488340192
0.6117969821673526
0.9451303155006858
0.093278463648834
0.42661179698216734
0.7599451303155007
0.20438957475994513
0.5377229080932784
0.8710562414266116
0.31550068587105623
0.6488340192043895
0.9821673525377228
0.03155006858710562
0.36488340192043894
0.6982167352537723
0.14266117969821673
0.47599451303155005
0.8093278463648833
0.25377229080932784
0.5871056241426612
0.9204389574759945
0.06858710562414265
0.401920438957476
0.7352537722908093
0.17969821673525377
0.5130315500685871
0.8463648834019203
0.2908093278463649
0.6241426611796982
0.9574759945130314
0.10562414266117968
0.438957475994513
0.7722908093278463
0.2167352537722908
0.5500685871056241
0.8834019204389574
0.3278463648834019
0.6611796982167353
0.9945130315500685
0.010973936899862825
0.3443072702331962
0.6776406035665294
0.12208504801097393
0.4554183813443073
0.7887517146776405
0.23319615912208502
0.5665294924554184
0.8998628257887517
0.048010973936899855
0.3813443072702332
0.7146776406035665
0.15912208504801095
0.4924554183813443
0.8257887517146775
0.2702331961591221
0.6035665294924554
0.9368998628257886
0.0850480109739369
0.41838134430727025
0.7517146776406035
0.196159122085048
0.5294924554183813
0.8628257887517146
0.30727023319615915
0.6406035665294925
0.9739368998628257
0.0233196159122085
0.35665294924554186
0.6899862825788751
0.1344307270233196
0.46776406035665297
0.8010973936899862
0.2455418381344307
0.5788751714677641
0.9122085048010974
0.06035665294924553
0.3936899862825789
0.7270233196159123
0.17146776406035663
0.50480109739369
0.8381344307270232
0.2825788751714678
0.6159122085048011
0.9492455418381344
0.09739368998628258
0.43072702331961593
0.7640603566529492
0.20850480109739367
0.5418381344307269
0.8751714677640602
0.3196159122085048
0.6529492455418381
0.9862825788751713
0.035665294924554176
0.36899862825788754
0.7023319615912208
0.14677640603566527
0.48010973936899864
0.8134430727023318
0.25788751714677643
0.5912208504801097
0.924554183813443
0.07270233196159122
0.4060356652949246
0.7393689986282579
0.1838134430727023
0.5171467764060357
0.8504801097393688
0.29492455418381347
0.6282578875171467
0.96159122085048
0.10973936899862825
0.4430727023319616
0.7764060356652949
0.22085048010973934
0.5541838134430727
0.8875171467764059
0.3319615912208505
0.6652949245541838
0.9986282578875171
0.0004572473708276177
0.33379058070416096
0.6671239140374943
0.11156835848193872
0.44490169181527206
0.7782350251486053
0.22267946959304982
0.5560128029263832
0.8893461362597165
0.037494284407864654
0.370827617741198
0.7041609510745314
0.14860539551897575
0.4819387288523091
0.8152720621856423
0.2597165066300869
0.5930498399634202
0.9263831732967535
0.07453132144490168
0.407864654778235
0.7411979881115683
0.1856424325560128
0.5189757658893461
0.8523090992226794
0.2967535436671239
0.6300868770004573
0.9634202103337905
0.012802926383173296
0.34613625971650663
0.6794695930498399
0.1239140374942844
0.45724737082761774
0.790580704160951
0.2350251486053955
0.568358481938729
0.9016918152720622
0.04983996342021033
0.38317329675354367
0.7165066300868771
0.16095107453132143
0.4942844078646548
0.827617741197988
0.27206218564243256
0.6053955189757659
0.9387288523090992
0.08687700045724736
0.4202103337905807
0.7535436671239141
0.19798811156835847
0.5313214449016918
0.864654778235025
0.3090992226794696
0.6424325560128029
0.9757658893461362
0.025148605395518973
0.3584819387288523
0.6918152720621856
0.13625971650663007
0.4695930498399634
0.8029263831732967
0.24737082761774118
0.5807041609510746
0.9140374942844078
0.06218564243255601
0.39551897576588935
0.7288523090992227
0.1732967535436671
0.5066300868770005
0.8399634202103337
0.28440786465477824
0.6177411979881116
0.9510745313214448
0.09922267946959304
0.4325560128029264
0.7658893461362597
0.21033379058070414
0.5436671239140375
0.8770004572473707
0.3214449016918153
0.6547782350251486
0.9881115683584819
0.004572473708276177
0.3379058070416095
0.6712391403749428
0.11568358481938727
0.4490169181527206
0.7823502514860539
0.2267946959304984
0.5601280292638318
0.893461362597165
0.041609510745313216
0.37494284407864653
0.7082761774119799
0.15272062185642432
0.48605395518975764
0.8193872885230908
0.2638317329675354
0.5971650663008687
0.930498399634202
0.07864654778235024
0.41197988111568357
0.7453132144490169
0.18975765889346136
0.5230909922267947
0.8564243255601279
0.30086877000457246
0.6342021033379058
0.9675354366712391
0.016918152720621853
0.3502514860539552
0.6835848193872884
0.12802926383173296
0.4613625971650663
0.7946959304983996
0.23914037494284407
0.5724737082761775
0.9058070416095108
0.053955189757658895
0.3872885230909922
0.7206218564243256
0.16506630086877
0.4983996342021033
0.8317329675354366
0.2761774119798811
0.6095107453132145
0.9428440786465477
0.09099222679469592
0.42432556012802924
0.7576588934613626
0.20210333790580703
0.5354366712391403
0.8687700045724736
0.31321444901691814
0.6465477823502515
0.9798811156835847
0.02926383173296753
0.36259716506630085
0.6959304983996342
0.14037494284407864
0.47370827617741196
0.8070416095107452
0.25148605395518975
0.5848193872885231
0.9181527206218564
0.06630086877000456
0.3996342021033379
0.7329675354366713
0.17741197988111568
0.510745313214449
0.8440786465477822
0.2885230909922268
0.6218564243255601
0.9551897576588934
0.1033379058070416
0.4366712391403749
0.7700045724737082
0.2144490169181527
0.547782350251486
0.8811156835848193
0.3255601280292638
0.6588934613625972
0.9922267946959304
0.008687700045724736
0.3420210333790581
0.6753543667123914
0.11979881115683584
0.4531321444901692
0.7864654778235024
0.23090992226794693
0.5642432556012803
0.8975765889346136
0.04572473708276177
0.3790580704160951
0.7123914037494284
0.15683584819387286
0.49016918152720623
0.8235025148605394
0.267946959304984
0.6012802926383173
0.9346136259716505
0.0827617741197988
0.41609510745313216
0.7494284407864654
0.1938728852309099
0.5272062185642432
0.8605395518975765
0.30498399634202106
0.6383173296753544
0.9716506630086876
0.02103337905807041
0.35436671239140377
0.687700045724737
0.1321444901691815
0.4654778235025149
0.7988111568358481
0.2432556012802926
0.576588934613626
0.9099222679469593
0.05807041609510745
0.3914037494284408
0.7247370827617742
0.16918152720621854
0.5025148605395519
0.8358481938728851
0.2802926383173297
0.613625971650663
0.9469593049839963
0.09510745313214448
0.42844078646547784
0.7617741197988112
0.20621856424325558
0.5395518975765888
0.8728852309099221
0.31732967535436674
0.6506630086877
0.9839963420210333
0.03337905807041609
0.36671239140374945
0.7000457247370827
0.14449016918152718
0.47782350251486055
0.8111568358481938
0.25560128029263834
0.5889346136259717
0.9222679469593049
0.07041609510745313
0.4037494284407865
0.7370827617741198
0.18152720621856422
0.5148605395518976
0.8481938728852307
0.2926383173296754
0.6259716506630086
0.9593049839963419
0.10745313214449016
0.4407864654778235
0.7741197988111568
0.21856424325560125
0.5518975765889346
0.8852309099222678
0.3296753543667124
0.6630086877000457
0.996342021033379
0.001828989483310471
0.3351623228166438
0.6684956561499771
0.11294010059442157
0.4462734339277549
0.7796067672610881
0.2240512117055327
0.557384545038866
0.8907178783721993
0.038866026520347506
0.37219935985368086
0.7055326931870142
0.14997713763145862
0.48331047096479196
0.8166438042981251
0.26108824874256975
0.594421582075903
0.9277549154092363
0.07590306355738453
0.4092363968907179
0.7425697302240511
0.18701417466849565
0.5203475080018289
0.8536808413351622
0.2981252857796068
0.6314586191129401
0.9647919524462734
0.01417466849565615
0.3475080018289895
0.6808413351623227
0.12528577960676726
0.4586191129401006
0.7919524462734339
0.23639689071787837
0.5697302240512118
0.903063557384545
0.051211705532693184
0.38454503886602653
0.7178783721993599
0.1623228166438043
0.49565614997713764
0.8289894833104708
0.27343392775491543
0.6067672610882487
0.940100594421582
0.08824874256973021
0.42158207590306357
0.7549154092363969
0.19935985368084133
0.5326931870141746
0.8660265203475078
0.31047096479195246
0.6438042981252857
0.977137631458619
0.026520347508001824
0.3598536808413352
0.6931870141746684
0.13763145861911294
0.4709647919524463
0.8042981252857795
0.24874256973022404
0.5820759030635574
0.9154092363968906
0.06355738454503886
0.3968907178783722
0.7302240512117055
0.17466849565614997
0.5080018289894833
0.8413351623228165
0.2857796067672611
0.6191129401005944
0.9524462734339276
0.10059442158207589
0.43392775491540925
0.7672610882487425
0.211705532693187
0.5450388660265203
0.8783721993598536
0.32281664380429814
0.6561499771376315
0.9894833104709647
0.00594421582075903
0.33927754915409236
0.6726108824874256
0.11705532693187012
0.45038866026520347
0.7837219935985367
0.22816643804298126
0.5614997713763146
0.8948331047096478
0.04298125285779607
0.3763145861911294
0.7096479195244627
0.1540923639689072
0.4874256973022405
0.8207590306355736
0.2652034750800183
0.5985368084133516
0.9318701417466848
0.08001828989483309
0.41335162322816643
0.7466849565614997
0.19112940100594422
0.5244627343392775
0.8577960676726107
0.3022405121170553
0.6355738454503886
0.9689071787837219
0.018289894833104704
0.35162322816643804
0.6849565614997712
0.12940100594421583
0.46273433927754914
0.7960676726108824
0.24051211705532693
0.5738454503886603
0.9071787837219936
0.055326931870141746
0.3886602652034751
0.7219935985368084
0.16643804298125287
0.4997713763145862
0.8331047096479194
0.27754915409236397
0.6108824874256973
0.9442158207590305
0.09236396890717877
0.4256973022405121
0.7590306355738454
0.2034750800182899
0.5368084133516231
0.8701417466849564
0.314586191129401
0.6479195244627343
0.9812528577960675
0.030635573845450383
0.3639689071787837
0.697302240512117
0.1417466849565615
0.4750800182898948
0.808413351623228
0.2528577960676726
0.5861911294010059
0.9195244627343392
0.06767261088248741
0.40100594421582075
0.7343392775491541
0.17878372199359854
0.5121170553269319
0.845450388660265
0.28989483310470965
0.6232281664380429
0.9565614997713762
0.10470964791952445
0.4380429812528578
0.771376314586191
0.21582075903063558
0.5491540923639688
0.8824874256973021
0.3269318701417467
0.66026520347508
0.9935985368084133
0.01005944215820759
0.34339277549154096
0.6767261088248742
0.12117055326931869
0.45450388660265206
0.7878372199359852
0.2322816643804298
0.5656149977137631
0.8989483310470964
0.04709647919524462
0.380429812528578
0.7137631458619113
0.15820759030635573
0.4915409236396891
0.8248742569730222
0.2693187014174669
0.6026520347508001
0.9359853680841334
0.08413351623228166
0.41746684956561503
0.7508001828989482
0.19524462734339276
0.528577960676726
0.8619112940100593
0.3063557384545039
0.6396890717878372
0.9730224051211704
0.022405121170553263
0.35573845450388664
0.6890717878372198
0.13351623228166437
0.46684956561499774
0.800182898948331
0.24462734339277548
0.5779606767261088
0.9112940100594421
0.0594421582075903
0.39277549154092367
0.726108824874257
0.1705532693187014
0.5038866026520347
0.8372199359853679
0.28166438042981257
0.6149977137631458
0.9483310470964791
0.09647919524462734
0.4298125285779607
0.763145861911294
0.20759030635573844
0.5409236396890716
0.8742569730224049
0.3187014174668496
0.6520347508001828
0.9853680841335161
0.034750800182898944
0.3680841335162323
0.7014174668495655
0.14586191129401005
0.4791952446273434
0.8125285779606766
0.2569730224051212
0.5903063557384545
0.9236396890717877
0.07178783721993598
0.40512117055326935
0.7384545038866026
0.18289894833104708
0.5162322816643804
0.8495656149977135
0.29401005944215824
0.6273433927754914
0.9606767261088247
0.10882487425697301
0.4421582075903064
0.7754915409236396
0.21993598536808412
0.5532693187014174
0.8866026520347506
0.3310470964791953
0.6643804298125285
0.9977137631458618
0.003200731595793324
0.3365340649291267
0.66986739826246
0.11431184270690442
0.4476451760402378
0.780978509373571
0.22542295381801553
0.558756287151349
0.8920896204846822
0.04023776863283036
0.3735711019661637
0.7069044352994971
0.15134887974394146
0.4846822130772748
0.818015546410608
0.2624599908550526
0.5957933241883859
0.9291266575217192
0.07727480566986739
0.41060813900320076
0.7439414723365341
0.1883859167809785
0.5217192501143119
0.8550525834476451
0.29949702789208965
0.632830361225423
0.9661636945587563
0.015546410608139003
0.34887974394147236
0.6822130772748056
0.1266575217192501
0.45999085505258347
0.7933241883859168
0.2377686328303612
0.5711019661636947
0.904435299497028
0.052583447645176036
0.3859167809785094
0.7192501143118428
0.16369455875628713
0.4970278920896205
0.8303612254229538
0.2748056698673983
0.6081390032007317
0.9414723365340649
0.08962048468221306
0.42295381801554643
0.7562871513488798
0.20073159579332417
0.5340649291266575
0.8673982624599907
0.31184270690443533
0.6451760402377686
0.9785093735711019
0.02789208962048468
0.36122542295381804
0.6945587562871514
0.13900320073159578
0.47233653406492915
0.8056698673982624
0.2501143118427069
0.5834476451760403
0.9167809785093736
0.06492912665752171
0.3982624599908551
0.7315957933241884
0.1760402377686328
0.5093735711019662
0.8427069044352994
0.287151348879744
0.6204846822130773
0.9538180155464105
0.10196616369455874
0.4352994970278921
0.7686328303612254
0.21307727480566985
0.5464106081390032
0.8797439414723365
0.324188385916781
0.6575217192501144
0.9908550525834476
0.007315957933241883
0.3406492912665752
0.6739826245999085
0.11842706904435298
0.45176040237768633
0.7850937357110196
0.2295381801554641
0.5628715134887975
0.8962048468221308
0.04435299497027892
0.37768632830361226
0.7110196616369456
0.15546410608139002
0.48879743941472337
0.8221307727480566
0.26657521719250116
0.5999085505258345
0.9332418838591677
0.08139003200731594
0.4147233653406493
0.7480566986739826
0.19250114311842706
0.5258344764517604
0.8591678097850937
0.3036122542295382
0.6369455875628716
0.9702789208962048
0.01966163694558756
0.3529949702789209
0.6863283036122542
0.13077274805669867
0.464106081390032
0.7974394147233653
0.24188385916780977
0.5752171925011432
0.9085505258344765
0.0566986739826246
0.39003200731595794
0.7233653406492914
0.1678097850937357
0.501143118427069
0.8344764517604023
0.27892089620484684
0.6122542295381802
0.9455875628715135
0.09373571101966162
0.427069044352995
0.7604023776863283
0.20484682213077274
0.538180155464106
0.8715134887974393
0.31595793324188387
0.6492912665752172
0.9826245999085504
0.03200731595793324
0.3653406492912666
0.6986739826245999
0.14311842706904435
0.4764517604023777
0.809785093735711
0.2542295381801555
0.5875628715134888
0.9208962048468221
0.06904435299497026
0.4023776863283036
0.735711019661637
0.18015546410608138
0.5134887974394148
0.8468221307727479
0.2912665752171925
0.6245999085505258
0.9579332418838591
0.1060813900320073
0.43941472336534065
0.772748056698674
0.21719250114311842
0.5505258344764518
0.883859167809785
0.32830361225422955
0.6616369455875629
0.9949702789208962
0.011431184270690443
0.3447645176040238
0.6780978509373571
0.12254229538180154
0.45587562871513493
0.7892089620484681
0.23365340649291264
0.566986739826246
0.9003200731595793
0.048468221307727474
0.38180155464106086
0.7151348879743942
0.15957933241883857
0.49291266575217196
0.8262459990855051
0.27069044352994975
0.604023776863283
0.9373571101966163
0.08550525834476451
0.4188385916780979
0.7521719250114312
0.1966163694558756
0.5299497027892089
0.8632830361225422
0.3077274805669868
0.6410608139003201
0.9743941472336534
0.023776863283036118
0.3571101966163695
0.6904435299497027
0.1348879743941472
0.4682213077274806
0.8015546410608139
0.2459990855052583
0.5793324188385918
0.912665752171925
0.06081390032007315
0.39414723365340654
0.7274805669867399
0.17192501143118424
0.5052583447645176
0.8385916780978508
0.28303612254229543
0.6163694558756287
0.949702789208962
0.09785093735711019
0.43118427069044357
0.7645176040237769
0.20896204846822128
0.5422953818015546
0.8756287151348878
0.32007315957933247
0.6534064929126657
0.986739826245999
0.036122542295381796
0.3694558756287152
0.7027892089620484
0.1472336534064929
0.4805669867398263
0.8139003200731595
0.2583447645176041
0.5916780978509374
0.9250114311842706
0.07315957933241883
0.4064929126657522
0.7398262459990855
0.18427069044352992
0.5176040237768633
0.8509373571101965
0.2953818015546411
0.6287151348879744
0.9620484682213076
0.11019661636945587
0.44352994970278925
0.7768632830361225
0.22130772748056696
0.5546410608139003
0.8879743941472336
0.33241883859167815
0.6657521719250115
0.9990855052583447
0.0009144947416552355
0.33424782807498854
0.6675811614083219
0.11202560585276634
0.44535893918609964
0.778692272519433
0.22313671696387744
0.5564700502972109
0.8898033836305441
0.03795153177869227
0.3712848651120256
0.704618198445359
0.14906264288980337
0.4823959762231367
0.8157293095564699
0.26017375400091447
0.5935070873342478
0.9268404206675811
0.07498856881572931
0.4083219021490626
0.741655235482396
0.1860996799268404
0.5194330132601738
0.852766346593507
0.2972107910379515
0.6305441243712849
0.9638774577046182
0.013260173754000914
0.3465935070873342
0.6799268404206675
0.12437128486511202
0.4577046181984453
0.7910379515317787
0.2354823959762231
0.5688157293095566
0.9021490626428899
0.050297210791037945
0.38363054412437125
0.7169638774577047
0.16140832190214904
0.49474165523548236
0.8280749885688157
0.27251943301326015
0.6058527663465936
0.9391860996799268
0.08733424782807499
0.4206675811614083
0.7540009144947417
0.19844535893918608
0.5317786922725194
0.8651120256058527
0.3095564700502972
0.6428898033836306
0.9762231367169638
0.025605852766346592
0.3589391860996799
0.6922725194330133
0.1367169638774577
0.470050297210791
0.8033836305441243
0.2478280749885688
0.5811614083219022
0.9144947416552355
0.06264288980338363
0.39597622313671693
0.7293095564700504
0.17375400091449472
0.5070873342478281
0.8404206675811613
0.2848651120256058
0.6181984453589392
0.9515317786922725
0.09967992684042067
0.43301326017375397
0.7663465935070873
0.21079103795153176
0.5441243712848651
0.8774577046181984
0.32190214906264286
0.6552354823959763
0.9885688157293095
0.005029721079103795
0.3383630544124371
0.6716963877457705
0.1161408321902149
0.4494741655235482
0.7828074988568815
0.227251943301326
0.5605852766346594
0.8939186099679927
0.04206675811614083
0.3754000914494741
0.7087334247828075
0.15317786922725193
0.4865112025605852
0.8198445358939185
0.264288980338363
0.5976223136716964
0.9309556470050296
0.07910379515317786
0.41243712848651115
0.7457704618198445
0.19021490626428897
0.5235482395976223
0.8568815729309556
0.30132601737540005
0.6346593507087335
0.9679926840420667
0.017375400091449472
0.35070873342478276
0.6840420667581161
0.12848651120256058
0.46181984453589386
0.7951531778692272
0.23959762231367168
0.5729309556470051
0.9062642889803384
0.05441243712848651
0.3877457704618198
0.7210791037951533
0.1655235482395976
0.4988568815729309
0.8321902149062642
0.2766346593507087
0.6099679926840421
0.9433013260173754
0.09144947416552354
0.42478280749885683
0.7581161408321903
0.20256058527663465
0.5358939186099679
0.8692272519433012
0.3136716963877457
0.6470050297210791
0.9803383630544124
0.02972107910379515
0.36305441243712844
0.6963877457704618
0.14083219021490626
0.47416552354823954
0.8074988568815729
0.25194330132601733
0.5852766346593508
0.918609967992684
0.06675811614083219
0.4000914494741655
0.7334247828074989
0.1778692272519433
0.5112025605852767
0.8445358939186098
0.28898033836305437
0.6223136716963877
0.955647005029721
0.10379515317786922
0.4371284865112025
0.7704618198445359
0.21490626428898033
0.5482395976223137
0.8815729309556469
0.3260173754000914
0.6593507087334248
0.9926840420667581
0.009144947416552354
0.3424782807498857
0.675811614083219
0.12025605852766347
0.4535893918609968
0.78692272519433
0.23136716963877454
0.5647005029721079
0.8980338363054412
0.046181984453589384
0.3795153177869227
0.7128486511202561
0.15729309556470047
0.4906264288980338
0.823959762231367
0.2684042066758116
0.6017375400091449
0.9350708733424782
0.08321902149062643
0.41655235482395975
0.7498856881572931
0.1943301326017375
0.5276634659350709
0.8609967992684041
0.30544124371284864
0.638774577046182
0.9721079103795153
0.02149062642889803
0.35482395976223136
0.6881572930955646
0.13260173754000912
0.46593507087334246
0.7992684042066758
0.24371284865112022
0.5770461819844537
0.9103795153177869
0.05852766346593506
0.3918609967992684
0.7251943301326018
0.16963877457704615
0.5029721079103795
0.8363054412437128
0.2807498856881573
0.6140832190214907
0.9474165523548239
0.09556470050297211
0.4288980338363054
0.7622313671696388
0.2066758116140832
0.5400091449474165
0.8733424782807497
0.3177869227251943
0.6511202560585276
0.9844535893918609
0.033836305441243705
0.36716963877457703
0.7005029721079103
0.1449474165523548
0.47828074988568814
0.8116140832190214
0.25605852766346593
0.5893918609967993
0.9227251943301326
0.07087334247828075
0.40420667581161407
0.7375400091449474
0.18198445358939183
0.5153177869227252
0.8486511202560584
0.29309556470050296
0.6264288980338363
0.9597622313671695
0.10791037951531779
0.4412437128486511
0.7745770461819844
0.21902149062642887
0.5523548239597622
0.8856881572930955
0.33013260173754
0.6634659350708734
0.9967992684042066
0.0022862368541380885
0.3356195701874714
0.6689529035208047
0.1133973479652492
0.4467306812985825
0.7800640146319158
0.2245084590763603
0.5578417924096937
0.8911751257430269
0.03932327389117512
0.37265660722450844
0.7059899405578418
0.15043438500228623
0.48376771833561955
0.8171010516689527
0.26154549611339734
0.5948788294467307
0.9282121627800639
0.07636031092821216
0.4096936442615455
0.7430269775948788
0.18747142203932327
0.5208047553726566
0.8541380887059898
0.29858253315043437
0.6319158664837677
0.965249199817101
0.014631915866483767
0.3479652491998171
0.6812985825331503
0.12574302697759487
0.4590763603109282
0.7924096936442615
0.23685413808870598
0.5701874714220394
0.9035208047553727
0.0516689529035208
0.3850022862368541
0.7183356195701875
0.1627800640146319
0.4961133973479652
0.8294467306812985
0.273891175125743
0.6072245084590764
0.9405578417924096
0.08870598994055784
0.42203932327389115
0.7553726566072245
0.19981710105166894
0.5331504343850022
0.8664837677183355
0.31092821216278005
0.6442615454961134
0.9775948788294466
0.026977594878829444
0.36031092821216276
0.6936442615454961
0.13808870598994055
0.47142203932327387
0.8047553726566071
0.24919981710105166
0.582533150434385
0.9158664837677183
0.06401463191586648
0.3973479652491998
0.7306812985825332
0.1751257430269776
0.508459076360311
0.8417924096936441
0.2862368541380887
0.619570187471422
0.9529035208047553
0.10105166895290352
0.43438500228623683
0.7677183356195701
0.21216278006401462
0.5454961133973479
0.8788294467306812
0.3232738911751257
0.6566072245084591
0.9899405578417924
0.006401463191586648
0.33973479652491995
0.6730681298582533
0.11751257430269775
0.45084590763603105
0.7841792409693643
0.22862368541380887
0.5619570187471422
0.8952903520804755
0.04343850022862368
0.376771833561957
0.7101051668952904
0.1545496113397348
0.4878829446730681
0.8212162780064013
0.2656607224508459
0.5989940557841792
0.9323273891175125
0.08047553726566072
0.413808870598994
0.7471422039323273
0.19158664837677183
0.5249199817101051
0.8582533150434384
0.3026977594878829
0.6360310928212163
0.9693644261545495
0.018747142203932324
0.3520804755372656
0.6854138088705989
0.12985825331504344
0.46319158664837673
0.79652491998171
0.24096936442615455
0.574302697759488
0.9076360310928212
0.05578417924096936
0.38911751257430266
0.7224508459076361
0.16689529035208048
0.5002286236854138
0.833561957018747
0.27800640146319155
0.6113397347965249
0.9446730681298582
0.0928212162780064
0.4261545496113397
0.7594878829446731
0.2039323273891175
0.5372656607224507
0.870598994055784
0.3150434385002286
0.6483767718335619
0.9817101051668952
0.031092821216278002
0.3644261545496113
0.6977594878829446
0.14220393232738912
0.4755372656607224
0.8088705989940557
0.2533150434385002
0.5866483767718336
0.9199817101051668
0.06812985825331504
0.40146319158664834
0.7347965249199817
0.17924096936442616
0.5125743026977595
0.8459076360310926
0.29035208047553723
0.6236854138088705
0.9570187471422038
0.10516689529035207
0.4385002286236854
0.7718335619570187
0.2162780064014632
0.5496113397347965
0.8829446730681297
0.32738911751257427
0.6607224508459076
0.9940557841792409
0.010516689529035207
0.34385002286236854
0.6771833561957018
0.12162780064014632
0.45496113397347965
0.7882944673068129
0.2327389117512574
0.5660722450845908
0.899405578417924
0.047553726566072235
0.3808870598994056
0.7142203932327389
0.15866483767718334
0.4919981710105167
0.8253315043438498
0.2697759487882945
0.6031092821216277
0.936442615454961
0.08459076360310928
0.4179240969364426
0.7512574302697759
0.19570187471422038
0.5290352080475537
0.8623685413808869
0.3068129858253315
0.6401463191586648
0.9734796524919981
0.022862368541380882
0.3561957018747142
0.6895290352080474
0.13397347965249198
0.4673068129858253
0.8006401463191586
0.2450845907636031
0.5784179240969365
0.9117512574302697
0.059899405578417914
0.39323273891175126
0.7265660722450846
0.17101051668952902
0.5043438500228623
0.8376771833561956
0.28212162780064015
0.6154549611339735
0.9487882944673067
0.09693644261545496
0.4302697759487883
0.7636031092821216
0.20804755372656605
0.5413808870598993
0.8747142203932325
0.3191586648376772
0.6524919981710104
0.9858253315043437
0.03520804755372656
0.3685413808870599
0.7018747142203932
0.14631915866483766
0.479652491998171
0.8129858253315042
0.2574302697759488
0.5907636031092821
0.9240969364426154
0.0722450845907636
0.40557841792409693
0.7389117512574302
0.1833561957018747
0.516689529035208
0.8500228623685412
0.29446730681298583
0.6278006401463191
0.9611339734796523
0.10928212162780064
0.44261545496113397
0.7759487882944672
0.22039323273891173
0.553726566072245
0.8870598994055783
0.33150434385002286
0.6648376771833562
0.9981710105166894
0.003657978966620942
0.33699131229995427
0.6703246456332876
0.11476909007773205
0.4481024234110654
0.7814357567443987
0.22588020118884314
0.5592135345221766
0.8925468678555099
0.04069501600365797
0.3740283493369913
0.7073616826703247
0.15180612711476907
0.4851394604481024
0.8184727937814357
0.2629172382258802
0.5962505715592136
0.9295839048925468
0.07773205304069501
0.41106538637402834
0.7443987197073617
0.1888431641518061
0.5221764974851395
0.8555098308184728
0.29995427526291724
0.6332876085962507
0.9666209419295839
0.01600365797896662
0.34933699131229995
0.6826703246456333
0.1271147690900777
0.46044810242341105
0.7937814357567444
0.23822588020118882
0.5715592135345223
0.9048925468678556
0.05304069501600365
0.386374028349337
0.7197073616826705
0.16415180612711475
0.4974851394604481
0.8308184727937814
0.2752629172382259
0.6085962505715593
0.9419295839048926
0.09007773205304069
0.423411065386374
0.7567443987197074
0.20118884316415178
0.5345221764974851
0.8678555098308184
0.3122999542752629
0.6456332876085963
0.9789666209419295
0.0283493369913123
0.3616826703246456
0.695016003657979
0.1394604481024234
0.47279378143575673
0.80612711476909
0.2505715592135345
0.583904892546868
0.9172382258802012
0.06538637402834933
0.39871970736168266
0.7320530406950161
0.17649748513946042
0.5098308184727939
0.843164151806127
0.28760859625057156
0.6209419295839049
0.9542752629172382
0.10242341106538637
0.4357567443987197
0.7690900777320531
0.21353452217649746
0.5468678555098309
0.8802011888431641
0.3246456332876086
0.657978966620942
0.9913122999542753
0.0077732053040695005
0.3411065386374028
0.6744398719707362
0.1188843164151806
0.4522176497485139
0.7855509830818472
0.2299954275262917
0.5633287608596251
0.8966620941929584
0.04481024234110653
0.37814357567443985
0.7114769090077733
0.15592135345221764
0.48925468678555095
0.8225880201188842
0.26703246456332874
0.6003657978966621
0.9336991312299954
0.08184727937814357
0.4151806127114769
0.7485139460448103
0.19295839048925467
0.526291723822588
0.8596250571559213
0.3040695016003658
0.6374028349336992
0.9707361682670325
0.02011888431641518
0.3534522176497485
0.6867855509830818
0.13122999542752628
0.4645633287608596
0.797896662094193
0.24234110653863739
0.5756744398719709
0.9090077732053041
0.05715592135345221
0.3904892546867855
0.723822588020119
0.16826703246456332
0.5016003657978967
0.83493369913123
0.2793781435756744
0.6127114769090078
0.9460448102423411
0.09419295839048925
0.42752629172382256
0.760859625057156
0.20530406950160035
0.5386374028349337
0.8719707361682669
0.31641518061271146
0.6497485139460448
0.9830818472793781
0.032464563328760854
0.36579789666209417
0.6991312299954275
0.14357567443987196
0.4769090077732053
0.8102423411065386
0.25468678555098306
0.5880201188843165
0.9213534522176497
0.06950160036579789
0.4028349336991312
0.7361682670324646
0.180612711476909
0.5139460448102424
0.8472793781435756
0.2917238225880201
0.6250571559213535
0.9583904892546867
0.10653863740283492
0.43987197073616824
0.7732053040695016
0.21764974851394603
0.5509830818472794
0.8843164151806127
0.32876085962505713
0.6620941929583906
0.9954275262917238
0.01188843164151806
0.3452217649748514
0.6785550983081847
0.12299954275262917
0.4563328760859625
0.7896662094192958
0.23411065386374025
0.5674439871970737
0.9007773205304069
0.04892546867855509
0.38225880201188844
0.7155921353452218
0.16003657978966618
0.49336991312299955
0.8267032464563328
0.27114769090077734
0.6044810242341107
0.9378143575674439
0.08596250571559214
0.4192958390489255
0.7526291723822588
0.1970736168267032
0.5304069501600366
0.8637402834933698
0.3081847279378144
0.6415180612711477
0.974851394604481
0.024234110653863737
0.3575674439871971
0.6909007773205303
0.13534522176497482
0.4686785550983082
0.8020118884316415
0.24645633287608593
0.5797896662094194
0.9131229995427527
0.061271147690900765
0.3946044810242341
0.7279378143575675
0.17238225880201186
0.5057155921353452
0.8390489254686785
0.283493369913123
0.6168267032464564
0.9501600365797896
0.09830818472793781
0.43164151806127116
0.7649748513946045
0.2094192958390489
0.5427526291723822
0.8760859625057155
0.32053040695016005
0.6538637402834934
0.9871970736168266
0.03657978966620941
0.36991312299954276
0.7032464563328761
0.1476909007773205
0.48102423411065387
0.8143575674439871
0.25880201188843166
0.592135345221765
0.9254686785550983
0.07361682670324646
0.4069501600365798
0.7402834933699132
0.18472793781435753
0.518061271147691
0.8513946044810241
0.2958390489254687
0.629172382258802
0.9625057155921353
0.11065386374028349
0.44398719707361683
0.7773205304069501
0.22176497485139457
0.5550983081847279
0.8884316415180612
0.33287608596250573
0.6662094192958391
0.9995427526291724
0.00015241579027587258
0.3334857491236092
0.6668190824569425
0.11126352690138698
0.4445968602347203
0.7779301935680536
0.22237463801249807
0.5557079713458315
0.8890413046791648
0.03718945282731291
0.3705227861606462
0.7038561194939796
0.148300563938424
0.4816338972717573
0.8149672306050906
0.2594116750495351
0.5927450083828685
0.9260783417162017
0.07422648986434995
0.40755982319768325
0.7408931565310166
0.18533760097546104
0.5186709343087944
0.8520042676421277
0.29644871208657214
0.6297820454199056
0.9631153787532388
0.01249809480262155
0.34583142813595485
0.6791647614692882
0.12360920591373266
0.45694253924706596
0.7902758725803993
0.23472031702484375
0.5680536503581772
0.9013869836915105
0.04953513183965859
0.3828684651729919
0.7162017985063254
0.16064624295076968
0.493979576284103
0.8273129096174363
0.2717573540618808
0.6050906873952142
0.9384240207285475
0.08657216887669562
0.4199055022100289
0.7532388355433624
0.19768327998780671
0.53101661332114
0.8643499466544733
0.3087943910989178
0.6421277244322512
0.9754610577655844
0.02484377381496723
0.35817710714830053
0.6915104404816339
0.13595488492607832
0.46928821825941164
0.802621551592745
0.24706599603718943
0.5803993293705229
0.9137326627038561
0.06188081085200427
0.39521414418533757
0.728547477518671
0.17299192196311536
0.5063252552964488
0.8396585886297819
0.28410303307422646
0.6174363664075598
0.9507696997408931
0.0989178478890413
0.4322511812223746
0.765584514555708
0.2100289590001524
0.5433622923334858
0.876695625666819
0.3211400701112635
0.6544734034445969
0.9878067367779302
0.004267642127724432
0.3376009754610577
0.6709343087943911
0.11537875323883554
0.4487120865721688
0.7820454199055021
0.22648986434994664
0.55982319768328
0.8931565310166133
0.04130467916476147
0.37463801249809475
0.7079713458314282
0.15241579027587257
0.48574912360920586
0.8190824569425391
0.26352690138698365
0.596860234720317
0.9301935680536503
0.0783417162017985
0.4116750495351318
0.7450083828684652
0.1894528273129096
0.522786160646243
0.8561194939795762
0.3005639384240207
0.6338972717573541
0.9672306050906874
0.01661332114007011
0.3499466544734034
0.6832799878067367
0.1277244322511812
0.4610577655845145
0.7943910989178479
0.23883554336229232
0.5721688766956258
0.905502210028959
0.05365035817710715
0.38698369151044043
0.7203170248437739
0.16476146928821825
0.49809480262155154
0.8314281359548849
0.2758725803993293
0.6092059137326628
0.942539247065996
0.09068739521414418
0.42402072854747747
0.7573540618808109
0.20179850632525528
0.5351318396585886
0.8684651729919218
0.31290961743636636
0.6462429507696997
0.979576284103033
0.028959000152415787
0.3622923334857491
0.6956256668190824
0.1400701112635269
0.4734034445968602
0.8067367779301935
0.25118122237463797
0.5845145557079714
0.9178478890413047
0.06599603718945282
0.3993293705227861
0.7326627038561195
0.17710714830056393
0.5104404816338973
0.8437738149672305
0.288218259411675
0.6215515927450084
0.9548849260783416
0.10303307422648986
0.43636640755982314
0.7696997408931565
0.21414418533760096
0.5474775186709343
0.8808108520042676
0.32525529644871204
0.6585886297820455
0.9919219631153787
0.00838286846517299
0.3417162017985063
0.6750495351318396
0.1194939795762841
0.4528273129096174
0.7861606462429507
0.23060509068739518
0.5639384240207286
0.8972717573540618
0.04541990550221003
0.37875323883554335
0.7120865721688767
0.1565310166133211
0.48986434994665445
0.8231976832799877
0.26764212772443224
0.6009754610577656
0.9343087943910988
0.08245694253924707
0.4157902758725804
0.7491236092059137
0.19356805365035815
0.5269013869836915
0.8602347203170247
0.3046791647614693
0.6380124980948026
0.9713458314281359
0.020728547477518667
0.354061880810852
0.6873952141441853
0.13183965858862975
0.4651729919219631
0.7985063252552964
0.24295076969974086
0.5762841030330743
0.9096174363664076
0.057765584514555705
0.391098917847889
0.7244322511812225
0.1688766956256668
0.5022100289590001
0.8355433622923334
0.2799878067367779
0.6133211400701113
0.9466544734034446
0.09480262155159275
0.42813595488492606
0.7614692882182594
0.20591373266270382
0.5392470659960371
0.8725803993293704
0.31702484377381496
0.6503581771071483
0.9836915104404815
0.03307422648986435
0.36640755982319767
0.699740893156531
0.14418533760097543
0.4775186709343088
0.810852004267642
0.25529644871208657
0.5886297820454199
0.9219631153787532
0.07011126352690139
0.4034445968602347
0.7367779301935681
0.18122237463801247
0.5145557079713459
0.847889041304679
0.2923334857491236
0.6256668190824569
0.9590001524157902
0.10714830056393843
0.44048163389727174
0.773814967230605
0.2182594116750495
0.5515927450083828
0.8849260783417161
0.32937052278616064
0.662703856119494
0.9960371894528273
0.0015241579027587258
0.33485749123609204
0.6681908245694254
0.11263526901386983
0.44596860234720315
0.7793019356805364
0.22374638012498094
0.5570797134583143
0.8904130467916476
0.03856119493979576
0.3718945282731291
0.7052278616064624
0.14967230605090687
0.4830056393842402
0.8163389727175734
0.26078341716201797
0.5941167504953513
0.9274500838286845
0.0755982319768328
0.4089315653101661
0.7422648986434994
0.1867093430879439
0.5200426764212772
0.8533760097546105
0.297820454199055
0.6311537875323884
0.9644871208657216
0.013869836915104404
0.3472031702484377
0.680536503581771
0.12498094802621551
0.4583142813595488
0.7916476146928821
0.23609205913732662
0.56942539247066
0.9027587258039933
0.05090687395214144
0.38424020728547476
0.7175735406188082
0.16201798506325255
0.49535131839658586
0.8286846517299191
0.27312909617436365
0.606462429507697
0.9397957628410303
0.08794391098917848
0.4212772443225118
0.7546105776558452
0.19905502210028958
0.5323883554336228
0.8657216887669561
0.3101661332114007
0.643499466544734
0.9768327998780673
0.02621551592745008
0.3595488492607834
0.6928821825941167
0.1373266270385612
0.4706599603718945
0.8039932937052278
0.2484377381496723
0.5817710714830057
0.9151044048163389
0.06325255296448712
0.39658588629782043
0.7299192196311538
0.17436366407559822
0.5076969974089316
0.8410303307422647
0.28547477518670933
0.6188081085200426
0.9521414418533759
0.10028959000152415
0.43362292333485747
0.7669562566681908
0.21140070111263526
0.5447340344459686
0.8780673677793018
0.32251181222374636
0.6558451455570797
0.989178478890413
0.005639384240207285
0.3389727175735406
0.6723060509068739
0.11675049535131839
0.4500838286846517
0.783417162017985
0.2278616064624295
0.5611949397957628
0.8945282731290961
0.042676421277244324
0.3760097546105776
0.709343087943911
0.15378753238835544
0.4871208657216887
0.8204541990550219
0.2648986434994665
0.5982319768327998
0.9315653101661331
0.07971345831428135
0.41304679164761465
0.746380124980948
0.19082456942539247
0.5241579027587258
0.857491236092059
0.30193568053650355
0.6352690138698369
0.9686023472031702
0.01798506325255296
0.35131839658588626
0.6846517299192195
0.12909617436366408
0.46242950769699737
0.7957628410303307
0.24020728547477518
0.5735406188081086
0.9068739521414418
0.05502210028959
0.3883554336229233
0.7216887669562567
0.16613321140070111
0.4994665447340344
0.8327998780673677
0.2772443225118122
0.6105776558451456
0.9439109891784788
0.09205913732662703
0.42539247065996033
0.7587258039932937
0.20317024843773815
0.5365035817710714
0.8698369151044046
0.3142813595488492
0.6476146928821825
0.9809480262155158
0.03033074226489864
0.36366407559823194
0.6969974089315653
0.14144185337600976
0.47477518670934304
0.8081085200426763
0.25255296448712083
0.5858862978204542
0.9192196311537875
0.06736777930193567
0.400701112635269
0.7340344459686023
0.1784788904130468
0.5118122237463801
0.8451455570797133
0.28959000152415787
0.6229233348574912
0.9562566681908244
0.10440481633897271
0.437738149672306
0.7710714830056393
0.21551592745008383
0.5488492607834171
0.8821825941167504
0.3266270385611949
0.6599603718945283
0.9932937052278615
0.009754610577655844
0.3430879439109892
0.6764212772443224
0.12086572168876696
0.4541990550221003
0.7875323883554335
0.23197683279987805
0.5653101661332114
0.8986434994665446
0.04679164761469288
0.3801249809480262
0.7134583142813595
0.15790275872580398
0.4912360920591373
0.8245694253924705
0.2690138698369151
0.6023472031702484
0.9356805365035816
0.08382868465172992
0.41716201798506325
0.7504953513183965
0.194939795762841
0.5282731290961743
0.8616064624295076
0.30605090687395214
0.6393842402072855
0.9727175735406187
0.02210028959000152
0.35543362292333486
0.6887669562566681
0.13321140070111262
0.46654473403444596
0.7998780673677792
0.24432251181222372
0.5776558451455571
0.9109891784788904
0.05913732662703856
0.3924706599603719
0.7258039932937053
0.17024843773814965
0.5035817710714829
0.8369151044048162
0.2813595488492608
0.6146928821825941
0.9480262155159274
0.0961743636640756
0.4295076969974089
0.7628410303307422
0.2072854747751867
0.5406188081085199
0.8739521414418532
0.3183965858862978
0.6517299192196311
0.9850632525529643
0.0344459686023472
0.36777930193568054
0.7011126352690138
0.1455570797134583
0.47889041304679164
0.8122237463801248
0.25666819082456943
0.5900015241579027
0.923334857491236
0.07148300563938424
0.40481633897271757
0.7381496723060509
0.18259411675049533
0.5159274500838287
0.8492607834171618
0.29370522786160647
0.6270385611949397
0.960371894528273
0.10852004267642128
0.4418533760097546
0.7751867093430879
0.21963115378753237
0.5529644871208657
0.8862978204541989
0.3307422648986435
0.6640755982319768
0.9974089315653101
0.0028959000152415787
0.3362292333485749
0.6695625666819083
0.11400701112635268
0.447340344459686
0.7806736777930193
0.22511812223746377
0.5584514555707972
0.8917847889041305
0.039932937052278614
0.37326627038561194
0.7065996037189454
0.1510440481633897
0.48437738149672305
0.8177107148300563
0.26215515927450084
0.5954884926078342
0.9288218259411675
0.07696997408931565
0.410303307422649
0.7436366407559823
0.18808108520042674
0.5214144185337601
0.8547477518670934
0.2991921963115379
0.6325255296448713
0.9658588629782046
0.015241579027587257
0.3485749123609206
0.6819082456942539
0.12635269013869835
0.4596860234720317
0.7930193568053651
0.23746380124980945
0.570797134583143
0.9041304679164762
0.05227861606462429
0.3856119493979576
0.7189452827312911
0.16338972717573538
0.4967230605090687
0.830056393842402
0.2745008382868465
0.6078341716201799
0.9411675049535132
0.08931565310166133
0.42264898643499466
0.7559823197683281
0.20042676421277242
0.5337600975461058
0.867093430879439
0.31153787532388355
0.6448712086572169
0.9782045419905502
0.027587258039932935
0.36092059137326626
0.6942539247065996
0.13869836915104403
0.47203170248437737
0.8053650358177107
0.24980948026215513
0.5831428135954886
0.9164761469288218
0.06462429507696997
0.3979576284103033
0.7312909617436367
0.17573540618808106
0.5090687395214145
0.8424020728547477
0.2868465172991922
0.6201798506325256
0.9535131839658588
0.101661332114007
0.43499466544734033
0.7683279987806737
0.2127724432251181
0.5461057765584515
0.8794391098917848
0.32388355433622923
0.6572168876695627
0.9905502210028959
0.007011126352690138
0.34034445968602345
0.6736777930193568
0.11812223746380124
0.45145557079713455
0.7847889041304679
0.22923334857491234
0.5625666819082458
0.895900015241579
0.044048163389727175
0.3773814967230605
0.7107148300563939
0.15515927450083827
0.4884926078341716
0.8218259411675048
0.2662703856119494
0.5996037189452827
0.932937052278616
0.0810852004267642
0.4144185337600975
0.7477518670934309
0.1921963115378753
0.5255296448712087
0.8588629782045419
0.3033074226489864
0.6366407559823198
0.9699740893156531
0.019356805365035815
0.3526901386983691
0.6860234720317024
0.13046791647614692
0.46380124980948023
0.7971345831428136
0.24157902758725802
0.5749123609205915
0.9082456942539248
0.056393842402072854
0.38972717573540616
0.7230605090687396
0.16750495351318395
0.5008382868465173
0.8341716201798506
0.27861606462429506
0.6119493979576285
0.9452827312909617
0.09343087943910988
0.4267642127724432
0.7600975461057766
0.204541990550221
0.5378753238835543
0.8712086572168876
0.3156531016613321
0.6489864349946655
0.9823197683279987
0.0317024843773815
0.3650358177107148
0.6983691510440482
0.1428135954884926
0.4761469288218259
0.8094802621551592
0.2539247065996037
0.5872580399329371
0.9205913732662704
0.06873952141441853
0.40207285474775184
0.7354061880810853
0.17985063252552963
0.5131839658588631
0.8465172991921962
0.29096174363664074
0.6242950769699741
0.9576284103033074
0.10577655845145556
0.4391098917847889
0.7724432251181222
0.21688766956256667
0.5502210028959
0.8835543362292333
0.32799878067367777
0.6613321140070112
0.9946654473403445
0.011126352690138697
0.34445968602347204
0.6777930193568054
0.12223746380124981
0.45557079713458315
0.7889041304679164
0.23334857491236088
0.5666819082456943
0.9000152415790276
0.04816338972717573
0.3814967230605091
0.7148300563938425
0.15927450083828681
0.4926078341716202
0.8259411675049534
0.270385611949398
0.6037189452827313
0.9370522786160645
0.08520042676421277
0.4185337600975461
0.7518670934308794
0.19631153787532385
0.5296448712086572
0.8629782045419905
0.307422648986435
0.6407559823197684
0.9740893156531016
0.023472031702484374
0.3568053650358177
0.690138698369151
0.13458314281359546
0.46791647614692883
0.8012498094802621
0.24569425392470656
0.57902758725804
0.9123609205913733
0.06050906873952141
0.39384240207285476
0.7271757354061882
0.1716201798506325
0.5049535131839659
0.8382868465172991
0.28273129096174365
0.616064624295077
0.9493979576284103
0.09754610577655845
0.4308794391098918
0.7642127724432252
0.20865721688766953
0.5419905502210028
0.8753238835543361
0.3197683279987807
0.653101661332114
0.9864349946654473
0.03581771071483005
0.3691510440481634
0.7024843773814967
0.14692882182594114
0.4802621551592745
0.8135954884926078
0.2580399329370523
0.5913732662703857
0.9247065996037189
0.0728547477518671
0.40618808108520044
0.7395214144185338
0.18396585886297817
0.5172991921963116
0.8506325255296447
0.29507696997408933
0.6284103033074226
0.9617436366407559
0.10989178478890413
0.44322511812223747
0.7765584514555708
0.2210028959000152
0.5543362292333486
0.8876695625666818
0.33211400701112637
0.6654473403444597
0.998780673677793
0.0006096631611034903
0.3339429964944368
0.6672763298277702
0.11172077427221459
0.4450541076055479
0.7783874409388812
0.22283188538332568
0.5561652187166591
0.8894985520499924
0.03764670019814053
0.37098003353147385
0.7043133668648073
0.14875781130925161
0.48209114464258496
0.8154244779759182
0.25986892242036275
0.5932022557536961
0.9265355890870294
0.07468373723517756
0.4080170705685109
0.7413504039018443
0.18579484834628865
0.519128181679622
0.8524615150129553
0.2969059594573998
0.6302392927907332
0.9635726261240665
0.012955342173449168
0.3462886755067825
0.6796220088401158
0.12406645328456027
0.4573997866178936
0.790733119951227
0.23517756439567136
0.5685108977290049
0.9018442310623381
0.04999237921048621
0.38332571254381953
0.716659045877153
0.1611034903215973
0.49443682365493064
0.827770156988264
0.2722146014327084
0.6055479347660419
0.9388812680993751
0.08702941624752324
0.42036274958085657
0.75369608291419
0.19814052735863433
0.5314738606919677
0.8648071940253009
0.30925163846974546
0.6425849718030788
0.9759183051364121
0.025301021185794845
0.3586343545191282
0.6919676878524615
0.13641213229690594
0.4697454656302393
0.8030787989635726
0.24752324340801704
0.5808565767413505
0.9141899100746838
0.06233805822283189
0.3956713915561652
0.7290047248894986
0.17344916933394297
0.5067825026672764
0.8401158360006096
0.2845602804450541
0.6178936137783875
0.9512269471117207
0.09937509525986891
0.43270842859320224
0.7660417619265356
0.21048620637098
0.5438195397043134
0.8771528730376467
0.32159731748209114
0.6549306508154246
0.9882639841487578
0.00472488949855205
0.33805822283188536
0.6713915561652187
0.11583600060966315
0.44916933394299646
0.7825026672763298
0.22694711172077425
0.5602804450541077
0.8936137783874409
0.04176192653558909
0.3750952598689224
0.7084285932022558
0.15287303764670018
0.4862063709800335
0.8195397043133668
0.2639841487578113
0.5973174820911447
0.9306508154244779
0.07879896357262611
0.4121322969059594
0.7454656302392928
0.18991007468373722
0.5232434080170706
0.8565767413504038
0.3010211857948483
0.6343545191281817
0.967687852461515
0.017070568510897725
0.35040390184423104
0.6837372351775644
0.12818167962200883
0.46151501295534214
0.7948483462886755
0.23929279073311993
0.5726261240664534
0.9059594573997867
0.05410760554793477
0.38744093888126807
0.7207742722146016
0.16521871665904586
0.4985520499923792
0.8318853833257125
0.27632982777015697
0.6096631611034904
0.9429964944368237
0.09114464258497179
0.4244779759183051
0.7578113092516385
0.2022557536960829
0.5355890870294162
0.8689224203627495
0.313366864807194
0.6467001981405274
0.9800335314738606
0.029416247523243403
0.3627495808565767
0.6960829141899101
0.1405273586343545
0.4738606919676878
0.8071940253010211
0.2516384697454656
0.584971803078799
0.9183051364121323
0.06645328456028043
0.39978661789361375
0.7331199512269472
0.17756439567139154
0.510897729004725
0.8442310623380581
0.28867550678250264
0.622008840115836
0.9553421734491693
0.10349032159731747
0.4368236549306508
0.7701569882639842
0.21460143270842857
0.547934766041762
0.8812680993750952
0.3257125438195397
0.6590458771528731
0.9923792104862064
0.008840115836000608
0.34217344916933395
0.6755067825026673
0.11995122694711172
0.45328456028044506
0.7866178936137783
0.2310623380582228
0.5643956713915562
0.8977290047248895
0.04587715287303765
0.379210486206371
0.7125438195397044
0.15698826398414872
0.4903215973174821
0.8236549306508153
0.2680993750952599
0.6014327084285932
0.9347660417619265
0.08291418991007468
0.416247523243408
0.7495808565767413
0.19402530102118576
0.5273586343545191
0.8606919676878524
0.3051364121322969
0.6384697454656303
0.9718030787989635
0.021185794848346283
0.35451912818167963
0.6878524615150129
0.13229690595945737
0.46563023929279074
0.798963572626124
0.24340801707056847
0.576741350403902
0.9100746837372352
0.058222831885383325
0.39155616521871667
0.7248894985520501
0.1693339429964944
0.5026672763298278
0.836000609663161
0.28044505410760556
0.6137783874409389
0.9471117207742722
0.09525986892242036
0.4285932022557537
0.7619265355890871
0.20637098003353144
0.5397043133668648
0.873037646700198
0.3174820911446426
0.6508154244779759
0.9841487578113092
0.03353147386069197
0.3668648071940253
0.7001981405273586
0.14464258497180305
0.4779759183051364
0.8113092516384697
0.2557536960829142
0.5890870294162476
0.9224203627495808
0.070568510897729
0.40390184423106235
0.7372351775643957
0.18167962200884008
0.5150129553421735
0.8483462886755067
0.29279073311995124
0.6261240664532846
0.9594573997866178
0.10760554793476604
0.4409388812680994
0.7742722146014327
0.21871665904587712
0.5520499923792105
0.8853833257125437
0.3298277701569883
0.6631611034903216
0.9964944368236549
0.0019814052735863436
0.3353147386069197
0.668648071940253
0.11309251638469744
0.4464258497180308
0.779759183051364
0.22420362749580855
0.557536960829142
0.8908702941624752
0.03901844231062338
0.3723517756439567
0.7056851089772901
0.15012955342173448
0.4834628867550678
0.816796220088401
0.2612406645328456
0.5945739978661789
0.9279073311995122
0.07605547934766041
0.40938881268099375
0.7427221460143271
0.18716659045877151
0.5204999237921049
0.8538332571254381
0.29827770156988265
0.631611034903216
0.9649443682365493
0.014327084285932021
0.34766041761926536
0.6809937509525986
0.12543819539704312
0.45877152873037647
0.7921048620637098
0.23654930650815423
0.5698826398414877
0.9032159731748209
0.05136412132296906
0.3846974546563024
0.7180307879896358
0.16247523243408016
0.4958085657674135
0.8291418991007468
0.2735863435451913
0.6069196768785247
0.9402530102118579
0.08840115836000609
0.42173449169333943
0.7550678250266728
0.1995122694711172
0.5328456028044505
0.8661789361377837
0.3106233805822283
0.6439567139155616
0.9772900472488949
0.026672763298277696
0.36000609663161104
0.6933394299649444
0.1377838744093888
0.47111720774272214
0.8044505410760554
0.2488949855204999
0.5822283188538333
0.9155616521871666
0.06370980033531473
0.3970431336686481
0.7303764670019814
0.17482091144642584
0.5081542447797592
0.8414875781130924
0.28593202255753697
0.6192653558908703
0.9525986892242035
0.10074683737235177
0.4340801707056851
0.7674135040390184
0.21185794848346287
0.5451912818167962
0.8785246151501295
0.322969059594574
0.6563023929279074
0.9896357262612406
0.006096631611034903
0.3394299649443682
0.6727632982777015
0.117207742722146
0.45054107605547933
0.7838744093888126
0.22831885383325712
0.5616521871665905
0.8949855204999237
0.04313366864807194
0.37646700198140526
0.7098003353147386
0.15424477975918305
0.48757811309251636
0.8209114464258496
0.26535589087029415
0.5986892242036275
0.9320225575369607
0.08017070568510896
0.4135040390184423
0.7468373723517756
0.19128181679622008
0.5246151501295534
0.8579484834628867
0.3023929279073312
0.6357262612406646
0.9690595945739978
0.018442310623380576
0.3517756439567139
0.6851089772900472
0.1295534217344917
0.462886755067825
0.7962200884011583
0.2406645328456028
0.5739978661789362
0.9073311995122695
0.05547934766041762
0.38881268099375094
0.7221460143270844
0.16659045877152873
0.49992379210486204
0.8332571254381953
0.27770156988263983
0.6110349032159732
0.9443682365493065
0.09251638469745464
0.42584971803078797
0.7591830513641213
0.20362749580856576
0.536960829141899
0.8702941624752323
0.31473860691967687
0.6480719402530102
0.9814052735863434
0.030787989635726255
0.3641213229690596
0.6974546563023929
0.14189910074683737
0.4752324340801707
0.8085657674135039
0.2530102118579485
0.5863435451912818
0.9196768785246151
0.06782502667276329
0.4011583600060966
0.73449169333943
0.1789361377838744
0.5122694711172078
0.8456028044505409
0.2900472488949855
0.6233805822283188
0.9567139155616521
0.10486206370980032
0.43819539704313365
0.771528730376467
0.21597317482091144
0.5493065081542448
0.882639841487578
0.32708428593202254
0.6604176192653559
0.9937509525986892
0.010211857948483461
0.3435451912818168
0.6768785246151501
0.12132296905959457
0.4546563023929279
0.7879896357262611
0.23243408017070566
0.565767413504039
0.8991007468373723
0.0472488949855205
0.38058222831885385
0.7139155616521872
0.1583600060966316
0.49169333942996496
0.8250266727632981
0.26947111720774275
0.602804450541076
0.9361377838744093
0.08428593202255753
0.4176192653558909
0.7509525986892241
0.19539704313366862
0.5287303764670019
0.8620637098003352
0.3065081542447798
0.6398414875781131
0.9731748209114464
0.022557536960829135
0.3558908702941625
0.6892242036274957
0.13366864807194023
0.4670019814052736
0.8003353147386069
0.24477975918305134
0.5781130925163848
0.911446425849718
0.059594573997866176
0.39292790733119953
0.7262612406645329
0.17070568510897727
0.5040390184423106
0.8373723517756438
0.28181679622008843
0.6151501295534217
0.948483462886755
0.09663161103490321
0.42996494436823657
0.7632982777015699
0.2077427221460143
0.5410760554793476
0.8744093888126808
0.31885383325712546
0.6521871665904587
0.985520499923792
0.03490321597317482
0.3682365493065082
0.7015698826398414
0.1460143270842859
0.4793476604176193
0.8126809937509525
0.25712543819539707
0.5904587715287304
0.9237921048620636
0.07194025301021185
0.4052735863435452
0.7386069196768785
0.18305136412132295
0.5163846974546563
0.8497180307879895
0.2941624752324341
0.6274958085657674
0.9608291418991006
0.10897729004724889
0.44231062338058225
0.7756439567139155
0.22008840115835998
0.5534217344916933
0.8867550678250266
0.33119951226947114
0.6645328456028045
0.9978661789361377
0.0033531473860691965
0.33668648071940255
0.6700198140527359
0.1144642584971803
0.44779759183051365
0.781130925163847
0.2255753696082914
0.5589087029416249
0.8922420362749581
0.04039018442310623
0.3737235177564396
0.707056851089773
0.15150129553421732
0.4848346288675507
0.818167962200884
0.2626124066453285
0.5959457399786618
0.9292790733119951
0.07742722146014326
0.4107605547934766
0.74409388812681
0.18853833257125435
0.5218716659045878
0.855204999237921
0.2996494436823655
0.6329827770156989
0.9663161103490322
0.015698826398414877
0.3490321597317482
0.6823654930650815
0.12680993750952596
0.46014327084285933
0.7934766041761927
0.23792104862063707
0.5712543819539706
0.9045877152873039
0.05273586343545191
0.38606919676878526
0.7194025301021187
0.163846974546563
0.49718030787989637
0.8305136412132297
0.27495808565767416
0.6082914189910076
0.9416247523243408
0.08977290047248894
0.4231062338058223
0.7564395671391557
0.20088401158360003
0.5342173449169334
0.8675506782502667
0.3119951226947112
0.6453284560280446
0.9786617893613778
0.02804450541076055
0.3613778387440939
0.6947111720774273
0.13915561652187164
0.472488949855205
0.8058222831885383
0.25026672763298274
0.5836000609663162
0.9169333942996495
0.06508154244779758
0.39841487578113094
0.7317482091144644
0.17619265355890867
0.5095259868922422
0.8428593202255753
0.28730376467001983
0.6206370980033532
0.9539704313366865
0.10211857948483462
0.435451912818168
0.7687852461515013
0.2132296905959457
0.5465630239292791
0.8798963572626124
0.32434080170705687
0.6576741350403903
0.9910074683737236
0.007468373723517756
0.3408017070568511
0.6741350403901845
0.11857948483462885
0.4519128181679622
0.7852461515012955
0.22969059594573996
0.5630239292790734
0.8963572626124067
0.044505410760554795
0.3778387440938881
0.7111720774272215
0.15561652187166589
0.48894985520499923
0.8222831885383325
0.266727632982777
0.6000609663161104
0.9333942996494436
0.08154244779759182
0.41487578113092516
0.7482091144642585
0.19265355890870292
0.5259868922420363
0.8593202255753696
0.30376467001981405
0.6370980033531475
0.9704313366864807
0.01981405273586343
0.35314738606919677
0.6864807194025301
0.13092516384697453
0.46425849718030787
0.7975918305136412
0.24203627495808563
0.5753696082914191
0.9087029416247524
0.05685108977290047
0.3901844231062338
0.7235177564395673
0.16796220088401156
0.501295534217345
0.8346288675506782
0.2790733119951227
0.6124066453284561
0.9457399786617894
0.0938881268099375
0.42722146014327084
0.7605547934766043
0.2049992379210486
0.5383325712543819
0.8716659045877152
0.31611034903215973
0.6494436823654931
0.9827770156988264
0.03215973174820912
0.36549306508154245
0.6988263984148758
0.1432708428593202
0.47660417619265355
0.8099375095259869
0.25438195397043134
0.5877152873037648
0.921048620637098
0.06919676878524614
0.4025301021185795
0.7358634354519129
0.18030787989635724
0.5136412132296907
0.8469745465630238
0.2914189910074684
0.6247523243408017
0.958085657674135
0.10623380582228317
0.4395671391556165
0.7729004724889499
0.21734491693339428
0.5506782502667277
0.8840115836000609
0.3284560280445054
0.6617893613778388
0.9951226947111721
0.011583600060966315
0.3449169333942997
0.678250266727633
0.12269471117207742
0.4560280445054108
0.789361377838744
0.2338058222831885
0.567139155616522
0.9004724889498552
0.04862063709800335
0.3819539704313367
0.7152873037646701
0.15973174820911443
0.4930650815424478
0.826398414875781
0.2708428593202256
0.6041761926535589
0.9375095259868922
0.08565767413504038
0.41899100746837376
0.7523243408017071
0.19676878524615146
0.5301021185794849
0.8634354519128181
0.30787989635726265
0.641213229690596
0.9745465630239293
0.02392927907331199
0.35726261240664536
0.6905959457399786
0.13504039018442307
0.46837372351775647
0.8017070568510898
0.24615150129553418
0.5794848346288677
0.9128181679622009
0.06096631611034903
0.3942996494436824
0.7276329827770158
0.1720774272214601
0.5054107605547935
0.8387440938881268
0.2831885383325713
0.6165218716659047
0.9498552049992379
0.09800335314738606
0.43133668648071943
0.7646700198140528
0.20911446425849714
0.5424477975918305
0.8757811309251637
0.32022557536960833
0.6535589087029416
0.9868922420362749
0.03627495808565767
0.36960829141899104
0.7029416247523244
0.14738606919676875
0.48071940253010215
0.8140527358634354
0.25849718030787994
0.5918305136412133
0.9251638469745466
0.0733119951226947
0.4066453284560281
0.7399786617893614
0.18442310623380578
0.5177564395671392
0.8510897729004724
0.29553421734491697
0.6288675506782503
0.9622008840115835
0.11034903215973174
0.4436823654930651
0.7770156988263984
0.22146014327084282
0.5547934766041762
0.8881268099375095
0.332571254381954
0.6659045877152874
0.9992379210486206
0.001066910531931108
0.3344002438652644
0.6677335771985978
0.11217802164304222
0.4455113549763755
0.7788446883097089
0.2232891327541533
0.5566224660874868
0.88995579942082
0.03810394756896814
0.37143728090230144
0.7047706142356349
0.14921505868007923
0.48254839201341254
0.8158817253467459
0.26032616979119033
0.5936595031245238
0.926992836457857
0.07514098460600518
0.40847431793933847
0.7418076512726719
0.18625209571711626
0.5195854290504497
0.852918762383783
0.29736320682822737
0.6306965401615608
0.9640298734948941
0.013412589544276786
0.3467459228776101
0.6800792562109435
0.1245237006553879
0.4578570339887212
0.7911903673220546
0.23563481176649897
0.5689681450998325
0.9023014784331658
0.05044962658131382
0.3837829599146471
0.7171162932479807
0.1615607376924249
0.4948940710257582
0.8282274043590916
0.272671848803536
0.6060051821368695
0.9393385154702028
0.08748666361835086
0.42081999695168415
0.7541533302850176
0.19859777472946194
0.5319311080627953
0.8652644413961286
0.30970888584057304
0.6430422191739065
0.9763755525072397
0.025758268556622464
0.35909160188995576
0.6924249352232892
0.13686937966773355
0.47020271300106686
0.8035360463344002
0.24798049077884465
0.5813138241121781
0.9146471574455114
0.0627953055936595
0.3961286389269928
0.7294619722603263
0.17390641670477058
0.5072397500381041
0.8405730833714372
0.2850175278158817
0.6183508611492151
0.9516841944825484
0.09983234263069654
0.43316567596402983
0.7664990092973633
0.21094345374180762
0.544276787075141
0.8776101204084743
0.3220545648529187
0.6553878981862522
0.9887212315195855
0.005182136869379668
0.33851547020271294
0.6718488035360464
0.11629324798049077
0.44962658131382405
0.7829599146471574
0.22740435909160187
0.5607376924249353
0.8940710257582686
0.042219173906416704
0.37555250723975
0.7088858405730835
0.1533302850175278
0.4866636183508611
0.8199969516841944
0.2644413961286389
0.5977747294619723
0.9311080627953056
0.07925621094345374
0.412589544276787
0.7459228776101204
0.19036732205456483
0.5237006553878982
0.8570339887212315
0.3014784331656759
0.6348117664990094
0.9681450998323426
0.017527815881725344
0.3508611492150586
0.684194482548392
0.12863892699283644
0.4619722603261697
0.7953055936595032
0.23975003810394754
0.573083371437281
0.9064167047706143
0.05456485291876238
0.38789818625209566
0.7212315195854292
0.16567596402987347
0.49900929736320676
0.8323426306965401
0.27678707514098455
0.610120408474318
0.9434537418076513
0.09160188995579942
0.4249352232891327
0.7582685566224662
0.2027130010669105
0.5360463344002439
0.8693796677335771
0.3138241121780216
0.647157445511355
0.9804907788446883
0.029873494894071023
0.3632068282274043
0.6965401615607377
0.14098460600518212
0.4743179393385154
0.8076512726718488
0.2520957171162932
0.5854290504496267
0.9187623837829599
0.06691053193110806
0.40024386526444133
0.7335771985977748
0.17802164304221915
0.5113549763755526
0.8446883097088858
0.28913275415333023
0.6224660874866637
0.9557994208199969
0.1039475689681451
0.43728090230147837
0.7706142356348118
0.2150586800792562
0.5483920134125896
0.8817253467459228
0.32616979119036726
0.6595031245237007
0.992836457857034
0.009297363206828226
0.34263069654016154
0.6759640298734949
0.12040847431793934
0.45374180765127264
0.787075140984606
0.2315195854290504
0.5648529187623839
0.8981862520957171
0.04633440024386526
0.3796677335771986
0.713001066910532
0.15744551135497634
0.4907788446883097
0.8241121780216429
0.26855662246608747
0.6018899557994208
0.9352232891327541
0.08337143728090231
0.4167047706142356
0.750038103947569
0.19448254839201337
0.5278158817253468
0.86114921505868
0.3055936595031245
0.6389269928364579
0.9722603261697912
0.021643042219173902
0.3549763755525072
0.6883097088858405
0.13275415333028498
0.4660874866636183
0.7994208199969517
0.24386526444139608
0.5771985977747296
0.9105319311080629
0.05868007925621094
0.39201341258954425
0.7253467459228777
0.16979119036732201
0.5031245237006554
0.8364578570339887
0.28090230147843315
0.6142356348117666
0.9475689681450998
0.09571711629324799
0.4290504496265813
0.7623837829599147
0.20682822740435905
0.5401615607376924
0.8734948940710257
0.3179393385154702
0.6512726718488036
0.9846060051821368
0.03398872123151958
0.3673220545648529
0.7006553878981863
0.14509983234263066
0.478433165675964
0.8117664990092973
0.2562109434537418
0.5895442767870752
0.9228776101204085
0.07102575826855663
0.40435909160188993
0.7376924249352234
0.1821368693796677
0.5154702027130011
0.8488035360463343
0.2932479804907788
0.6265813138241122
0.9599146471574455
0.10806279530559366
0.44139612863892697
0.7747294619722603
0.21917390641670473
0.5525072397500381
0.8858405730833714
0.33028501752781586
0.6636183508611493
0.9969516841944825
0.002438652644413961
0.33577198597774727
0.6691053193110806
0.11354976375552507
0.44688309708885837
0.7802164304221917
0.22466087486663616
0.5579942081999696
0.8913275415333028
0.039475689681450994
0.3728090230147843
0.7061423563481177
0.1505868007925621
0.4839201341258954
0.8172534674592287
0.2616979119036732
0.5950312452370066
0.9283645785703398
0.07651272671848804
0.40984606005182134
0.7431793933851547
0.18762383782959913
0.5209571711629325
0.8542905044962658
0.29873494894071023
0.6320682822740437
0.9654016156073769
0.01478433165675964
0.34811766499009295
0.6814509983234263
0.12589544276787074
0.45922877610120405
0.7925621094345374
0.23700655387898184
0.5703398872123153
0.9036732205456486
0.05182136869379667
0.38515470202713
0.7184880353604635
0.16293247980490777
0.4962658131382411
0.8295991464715744
0.2740435909160189
0.6073769242493523
0.9407102575826856
0.08885840573083371
0.422191739064167
0.7555250723975004
0.1999695168419448
0.5333028501752781
0.8666361835086114
0.3110806279530559
0.6444139612863893
0.9777472946197225
0.027130010669105316
0.3604633440024386
0.693796677335772
0.1382411217802164
0.47157445511354973
0.804907788446883
0.24935223289132752
0.582685566224661
0.9160188995579942
0.06416704770614236
0.39750038103947566
0.7308337143728091
0.17527815881725345
0.5086114921505869
0.84194482548392
0.28638926992836455
0.6197226032616979
0.9530559365950312
0.10120408474317939
0.4345374180765127
0.7678707514098461
0.21231519585429048
0.5456485291876239
0.8789818625209571
0.3234263069654016
0.656759640298735
0.9900929736320683
0.006553878981862521
0.3398872123151958
0.6732205456485292
0.11766499009297363
0.4509983234263069
0.7843316567596402
0.22877610120408473
0.5621094345374181
0.8954427678707514
0.043590916018899556
0.37692424935223284
0.7102575826855663
0.15470202713001066
0.48803536046334395
0.8213686937966772
0.26581313824112174
0.5991464715744551
0.9324798049077884
0.08062795305593659
0.4139612863892699
0.7472946197226032
0.1917390641670477
0.525072397500381
0.8584057308337143
0.3028501752781588
0.6361835086114922
0.9695168419448255
0.018899557994208196
0.3522328913275415
0.6855662246608748
0.1300106691053193
0.4633440024386526
0.796677335771986
0.2411217802164304
0.5744551135497639
0.9077884468830971
0.055936595031245234
0.3892699283645785
0.722603261697912
0.16704770614235634
0.5003810394756897
0.8337143728090229
0.2781588172534674
0.6114921505868008
0.9448254839201341
0.09297363206828227
0.42630696540161556
0.759640298734949
0.20408474317939337
0.5374180765127267
0.8707514098460599
0.31519585429050445
0.6485291876238378
0.9818625209571711
0.031245237006553874
0.36457857033988716
0.6979119036732205
0.14235634811766498
0.47568968145099827
0.8090230147843316
0.25346745922877606
0.5868007925621095
0.9201341258954427
0.06828227404359091
0.4016156073769242
0.7349489407102576
0.17939338515470202
0.5127267184880354
0.8460600518213686
0.2905044962658131
0.6238378295991465
0.9571711629324797
0.10531931108062795
0.43865264441396123
0.7719859777472946
0.21643042219173905
0.5497637555250724
0.8830970888584057
0.32754153330285013
0.6608748666361836
0.9942081999695168
0.01066910531931108
0.3440024386526444
0.6773357719859777
0.1217802164304222
0.4551135497637555
0.7884468830970888
0.23289132754153327
0.5662246608748667
0.8995579942081999
0.04770614235634811
0.38103947568968144
0.7143728090230148
0.1588172534674592
0.49215058680079254
0.8254839201341257
0.26992836457857033
0.6032616979119036
0.9365950312452369
0.08474317939338516
0.4180765127267185
0.7514098460600518
0.19585429050449624
0.5291876238378296
0.8625209571711628
0.30696540161560737
0.6402987349489407
0.973632068282274
0.023014784331656754
0.3563481176649901
0.6896814509983233
0.13412589544276785
0.4674592287761012
0.8007925621094345
0.24523700655387895
0.5785703398872124
0.9119036732205457
0.06005182136869379
0.3933851547020271
0.7267184880353605
0.17116293247980488
0.5044962658131382
0.8378295991464715
0.282274043590916
0.6156073769242494
0.9489407102575826
0.09708885840573084
0.43042219173906415
0.7637555250723975
0.20819996951684192
0.5415333028501752
0.8748666361835085
0.31931108062795305
0.6526444139612864
0.9859777472946196
0.03536046334400243
0.36869379667733576
0.7020271300106691
0.14647157445511352
0.47980490778844687
0.8131382411217801
0.25758268556622466
0.590916018899558
0.9242493522328913
0.07239750038103948
0.4057308337143728
0.7390641670477062
0.18350861149215056
0.516841944825484
0.8501752781588171
0.2946197226032617
0.627953055936595
0.9612863892699283
0.10943453741807652
0.44276787075140983
0.7761012040847431
0.2205456485291876
0.5538789818625209
0.8872123151958542
0.3316567596402987
0.6649900929736321
0.9983234263069654
0.0038103947568968143
0.33714372809023013
0.6704770614235636
0.11492150586800792
0.44825483920134124
0.7815881725346746
0.226032616979119
0.5593659503124525
0.8926992836457858
0.040847431793933846
0.37418076512726717
0.7075140984606006
0.15195854290504493
0.4852918762383783
0.8186252095717116
0.26306965401615606
0.5964029873494895
0.9297363206828227
0.07788446883097089
0.4112178021643042
0.7445511354976376
0.18899557994208196
0.5223289132754154
0.8556622466087487
0.3001066910531931
0.6334400243865266
0.9667733577198598
0.016156073769242493
0.3494894071025758
0.6828227404359092
0.12726718488035357
0.4606005182136869
0.7939338515470203
0.23837829599146468
0.5717116293247982
0.9050449626581315
0.053193110806279524
0.38652644413961285
0.7198597774729464
0.1643042219173906
0.49763755525072395
0.8309708885840573
0.27541533302850174
0.6087486663618352
0.9420819996951685
0.09023014784331657
0.4235634811766499
0.7568968145099834
0.20134125895442764
0.534674592287761
0.8680079256210943
0.3124523700655388
0.6457857033988722
0.9791190367322055
0.02850175278158817
0.3618350861149215
0.6951684194482549
0.13961286389269925
0.4729461972260326
0.806279530559366
0.2507239750038104
0.5840573083371439
0.9173906416704771
0.06553878981862521
0.3988721231519585
0.732205456485292
0.1766499009297363
0.5099832342630698
0.8433165675964029
0.2877610120408474
0.6210943453741808
0.9544276787075141
0.10257582685566224
0.43590916018899556
0.769242493522329
0.21368693796677332
0.5470202713001068
0.88035360463344
0.32479804907788445
0.6581313824112179
0.9914647157445512
0.007925621094345373
0.3412589544276787
0.6745922877610121
0.11903673220545648
0.4523700655387898
0.7857033988721231
0.23014784331656757
0.563481176649901
0.8968145099832343
0.04496265813138241
0.3782959914647157
0.7116293247980492
0.1560737692424935
0.4894071025758268
0.8227404359091601
0.2671848803536046
0.600518213686938
0.9338515470202713
0.08199969516841944
0.41533302850175274
0.7486663618350862
0.19311080627953053
0.526444139612864
0.8597774729461972
0.30422191739064164
0.6375552507239751
0.9708885840573084
0.02027130010669105
0.35360463344002435
0.6869379667733577
0.13138241121780214
0.46471574455113546
0.7980490778844689
0.24249352232891325
0.5758268556622468
0.90916018899558
0.057308337143728086
0.3906416704770614
0.7239750038103949
0.16841944825483918
0.5017527815881726
0.8350861149215059
0.2795305593659503
0.6128638926992838
0.946197226032617
0.09434537418076512
0.4276787075140984
0.7610120408474319
0.2054564852918762
0.5387898186252096
0.8721231519585428
0.3165675964029873
0.6499009297363207
0.983234263069654
0.03261697911903673
0.36595031245237003
0.6992836457857035
0.14372809023014782
0.47706142356348114
0.8103947568968145
0.2548392013412589
0.5881725346745924
0.9215058680079257
0.06965401615607376
0.40298734948940707
0.7363206828227405
0.18076512726718486
0.5140984606005183
0.8474317939338515
0.29187623837829596
0.6252095717116294
0.9585429050449626
0.1066910531931108
0.4400243865264441
0.7733577198597775
0.2178021643042219
0.5511354976375553
0.8844688309708886
0.328913275415333
0.6622466087486665
0.9955799420819997
0.012040847431793933
0.34537418076512727
0.6787075140984606
0.12315195854290505
0.4564852918762384
0.7898186252095717
0.2342630696540161
0.5675964029873496
0.9009297363206829
0.04907788446883096
0.3824112178021643
0.7157445511354977
0.16018899557994204
0.4935223289132754
0.8268556622466087
0.2713001066910532
0.6046334400243866
0.9379667733577198
0.08611492150586801
0.41944825483920134
0.7527815881725347
0.19722603261697907
0.5305593659503125
0.8638926992836458
0.30833714372809023
0.6416704770614237
0.9750038103947569
0.02438652644413961
0.35771985977747295
0.6910531931108063
0.13549763755525068
0.46883097088858405
0.8021643042219174
0.2466087486663618
0.5799420819996953
0.9132754153330286
0.06142356348117664
0.39475689681451
0.7280902301478435
0.17253467459228772
0.5058680079256211
0.8392013412589544
0.2836457857033989
0.6169791190367323
0.9503124523700656
0.09846060051821369
0.431793933851547
0.7651272671848804
0.20957171162932475
0.5429050449626581
0.8762383782959914
0.3206828227404359
0.6540161560737693
0.9873494894071025
0.036732205456485284
0.3700655387898186
0.703398872123152
0.14784331656759636
0.48117664990092973
0.814509983234263
0.2589544276787075
0.592287761012041
0.9256210943453742
0.07376924249352233
0.40710257582685566
0.7404359091601891
0.1848803536046334
0.5182136869379669
0.8515470202713
0.29599146471574456
0.6293247980490779
0.9626581313824112
0.11080627953055937
0.4441396128638927
0.7774729461972261
0.22191739064167043
0.5552507239750039
0.8885840573083371
0.3330285017527816
0.666361835086115
0.9996951684194483
0.00030483158055174517
0.33363816491388504
0.6669714982472184
0.11141594269166286
0.44474927602499614
0.7780826093583294
0.22252705380277396
0.5558603871361073
0.8891937204694406
0.03734186861758878
0.3706752019509221
0.7040085352842554
0.1484529797286999
0.4817863130620332
0.8151196463953664
0.25956409083981097
0.5928974241731443
0.9262307575064775
0.07437890565462582
0.4077122389879591
0.7410455723212924
0.18549001676573693
0.5188233500990702
0.8521566834324035
0.296601127876848
0.6299344612101814
0.9632677945435146
0.012650510592897424
0.3459838439262307
0.679317177259564
0.12376162170400853
0.4570949550373418
0.7904282883706751
0.23487273281511964
0.568206066148453
0.9015393994817863
0.04968754762993446
0.38302088096326775
0.7163542142966012
0.16079865874104557
0.49413199207437886
0.8274653254077121
0.27190976985215665
0.60524310318549
0.9385764365188233
0.0867245846669715
0.4200579180003048
0.7533912513336382
0.1978356957780826
0.5311690291114158
0.8645023624447491
0.3089468068891937
0.642280140222527
0.9756134735558603
0.0249961896052431
0.3583295229385764
0.6916628562719097
0.1361073007163542
0.4694406340496875
0.8027739673830208
0.24721841182746532
0.5805517451607987
0.9138850784941319
0.062033226642280136
0.39536655997561343
0.7286998933089468
0.17314433775339125
0.5064776710867246
0.8398110044200577
0.2842554488645023
0.6175887821978356
0.9509221155311689
0.09907026367931718
0.43240359701265046
0.7657369303459838
0.21018137479042828
0.5435147081237616
0.8768480414570948
0.32129248590153936
0.6546258192348727
0.987959152568206
0.004420057918000304
0.3377533912513336
0.6710867245846669
0.11553116902911141
0.4488645023624447
0.7821978356957779
0.22664228014022253
0.5599756134735558
0.8933089468068891
0.04145709495503734
0.3747904282883706
0.708123761621704
0.15256820606614846
0.4859015393994817
0.8192348727328149
0.2636793171772595
0.5970126505105928
0.9303459838439261
0.07849413199207438
0.41182746532540765
0.745160798658741
0.1896052431031855
0.5229385764365188
0.856271909769852
0.30071635421429654
0.6340496875476299
0.9673830208809632
0.01676573693034598
0.35009907026367926
0.6834324035970125
0.1278768480414571
0.46121018137479036
0.7945435147081237
0.2389879591525682
0.5723212924859016
0.9056546258192348
0.05380277396738302
0.3871361073007163
0.7204694406340497
0.16491388507849414
0.4982472184118274
0.8315805517451607
0.2760249961896052
0.6093583295229386
0.9426916628562718
0.09083981100442005
0.4241731443377533
0.7575064776710867
0.20195092211553117
0.5352842554488644
0.8686175887821976
0.3130620332266422
0.6463953665599755
0.9797286998933088
0.02911141594269166
0.36244474927602494
0.6957780826093583
0.14022252705380278
0.47355586038713604
0.8068891937204693
0.25133363816491383
0.5846669714982472
0.9180003048315805
0.0661484529797287
0.39948178631306197
0.7328151196463953
0.17725956409083982
0.5105928974241731
0.8439262307575063
0.28837067520195087
0.6217040085352842
0.9550373418686174
0.10318549001676573
0.436518823350099
0.7698521566834323
0.21429660112787685
0.5476299344612101
0.8809632677945434
0.3254077122389879
0.6587410455723213
0.9920743789056545
0.008535284255448864
0.3418686175887822
0.6752019509221154
0.11964639536655998
0.4529797286998933
0.7863130620332265
0.23075750647767107
0.5640908398110044
0.8974241731443376
0.045572321292485896
0.3789056546258192
0.7122389879591525
0.156683432403597
0.4900167657369303
0.8233500990702635
0.2677945435147081
0.6011278768480414
0.9344612101813746
0.08260935832952294
0.41594269166285625
0.7492760249961895
0.19372046944063404
0.5270538027739673
0.8603871361073006
0.30483158055174514
0.6381649138850785
0.9714982472184117
0.02088096326779454
0.35421429660112785
0.6875476299344611
0.13199207437890564
0.46532540771223896
0.7986587410455722
0.24310318549001675
0.5764365188233501
0.9097698521566834
0.057918000304831574
0.3912513336381649
0.7245846669714983
0.16902911141594268
0.5023624447492759
0.8356957780826092
0.2801402225270538
0.6134735558603871
0.9468068891937204
0.09495503734186862
0.4282883706752019
0.7616217040085352
0.2060661484529797
0.5393994817863129
0.8727328151196462
0.3171772595640908
0.6505105928974241
0.9838439262307573
0.03322664228014022
0.36655997561347353
0.6998933089468068
0.14433775339125132
0.47767108672458464
0.8110044200579178
0.2554488645023624
0.5887821978356957
0.922115531169029
0.07026367931717727
0.40359701265051057
0.7369303459838439
0.18137479042828836
0.5147081237616217
0.8480414570949548
0.29248590153939946
0.6258192348727327
0.959152568206066
0.1073007163542143
0.4406340496875476
0.7739673830208809
0.2184118274653254
0.5517451607986587
0.8850784941319919
0.3295229385764365
0.6628562719097698
0.9961896052431031
0.0016765736930345982
0.3350099070263679
0.6683432403597012
0.11278768480414571
0.446121018137479
0.7794543514708122
0.22389879591525683
0.5572321292485901
0.8905654625819234
0.03871361073007163
0.37204694406340494
0.7053802773967383
0.14982472184118276
0.48315805517451604
0.8164913885078492
0.26093583295229383
0.5942691662856271
0.9276024996189604
0.07575064776710867
0.409083981100442
0.7424173144337752
0.1868617588782198
0.520195092211553
0.8535284255448863
0.29797286998933087
0.6313062033226642
0.9646395366559974
0.014022252705380277
0.3473555860387136
0.6806889193720468
0.12513336381649137
0.4584666971498247
0.791800030483158
0.2362444749276025
0.5695778082609358
0.9029111415942691
0.05105928974241731
0.3843926230757506
0.717725956409084
0.16217040085352843
0.4955037341868617
0.8288370675201949
0.2732815119646395
0.6066148452979728
0.9399481786313061
0.08809632677945435
0.42142966011278765
0.754762993446121
0.19920743789056547
0.5325407712238986
0.8658741045572319
0.31031854900167655
0.6436518823350098
0.9769852156683431
0.026367931717725952
0.35970126505105926
0.6930345983843925
0.13747904282883708
0.47081237616217037
0.8041457094955036
0.24859015393994818
0.5819234872732815
0.9152568206066147
0.063404968754763
0.3967383020880963
0.7300716354214296
0.1745160798658741
0.5078494131992074
0.8411827465325405
0.2856271909769852
0.6189605243103184
0.9522938576436517
0.10044200579180003
0.43377533912513333
0.7671086724584666
0.21155311690291115
0.5448864502362444
0.8782197835695776
0.3226642280140222
0.6559975613473555
0.9893308946806888
0.005791800030483157
0.33912513336381644
0.6724584666971497
0.11690291114159426
0.45023624447492755
0.7835695778082608
0.2280140222527054
0.5613473555860387
0.8946806889193719
0.04282883706752019
0.3761621704008535
0.7094955037341868
0.15393994817863133
0.4872732815119646
0.8206066148452977
0.2650510592897424
0.5983843926230756
0.9317177259564089
0.07986587410455723
0.4131992074378905
0.7465325407712238
0.19097698521566836
0.5243103185490016
0.8576436518823348
0.3020880963267794
0.6354214296601127
0.968754762993446
0.018137479042828832
0.3514708123761621
0.6848041457094953
0.12924859015393997
0.4625819234872732
0.7959152568206065
0.24035970126505107
0.5736930345983844
0.9070263679317176
0.05517451607986587
0.38850784941319916
0.7218411827465325
0.166285627190977
0.49961896052431026
0.8329522938576435
0.27739673830208805
0.6107300716354214
0.9440634049687546
0.0922115531169029
0.4255448864502362
0.7588782197835695
0.20332266422801404
0.5366559975613472
0.8699893308946804
0.3144337753391251
0.6477671086724583
0.9811004420057916
0.03048315805517451
0.3638164913885078
0.6971498247218411
0.14159426916628565
0.4749276024996189
0.8082609358329521
0.2527053802773967
0.58603871361073
0.9193720469440633
0.06752019509221155
0.40085352842554484
0.7341868617588782
0.17863130620332268
0.5119646395366559
0.8452979728699891
0.28974241731443373
0.623075750647767
0.9564090839811002
0.10455723212924858
0.43789056546258187
0.7712238987959151
0.21566834324035972
0.5490016765736929
0.8823350099070262
0.32677945435147077
0.6601127876848041
0.9934461210181373
0.009907026367931717
0.34324035970126504
0.6765736930345982
0.12101813747904283
0.45435147081237615
0.7876848041457093
0.23212924859015394
0.5654625819234872
0.8987959152568205
0.04694406340496875
0.3802773967383021
0.7136107300716353
0.15805517451607987
0.4913885078494132
0.8247218411827463
0.26916628562719097
0.6024996189605242
0.9358329522938574
0.0839811004420058
0.4173144337753391
0.7506477671086723
0.1950922115531169
0.5284255448864501
0.8617588782197834
0.306203322664228
0.6395366559975613
0.9728699893308945
0.02225270538027739
0.3555860387136107
0.6889193720469439
0.1333638164913885
0.4666971498247218
0.800030483158055
0.24447492760249961
0.5778082609358329
0.9111415942691662
0.059289742417314426
0.39262307575064775
0.7259564090839811
0.17040085352842554
0.5037341868617587
0.837067520195092
0.28151196463953665
0.6148452979728699
0.9481786313062032
0.09632677945435147
0.4296601127876848
0.762993446121018
0.20743789056546258
0.5407712238987957
0.874104557232129
0.3185490016765737
0.6518823350099069
0.9852156683432401
0.03459838439262307
0.3679317177259564
0.7012650510592896
0.1457094955037342
0.4790428288370675
0.8123761621704007
0.2568206066148453
0.5901539399481786
0.9234872732815118
0.07163542142966012
0.40496875476299343
0.7383020880963267
0.18274653254077122
0.5160798658741045
0.8494131992074376
0.2938576436518823
0.6271909769852155
0.9605243103185488
0.10867245846669715
0.44200579180003047
0.7753391251333637
0.21978356957780826
0.5531169029111415
0.8864502362444747
0.33089468068891936
0.6642280140222526
0.9975613473555859
0.0030483158055174516
0.33638164913885077
0.6697149824721841
0.11415942691662856
0.4474927602499619
0.7808260935832951
0.22527053802773966
0.558603871361073
0.8919372046944063
0.04008535284255448
0.3734186861758878
0.7067520195092212
0.1511964639536656
0.4845297972869989
0.8178631306203321
0.2623075750647767
0.59564090839811
0.9289742417314433
0.07712238987959152
0.41045572321292484
0.7437890565462582
0.18823350099070263
0.5215668343240359
0.8549001676573692
0.29934461210181373
0.6326779454351471
0.9660112787684804
0.01539399481786313
0.34872732815119645
0.6820606614845297
0.12650510592897424
0.45983843926230755
0.7931717725956409
0.23761621704008534
0.5709495503734188
0.904282883706752
0.05243103185490016
0.3857643651882335
0.7190976985215669
0.16354214296601127
0.4968754762993446
0.8302088096326778
0.2746532540771224
0.6079865874104557
0.941319920743789
0.0894680688919372
0.4228014022252705
0.7561347355586039
0.2005791800030483
0.5339125133363816
0.8672458466697148
0.3116902911141594
0.6450236244474927
0.978356957780826
0.027739673830208807
0.3610730071635421
0.6944063404968754
0.13885078494131992
0.47218411827465323
0.8055174516079865
0.24996189605243102
0.5832952293857644
0.9166285627190977
0.06477671086724585
0.39811004420057916
0.7314433775339125
0.17588782197835695
0.5092211553116903
0.8425544886450235
0.28699893308946806
0.6203322664228014
0.9536655997561346
0.10181374790428288
0.4351470812376162
0.7684804145709495
0.21292485901539399
0.5462581923487273
0.8795915256820606
0.3240359701265051
0.6573693034598385
0.9907026367931717
0.00716354214296601
0.3404968754762993
0.6738302088096326
0.11827465325407711
0.4516079865874104
0.7849413199207437
0.22938576436518823
0.5627190976985216
0.8960524310318548
0.044200579180003044
0.37753391251333634
0.7108672458466697
0.15531169029111416
0.48864502362444745
0.8219783569577807
0.26642280140222524
0.5997561347355586
0.9330894680688918
0.08123761621704008
0.4145709495503734
0.7479042828837067
0.1923487273281512
0.5256820606614845
0.8590153939948177
0.3034598384392623
0.6367931717725956
0.9701265051059289
0.019509221155311687
0.352842554488645
0.6861758878219782
0.1306203322664228
0.4639536655997561
0.7972869989330894
0.2417314433775339
0.5750647767108673
0.9083981100442006
0.05654625819234872
0.389879591525682
0.7232129248590154
0.16765736930345984
0.5009907026367931
0.8343240359701264
0.2787684804145709
0.6121018137479043
0.9454351470812375
0.09358329522938576
0.42691662856271906
0.7602499618960524
0.20469440634049688
0.5380277396738301
0.8713610730071634
0.31580551745160795
0.6491388507849413
0.9824721841182745
0.031854900167657366
0.36518823350099067
0.698521566834324
0.14296601127876848
0.47629934461210177
0.809632677945435
