0.9977545734731285
0.07112856261558975
0.3872742954478573
0.23401207861605333
0.3418306839816605
0.40458114085252495
0.4331710506328589
0.09612967189049715
0.7052838069802412
0.2531615733286845
0.20424933808169543
0.13937078227135402
0.0588739052243451
0.8404466384190739
0.5209958332751183
0.1505981879351651
0.034262366543932776
0.164482008413123
0.583718991013204
0.38878495100685195
0.5276112895157674
0.1385398535619614
0.9438776416166337
0.3774229744023415
0.3108712120401599
0.20903079934597701
0.6072859090571313
0.446993901453308
0.9219814569742418
0.5965153869566414
0.2239275593061738
0.12055830508881027
0.6243096653412361
0.5954356861628789
0.5078910988327416
0.990683042161698
0.19405559417595253
0.1986867159042438
0.8070726547281849
0.6263092701677933
0.7720355533313282
0.7451165951526431
0.7179626791668452
0.19776548150365514
0.3809937652978661
0.7434011764709691
0.31464314570023877
0.3086824910005578
0.5532487943872132
0.7756624958229985
0.6298160342187313
0.3301734434510041
0.4062729598020287
0.09990443176670627
0.04568075583785092
0.839064342752729
0.811264847221314
0.8227601216164222
0.5628225089486003
0.8357204432323586
0.31519180350834985
0.9275662101589525
0.18775936986757347
0.72310045743853
0.8334706612677275
0.2922267201765538
0.8919207192584264
0.08573511369586673
0.9106073350442698
0.0780261431278031
0.7243411539937796
0.32690979935412257
0.9193241137800553
0.3968011957958507
0.23662954174546036
0.5084527208284771
0.948733341153962
0.4752436947623486
0.5262950423430123
0.43824566565450895
0.7895123712605386
0.7942960684605861
0.7454014120885599
0.09056884764579476
0.0643718298550775
0.972651884299718
0.31946081415335403
0.32690234436142984
0.6724721237554174
0.6950318025433632
0.41117156273160327
0.3622423537928571
0.8438748154971919
0.598953334102576
0.705429022151542
0.7722836447667343
0.2104179132645282
0.49498353555785013
0.8873394435297052
0.06645703260281599
0.382992292183139
0.5499522508250266
0.26097840817163465
0.13593577738430818
0.3090301102496975
0.27108380868461124
0.42927657436078537
0.21331350345985667
0.13572894785529366
0.9100840434158687
0.3367483285106798
0.3550521775049952
0.8509821213717695
0.3282066085363896
0.6515726090397411
0.19656220713640848
0.5329904560140585
0.4655475126369176
0.35517316303401225
0.2761137161531859
0.9601418237628986
0.6070831685364669
0.4003664255709377
0.6261096993505992
0.9135631544745123
0.8145372010075274
0.2942258805103324
0.22230762345501676
0.5639286318989406
0.9677917981251184
0.28053104597661627
0.8879122146356591
0.6123168735193539
0.04487378805416775
0.19548826823040666
0.7661271938828744
0.9657253649573125
0.5594090719119562
0.8361300353792082
0.7554385757712991
0.5292452107217324
0.24391071920516183
0.3695512980558284
0.23271071444281366
0.35327224797875745
0.9008485478016875
0.24618681800088527
0.9287293387382168
0.49667252757749236
0.6091572827224313
0.8264985343597343
0.40068522618955915
0.2643768292220874
0.16217720711542527
0.8577755632489121
0.5418665816234368
0.612632306352556
0.5637681701212993
0.42457350831399876
0.5701717431384153
0.8625198355934383
0.03489513498772079
0.8195435048803197
0.08479745978987219
0.966074748481848
0.9133399849874665
0.4127618672961235
0.7901383147056009
0.09701081042890658
0.85997559496129
0.033960413042784854
0.27695947175839986
0.537400250187476
0.1526845850666474
0.6633707468002569
0.23019653883352587
0.029838784137210528
0.38606125314394557
0.8619139061853984
0.4962360951659516
0.5449435922186054
0.9443712522812449
0.5149266835793175
0.8309989143036375
0.8762266267090708
0.8454253947803189
0.6038600594589528
0.16193538565811239
0.1708204588751614
0.0967566126528836
0.6301847317659204
0.8811310354288574
0.9203278876572195
0.5443826301138489
0.35227944913576925
0.5118321294496196
0.12554106269377463
0.18556279731378988
0.045734668183048055
0.3128702287119691
0.8158724112161513
0.7838889062311601
0.524458064683979
0.07371452173645643
0.10407602845202746
0.7484282001772021
0.09335851321756516
0.2822972633290831
0.0896741553320437
0.7602967739031841
0.8497314038889725
0.7581299399216824
0.13405596434512246
0.576513607854182
0.8856709833126737
0.35532052965325
0.29249871039529285
0.32055311710630063
0.07907205027890107
0.7223124398841501
0.23373845936028026
0.37981468105231153
0.4517612866225521
0.2785043819840899
0.9570405411692289
0.2748375528738062
0.12925926510605612
0.22873238762457404
0.3096627679870807
0.2579488741291144
0.9266202072676302
0.952716145628237
0.19949804243339475
0.6518913007874756
0.13357585591502097
0.7142842861271599
0.07844900521565479
0.9749349838721665
0.05109849851871229
0.7570844029284785
0.85808598096393
0.4814198859007984
0.05229835692097229
0.1903480521857952
0.7803705649026964
0.7020025921219569
0.2095968734112209
0.40229393992920803
0.7959316788154919
0.15535946339590512
0.06459818090980951
0.3404757236847935
0.9259882158659921
0.2819860534198835
0.33079089045398824
0.18788745163372245
0.5365942407900545
0.6206701894580524
0.8354329310136557
0.5409877153666726
0.5191417467390346
0.5328015197800406
0.48437587801639914
0.6223062806573413
0.3639485744087272
0.052118728705322304
0.8797053941809836
0.6722902701962999
0.8954666500566512
0.29880283849617306
0.2421602745560938
0.02362997970100178
0.615285233347611
0.7315955258720632
0.3345201032058305
0.9964567111942557
0.7674873705174466
0.4674284379712734
0.8107771050431365
0.5857705099522296
0.47660503980936286
0.745637041724277
0.4336054523819396
0.773112127565659
0.7720887537367195
0.7950212566569556
0.24044880313159378
0.24435237322657766
0.5929058725501343
0.7436779746116062
0.46753497559764867
0.81267631195652
0.017367511729181495
0.5046203186340651
0.4705503887890927
0.17430384703893242
0.027816719407802837
0.6526218567834853
0.3675884392140131
0.5078081915278984
0.43941306009009495
0.778110386549655
0.7436219154719255
0.9278418175307684
0.6160589514323931
0.5722241466223432
0.2805444562353653
0.1089233510750025
0.4103409017751901
0.0930718321099665
0.19737693499350473
0.36319289359230345
0.46281209968984593
0.19969702171110804
0.4736127198323752
0.728686921274854
0.463570187189304
0.42755241268423594
0.3004572234472157
0.21791220377379084
0.748066967505773
0.05239235690896771
0.5391435368372408
0.4305729309675469
0.8037450947865954
0.9155503718618838
0.5918846558436137
0.9294295269365291
0.11670260119139497
0.023676641091654793
0.0888896659371543
0.07691033891075572
0.5746748471487511
0.704681465268643
0.7405709166961083
0.9425612973600599
0.244557359522533
0.7231922362600294
0.6634697144909651
0.5211754581737521
0.4650030929779063
0.9885654376702258
0.12314021506903783
0.856135425611692
0.024178706809538153
0.012645071004713682
0.39480422578765306
0.7791502555552463
0.6969486950106717
0.04764059322504621
0.01395811401697955
0.2654623384474729
0.29517353489210896
0.21026942789045722
0.9996040489244172
0.5279211015287987
0.5789231286044143
0.2999566535893934
0.39796806054093303
0.9777943265206032
0.18156630514279137
0.2901707471713181
0.2708381841542029
0.9689893964890858
0.32918694433294216
0.23284787142290586
0.7365594031327217
0.6291466257729507
0.06055168014844281
0.8853497795343248
0.6590796012017526
0.452700952101872
0.19053290587212257
0.06614404145402197
0.796381332206466
0.6203671199371106
0.10471318136752095
0.9374542914826693
0.23274206825981902
0.008104135572449711
0.22127998631182622
0.12044017046437416
0.7563222543179342
0.4956182481843284
0.2107817092658214
0.2616506863938407
0.5057231531906704
0.6697287516359514
0.7780657872631256
0.11341052412720876
0.4506686564718526
0.8126768760344223
0.4811041524925156
0.47458666340197564
0.701436029157423
0.14911919844194954
0.01568110885597296
0.0286056257333398
0.22091009871917444
0.8490608404610136
0.09091361539722564
0.10682048629960383
0.7567905697306818
0.9069350279571191
0.23193645956648978
0.04479674017142543
0.4913810524091986
0.792376202743928
0.17895788425123715
0.9186377684068356
0.6340019662138866
0.036458144699881845
0.14689989224614242
0.9172279046216175
0.3320252868993544
0.403253076609162
0.060674442224212144
0.03616444259810914
0.12253100153054575
0.9778818521690693
0.022634883881093804
0.6927779775861032
0.2408587404127589
0.9673287716555342
0.4068599521983407
0.01929507859121249
0.3377366114661451
0.41995669416342185
0.7879889931342746
0.4626297295076325
0.2111783814282845
0.004615790684569077
0.8568378968383965
0.8769960350930152
0.21060594355614337
0.4914443627628897
0.6620685670192177
0.6497792088341932
0.6012367678010447
0.522949039799734
0.7567357590791158
0.350545794059551
0.815392200756249
0.32384764782415765
0.5170181064711991
0.1341094521682139
0.8624298718298965
0.10642255096299047
0.49148254115633383
0.0946338747893748
0.940477718178285
0.14446428484037932
0.060869270746470305
0.039837049688252635
0.5339449503565666
0.6812758179932075
0.3722946478140793
0.8437552398639251
0.1679425134996414
0.4736487117356202
0.613342346152177
0.3854518077365957
0.8200687800249559
0.7255164491197555
0.11314957791016034
0.9696838465098027
0.0445637914436966
0.32498496977436286
0.5244560662915382
0.028531959194901146
0.21890109740667163
0.44506663271388136
0.18870356612892136
0.12990331004220934
0.09036388503058801
0.845936020946933
0.5511946162093672
0.8205335762899674
0.6215315253403844
0.6705170610094344
0.8399147819317266
0.29382434762216525
0.8122300593595844
0.5793410134850836
0.059003593452013336
0.03231141680221361
0.42373320382939583
0.5914878939487749
0.8539957969041397
0.45299589998891354
0.051613396254212796
0.04558470856051766
0.7869124856771451
0.9114885865906037
0.12072565013779124
0.0906822374785019
0.30892601859298163
0.5888622238081049
0.631756032383
0.41034117993104235
0.46122522549378653
0.6194931640470474
0.46222758876921133
0.41715595441816267
0.21640565995857397
0.4204498759860309
0.6492176852870198
0.10956644858908304
0.9952451076984796
0.9590462594768238
0.9616752086811741
0.44217745774422457
0.7140523065812778
0.384658615021402
0.8787595031663018
0.16024724144467883
0.42421332128522304
0.036283251358429136
0.756978895773774
0.5947968354556568
0.5248495413909252
0.8796330638067851
0.5988622680524845
0.4543469720570119
0.06714960451573326
0.4570790880294282
0.7634514326426898
0.8486381414679994
0.2874277918029413
0.2672306222737264
0.48961725143613677
0.4539748519008313
0.5949875292807976
0.2636681648193615
0.6664538420095214
0.29060380792731566
0.22003380006018958
0.23426087817194052
0.6231494252913012
0.16107466814546745
0.19175378048198355
0.6375903456747822
0.6636557126795036
0.28633977777239317
0.3464892622936012
0.22756260087983649
0.6747964676969302
0.5498997264620376
0.4170580117537348
0.42660572213087133
0.5423088861796009
0.04614818741846838
0.791398818733054
0.6184372158092357
0.6755482906470395
0.18770361848198835
0.21266548253593587
0.7666881234639458
0.9361253358219931
0.70415742113683
0.6660391838485502
0.6921055297825154
0.18918144926046043
0.3499766396847346
0.9880871934031185
0.8790574636202659
0.5666939934954279
0.018390053819637986
0.8242633754221033
0.9835829599961009
0.6054600712373301
0.9550093294272392
0.37535735907634915
0.8024649576881928
0.7343889118139787
0.47811846325851426
0.9804759814413049
0.0814964188597127
0.6677902663701915
0.9943919470790681
0.219269226585446
0.7286313283544821
0.44797535722528603
0.22533118036832023
0.6040693578767069
0.2151328850458054
0.22138200188325508
0.5656623607665276
0.6158467343517456
0.5047926191134674
0.6614398425286171
0.9530048748904062
0.09030990182053966
0.004612719742758231
0.045078628191920544
0.058037897809330774
0.04342000038067417
0.10165319057578415
0.8078048532956814
0.37581493375015607
0.3752759968063417
0.9509698644675096
0.33037606690793786
0.3023461849111415
0.579052072734052
0.2749797436847915
0.08973440909473906
0.9033384874102525
0.9071810394657378
0.8832765513015461
0.07495734824897793
0.47974868023163575
0.5998933833078935
0.4904540268138107
0.7398809017242767
0.6209058135969877
0.9239467550147498
0.9222512315285343
0.8507218740725753
0.295332043449149
0.7432268355812509
0.029597293177775597
0.7520077335511731
0.10024820203765872
0.2251622294656882
0.6276733105860927
0.44946532458515165
0.3962267653300766
0.5716642587051604
0.8791020240875557
0.4461123107270093
0.022689652793497217
0.9004386373458563
0.7987081913036855
0.4475582372119118
0.4201760284017878
0.14432252391041323
0.7962162259002334
0.11004177507478152
0.9426589465693985
0.3165444646763401
0.27184927199569575
0.9242362391524177
0.9229287302007951
0.6604459010496084
0.1980902859027719
0.8015067768792291
0.32631970121304277
0.31229477866525124
0.9598129978574577
0.8549958113472129
0.6635387062381556
0.9977943100225776
0.4876400194198106
0.20245211902534777
0.15549337713888634
0.950409304381577
0.2027289651154799
0.07068821318775953
0.9996376472578449
0.6340340260399503
0.6741125112112114
0.7120211529852993
0.9066319843387963
0.4683520936109259
0.1383789271229744
0.10496747907219095
0.3141844558609731
0.0534013357727503
0.55540515139217
0.6054034517682375
0.5180458784075772
0.23977424052832408
0.38108259192792715
0.7497746532630953
0.36636676729191553
0.5320909589144641
0.1294935809563973
0.383177574615743
0.28361127400481867
0.7245898082580733
0.0974725376641381
0.9770919063372793
0.16699596904171832
0.7455893002484308
0.6593644359893575
0.0114297582665146
0.14977216267281135
0.7981010300427026
0.44457326550589715
0.0840221038235448
0.7866786617253938
0.8292320613397361
0.5781858492954942
0.48599935860472976
0.757812342058985
0.7640395081420264
0.533057871366641
0.47441985984912804
0.47622603903164984
0.8817677754101806
0.6077673303205119
0.8404299583801957
0.5738685854395361
0.8698857113051216
0.7399419195209692
0.4074519373671195
0.19991261548348527
0.5351952087225508
0.782838304356265
0.6171724703431845
0.8121891506822665
0.4946200126449838
0.6646053109116888
0.3017353027075371
0.09135509991055157
0.5406416971580347
0.3884466767737881
0.2442091457209743
0.3250023251682872
0.6481981586997582
0.2622915352660875
0.06775156654329395
0.2941653299697081
0.2040999583230878
0.33540950506531564
0.22490520815115078
0.9727453315517423
0.6432367476417696
0.8883804280155777
0.43259830507416464
0.025822449210420206
0.3640459226120947
0.7370062847447442
0.1052128660212579
0.06819769196318715
0.49585601953739145
0.6476793152615439
0.9730267217483897
0.00748534062742412
0.34231479670833986
0.2575785292211258
0.4787356059161253
0.8701460594984667
0.6918808476131315
0.833446990636746
0.6678681012378078
0.3902773078356083
0.14908480422967796
0.6158955660866104
0.5346515605539702
0.46085381352773436
0.9112413587834625
0.7378420600052099
0.6948624020671699
0.8434920686536784
0.8681166804422881
0.7660079509274115
0.16624624923537934
0.9816535057694585
0.07402460388011178
0.338499960409241
0.6972339061344303
0.3066031202156314
0.7708180431284215
0.20406303332660125
0.17149140646992833
0.9641365841890452
0.6014383235652654
0.43999777023819586
0.28404657542574563
0.7945688730783708
0.5644504094856495
0.014866843723723155
0.2825136812393848
0.2829149810423951
0.9465362822701476
0.8754926525907213
0.8055961841853708
0.5651519265918428
0.7961952223400994
0.5795253640438478
0.6445318659221269
0.42982801242577373
0.24590601508012788
0.21118830318600956
0.7647728322877327
0.029042247842228863
0.507323847527187
0.1278470165305936
0.8180396048898487
0.7465688342694532
0.8441681891058157
0.48262437664239344
0.7137106858408321
0.49214214213628005
0.6784834100886339
0.977735009025625
0.7430367251433532
0.14190828176470205
0.8602671946120627
0.5915750694539591
0.23570829895571
0.51745891429473
0.1824256636601529
0.6388988228776679
0.6795796168674217
0.129636298133482
0.06342315992099534
0.34136181378218666
0.49395656134087584
0.9049213062430939
0.8590663865966486
0.12497413159274029
0.7157330631529923
0.5786520008359454
0.9042621027893273
0.11569385357468687
0.007161786181505425
0.610681970591418
0.44628627846053237
0.21381771413904305
0.3375552264905822
0.8635398756337936
0.8468542690675284
0.7890762411873238
0.8502915835901388
0.9436427785288396
0.732828522802185
0.28823551807307124
0.8594937740885724
0.5422232238974645
0.7062471075038348
0.33472710518180604
0.19150750627290658
0.25380559596307406
0.5495259335218098
0.7338449068242404
0.9541959171303979
0.8936441483307079
0.6360497744562179
0.13599717865125227
0.3317959286147588
0.9700400304741857
0.4185857681376254
0.35786697748546736
0.4198901132784725
0.25588405461630415
0.5110883867096871
0.38912090755942774
0.6534002202026428
0.819294994205394
0.5428931273184069
0.24391283736756608
0.8517607063674402
0.5714346465597109
0.6394394794864201
0.09568325670351008
0.6589129506521294
0.9246393852199978
0.4135982752332713
0.857028257684795
0.16402682493815512
0.8642591746837135
0.06687130153999798
0.16701877653888775
0.7677069663826028
0.9714927499373431
0.49067150454022557
0.2528232159990732
0.7754964471768326
0.7116452031344278
0.23330511679828492
0.20778720394499905
0.8252342790450101
0.16958096119968735
0.5755359754370528
0.2291996316877979
0.011609957481145128
0.13504416032849687
0.3637081704213331
0.08092500240178735
0.24780544946291205
0.4158395812301603
0.33899925417697974
0.06941241270483223
0.22755671628881113
0.8215859780228459
0.2914121166578101
0.5287493873599647
0.7523708042890858
0.5528038519912732
0.2174736351427501
0.918988027008986
0.8400448604074677
0.37635033469939383
0.170796596987856
0.686293518602379
0.6190039468520706
0.13861958561724252
0.927892643167599
0.5487160224559418
0.9631395116526291
0.3019723421996525
0.07319876213077847
0.08564036393508867
0.18750551095526935
0.6234947590663149
0.1989032082288409
0.8020589750679687
0.5694190568773677
0.6565757112447592
0.008034906724063595
0.8746359849597087
0.2597351251284864
0.09082381412931284
0.5040404603819305
0.2011111481599691
0.4163499016044593
0.5846280558017128
0.8691926205608005
0.6503539340258132
0.5755508569716823
0.5380752379824961
0.8489452566988096
0.8181261351938457
0.19354600339671768
0.14443887979905434
0.13878407310408358
0.8665522753366136
0.17382642121983682
0.8642973503239892
0.681154948210731
0.5531801179116924
0.1775394385670478
0.6239430820344882
0.9429971325515332
0.027767534696326646
0.9950051214443612
0.8352228107674993
0.015776920964528207
0.9925364655739083
0.12469200184867624
0.5940742133416661
0.4180266994519536
0.7001425079398877
0.02348807478193804
0.06378812915931409
0.6788651999735644
0.9775718281230327
0.8761068922108837
0.051912849426387964
0.7596115297937892
0.08744014475012485
0.8009161072131153
0.8524303273342747
0.36332400348509664
0.3850262007700811
0.8646940709038685
0.6267997829100105
0.8434974592860702
0.8660983129978267
0.6760169467092597
0.8105814546412247
0.877261554861478
0.08063405116071465
0.9882754953166404
0.8253476293841572
0.06219557446228685
0.7784266441205377
0.09582294919004897
0.5800941861548453
0.17355332164989157
0.9984525370019061
0.7148837860382025
0.7077347348170123
0.9011171725052148
0.40131905794296885
0.34571729404574614
0.7575775733297779
0.1670141444796479
0.375818568991517
0.9111592597034264
0.2983821372205986
0.8039127448122616
0.508225305841112
0.8351528726205973
0.5647780073756881
0.6512214808990361
0.617126060413821
0.39593007524580703
0.1560461201531671
0.5400013094308632
0.9997863710294912
0.6514964633435182
0.8909365442715651
0.05796523439972767
0.5005879838786027
0.4790683707458001
0.7503179152320407
0.9205512089076595
