0.35923949098045826	0.9977545734731285
0.04886362191802274	0.07112856261558975
0.01989483745911047	0.3872742954478573
0.25709745601574907	0.23401207861605333
0.22843464859444051	0.3418306839816605
0.5127714895965605	0.40458114085252495
0.9059475785538447	0.4331710506328589
0.17248070055302145	0.09612967189049715
0.6739158187004325	0.7052838069802412
0.884590884644763	0.2531615733286845
0.6136084410174176	0.20424933808169543
0.7256064950822204	0.13937078227135402
0.02733931218169583	0.0588739052243451
0.3035925571402337	0.8404466384190739
0.40179347897715023	0.5209958332751183
0.6336624779992902	0.1505981879351651
0.6423636907070303	0.034262366543932776
0.8307331989325049	0.164482008413123
0.9261281633673875	0.583718991013204
0.1607237304236644	0.38878495100685195
0.8337431111809879	0.5276112895157674
0.22314729970952163	0.1385398535619614
0.7359428366945707	0.9438776416166337
0.84054304822438	0.3774229744023415
0.8311161229107777	0.3108712120401599
0.06148407979260162	0.20903079934597701
0.01590705785553037	0.6072859090571313
0.8659798490455575	0.446993901453308
0.8904438992658995	0.9219814569742418
0.7195531962020337	0.5965153869566414
0.8805528911760426	0.2239275593061738
0.4509867199977037	0.12055830508881027
0.3207690685312272	0.6243096653412361
0.9515608687807804	0.5954356861628789
0.30419351713020015	0.5078910988327416
0.4219409380452148	0.990683042161698
0.11689840742552282	0.19405559417595253
0.7192395195270413	0.1986867159042438
0.9321840597783215	0.8070726547281849
0.01943530411761729	0.6263092701677933
0.9490324215151026	0.7720355533313282
0.08739359461776575	0.7451165951526431
0.9340885938402624	0.7179626791668452
0.9337356293983285	0.19776548150365514
0.8804885332785589	0.3809937652978661
0.731689848055935	0.7434011764709691
0.9588580285369467	0.31464314570023877
0.3595032298498497	0.3086824910005578
0.35800024483892645	0.5532487943872132
0.8607639173791453	0.7756624958229985
0.05773604859681425	0.6298160342187313
0.1246785735659447	0.3301734434510041
0.7025557908130632	0.4062729598020287
0.15798217953234328	0.09990443176670627
0.8272637558146719	0.04568075583785092
0.90183741468527	0.839064342752729
0.9430913219863056	0.811264847221314
0.7814870503159241	0.8227601216164222
0.7896606772482216	0.5628225089486003
0.6836793644749793	0.8357204432323586
0.30273845145845213	0.31519180350834985
0.645612941969805	0.9275662101589525
0.9860277971690427	0.18775936986757347
0.4581029777439479	0.72310045743853
0.1658059184284335	0.8334706612677275
0.009410477984668209	0.2922267201765538
0.30842800345020194	0.8919207192584264
0.026022794484558354	0.08573511369586673
0.08248085369689262	0.9106073350442698
0.5411972423091539	0.0780261431278031
0.6429377027302989	0.7243411539937796
0.8594497534412509	0.32690979935412257
0.6217043475482126	0.9193241137800553
0.7383675440170231	0.3968011957958507
0.9868693859679969	0.23662954174546036
0.6272215468453378	0.5084527208284771
0.5580628714323866	0.948733341153962
0.07836627000267693	0.4752436947623486
0.688546499294994	0.5262950423430123
0.044534332931309706	0.43824566565450895
0.4748132023097349	0.7895123712605386
0.12437199173454694	0.7942960684605861
0.23923615840142032	0.7454014120885599
0.673675016290785	0.09056884764579476
0.7261870961926064	0.0643718298550775
0.6040699902190032	0.972651884299718
0.7565747623351299	0.31946081415335403
0.8463081282399876	0.32690234436142984
0.8833120854420822	0.6724721237554174
0.947459737351823	0.6950318025433632
0.8966776223070209	0.41117156273160327
0.07710262099478249	0.3622423537928571
0.09246624622270538	0.8438748154971919
0.9265712929748741	0.598953334102576
0.45251594963795383	0.705429022151542
0.7698286545559948	0.7722836447667343
0.7285919493521456	0.2104179132645282
0.7740261740956925	0.49498353555785013
0.9638609763814353	0.8873394435297052
0.484686740257526	0.06645703260281599
0.48348405359403634	0.382992292183139
0.799846945611453	0.5499522508250266
0.9505982465274077	0.26097840817163465
0.06191167866536562	0.13593577738430818
0.3731411776196698	0.3090301102496975
0.9657075701887567	0.27108380868461124
0.6043713976012283	0.42927657436078537
0.5095744539779083	0.21331350345985667
0.575715148437747	0.13572894785529366
0.7197371729874604	0.9100840434158687
0.23706403480576288	0.3367483285106798
0.6963464440650646	0.3550521775049952
0.7855362185515405	0.8509821213717695
0.044156561066354016	0.3282066085363896
0.6849717839104787	0.6515726090397411
0.14845812920216084	0.19656220713640848
0.31288246163294364	0.5329904560140585
0.44111249052811596	0.4655475126369176
0.5974953693084676	0.35517316303401225
0.9666055197526827	0.2761137161531859
0.36255969300119595	0.9601418237628986
0.5296879291200027	0.6070831685364669
0.3521905900574631	0.4003664255709377
0.11072035067977803	0.6261096993505992
0.49277217624230296	0.9135631544745123
0.33030373104989386	0.8145372010075274
0.5804722670842128	0.2942258805103324
0.21289872207641536	0.22230762345501676
0.8182825576762663	0.5639286318989406
0.295677881414969	0.9677917981251184
0.3305654720149014	0.28053104597661627
0.6897041346817931	0.8879122146356591
0.757378644007916	0.6123168735193539
0.7193891798773641	0.04487378805416775
0.6626976511343108	0.19548826823040666
0.9622866811140193	0.7661271938828744
0.17848743986164173	0.9657253649573125
0.21917432392196545	0.5594090719119562
0.41345544483707974	0.8361300353792082
0.7993647186541393	0.7554385757712991
0.398568476499943	0.5292452107217324
0.18928893575625216	0.24391071920516183
0.1554858817303395	0.3695512980558284
0.21352290747719083	0.23271071444281366
0.45504246744392274	0.35327224797875745
0.07221384940182307	0.9008485478016875
0.9875196616372736	0.24618681800088527
0.469733820297332	0.9287293387382168
0.8324998548772886	0.49667252757749236
0.19422311861459152	0.6091572827224313
0.22763568901093023	0.8264985343597343
0.5567581803052676	0.40068522618955915
0.8729222246058012	0.2643768292220874
0.32540136381618223	0.16217720711542527
0.059913984282084165	0.8577755632489121
0.2542801669867677	0.5418665816234368
0.9647102639196331	0.612632306352556
0.039527964305149266	0.5637681701212993
0.5615618975808231	0.42457350831399876
0.7387488307875789	0.5701717431384153
0.6734296849765437	0.8625198355934383
0.5978584310085167	0.03489513498772079
0.09231326716346577	0.8195435048803197
0.5704361114955387	0.08479745978987219
0.554656485842749	0.966074748481848
0.37991742070931356	0.9133399849874665
0.05932347085815437	0.4127618672961235
0.1529556292907911	0.7901383147056009
0.13891589815252825	0.09701081042890658
0.2713230057228321	0.85997559496129
0.5967227370528358	0.033960413042784854
0.012872955552783116	0.27695947175839986
0.649996758944825	0.537400250187476
0.05905069047781397	0.1526845850666474
0.5561028356560254	0.6633707468002569
0.8036958436131032	0.23019653883352587
0.24137082022583656	0.029838784137210528
0.9118494713150713	0.38606125314394557
0.7102762926819605	0.8619139061853984
0.11376012534277724	0.4962360951659516
0.23657353916297874	0.5449435922186054
0.6125458595098762	0.9443712522812449
0.6834848674697205	0.5149266835793175
0.5764929912097069	0.8309989143036375
0.6738756297903001	0.8762266267090708
0.968248330491812	0.8454253947803189
0.48037537443559397	0.6038600594589528
0.11143395959856905	0.16193538565811239
0.5459221083650021	0.1708204588751614
0.8151287237656303	0.0967566126528836
0.47743893036104623	0.6301847317659204
0.5656789458806526	0.8811310354288574
0.3211631453408854	0.9203278876572195
0.7231772178483002	0.5443826301138489
0.3619995977444066	0.35227944913576925
0.2696565215899993	0.5118321294496196
0.8334273796673201	0.12554106269377463
0.07986368328475901	0.18556279731378988
0.10983311371755222	0.045734668183048055
0.07611801829675058	0.3128702287119691
0.42244547003551725	0.8158724112161513
0.7680002091577461	0.7838889062311601
0.9774346224279481	0.524458064683979
0.549920770046051	0.07371452173645643
0.9530406107975159	0.10407602845202746
0.3276492868942529	0.7484282001772021
0.8230384847213809	0.09335851321756516
0.2369569025908861	0.2822972633290831
0.9298983428201755	0.0896741553320437
0.8961699602623616	0.7602967739031841
0.45143257132125936	0.8497314038889725
0.20716931341325484	0.7581299399216824
0.4077369608778154	0.13405596434512246
0.6886724518180606	0.576513607854182
0.30568255798079635	0.8856709833126737
0.5757847807771933	0.35532052965325
0.008254391994066634	0.29249871039529285
0.37574809806031617	0.32055311710630063
0.27349856234566106	0.07907205027890107
0.6827537839297444	0.7223124398841501
0.8279118664968733	0.23373845936028026
0.4238601320197254	0.37981468105231153
0.8642681890983503	0.4517612866225521
0.37143336133732474	0.2785043819840899
0.27678762389039524	0.9570405411692289
0.506534345599203	0.2748375528738062
0.3626544974314375	0.12925926510605612
0.6505980856489365	0.22873238762457404
0.4992738608472064	0.3096627679870807
0.978974512716878	0.2579488741291144
0.47097700847029866	0.9266202072676302
0.906315568714505	0.952716145628237
0.6900306998823927	0.19949804243339475
0.4723178072308184	0.6518913007874756
0.3340062913161458	0.13357585591502097
0.8940079258674417	0.7142842861271599
0.3751785841724069	0.07844900521565479
0.8731972145310741	0.9749349838721665
0.16975840879291593	0.05109849851871229
0.19972946127465185	0.7570844029284785
0.014084382726517353	0.85808598096393
0.20886547657233678	0.4814198859007984
0.18190322963996108	0.05229835692097229
0.8825950120760242	0.1903480521857952
0.6708160784118316	0.7803705649026964
0.06150178872505807	0.7020025921219569
0.44207962175804216	0.2095968734112209
0.9290889651970314	0.40229393992920803
0.7512528138963086	0.7959316788154919
0.12060202203421266	0.15535946339590512
0.08166609783300505	0.06459818090980951
0.15785463663108767	0.3404757236847935
0.8105250081881271	0.9259882158659921
0.4697028093871447	0.2819860534198835
0.19433346097976456	0.33079089045398824
0.39447788711492626	0.18788745163372245
0.5522017028216992	0.5365942407900545
0.017899511576338623	0.6206701894580524
0.8970150974303963	0.8354329310136557
0.3392041978731981	0.5409877153666726
0.7169964086886841	0.5191417467390346
0.7119727838262581	0.5328015197800406
0.1656785051899019	0.48437587801639914
0.0441419073999374	0.6223062806573413
0.7822173542739923	0.3639485744087272
0.7712894584894345	0.052118728705322304
0.7642946332902503	0.8797053941809836
0.93238311705528	0.6722902701962999
0.08537178347611374	0.8954666500566512
0.41610378235522294	0.29880283849617306
0.3741873471367383	0.2421602745560938
0.3636766823206945	0.02362997970100178
0.05596837125603138	0.615285233347611
0.06544046973324402	0.7315955258720632
0.17386845048299626	0.3345201032058305
0.987092151569597	0.9964567111942557
0.5586456171545721	0.7674873705174466
0.5696156842857849	0.4674284379712734
0.17175882923437225	0.8107771050431365
0.1272769616900734	0.5857705099522296
0.3188810647847157	0.47660503980936286
0.2987861244079191	0.745637041724277
0.32844084221916503	0.4336054523819396
0.5099634383538212	0.773112127565659
0.6961071283305212	0.7720887537367195
0.8457201518562935	0.7950212566569556
0.7106841906812932	0.24044880313159378
0.01974286827358729	0.24435237322657766
0.9374546836550478	0.5929058725501343
0.07620259467463841	0.7436779746116062
0.8552189819759329	0.46753497559764867
0.5745126418574354	0.81267631195652
0.848101961458595	0.017367511729181495
0.009152815723507457	0.5046203186340651
0.9937657801732912	0.4705503887890927
0.1000377141120552	0.17430384703893242
0.8214706092586223	0.027816719407802837
0.3893393828190169	0.6526218567834853
0.8734148564676729	0.3675884392140131
0.7232223715705591	0.5078081915278984
0.23056855411393984	0.43941306009009495
0.026857534135884542	0.778110386549655
0.06593851130241057	0.7436219154719255
0.8657995308600297	0.9278418175307684
0.4419985036730635	0.6160589514323931
0.9155294662003423	0.5722241466223432
0.5815060658780946	0.2805444562353653
0.669392965750771	0.1089233510750025
0.538962919762543	0.4103409017751901
0.9819292885335508	0.0930718321099665
0.24613742906435276	0.19737693499350473
0.13238062760881686	0.36319289359230345
0.9258796448635033	0.46281209968984593
0.8577736516375254	0.19969702171110804
0.23252446019015305	0.4736127198323752
0.6993580906130128	0.728686921274854
0.8854147759993665	0.463570187189304
0.4640585215376093	0.42755241268423594
0.22592327244276655	0.3004572234472157
0.7135194442557364	0.21791220377379084
0.9267945770199884	0.748066967505773
0.7959972300994227	0.05239235690896771
0.8657461061938938	0.5391435368372408
0.8971936074249437	0.4305729309675469
0.7295659244090326	0.8037450947865954
0.5955005986522457	0.9155503718618838
0.7082652617918817	0.5918846558436137
0.9815934855232097	0.9294295269365291
0.1187551579009204	0.11670260119139497
0.9217732537493776	0.023676641091654793
0.4242979167203923	0.0888896659371543
0.9889378518528608	0.07691033891075572
0.5030637774422976	0.5746748471487511
0.20879366804258392	0.704681465268643
0.9519457077202873	0.7405709166961083
0.25537625601632774	0.9425612973600599
0.555268167009999	0.244557359522533
0.39466703321058094	0.7231922362600294
0.9050890950818224	0.6634697144909651
0.3388861087190126	0.5211754581737521
0.7287622993655486	0.4650030929779063
0.28038931999734273	0.9885654376702258
0.7366136940484732	0.12314021506903783
0.42882178607972754	0.856135425611692
0.4037373688976038	0.024178706809538153
0.9289414207159409	0.012645071004713682
0.16244299313729316	0.39480422578765306
0.6784846829707663	0.7791502555552463
0.4538061967463771	0.6969486950106717
0.8651701810267002	0.04764059322504621
0.9438416741049571	0.01395811401697955
0.19047265661831214	0.2654623384474729
0.9736162825925951	0.29517353489210896
0.24594459026360027	0.21026942789045722
0.026888276101332598	0.9996040489244172
0.7626040227630627	0.5279211015287987
0.09572227909987863	0.5789231286044143
0.7538706148534523	0.2999566535893934
0.9964272980037416	0.39796806054093303
0.6547845655193962	0.9777943265206032
0.773977726505586	0.18156630514279137
0.8926338128040272	0.2901707471713181
0.3536533717034154	0.2708381841542029
0.8851646964104396	0.9689893964890858
0.7568071034608461	0.32918694433294216
0.3587477825854595	0.23284787142290586
0.2278169622808368	0.7365594031327217
0.9865226644735732	0.6291466257729507
0.5540072663138681	0.06055168014844281
0.9896882309261389	0.8853497795343248
0.41823767435147874	0.6590796012017526
0.46990962848118456	0.452700952101872
0.45059404286913896	0.19053290587212257
0.3644401819083072	0.06614404145402197
0.00591308565636639	0.796381332206466
0.9975269017684937	0.6203671199371106
0.16247334296699267	0.10471318136752095
0.04206358383007269	0.9374542914826693
0.9464986000759809	0.23274206825981902
0.869038530763384	0.008104135572449711
0.9849153417421598	0.22127998631182622
0.5650237072778401	0.12044017046437416
0.656521583309894	0.7563222543179342
0.7451411700597954	0.4956182481843284
0.5238415716312643	0.2107817092658214
0.24555596790674583	0.2616506863938407
0.7096364543018321	0.5057231531906704
0.9844372746618979	0.6697287516359514
0.6185012515110001	0.7780657872631256
0.8086208653549743	0.11341052412720876
0.24084758839059817	0.4506686564718526
0.6568035130773613	0.8126768760344223
0.3643262677900685	0.4811041524925156
0.717103125226244	0.47458666340197564
0.5244516698423863	0.701436029157423
0.917045038327572	0.14911919844194954
0.7570330327158911	0.01568110885597296
0.2048061654665786	0.0286056257333398
0.8823708688705784	0.22091009871917444
0.23430327814542196	0.8490608404610136
0.889587227339723	0.09091361539722564
0.5393624767700855	0.10682048629960383
0.9526471127712617	0.7567905697306818
0.5903428327422705	0.9069350279571191
0.8002671878785821	0.23193645956648978
0.9586073451337729	0.04479674017142543
0.19175579344908755	0.4913810524091986
0.23830561646797754	0.792376202743928
0.38272068435683115	0.17895788425123715
0.5201746740970078	0.9186377684068356
0.5004159890367126	0.6340019662138866
0.6745053224481069	0.036458144699881845
0.7820092991611495	0.14689989224614242
0.9148569972898852	0.9172279046216175
0.0830737519662944	0.3320252868993544
0.16552511075362297	0.403253076609162
0.3760103460068883	0.060674442224212144
0.6589273627067358	0.03616444259810914
0.8027827138880098	0.12253100153054575
0.9499094891822181	0.9778818521690693
0.8806155239818665	0.022634883881093804
0.005333668204774211	0.6927779775861032
0.5877706066472026	0.2408587404127589
0.3745317413733269	0.9673287716555342
0.9291765337275899	0.4068599521983407
0.030678588974821897	0.01929507859121249
0.6435700071351498	0.3377366114661451
0.007883215247349806	0.41995669416342185
0.026993901349301574	0.7879889931342746
0.762305045113087	0.4626297295076325
0.10123905373280762	0.2111783814282845
0.946070128062366	0.004615790684569077
0.23336016338752974	0.8568378968383965
0.21536973370658619	0.8769960350930152
0.7180362072145134	0.21060594355614337
0.7016945248141667	0.4914443627628897
0.5012272548353949	0.6620685670192177
0.43639526612511326	0.6497792088341932
0.5947654547936607	0.6012367678010447
0.9263339077008309	0.522949039799734
0.5788341271885623	0.7567357590791158
0.6323757952873158	0.350545794059551
0.13692131474796065	0.815392200756249
0.9532656425312	0.32384764782415765
0.09298734171789069	0.5170181064711991
0.5439314088907666	0.1341094521682139
0.10975069021009887	0.8624298718298965
0.04691433094383535	0.10642255096299047
0.3746648976512784	0.49148254115633383
0.0226223990553599	0.0946338747893748
0.4470134752751761	0.940477718178285
0.16610566561219808	0.14446428484037932
0.3811060114438739	0.060869270746470305
0.19779833882652942	0.039837049688252635
0.36984071906115157	0.5339449503565666
0.33001454344668535	0.6812758179932075
0.4082004051375129	0.3722946478140793
0.4476175983170283	0.8437552398639251
0.1152396101040597	0.1679425134996414
0.3902649296025391	0.4736487117356202
0.30918021756281633	0.613342346152177
0.11838244557862942	0.3854518077365957
0.4625258601880221	0.8200687800249559
0.009855698786987444	0.7255164491197555
0.3149278140794993	0.11314957791016034
0.10323426738278407	0.9696838465098027
0.08941615566719396	0.0445637914436966
0.5009791362649738	0.32498496977436286
0.7556842263644519	0.5244560662915382
0.5363478598655732	0.028531959194901146
0.7072897321974786	0.21890109740667163
0.3041397098458922	0.44506663271388136
0.7931724508675434	0.18870356612892136
0.027115016544076664	0.12990331004220934
0.12998999494695473	0.09036388503058801
0.8718958310410166	0.845936020946933
0.8222434013240233	0.5511946162093672
0.06288724579854821	0.8205335762899674
0.8904857451346695	0.6215315253403844
0.8871055976723167	0.6705170610094344
0.9010235476021637	0.8399147819317266
0.818278511829341	0.29382434762216525
0.6742409061009957	0.8122300593595844
0.29527472254337017	0.5793410134850836
0.2137406345459949	0.059003593452013336
0.5366100624216197	0.03231141680221361
0.47437495936869045	0.42373320382939583
0.5935426817721715	0.5914878939487749
0.1809558995151751	0.8539957969041397
0.12000402927310494	0.45299589998891354
0.44690339792878275	0.051613396254212796
0.21160586461595232	0.04558470856051766
0.10816333244723497	0.7869124856771451
0.9662955328991407	0.9114885865906037
0.8853911002396945	0.12072565013779124
0.8753555934084581	0.0906822374785019
0.8690174319148244	0.30892601859298163
0.37580408384268416	0.5888622238081049
0.11582719142012765	0.631756032383
0.6270064101627367	0.41034117993104235
0.42299016647064935	0.46122522549378653
0.9959932757390647	0.6194931640470474
0.3158705162802855	0.46222758876921133
0.19199785853964535	0.41715595441816267
0.520371641714446	0.21640565995857397
0.21572479427694446	0.4204498759860309
0.0746594686784342	0.6492176852870198
0.921103791296798	0.10956644858908304
0.5051717663113904	0.9952451076984796
0.7147294650399115	0.9590462594768238
0.09935242795133059	0.9616752086811741
0.565203305626838	0.44217745774422457
0.1502016323584665	0.7140523065812778
0.36198884018723043	0.384658615021402
0.04507406790725821	0.8787595031663018
0.9570986857285693	0.16024724144467883
0.29878083228570085	0.42421332128522304
0.07792560174245644	0.036283251358429136
0.545852714004266	0.756978895773774
0.7605998292950888	0.5947968354556568
0.11610387999272787	0.5248495413909252
0.7548270095327227	0.8796330638067851
0.23110594062395495	0.5988622680524845
0.10064295209173468	0.4543469720570119
0.7975902019605782	0.06714960451573326
0.015483372332717238	0.4570790880294282
0.2566581171553267	0.7634514326426898
0.9870394009250993	0.8486381414679994
0.6279923506840442	0.2874277918029413
0.23463949022466524	0.2672306222737264
0.0649107433556746	0.48961725143613677
0.28640498683987026	0.4539748519008313
0.6273001433954557	0.5949875292807976
0.023888159193941827	0.2636681648193615
0.5756188236712874	0.6664538420095214
0.2675223065884742	0.29060380792731566
0.10717720219477755	0.22003380006018958
0.06603672694240181	0.23426087817194052
0.9251976476717902	0.6231494252913012
0.22741904121451173	0.16107466814546745
0.08752492635850295	0.19175378048198355
0.54705005681323	0.6375903456747822
0.035850637350743786	0.6636557126795036
0.8100904422175149	0.28633977777239317
0.6909317910348322	0.3464892622936012
0.1683914021588253	0.22756260087983649
0.746195571073254	0.6747964676969302
0.4575760125425006	0.5498997264620376
0.40033495099239047	0.4170580117537348
0.7309376829085144	0.42660572213087133
0.7577234356465424	0.5423088861796009
0.13745403801655942	0.04614818741846838
0.49440198109605604	0.791398818733054
0.4858987665705933	0.6184372158092357
0.37544381185397135	0.6755482906470395
0.5255313282491159	0.18770361848198835
0.6655733087243463	0.21266548253593587
0.6914209035465193	0.7666881234639458
0.08619477854893964	0.9361253358219931
0.017532826942730617	0.70415742113683
0.1174692123716844	0.6660391838485502
0.5967588602549962	0.6921055297825154
0.5653572800701299	0.18918144926046043
0.12438241460086519	0.3499766396847346
0.3461327451547688	0.9880871934031185
0.21970030970770782	0.8790574636202659
0.6738393465815188	0.5666939934954279
0.7943667475877119	0.018390053819637986
0.7405865308323119	0.8242633754221033
0.5854930603183034	0.9835829599961009
0.7357726303675491	0.6054600712373301
0.14880352454420476	0.9550093294272392
0.22156210168095236	0.37535735907634915
0.9331363422705402	0.8024649576881928
0.058590891004432044	0.7343889118139787
0.9750738029488221	0.47811846325851426
0.6702386111156433	0.9804759814413049
0.773967074575074	0.0814964188597127
0.928471615548192	0.6677902663701915
0.6780193087135796	0.9943919470790681
0.3766332628811959	0.219269226585446
0.3870525662773715	0.7286313283544821
0.8726732554331944	0.44797535722528603
0.35996053110843695	0.22533118036832023
0.01384960506825994	0.6040693578767069
0.5947953414322116	0.2151328850458054
0.6349239598273918	0.22138200188325508
0.24958577977666896	0.5656623607665276
0.18505746501183862	0.6158467343517456
0.8694563586205428	0.5047926191134674
0.84036245449776	0.6614398425286171
0.05375127586864137	0.9530048748904062
0.31677242980786324	0.09030990182053966
0.2582909969833659	0.004612719742758231
0.559235289279313	0.045078628191920544
0.6801829010250308	0.058037897809330774
0.9575176175611667	0.04342000038067417
0.11692619890101097	0.10165319057578415
0.10344207659957705	0.8078048532956814
0.5248903362374757	0.37581493375015607
0.7918569402780875	0.3752759968063417
0.8098723258988636	0.9509698644675096
0.5214262659769587	0.33037606690793786
0.7765439500667173	0.3023461849111415
0.916249051899278	0.579052072734052
0.7059287200793476	0.2749797436847915
0.22303452901756504	0.08973440909473906
0.6609099182862155	0.9033384874102525
0.24690468496369045	0.9071810394657378
0.4159709193819282	0.8832765513015461
0.10739962567557004	0.07495734824897793
0.1429278372272289	0.47974868023163575
0.8010955725159178	0.5998933833078935
0.32892726593857535	0.4904540268138107
0.6695337405143464	0.7398809017242767
0.31776824027903594	0.6209058135969877
0.48159480126463017	0.9239467550147498
0.2425549564146211	0.9222512315285343
0.5256515050027886	0.8507218740725753
0.6297364921481451	0.295332043449149
0.9680378501082088	0.7432268355812509
0.14260172792726844	0.029597293177775597
0.974365314458549	0.7520077335511731
0.05061728723461201	0.10024820203765872
0.6850337716576961	0.2251622294656882
0.7336529869714431	0.6276733105860927
0.05321203863293522	0.44946532458515165
0.41483565598090577	0.3962267653300766
0.7686019341328538	0.5716642587051604
0.6696052383452611	0.8791020240875557
0.0024108516505939592	0.4461123107270093
0.9752413467137272	0.022689652793497217
0.14593313952810438	0.9004386373458563
0.5634320748524987	0.7987081913036855
0.4720193935243233	0.4475582372119118
0.20940477663872703	0.4201760284017878
0.463905859915695	0.14432252391041323
0.32627930598088184	0.7962162259002334
0.6034976377395687	0.11004177507478152
0.079041808759992	0.9426589465693985
0.919246561636882	0.3165444646763401
0.0926916830393626	0.27184927199569575
0.547485216628972	0.9242362391524177
0.3075141335831584	0.9229287302007951
0.475484649827006	0.6604459010496084
0.9128842548736709	0.1980902859027719
0.8282085452531757	0.8015067768792291
0.6870506318773527	0.32631970121304277
0.5803825410206728	0.31229477866525124
0.49386265968155574	0.9598129978574577
0.08731068463855374	0.8549958113472129
0.8909960460107189	0.6635387062381556
0.042826616702962506	0.9977943100225776
0.8812140937901963	0.4876400194198106
0.21042811386178117	0.20245211902534777
0.33223928616590004	0.15549337713888634
0.8924478390679027	0.950409304381577
0.20743809380856615	0.2027289651154799
0.761954103925032	0.07068821318775953
0.8010687940341581	0.9996376472578449
0.29170215764741736	0.6340340260399503
0.7705888586915566	0.6741125112112114
0.40705891333018895	0.7120211529852993
0.36710653486791167	0.9066319843387963
0.9483138145098863	0.4683520936109259
0.1295072335217946	0.1383789271229744
0.6849889458494356	0.10496747907219095
0.442812024929394	0.3141844558609731
0.5189815035867243	0.0534013357727503
0.1808881774701946	0.55540515139217
0.399159720547287	0.6054034517682375
0.9754678291851258	0.5180458784075772
0.36222806088456694	0.23977424052832408
0.18592789376150087	0.38108259192792715
0.8112045074505738	0.7497746532630953
0.05756692186552703	0.36636676729191553
0.7458051705309163	0.5320909589144641
0.8125411981043368	0.1294935809563973
0.3335763970961726	0.383177574615743
0.15292932796206604	0.28361127400481867
0.12620711193374545	0.7245898082580733
0.2634726085884186	0.0974725376641381
0.17274771844443226	0.9770919063372793
0.3690075877164012	0.16699596904171832
0.16677370576439454	0.7455893002484308
0.8190107835563344	0.6593644359893575
0.6797502666309675	0.0114297582665146
0.3528249165977877	0.14977216267281135
0.03875268855681824	0.7981010300427026
0.7996738293186922	0.44457326550589715
0.057616994072620775	0.0840221038235448
0.699701746488131	0.7866786617253938
0.256762736766767	0.8292320613397361
0.73412243182534	0.5781858492954942
0.9075552775163473	0.48599935860472976
0.248091698617113	0.757812342058985
0.8691196460702261	0.7640395081420264
0.26140390005325576	0.533057871366641
0.7822967513708253	0.47441985984912804
0.8758217364534764	0.47622603903164984
0.7295130387892294	0.8817677754101806
0.8575798452391643	0.6077673303205119
0.42767114645558535	0.8404299583801957
0.7440116950843566	0.5738685854395361
0.3866709572235024	0.8698857113051216
0.9847285691995882	0.7399419195209692
0.6785112485788313	0.4074519373671195
0.5771404899516827	0.19991261548348527
0.012455197750752989	0.5351952087225508
0.8635520579943785	0.782838304356265
0.11516897334112697	0.6171724703431845
0.18207660697211114	0.8121891506822665
0.9594250344578015	0.4946200126449838
0.8359098289967682	0.6646053109116888
0.4641934607357664	0.3017353027075371
0.6790807034635915	0.09135509991055157
0.3173015272174623	0.5406416971580347
0.01894789869313951	0.3884466767737881
0.6771693647749821	0.2442091457209743
0.7495365401523858	0.3250023251682872
0.6660577661921453	0.6481981586997582
0.5952498689773433	0.2622915352660875
0.7109801516611226	0.06775156654329395
0.2694422677946716	0.2941653299697081
0.7801460781553798	0.2040999583230878
0.23902229132361796	0.33540950506531564
0.014252014377291622	0.22490520815115078
0.08728829293030071	0.9727453315517423
0.8382663298146029	0.6432367476417696
0.11442174636488245	0.8883804280155777
0.022610359521150536	0.43259830507416464
0.6937191000633038	0.025822449210420206
0.14363124035905017	0.3640459226120947
0.41402813738021094	0.7370062847447442
0.12945796135781662	0.1052128660212579
0.5485268992401432	0.06819769196318715
0.007644835571440689	0.49585601953739145
0.15438748794101353	0.6476793152615439
0.5044437231802954	0.9730267217483897
0.3876268250234526	0.00748534062742412
0.5810937734875878	0.34231479670833986
0.4970885416488653	0.2575785292211258
0.031055915331200334	0.4787356059161253
0.0009845615384013184	0.8701460594984667
0.982162194898158	0.6918808476131315
0.5482571850053526	0.833446990636746
0.2915268345865163	0.6678681012378078
0.9573725352470328	0.3902773078356083
0.45739841057806174	0.14908480422967796
0.7496768083772137	0.6158955660866104
0.9410689736933371	0.5346515605539702
0.9258872216431542	0.46085381352773436
0.7227046125872285	0.9112413587834625
0.8609319979363056	0.7378420600052099
0.03884707959693645	0.6948624020671699
0.03889247605120949	0.8434920686536784
0.9801263508093584	0.8681166804422881
0.5138885151407151	0.7660079509274115
0.6321630203089289	0.16624624923537934
0.8410260179367286	0.9816535057694585
0.3016584101806522	0.07402460388011178
0.7347120957173214	0.338499960409241
0.12873496346672764	0.6972339061344303
0.6237825777131687	0.3066031202156314
0.6139783962966747	0.7708180431284215
0.4418148471328808	0.20406303332660125
0.2614883651920943	0.17149140646992833
0.8904850665376824	0.9641365841890452
0.5597613539570917	0.6014383235652654
0.6565770146788044	0.43999777023819586
0.6215257584941368	0.28404657542574563
0.3790015620745154	0.7945688730783708
0.710249990593964	0.5644504094856495
0.3908056344640215	0.014866843723723155
0.42181838925410275	0.2825136812393848
0.2665251978995944	0.2829149810423951
0.33609770532021266	0.9465362822701476
0.3497994394678262	0.8754926525907213
0.5701503834940392	0.8055961841853708
0.6017995573151415	0.5651519265918428
0.07841726114708958	0.7961952223400994
0.6340383306689764	0.5795253640438478
0.22022834586099937	0.6445318659221269
0.778959747793278	0.42982801242577373
0.5365209480363928	0.24590601508012788
0.5886585160499564	0.21118830318600956
0.6807246645804804	0.7647728322877327
0.49306492279241354	0.029042247842228863
0.7721278537516164	0.507323847527187
0.5383300562744796	0.1278470165305936
0.947520791384014	0.8180396048898487
0.14918568228093265	0.7465688342694532
0.021129837366579585	0.8441681891058157
0.905552409916756	0.48262437664239344
0.8715349679153087	0.7137106858408321
0.3959960707892757	0.49214214213628005
0.9724803866757575	0.6784834100886339
0.8223713049265292	0.977735009025625
0.6070690050701787	0.7430367251433532
0.25468620519812424	0.14190828176470205
0.4193916669437614	0.8602671946120627
0.31782905761150415	0.5915750694539591
0.7140150693143963	0.23570829895571
0.19917876024007575	0.51745891429473
0.1367552000796487	0.1824256636601529
0.4957469236572031	0.6388988228776679
0.889830398638614	0.6795796168674217
0.6552265533529485	0.129636298133482
0.052210846665776134	0.06342315992099534
0.0511110822388634	0.34136181378218666
0.3381826950957858	0.49395656134087584
0.8199422109590951	0.9049213062430939
0.28967271467002953	0.8590663865966486
0.8422582309553329	0.12497413159274029
0.7189863814956735	0.7157330631529923
0.045711714057834696	0.5786520008359454
0.33043390897053715	0.9042621027893273
0.4401518584762393	0.11569385357468687
0.1916753036286113	0.007161786181505425
0.3186628400305874	0.610681970591418
0.8396614562045092	0.44628627846053237
0.514073509549868	0.21381771413904305
0.8241674364827228	0.3375552264905822
0.40912117969329376	0.8635398756337936
0.3328058277803272	0.8468542690675284
0.1626960552782204	0.7890762411873238
0.273291628862799	0.8502915835901388
0.8772082546465009	0.9436427785288396
0.7987163540765977	0.732828522802185
0.993362923216289	0.28823551807307124
0.026350299026147495	0.8594937740885724
0.09135996423074788	0.5422232238974645
0.26335534306556896	0.7062471075038348
0.5100286749457255	0.33472710518180604
0.4592977655789283	0.19150750627290658
0.9723442509553367	0.25380559596307406
0.020995808699486362	0.5495259335218098
0.0945283236652883	0.7338449068242404
0.3249741750774021	0.9541959171303979
0.19257877492978948	0.8936441483307079
0.7308037399001472	0.6360497744562179
0.2586397468868671	0.13599717865125227
0.7143600882852251	0.3317959286147588
0.4727761367009041	0.9700400304741857
0.5760871759895012	0.4185857681376254
0.46932614829501684	0.35786697748546736
0.16855296009119813	0.4198901132784725
0.4123167759053534	0.25588405461630415
0.9178988397086006	0.5110883867096871
0.9028347899597654	0.38912090755942774
0.20553400976178737	0.6534002202026428
0.134550116974274	0.819294994205394
0.9123495559279502	0.5428931273184069
0.24227457198355096	0.24391283736756608
0.19182943778420647	0.8517607063674402
0.42545073766375685	0.5714346465597109
0.38206862187500923	0.6394394794864201
0.3003640802897031	0.09568325670351008
0.3918187476472933	0.6589129506521294
0.7174952648661481	0.9246393852199978
0.3944223105454012	0.4135982752332713
0.5223115759082166	0.857028257684795
0.17069643013453006	0.16402682493815512
0.3552673707955424	0.8642591746837135
0.7945201872707147	0.06687130153999798
0.0958816218903723	0.16701877653888775
0.32535024569268844	0.7677069663826028
0.568744733469319	0.9714927499373431
0.6337497721757502	0.49067150454022557
0.3569193659460894	0.2528232159990732
0.3201420181268537	0.7754964471768326
0.8344827532318757	0.7116452031344278
0.5142276381734415	0.23330511679828492
0.13206250947242204	0.20778720394499905
0.4755316802051446	0.8252342790450101
0.6799127461077297	0.16958096119968735
0.700437678767068	0.5755359754370528
0.0960165382864856	0.2291996316877979
0.6645263880873353	0.011609957481145128
0.48972957968906117	0.13504416032849687
0.7443110533014957	0.3637081704213331
0.36422165381688865	0.08092500240178735
0.7642953883518868	0.24780544946291205
0.8838533501729974	0.4158395812301603
0.0759207213268338	0.33899925417697974
0.486930480043101	0.06941241270483223
0.6311025319510674	0.22755671628881113
0.4003354293332061	0.8215859780228459
0.678971832334483	0.2914121166578101
0.07883814511159459	0.5287493873599647
0.8357537022433877	0.7523708042890858
0.01782158001872225	0.5528038519912732
0.4882941206651016	0.2174736351427501
0.9203622122548942	0.918988027008986
0.4996348995461499	0.8400448604074677
0.7098127131411814	0.37635033469939383
0.16652465371076253	0.170796596987856
0.05882126026524381	0.686293518602379
0.007689775095221063	0.6190039468520706
0.7809112654626706	0.13861958561724252
0.8534712774706927	0.927892643167599
0.7570775731357617	0.5487160224559418
0.10596389238194814	0.9631395116526291
0.7851957000293772	0.3019723421996525
0.09135232124369186	0.07319876213077847
0.7038020701232738	0.08564036393508867
0.4715202840135826	0.18750551095526935
0.3924036219119619	0.6234947590663149
0.8511126260717835	0.1989032082288409
0.09204821118840834	0.8020589750679687
0.3529341921445377	0.5694190568773677
0.5813637006859351	0.6565757112447592
0.3854910474089619	0.008034906724063595
0.5189196837525688	0.8746359849597087
0.48580092501763306	0.2597351251284864
0.12869994166192578	0.09082381412931284
0.8404276397536704	0.5040404603819305
0.1681550624183641	0.2011111481599691
0.01399365985694967	0.4163499016044593
0.4703032920858272	0.5846280558017128
0.14897528223231693	0.8691926205608005
0.4663993578450424	0.6503539340258132
0.4079696479431145	0.5755508569716823
0.9687174076580742	0.5380752379824961
0.9414284314186523	0.8489452566988096
0.9712273131693474	0.8181261351938457
0.20452018822103224	0.19354600339671768
0.15959347493192844	0.14443887979905434
0.22390731445719503	0.13878407310408358
0.6215559111384064	0.8665522753366136
0.589311229964519	0.17382642121983682
0.7949505262665277	0.8642973503239892
0.8386735030166083	0.681154948210731
0.8869941667661942	0.5531801179116924
0.3238853459167671	0.1775394385670478
0.22794794864179024	0.6239430820344882
0.07326208935061307	0.9429971325515332
0.2895744821393401	0.027767534696326646
0.17205459572804505	0.9950051214443612
0.9624154099355348	0.8352228107674993
0.3986689669389699	0.015776920964528207
0.0195607635569226	0.9925364655739083
0.8128606662758954	0.12469200184867624
0.7453843539794623	0.5940742133416661
0.9107877492298957	0.4180266994519536
0.2519870480412165	0.7001425079398877
0.7076323821590805	0.02348807478193804
0.3135111031312596	0.06378812915931409
0.3590514081621341	0.6788651999735644
0.7310024438310547	0.9775718281230327
0.5884740624645455	0.8761068922108837
0.9651997065603038	0.051912849426387964
0.3998119385030132	0.7596115297937892
0.5537264551253654	0.08744014475012485
0.368649793901496	0.8009161072131153
0.8442407958296989	0.8524303273342747
0.8820298599133046	0.36332400348509664
0.5174387972251636	0.3850262007700811
0.24283885702314378	0.8646940709038685
0.22202871566201332	0.6267997829100105
0.07948487840175988	0.8434974592860702
0.9107586097018113	0.8660983129978267
0.05046334280427778	0.6760169467092597
0.15546982487674177	0.8105814546412247
0.5964799487176056	0.877261554861478
0.7998588752522939	0.08063405116071465
0.7971977571918457	0.9882754953166404
0.4205418854456018	0.8253476293841572
0.8942545812136634	0.06219557446228685
0.896225343336444	0.7784266441205377
0.927854797709131	0.09582294919004897
0.18352845647548055	0.5800941861548453
0.6239697692577122	0.17355332164989157
0.7830744459853383	0.9984525370019061
0.008992705962740155	0.7148837860382025
0.4429799440244895	0.7077347348170123
0.04196796399668257	0.9011171725052148
0.20705057168426177	0.40131905794296885
0.7122750958529128	0.34571729404574614
0.8575512631123884	0.7575775733297779
0.15271815723821736	0.1670141444796479
0.7252191309860774	0.375818568991517
0.7658736521557081	0.9111592597034264
0.3638266683345779	0.2983821372205986
0.062037733680603724	0.8039127448122616
0.5061711852553068	0.508225305841112
0.6306644383567781	0.8351528726205973
0.20416256050994352	0.5647780073756881
0.03051494712157432	0.6512214808990361
0.42379161259937936	0.617126060413821
0.9676133757000253	0.39593007524580703
0.21468147752003452	0.1560461201531671
0.7343021432766029	0.5400013094308632
0.7564916647935095	0.9997863710294912
0.6650071813845203	0.6514964633435182
0.5384112668760841	0.8909365442715651
0.9369525004109919	0.05796523439972767
0.6874906784658334	0.5005879838786027
0.1360139445935945	0.4790683707458001
0.48805880699389215	0.7503179152320407
0.37700511440931583	0.9205512089076595
