0
0.3333333333333333
0.6666666666666666
0.1111111111111111
0.4444444444444444
0.7777777777777777
0.2222222222222222
0.5555555555555556
0.8888888888888888
0.037037037037037035
0.37037037037037035
0.7037037037037037
0.14814814814814814
0.48148148148148145
0.8148148148148147
0.25925925925925924
0.5925925925925926
0.9259259259259258
0.07407407407407407
0.4074074074074074
0.7407407407407407
0.18518518518518517
0.5185185185185185
0.8518518518518517
0.2962962962962963
0.6296296296296297
0.9629629629629629
0.012345679012345678
0.345679012345679
0.6790123456790123
0.12345679012345678
0.4567901234567901
0.7901234567901234
0.2345679012345679
0.5679012345679013
0.9012345679012346
0.04938271604938271
0.38271604938271603
0.7160493827160495
0.16049382716049382
0.49382716049382713
0.8271604938271604
0.2716049382716049
0.6049382716049383
0.9382716049382716
0.08641975308641975
0.41975308641975306
0.7530864197530864
0.19753086419753085
0.5308641975308641
0.8641975308641974
0.30864197530864196
0.6419753086419753
0.9753086419753085
0.024691358024691357
0.35802469135802467
0.691358024691358
0.13580246913580246
0.4691358024691358
0.802469135802469
0.24691358024691357
0.5802469135802469
0.9135802469135802
0.06172839506172839
0.3950617283950617
0.7283950617283951
0.1728395061728395
0.5061728395061729
0.839506172839506
0.2839506172839506
0.6172839506172839
0.9506172839506172
0.09876543209876543
0.43209876543209874
0.7654320987654321
0.20987654320987653
0.5432098765432098
0.8765432098765431
0.32098765432098764
0.654320987654321
0.9876543209876543
0.004115226337448559
0.33744855967078186
0.6707818930041152
0.11522633744855966
0.44855967078189296
0.7818930041152262
0.22633744855967078
0.5596707818930041
0.8930041152263374
0.0411522633744856
0.3744855967078189
0.7078189300411523
0.1522633744855967
0.48559670781893
0.8189300411522632
0.2633744855967078
0.5967078189300411
0.9300411522633744
0.07818930041152262
0.4115226337448559
0.7448559670781892
0.18930041152263374
0.522633744855967
0.8559670781893003
0.3004115226337448
0.6337448559670782
0.9670781893004115
0.016460905349794237
0.34979423868312753
0.6831275720164608
0.12757201646090535
0.46090534979423864
0.794238683127572
0.23868312757201646
0.5720164609053499
0.9053497942386831
0.053497942386831275
0.38683127572016457
0.720164609053498
0.1646090534979424
0.4979423868312757
0.8312757201646089
0.27572016460905346
0.6090534979423868
0.9423868312757201
0.0905349794238683
0.4238683127572016
0.757201646090535
0.20164609053497942
0.5349794238683127
0.8683127572016459
0.3127572016460905
0.6460905349794238
0.9794238683127571
0.028806584362139915
0.3621399176954732
0.6954732510288065
0.13991769547325103
0.4732510288065843
0.8065843621399176
0.2510288065843621
0.5843621399176955
0.9176954732510287
0.06584362139917695
0.39917695473251025
0.7325102880658436
0.17695473251028807
0.5102880658436214
0.8436213991769546
0.28806584362139914
0.6213991769547325
0.9547325102880657
0.10288065843621398
0.4362139917695473
0.7695473251028806
0.2139917695473251
0.5473251028806584
0.8806584362139916
0.3251028806584362
0.6584362139917695
0.9917695473251028
0.008230452674897118
0.34156378600823045
0.6748971193415637
0.11934156378600823
0.45267489711934156
0.7860082304526748
0.23045267489711932
0.5637860082304527
0.8971193415637859
0.04526748971193415
0.3786008230452675
0.7119341563786008
0.15637860082304525
0.4897119341563786
0.8230452674897117
0.2674897119341564
0.6008230452674896
0.9341563786008229
0.0823045267489712
0.4156378600823045
0.7489711934156378
0.19341563786008228
0.5267489711934156
0.8600823045267488
0.3045267489711934
0.6378600823045267
0.97119341563786
0.020576131687242795
0.35390946502057613
0.6872427983539093
0.1316872427983539
0.46502057613168724
0.7983539094650205
0.242798353909465
0.5761316872427984
0.9094650205761317
0.05761316872427983
0.39094650205761317
0.7242798353909465
0.16872427983539093
0.5020576131687242
0.8353909465020575
0.27983539094650206
0.6131687242798354
0.9465020576131686
0.09465020576131687
0.4279835390946502
0.7613168724279835
0.20576131687242796
0.5390946502057612
0.8724279835390945
0.3168724279835391
0.6502057613168724
0.9835390946502056
0.03292181069958847
0.3662551440329218
0.6995884773662551
0.14403292181069957
0.4773662551440329
0.8106995884773661
0.2551440329218107
0.588477366255144
0.9218106995884773
0.06995884773662552
0.40329218106995884
0.7366255144032922
0.1810699588477366
0.51440329218107
0.8477366255144031
0.29218106995884774
0.625514403292181
0.9588477366255143
0.10699588477366255
0.4403292181069959
0.7736625514403291
0.21810699588477364
0.5514403292181069
0.8847736625514402
0.3292181069958848
0.6625514403292181
0.9958847736625513
0.0013717421124828531
0.3347050754458162
0.6680384087791494
0.11248285322359396
0.4458161865569273
0.7791495198902605
0.22359396433470508
0.5569272976680384
0.8902606310013716
0.03840877914951989
0.3717421124828532
0.7050754458161865
0.149519890260631
0.4828532235939643
0.8161865569272975
0.2606310013717421
0.5939643347050754
0.9272976680384086
0.07544581618655692
0.40877914951989025
0.7421124828532235
0.18655692729766804
0.5198902606310013
0.8532235939643346
0.29766803840877915
0.6310013717421125
0.9643347050754457
0.013717421124828532
0.34705075445816186
0.6803840877914951
0.12482853223593963
0.45816186556927296
0.7914951989026062
0.23593964334705075
0.5692729766803841
0.9026063100137174
0.050754458161865565
0.3840877914951989
0.7174211248285323
0.16186556927297668
0.49519890260631
0.8285322359396432
0.2729766803840878
0.6063100137174211
0.9396433470507544
0.0877914951989026
0.42112482853223593
0.7544581618655692
0.19890260631001372
0.5322359396433469
0.8655692729766802
0.3100137174211248
0.6433470507544581
0.9766803840877913
0.026063100137174208
0.35939643347050754
0.6927297668038408
0.13717421124828533
0.47050754458161864
0.8038408779149518
0.24828532235939643
0.5816186556927297
0.914951989026063
0.06310013717421124
0.39643347050754457
0.7297668038408779
0.17421124828532236
0.5075445816186557
0.8408779149519888
0.28532235939643347
0.6186556927297667
0.9519890260631
0.10013717421124828
0.4334705075445816
0.7668038408779149
0.2112482853223594
0.5445816186556927
0.8779149519890259
0.3223593964334705
0.6556927297668038
0.9890260631001371
0.0054869684499314125
0.3388203017832647
0.672153635116598
0.11659807956104251
0.4499314128943758
0.783264746227709
0.22770919067215364
0.5610425240054869
0.8943758573388202
0.04252400548696845
0.37585733882030176
0.7091906721536351
0.15363511659807957
0.48696844993141286
0.820301783264746
0.26474622770919065
0.5980795610425239
0.9314128943758572
0.07956104252400548
0.4128943758573388
0.746227709190672
0.1906721536351166
0.5240054869684498
0.8573388203017831
0.3017832647462277
0.635116598079561
0.9684499314128943
0.017832647462277088
0.3511659807956104
0.6844993141289436
0.12894375857338822
0.4622770919067215
0.7956104252400548
0.24005486968449932
0.5733882030178327
0.9067215363511659
0.05486968449931413
0.38820301783264743
0.7215363511659808
0.16598079561042525
0.49931412894375854
0.8326474622770917
0.27709190672153633
0.6104252400548696
0.9437585733882029
0.09190672153635115
0.42524005486968447
0.7585733882030178
0.2030178326474623
0.5363511659807955
0.8696844993141287
0.31412894375857336
0.6474622770919066
0.9807956104252399
0.030178326474622767
0.3635116598079561
0.6968449931412893
0.1412894375857339
0.4746227709190672
0.8079561042524004
0.252400548696845
0.5857338820301783
0.9190672153635115
0.0672153635116598
0.4005486968449931
0.7338820301783264
0.17832647462277093
0.5116598079561042
0.8449931412894374
0.289437585733882
0.6227709190672153
0.9561042524005485
0.10425240054869683
0.43758573388203015
0.7709190672153634
0.21536351165980797
0.5486968449931412
0.8820301783264745
0.32647462277091904
0.6598079561042524
0.9931412894375856
0.009602194787379972
0.3429355281207133
0.6762688614540465
0.12071330589849108
0.4540466392318244
0.7873799725651576
0.23182441700960219
0.5651577503429355
0.8984910836762687
0.046639231824417
0.37997256515775035
0.7133058984910836
0.15775034293552812
0.49108367626886146
0.8244170096021946
0.26886145404663925
0.6021947873799725
0.9355281207133057
0.08367626886145405
0.4170096021947874
0.7503429355281206
0.19478737997256515
0.5281207133058984
0.8614540466392316
0.3058984910836763
0.6392318244170095
0.9725651577503428
0.021947873799725647
0.355281207133059
0.6886145404663921
0.13305898491083676
0.4663923182441701
0.7997256515775033
0.24417009602194786
0.5775034293552812
0.9108367626886145
0.05898491083676268
0.39231824417009603
0.7256515775034293
0.1700960219478738
0.503429355281207
0.8367626886145403
0.2812071330589849
0.6145404663923182
0.9478737997256514
0.09602194787379972
0.42935528120713307
0.7626886145404663
0.20713305898491083
0.540466392318244
0.8737997256515773
0.31824417009602196
0.6515775034293552
0.9849108367626884
0.034293552812071325
0.3676268861454047
0.7009602194787379
0.14540466392318244
0.4787379972565158
0.8120713305898489
0.25651577503429357
0.5898491083676268
0.9231824417009601
0.07133058984910837
0.4046639231824417
0.737997256515775
0.18244170096021947
0.5157750342935528
0.8491083676268859
0.2935528120713306
0.6268861454046638
0.9602194787379971
0.1083676268861454
0.44170096021947874
0.775034293552812
0.2194787379972565
0.5528120713305897
0.886145404663923
0.33058984910836764
0.6639231824417009
0.9972565157750342
0.0027434842249657062
0.33607681755829905
0.6694101508916324
0.11385459533607681
0.44718792866941015
0.7805212620027434
0.2249657064471879
0.5582990397805213
0.8916323731138546
0.03978052126200274
0.3731138545953361
0.7064471879286695
0.15089163237311384
0.4842249657064472
0.8175582990397804
0.262002743484225
0.5953360768175583
0.9286694101508915
0.07681755829903977
0.4101508916323731
0.7434842249657064
0.18792866941015088
0.5212620027434842
0.8545953360768175
0.299039780521262
0.6323731138545954
0.9657064471879286
0.015089163237311385
0.3484224965706447
0.681755829903978
0.1262002743484225
0.45953360768175583
0.7928669410150891
0.2373113854595336
0.570644718792867
0.9039780521262003
0.052126200274348417
0.38545953360768176
0.7187928669410152
0.16323731138545952
0.49657064471879286
0.8299039780521261
0.27434842249657065
0.607681755829904
0.9410150891632373
0.08916323731138545
0.4224965706447188
0.7558299039780522
0.20027434842249656
0.5336076817558298
0.8669410150891631
0.3113854595336077
0.644718792866941
0.9780521262002743
0.027434842249657063
0.3607681755829904
0.6941015089163237
0.13854595336076816
0.4718792866941015
0.8052126200274348
0.24965706447187927
0.5829903978052127
0.9163237311385459
0.0644718792866941
0.39780521262002744
0.7311385459533608
0.1755829903978052
0.5089163237311386
0.8422496570644717
0.28669410150891633
0.6200274348422496
0.9533607681755829
0.10150891632373113
0.4348422496570645
0.7681755829903978
0.21262002743484223
0.5459533607681756
0.8792866941015088
0.32373113854595337
0.6570644718792867
0.99039780521262
0.006858710562414265
0.3401920438957476
0.6735253772290809
0.11796982167352536
0.4513031550068587
0.784636488340192
0.22908093278463648
0.5624142661179699
0.8957475994513031
0.0438957475994513
0.3772290809327846
0.710562414266118
0.1550068587105624
0.4883401920438957
0.8216735253772289
0.2661179698216735
0.5994513031550068
0.9327846364883401
0.08093278463648833
0.41426611796982166
0.747599451303155
0.19204389574759945
0.5253772290809328
0.858710562414266
0.30315500685871055
0.6364883401920439
0.9698216735253772
0.019204389574759943
0.35253772290809327
0.6858710562414265
0.13031550068587106
0.46364883401920437
0.7969821673525377
0.24142661179698216
0.5747599451303156
0.9080932784636488
0.05624142661179698
0.3895747599451303
0.7229080932784637
0.1673525377229081
0.5006858710562414
0.8340192043895747
0.2784636488340192
0.6117969821673526
0.9451303155006858
0.093278463648834
0.42661179698216734
0.7599451303155007
0.20438957475994513
0.5377229080932784
0.8710562414266116
0.31550068587105623
0.6488340192043895
0.9821673525377228
0.03155006858710562
0.36488340192043894
0.6982167352537723
0.14266117969821673
0.47599451303155005
0.8093278463648833
0.25377229080932784
0.5871056241426612
0.9204389574759945
0.06858710562414265
0.401920438957476
0.7352537722908093
0.17969821673525377
0.5130315500685871
0.8463648834019203
0.2908093278463649
0.6241426611796982
0.9574759945130314
0.10562414266117968
0.438957475994513
0.7722908093278463
0.2167352537722908
0.5500685871056241
0.8834019204389574
0.3278463648834019
0.6611796982167353
0.9945130315500685
0.010973936899862825
0.3443072702331962
0.6776406035665294
0.12208504801097393
0.4554183813443073
0.7887517146776405
0.23319615912208502
0.5665294924554184
0.8998628257887517
0.048010973936899855
0.3813443072702332
0.7146776406035665
0.15912208504801095
0.4924554183813443
0.8257887517146775
0.2702331961591221
0.6035665294924554
0.9368998628257886
0.0850480109739369
0.41838134430727025
0.7517146776406035
0.196159122085048
0.5294924554183813
0.8628257887517146
0.30727023319615915
0.6406035665294925
0.9739368998628257
0.0233196159122085
0.35665294924554186
0.6899862825788751
0.1344307270233196
0.46776406035665297
0.8010973936899862
0.2455418381344307
0.5788751714677641
0.9122085048010974
0.06035665294924553
0.3936899862825789
0.7270233196159123
0.17146776406035663
0.50480109739369
0.8381344307270232
0.2825788751714678
0.6159122085048011
0.9492455418381344
0.09739368998628258
0.43072702331961593
0.7640603566529492
0.20850480109739367
0.5418381344307269
0.8751714677640602
0.3196159122085048
0.6529492455418381
0.9862825788751713
0.035665294924554176
0.36899862825788754
0.7023319615912208
0.14677640603566527
0.48010973936899864
0.8134430727023318
0.25788751714677643
0.5912208504801097
0.924554183813443
0.07270233196159122
0.4060356652949246
0.7393689986282579
0.1838134430727023
0.5171467764060357
0.8504801097393688
0.29492455418381347
0.6282578875171467
0.96159122085048
0.10973936899862825
0.4430727023319616
0.7764060356652949
0.22085048010973934
0.5541838134430727
0.8875171467764059
0.3319615912208505
0.6652949245541838
0.9986282578875171
0.0004572473708276177
0.33379058070416096
0.6671239140374943
0.11156835848193872
0.44490169181527206
0.7782350251486053
0.22267946959304982
0.5560128029263832
0.8893461362597165
0.037494284407864654
0.370827617741198
0.7041609510745314
0.14860539551897575
0.4819387288523091
0.8152720621856423
0.2597165066300869
0.5930498399634202
0.9263831732967535
0.07453132144490168
0.407864654778235
0.7411979881115683
0.1856424325560128
0.5189757658893461
0.8523090992226794
0.2967535436671239
0.6300868770004573
0.9634202103337905
0.012802926383173296
0.34613625971650663
0.6794695930498399
0.1239140374942844
0.45724737082761774
0.790580704160951
0.2350251486053955
0.568358481938729
0.9016918152720622
0.04983996342021033
0.38317329675354367
0.7165066300868771
0.16095107453132143
0.4942844078646548
0.827617741197988
0.27206218564243256
0.6053955189757659
0.9387288523090992
0.08687700045724736
0.4202103337905807
0.7535436671239141
0.19798811156835847
0.5313214449016918
0.864654778235025
0.3090992226794696
0.6424325560128029
0.9757658893461362
0.025148605395518973
0.3584819387288523
0.6918152720621856
0.13625971650663007
0.4695930498399634
0.8029263831732967
0.24737082761774118
0.5807041609510746
0.9140374942844078
0.06218564243255601
0.39551897576588935
0.7288523090992227
0.1732967535436671
0.5066300868770005
0.8399634202103337
0.28440786465477824
0.6177411979881116
0.9510745313214448
0.09922267946959304
0.4325560128029264
0.7658893461362597
0.21033379058070414
0.5436671239140375
0.8770004572473707
0.3214449016918153
0.6547782350251486
0.9881115683584819
0.004572473708276177
0.3379058070416095
0.6712391403749428
0.11568358481938727
0.4490169181527206
0.7823502514860539
0.2267946959304984
0.5601280292638318
0.893461362597165
0.041609510745313216
0.37494284407864653
0.7082761774119799
0.15272062185642432
0.48605395518975764
0.8193872885230908
0.2638317329675354
0.5971650663008687
0.930498399634202
0.07864654778235024
0.41197988111568357
0.7453132144490169
0.18975765889346136
0.5230909922267947
0.8564243255601279
0.30086877000457246
0.6342021033379058
0.9675354366712391
0.016918152720621853
0.3502514860539552
0.6835848193872884
0.12802926383173296
0.4613625971650663
0.7946959304983996
0.23914037494284407
0.5724737082761775
0.9058070416095108
0.053955189757658895
0.3872885230909922
0.7206218564243256
0.16506630086877
0.4983996342021033
0.8317329675354366
0.2761774119798811
0.6095107453132145
0.9428440786465477
0.09099222679469592
0.42432556012802924
0.7576588934613626
0.20210333790580703
0.5354366712391403
0.8687700045724736
0.31321444901691814
0.6465477823502515
0.9798811156835847
0.02926383173296753
0.36259716506630085
0.6959304983996342
0.14037494284407864
0.47370827617741196
0.8070416095107452
0.25148605395518975
0.5848193872885231
0.9181527206218564
0.06630086877000456
0.3996342021033379
0.7329675354366713
0.17741197988111568
0.510745313214449
0.8440786465477822
0.2885230909922268
0.6218564243255601
0.9551897576588934
0.1033379058070416
0.4366712391403749
0.7700045724737082
0.2144490169181527
0.547782350251486
0.8811156835848193
0.3255601280292638
0.6588934613625972
0.9922267946959304
0.008687700045724736
0.3420210333790581
0.6753543667123914
0.11979881115683584
0.4531321444901692
0.7864654778235024
0.23090992226794693
0.5642432556012803
0.8975765889346136
0.04572473708276177
0.3790580704160951
0.7123914037494284
0.15683584819387286
0.49016918152720623
0.8235025148605394
0.267946959304984
0.6012802926383173
0.9346136259716505
0.0827617741197988
0.41609510745313216
0.7494284407864654
0.1938728852309099
0.5272062185642432
0.8605395518975765
0.30498399634202106
0.6383173296753544
0.9716506630086876
0.02103337905807041
0.35436671239140377
0.687700045724737
0.1321444901691815
0.4654778235025149
0.7988111568358481
0.2432556012802926
0.576588934613626
0.9099222679469593
0.05807041609510745
0.3914037494284408
0.7247370827617742
0.16918152720621854
0.5025148605395519
0.8358481938728851
0.2802926383173297
0.613625971650663
0.9469593049839963
0.09510745313214448
0.42844078646547784
0.7617741197988112
0.20621856424325558
0.5395518975765888
0.8728852309099221
0.31732967535436674
0.6506630086877
0.9839963420210333
0.03337905807041609
0.36671239140374945
0.7000457247370827
0.14449016918152718
0.47782350251486055
0.8111568358481938
0.25560128029263834
0.5889346136259717
0.9222679469593049
0.07041609510745313
0.4037494284407865
0.7370827617741198
0.18152720621856422
0.5148605395518976
0.8481938728852307
0.2926383173296754
0.6259716506630086
0.9593049839963419
0.10745313214449016
0.4407864654778235
0.7741197988111568
0.21856424325560125
0.5518975765889346
0.8852309099222678
0.3296753543667124
0.6630086877000457
0.996342021033379
0.001828989483310471
0.3351623228166438
0.6684956561499771
0.11294010059442157
0.4462734339277549
0.7796067672610881
0.2240512117055327
0.557384545038866
0.8907178783721993
0.038866026520347506
0.37219935985368086
0.7055326931870142
0.14997713763145862
0.48331047096479196
0.8166438042981251
0.26108824874256975
0.594421582075903
0.9277549154092363
0.07590306355738453
0.4092363968907179
0.7425697302240511
0.18701417466849565
0.5203475080018289
0.8536808413351622
0.2981252857796068
0.6314586191129401
0.9647919524462734
0.01417466849565615
0.3475080018289895
