3.814697265625e-06
0.9999866485304665
2.002716064453125e-05
0.9999489783949684
6.508827209472656e-05
0.9997721910185646
0.00030928850173950195
0.999161869258387
0.0009803920984268188
0.9965686276264023
0.005147058516740799
0.9868872556544375
0.016605393029749393
0.9418811243667733
0.07936580595560372
0.7857153756485786
0.2500038147554733
0.12498664832673967
0.8125200274807867
0.4061989776673727
0.3906900893780403
0.38258468749700114
0.42609054379863665
0.4933024830534123
0.25781631661811844
0.09764289180748165
0.8535356622596737
0.48920676665147766
0.2739909021765925
0.08790684794075787
0.8095135461480822
0.28572205133968964
3.4809112548828125e-05
0.9998781680769753
0.00018274784088134766
0.9996040463156532
0.0005939304828643799
0.9981649070687126
0.002760268747806549
0.9940283186442684
0.008946077898144722
0.9688112744770478
0.04666054109111428
0.8987591892655473
0.15152421139646322
0.5303347399749327
0.7043753428442869
0.9732220517180394
0.031284809578210115
0.8905031664471608
0.1642452502856031
0.5816352900874335
0.5337970634282101
0.6339070966059808
0.7815688257978763
0.2647801917628385
0.1025738890748471
0.8597413914685603
0.4603879129863344
0.35739230253966525
0.24906781304161996
0.6263687165046576
0.8094780217797961
0.2857829672866501
0.0002480149269104004
0.9991319477267098
0.001302078366279602
0.996744789154036
0.004231754690408707
0.9855142999149393
0.019612555392086506
0.9470621221407782
0.06374080502428114
0.7779028779768851
0.3320350696449168
0.16600226110313088
0.5791216057550628
0.5355934542894829
0.6262858660484198
0.8092204701097216
0.28540426917606965
0.0010850578546524048
0.9964192583865952
0.005045551806688309
0.9864094350195955
0.016398043371737003
0.94411192505504
0.08576428634114563
0.7933389605896082
0.2787339306087233
0.08495138329453766
0.7964125262515154
0.274138840904925
0.0883655056823045
0.8088579844625201
0.2862036419683136
0.0022011473774909973
0.9922959841496777
0.011556023731827736
0.9750163079879712
0.03755707712844014
0.8812053913425189
0.17796887236181647
0.6236831394780893
0.5657034742471296
0.5269330097653437
0.7173200095130596
0.9874269012070727
0.018615269102156162
0.9408270944550168
0.08979653869755566
0.8106176998408046
0.28393945895368233
0.009630070999264717
0.9701742687902879
0.043803072068840265
0.9033107526774984
0.14504531503189355
0.5080255288921762
0.722398691723356
0.9168903629470151
0.20862786972429603
0.730259532952914
0.9279785880062263
0.24816872167866677
0.627746917452896
0.806548345455667
0.29017748177284375
0.0156288156285882
0.9452991452708375
0.08205128205008805
0.790964590938529
0.26666666666278616
0.06666666665114462
0.76666666669189
0.3166666667093523
0.14166666672099382
0.5041666664474178
0.7354166674485896
0.8947916675533634
0.1338541676523164
0.5315104131877888
0.6397135538572911
0.7902994925098028
0.26617840031394735
0.06837559887208045
0.7724041762703564
0.32771426282124594
0.1333356221439317
0.5333253224671353
0.6333613713795785
0.7833563169406261
0.258375437988434
0.09571266989223659
0.8525132861395832
0.4868474397226237
0.26673711935291067
0.06644678511656821
0.7674763063841965
0.3175145576824434
0.14261294261086732
0.5008547008328605
0.7487179487070534
0.8782661782752257
0.18333333323244005
0.6083333331916947
0.6208333333779592
0.5770833327260334
0.5114583317481447
0.7255208314454649
0.9138020842510741
0.19231769850011915
0.7038411213143263
0.9750325204513501
0.0375813958235085
0.8811603302310687
0.17777873354498297
0.6239273397077341
0.5660697745915968
0.5261393590189982
0.7166179338528309
0.9915935676253866
0.029178849421441555
0.9601303613453638
0.10655762883834541
0.8733781127666589
0.43963588069891557
0.3365180821274407
0.18174625525716692
0.6063192847941536
0.6220230830658693
0.5669653753575403
0.515628815657692
0.6952991452126298
0.9570512822538149
0.10346459108404815
0.8604166673903819
0.4572916677570902
0.35260416829260066
0.2346354144392535
0.6475260529259685
0.7629557457694318
0.35797528811963275
0.24513342592399567
0.6400799436087254
0.7908490771369543
0.2670027772546746
0.06732222833670676
0.7662041495495941
0.3184065933455713
0.14739010960329324
0.5153769832395483
0.7274305549508426
0.9244791657838505
0.23567708011250943
0.6451822865346912
0.758138002915075
0.3468424312886782
0.22957351326476783
0.6789956965076271
0.8725786729191896
0.4450172748765908
0.3329510440235026
0.16462829953525215
0.5801129427563865
0.5321047012985218
0.6393429470772389
0.7923286804871168
0.27317708457121626
0.07513020024634898
0.7624348756799009
0.35589188971789554
0.2475423439173028
0.6316486412251834
0.8044878221990075
0.3088637064793147
0.036223669070750475
0.8772445397626143
0.17973852495197207
0.6054036568675656
0.6154621967871208
0.5924641334277112
0.5501545309380163
0.675533229165012
0.862196186411893
0.4547526104724966
0.3494466439005919
0.22208663157653064
0.6679282138647977
0.834086192160612
0.4207666951115243
0.4648089366382919
0.3731687216204591
0.19024691765662283
0.712798345281044
0.9933024830825161
0.007816316559910774
0.9726428920112085
0.041035661939531565
0.8954567659820896
0.13336590130347759
0.5332193454087246
0.6337322910840157
0.7837689300940838
0.25882388843456283
0.09411639044992626
0.8588254142960068
0.49411104986211285
0.2588334251777269
0.09414213965646923
0.8587944198807236
0.49403499433537945
0.2589150835410692
0.09379720757715404
0.8593041886051651
0.49242771038552746
0.2613660637871362
0.10038242931477726
0.8513385028054472
0.47297126514604315
0.2823525821440853
0.011765962466597557
0.9823510562709998
0.061763673555105925
0.9073621190327685
0.19925928709562868
0.7010700613318477
0.9522801921411883
0.07132388860918581
0.7503663898387458
0.37445041519822553
0.18942354654427618
0.7158646801544819
0.9906265269673895
0.02969284262508154
0.9554607360332739
0.09412020514719188
0.8588120628555771
0.4941310770227574
0.258814828528557
0.09420722792856395
0.8587511469086166
0.4938558823778294
0.2597455848590471
0.09477759967558086
0.8558918897469994
0.49754234397551045
0.2566486411378719
0.11698782234452665
0.8401137062755879
0.42684867017669603
0.4944320432259701
0.26176977722207084
0.10735677811317146
0.8742512761091348
0.43865551095223054
0.3399493762408383
0.1776083611184731
0.6205582281399984
0.577951787301572
0.5081827063404489
0.7220933073258493
0.9179592083382886
0.2090101366629824
0.7333674271649215
0.9332140048209112
0.23299150064121932
0.6826577444153372
0.8587848831375595
0.4940283186151646
0.2589460779563524
0.09381127427332103
0.8591605414112564
0.4925091899349354
0.260899210406933
0.10064723785035312
0.8489065960457083
0.4712689304142259
0.2900738889002241
0.0159913906827569
0.9447629120841157
0.08395480108447373
0.7920365581230726
0.2728531035245396
0.07607959792949259
0.7647868675121572
0.35254289471777156
0.23484987195115536
0.6477251920441631
0.7632544544467237
0.35889059194596484
0.24290648463647813
0.6351520513708238
0.7855321807728615
0.251377776323352
0.12200973159633577
0.8169854025763925
0.39067220798460767
0.3827416861313395
0.42602146201534197
0.49378793308278546
0.25956212176242843
0.09499080548994243
0.8560278777440544
0.49609757208963856
0.2558460124419071
0.11232473864220083
0.831491911172634
0.40997731004608795
0.4476482369354926
0.31677645846502855
0.14201517507899553
0.5048732497089077
0.734889062034199
0.8966974143113475
0.13939086918253452
0.5423786291212309
0.6483252022007946
0.7618757543095853
0.3569949183729477
0.24954134214203805
0.6256879867578391
0.8110093619616237
0.2834783276193775
0.007825853303074837
0.9726362162909936
0.04106665635481477
0.8954426992859226
0.1335286219837144
0.5336262663186062
0.6332845111901406
0.7844806542561855
0.2612748686806299
0.10024563665501773
0.8508597284962889
0.4741986290900968
0.28470283054048195
0.010376134887337685
0.9739375905774068
0.033722438383847475
0.8839246204297524
0.15629053174052387
0.578023193666013
0.5079442281567026
0.7222028308606241
0.9166261355567258
0.2083125909557566
0.7290349406248424
0.9268933736893814
0.24418116721790284
0.6375934836978558
0.7935887934581842
0.2776227659196593
0.08300783229060471
0.7915038565115537
0.2697754549444653
0.07141091139055789
0.7503054738917854
0.37417522055329755
0.18849279021378607
0.7152752349211369
0.9895795192278456
0.026035944931209087
0.9661258081614505
0.11587445228360593
0.8430338793841656
0.42340497829718515
0.4897623564465903
0.27704280155012384
0.09272907604463398
0.8003891050757375
0.2994087129482068
0.04795719822868705
0.926143472752301
0.2433608955470845
0.633005501847947
0.7848552992509212
0.26069782121339813
0.09921722556464374
0.8472602896799799
0.47910956566920504
0.3018758497782983
0.05695946095511317
0.9181004825222772
0.2163434544345364
0.7418214659264777
0.9031368263240438
0.14529476047027856
0.5085583646141458
0.7215374493098352
0.916006075887708
0.2041273278882727
0.7231134817993734
0.9075792587536853
0.19991055724676698
0.6996869504509959
0.9504905552312266
0.07671694294549525
0.7609087471792009
0.35067298711510375
0.22393759049009532
0.6587224385293666
0.8214246205461677
0.37504053133307025
0.43739819497568533
0.4688817271380685
0.2964215861284174
0.024048003368079662
0.9631953942298423
0.12112475163303316
0.81825088369078
0.39371743163792416
0.3780110107618384
0.4329019446740858
0.48390680452575907
0.3053688142099418
0.041447112802416086
0.8948529411281925
0.13394607801456004
0.5313112740695942
0.6404105407709721
0.7893841886834707
0.2687117094756104
0.06549098365940154
0.7766409768664744
0.3433392637525685
0.1723981216782704
0.6153565773565788
0.5923457586031873
0.5499578952149022
0.6748793364095036
0.8625584485416766
0.4566391049302183
0.3462837122497149
0.2276446995092556
0.6722372189688031
0.8664077798312064
0.46601333416765556
0.36542166565777734
0.21748487593140453
0.7377671840658877
0.8943182166840415
0.12721068423707038
0.5547893080220092
0.6678370187582914
0.834437799960142
0.420287920802366
0.4630740987486206
0.37179509532870725
0.1918811242794618
0.7043658061011229
0.9732153759978246
0.03125381516292691
0.890611646900652
0.1640825296053663
0.5819802221667487
0.5332682212174404
0.6335612257535104
0.7840007325576153
0.2596599925891496
0.0948525823187083
0.855515963252401
0.4979760571732186
0.2570761703536846
0.11439337371848524
0.8379311667231377
0.43446848512394354
0.4732762919156812
0.28152900986606255
0.014648465439677238
0.9780273018113803
0.047607512678951025
0.9285887309524696
0.24993944156449288
0.6250908376241568
0.8123031850846019
0.28154522232944146
0.01470520906150341
0.9779498157731723
0.047816724982112646
0.9283445307228249
0.24908474076073617
0.6262503416801337
0.8091595541627612
0.2851910633617081
0.0018312782049179077
0.9972530826635193
0.0059516541659832
0.9910725187219214
0.0312461843714118
0.9531383528083097
0.1015424698125571
0.8477072760870215
0.470638022699859
0.29417314246529713
0.029475822113454342
0.955672064301325
0.0948445952963084
0.8557875816186424
0.49720206105848774
0.2558941953466274
0.11608908860944211
0.8434445255843457
0.4226997808436863
0.4911947082146071
0.28081852110335603
0.07877984759397805
0.7874406097398605
0.2560421340749599
0.1158149668481201
0.8428790861216839
0.4232137963990681
0.4889663811190985
0.2738747029216029
0.08917650138027966
0.8121501799614634
0.28198632650310174
0.014512879773974419
0.980428214155836
0.052836192306131124
0.9363916960719507
0.22262143425177783
0.6661374668183271
0.8328250398335513
0.4149467672104947
0.45570484682684764
0.3449745930847712
0.2310655479086563
0.6836750578659121
0.8494058743526693
0.471943938115146
0.29255133360857144
0.021976512856781483
0.9523791358515155
0.07143129617907107
0.7500095368304756
0.37497425061883405
0.18753099476452917
0.718641518993536
0.9845377225137781
0.023030576296150684
0.9497475982352626
0.07436097250320017
0.7631931808718946
0.3591050494578667
0.2430731988279149
0.6354507600481156
0.7865700317488518
0.25275073206285015
0.11903499416075647
0.8214150838030037
0.3750472070532851
0.43742918939096853
0.46899020759155974
0.2965223179780878
0.024210545234382153
0.9636431741237175
0.12287365621887147
0.8197061683458742
0.3964097399148159
0.3859766965615563
0.4132339029456489
0.4424123954377137
0.3305220094625838
0.15659028349909931
0.5773629232135136
0.5089556146704126
0.7188370236253832
0.9216915357101243
0.21121269778814167
0.7451305649301503
0.8901166601281147
0.16582261270377785
0.5794025224458892
0.5356889111280907
0.6251479388738517
0.8120413418801036
0.2819379871361889
0.0141343604773283
0.9787908298603725
0.05079460656270385
0.9316205864015501
0.22759010165464133
0.6722981349157635
0.8666829744761344
0.4666095892316662
0.3664995113504119
0.21633439452853054
0.7419123034051154
0.9033069379802328
0.1450395929859951
0.5080055017315317
0.7223552995419595
0.9169478218245786
0.20859222614672035
0.7300727916008327
0.928328318259446
0.24914148438256234
0.6262954027915839
0.8092137943895068
0.28543526359135285
0.0009765774011611938
0.996581979066832
0.005127031356096268
0.9869382772303652
0.01666285190731287
0.9416800182953011
0.07917906460352242
0.7854352636204567
0.25097657745936885
0.12158197886310518
0.8176270316762384
0.39318827650276944
0.3760378511506133
0.43386752129299566
0.4737103180377744
0.28348214231664315
0.00781250186264515
0.9726562434516381
0.04101563477888703
0.8955077875580173
0.13330081303138286
0.5334471543610562
0.6334230025822762
0.78350789155229
0.257843496336136
0.09754776279442012
0.853678355779266
0.4888508673175238
0.27347803401062265
0.0897419408429414
0.810678615787765
0.28372625313932076
0.008911268785595894
0.9688105592213105
0.04678416112437844
0.8986343175347429
0.15204852365422994
0.5302166780747939
0.7066205082519446
0.9712262535176706
0.04016126925125718
0.8906855594541412
0.13272165891248733
0.5509780696884263
0.6813453916984145
0.8534588691254612
0.4854290652438067
0.26981026405701414
0.07128907949663699
0.7504882217326667
0.3742676673573442
0.18908672069665045
0.7163699189259205
0.9917288403667044
0.02803174313157797
0.9574937275319826
0.10281427460722625
0.8598766642098781
0.459208381769713
0.3580834109452553
0.24547943088691682
0.6403335911745671
0.7899880135373678
0.26813153276452795
0.06349279009737074
0.7777752346300986
0.33332951861666515
0.16666094458196312
0.5833133061241824
0.5416556992859114
0.6457682448963169
0.7603190337249544
0.34864904434653
0.2211346112890169
0.6643841887416784
0.8312117097375449
0.40924098406685516
0.44851597625529394
0.3199017609586008
0.1450543749378994
0.5079346914135385
0.7222285800671671
0.916657129972009
0.2083266576519236
0.7291356724745128
0.9270368420693558
0.24462894711177796
0.6379393545503262
0.7950440781132784
0.27593950467417017
0.09097351809032261
0.802809012675425
0.3112889375188388
0.03500830428674817
0.8852242922584992
0.16044480039272457
0.5635023268696386
0.5278009837784339
0.7083605131192598
0.9792074365250301
0.05222602700814605
0.9324241687718313
0.23223458870779723
0.6868120130675379
0.84524063844583
0.4821466719149612
0.3124866481521167
0.03127002762630582
0.8905739767651539
0.16412759071681648
0.5818034347903449
0.5335124214470852
0.6329509039933328
0.7846718361543026
0.26048461539903656
0.09901924873702228
0.8465673707833048
0.478184389823582
0.298645363713149
0.052153786178678274
0.932511549181072
0.23205964907538146
0.6873031851428095
0.8440452225913759
0.4834552099346183
0.3060748163261451
0.04000422591343522
0.8931882765318733
0.12603785109240562
0.5588675211474765
0.6612103177758399
0.8147321421129163
0.3984375029685907
0.4023437455180101
0.4042968891444616
0.39355466625420377
0.37646488862810656
0.4353026670287363
0.4764406652539037
0.2853390020900406
0.0015571564435958862
0.9976642653055023
0.00744229182600975
0.9888441916264128
0.023447039537131786
0.9648179965734016
0.12307788408361375
0.8153211850149091
0.4000651121023111
0.4002278923871927
0.3998210012796335
0.39937350450782105
0.40098075120477006
0.40343262924579903
0.3968156102928333
0.3888546360540204
0.4165962139959447
0.4581134518957697
0.3538778524962254
0.23847807000856847
0.6500953912327532
0.7753338693582918
0.33699156652437523
0.17996651271823794
0.6044922124419827
0.6166991868813056
0.5915528454643209
0.5540769971266855
0.6852421086805407
0.8515315026452299
0.4727647350518964
0.28304038994247094
0.013102253898978233
0.9833578904799651
0.05820732889696956
0.9205224949109834
0.21395423577632755
0.7493282257637475
0.8764958830724936
0.18519418651703745
0.6013590067450423
0.5979204818431754
0.5947973884467501
0.6057167712424416
0.6221788151015062
0.5686848874029238
0.5216471078165341
0.7017415002046619
0.9482827433093917
0.06972238072194159
0.7713720696920063
0.3233992106397636
0.1318972372682765
0.5520315966859926
0.6822064329462592
0.8564801428874489
0.49841327959438786
0.2523800805793144
0.11764616123400629
0.8235307581198867
0.38235002401052043
0.4264825933496468
0.4926623738720082
0.2610064391628839
0.10114508564583957
0.8481483802606817
0.4689806708483957
0.29652899369830266
0.02417955081909895
0.9637192296504509
0.12301730341278017
0.8193803097528871
0.39589997119037434
0.38564989919541404
0.4117595448042266
0.4411660362384282
0.3382433162187226
0.18379724735859782
0.5993451371614356
0.597585432959022
0.6037558417592663
0.6139051073987503
0.5862222344439942
0.5576372403011192
0.6713356661202852
0.8377116800693329
0.4310466830502264
0.4774210182367824
0.29948584135854617
0.04820807417854667
0.926478778681485
0.2426757252542302
0.6359864120895509
0.7886961070762482
0.25445583841064945
0.1094045655336231
0.8358931516704615
0.41806483891559765
0.4666451135999523
0.3666829744470306
0.21660958917345852
0.7414995114377234
0.9038343943830114
0.14816230267751962
0.5126819368742872
0.7309770946449134
0.9337867570284288
0.2243084207875654
0.660111897304887
0.8223617173207458
0.37973103317199275
0.42283532180590555
0.49077944265445694
0.2804400018067099
0.07918860134668648
0.7854610128269996
0.25100757187465206
0.12147349840961397
0.8177897523564752
0.3935141350957565
0.37656669336138293
0.4351709407637827
0.47616129828384146
0.28570512362057343
0.0001531839370727539
0.9995864033407997
0.0004978477954864502
0.9982651620812248
0.0025946274399757385
0.9934829063422512
0.00843253917992115
0.970982142694993
0.03906250232830644
0.8945312436844688
0.12695313256699592
0.5556640359864105
0.6665039459767286
0.8332518537936267
0.41613782447529957
0.4575801244354807
0.3517156865564175
0.2378676476655528
0.6430759813229088
0.7511948496976402
0.37124694121303037
0.19294576754327863
0.7065525589569006
0.9714097166142892
0.04043646389618516
0.8915543269540649
0.13141850766260177
0.5537147797003854
0.6850452047365252
0.850361925404286
0.47638928605010733
0.2855264586978592
0.0013901740312576294
0.9970607533759903
0.004420313984155655
0.9845880288339686
0.023179945535957813
0.9500934839888941
0.07483879313804209
0.7619977650174405
0.35644533374579623
0.2485351114301011
0.6271973328257445
0.8048093352408614
0.29278599709505215
0.02188034076243639
0.9515544906898867
0.07263583899475634
0.7543198504426982
0.3608302639913745
0.20778951549436897
0.7273858514672611
0.9247300417337101
0.2360743748722598
0.6463882822135929
0.7608939652272966
0.3506021767971106
0.2240643099648878
0.6590131303819362
0.822178589500254
0.37616004067240283
0.43380678415996954
0.47435181302716956
0.285054438340012
0.00989736057817936
0.9731793747923803
0.03137218998745084
0.8901973350148182
0.1647039974341169
0.5803969588887412
0.5313817267597187
0.6401715857500676
0.7896730029897299
0.2678828919888474
0.06253099464811385
0.7811415187024977
0.3282877219025977
0.16365557594690472
0.5669350961979944
0.5157672176428605
0.6948338117508683
0.9577378383546602
0.10195988672785461
0.8627457263355609
0.4568580327904783
0.34607333765598014
0.22697609930764884
0.675283396296436
0.8630629720573779
0.45541317149763927
0.34391939715715125
0.23399907245766371
0.6802628372388426
0.853576193418121
0.4891669507487677
0.2741226284415461
0.08832783554680645
0.8089030455739703
0.2862712336354889
0.001956947147846222
0.9931506849534344
0.010273972526192665
0.973825831868453
0.03339041071012616
0.8835004886786919
0.15866560547146946
0.5705876967695076
0.5029430613212753
0.7455854079744313
0.890431998501299
0.1643634462961927
0.5810990569007117
0.5345718493044842
0.6366264765674714
0.7872477887140121
0.25635151198366657
0.11644163518212736
0.8409625509229954
0.4277439244906418
0.4989976733340882
0.25344901537755504
0.11976448795758188
0.8254800646973308
0.38918022642610595
0.4171852121944539
0.46014824270969257
0.3566450093057938
0.24826516199391335
0.6275946275854949
0.8059829059930053
0.2896825397037901
0.017857142724096775
0.9375000004365575
0.09374999930150807
0.7968750014842954
0.3046874977299012
0.05859375698491931
0.9121093644935172
0.19042971020098776
0.7143554346694145
0.9997559785551857
0.00036603212356567383
0.9992069303698372
0.00118960440158844
0.9963244273967575
0.005513358861207962
0.9880467597104143
0.017918416298925877
0.9377144579484593
0.09342831303365529
0.7976945355476346
0.30364964675391093
0.062226235400885344
0.9071490473288577
0.20186941174324602
0.698730433738092
0.9450684752955567
0.08239728701300919
0.7902225429133978
0.2658380279899575
0.07005494483746588
0.7704059827083256
0.32093253947095945
0.12723214190918952
0.5546875032887328
0.667968745023245
0.8339843874273356
0.4208984213764779
0.46435552410548553
0.37377922219457105
0.19079609995242208
0.7147824721469078
0.9982613473839592
0.002607978880405426
0.9934953041083645
0.008483560755848885
0.9710396015725564
0.03929031128063798
0.8942219551827293
0.12779126327950507
0.556636798690306
0.6650524313154165
0.8285931957361754
0.41338118602288887
0.4429278862080537
0.3317095575039275
0.15902266709599644
0.5722043386485893
0.5011910349421669
0.7462602927407715
0.8804581651638728
0.17535358073655516
0.6119696290988941
0.5794204038393218
0.5357762915373314
0.6252790094877128
0.8115234669239726
0.28271479957038537
0.01245126686990261
0.9813230996660423
0.059509731363505125
0.9107354029256385
0.18754720722790807
0.7186791891290341
0.9846152085519861
0.02308481652289629
0.9499917984649073
0.07497129426337779
0.7625220772752073
0.3563272718456574
0.24675146478693932
0.6292627492512111
0.7980607911886182
0.30102527659619227
0.056274581234902143
0.9158321495342534
0.2043767733266577
0.7231579170620535
0.906473994924454
0.20280998793896288
0.6961630307196174
0.9403824587061536
0.08747320179827511
0.8061562064976897
0.29075806081527844
0.017476306296885014
0.9425145578279626
0.08011294272728264
0.7821047013567295
0.26434294698992744
0.10482868063263595
0.866927085298812
0.46575520135229453
0.3639973754179664
0.2113606365164742
0.7455892226716969
0.8904377205471974
0.16435104853007942
0.5810804602515418
0.5346369375765789
0.6365832035953645
0.7875570772157516
0.2562053911969997
0.11546887247823179
0.8424331390706357
0.425078475556802
0.4878705087467097
0.26810125360498205
0.06359876715578139
0.7774043149256613
0.3338935275678523
0.1671890268335119
0.5851539646100719
0.544132611277746
0.6544965646753553
0.7682847167307045
0.313873961858917
0.15327308245468885
0.5200903760560323
0.6953163169382606
0.9413928915455472
0.0879106626380235
0.8095192681939807
0.28570965357357636
1.621246337890625e-05
0.99994325634907
7.748603820800781e-05
0.9997907876677345
0.0002442002296447754
0.9991452991671395
0.0012820512056350708
0.9967338218993973
0.00416666641831398
0.9854166675067972
0.019791667349636555
0.9463541679724585
0.06276041292585433
0.780338554730406
0.32936199131654575
0.16070965363178402
0.5625162127253134
0.5311932554759551
0.7032024873478804
0.9763532848737668
0.03540045442059636
0.8760984094988089
0.1838992309058085
0.5987845852796454
0.5957193456415553
0.6024822916660924
0.6118939312000293
0.5791363877069671
0.5355226439714897
0.6264035256172065
0.8095407258660998
0.2856889111571945
0.00014793872833251953
0.9995413422293495
0.0006879866123199463
0.9985093623108696
0.0022283270955085754
0.9922008551366162
0.011698717251420021
0.9746604086540174
0.03802083106711507
0.8825520837854128
0.17669269966427237
0.6179036235262174
0.5726887679484207
0.5043782629363704
0.7356525230279658
0.895063911768375
0.132960440707393
0.5346975853026379
0.6354536210710648
0.7865953041182365
0.2527166382060386
0.1189099436160177
0.8216350845468696
0.37572279589949176
0.4359390285681002
0.47109908697893843
0.28944510460132733
0.018924915231764317
0.9413316179707181
0.08812512014992535
0.8092300068528857
0.2854300183826126
0.0010540634393692017
0.9963727667636704
0.004882831126451492
0.9868163559294771
0.01586920116096735
0.9444577959075104
0.08331330609507859
0.7916556993441191
0.2707682448090054
0.0728190338704735
0.7548990436771419
0.3617596121621318
0.20344668754842132
0.7257429630553816
0.9111941053706687
0.18972689693327993
0.7110149892105255
0.9958845339424442
0.01391608826816082
0.9786374671093654
0.051575039979070425
0.9305717681709211
0.22914234816562384
0.6770058475958649
0.8697374275361653
0.4502766341320239
0.3264566197176464
0.1347856615902856
0.5360817653418053
0.6255533994699363
0.8105631019861903
0.284122922050301
0.009354876354336739
0.9702496984682512
0.04455583402886987
0.9060665361757856
0.14090019569266587
0.5068493150465656
0.7397260273864958
0.90117416830617
0.15410958894062787
0.5227495106228162
0.7007093936263118
0.9528498039289843
0.07127568335272372
0.752461470750859
0.3683570807916112
0.1954997800057754
0.6911176968424115
0.9638414191722404
0.12258964008651674
0.8199598159117159
0.3953042972716503
0.3835650404798798
0.4090064546908252
0.4471475951722823
0.31364597409265116
0.15245605178643018
0.5213273661502171
0.6986691601632629
0.9452829328074586
0.08207560074515641
0.7909195298270788
0.2667533318162896
0.06642246642149985
0.7675213674956467
0.3174603174556978
0.1428571428405121
0.5000000000291038
0.7499999999126885
0.8750000002037268
0.18749999965075403
0.5937500007275958
0.6093749988649506
0.6171875035215635
0.574218744673999
0.5058593862049747
0.7412109206488822
0.905761777627049
0.14135733351577073
0.506225775956409
0.7406613360217307
0.9047555469151121
0.14286667958367616
0.5000257492356468
0.7499690054974053
0.875108480657218
0.18733727897051722
0.5941569216374774
0.608846156654181
0.6189983969379682
0.571767764427932
0.500758260517614
0.7488702385744546
0.8788316177378874
0.18187512049917132
0.6061050060961861
0.6213675213803072
0.567460317426594
0.5178571427532006
0.6875000003783498
0.9687499995052349
0.1093750016298145
0.8359374975261744
0.4179687562282197
0.46679686702555045
0.36621096526505426
0.2163085559150204
0.7409668992331717
0.9061278097506147
0.14105266437400132
0.5071710013144184
0.7399155403545592
0.9022120192821603
0.15475030161906034
0.5179441655345727
0.6876834634749684
0.9684748048603069
0.11033818288706243
0.8344927256403025
0.4210914659197442
0.4621013583964668
0.3673871791106649
0.19894879532512277
0.6942450817732606
0.9606460905342828
0.10639426740817726
0.8716471566294786
0.44142246659612283
0.3300213676993735
0.1612103177467361
0.5647321420547087
0.5234375028230716
0.7148437457217369
0.9980468898720574
0.0029296651482582092
0.99365239214967
0.00952141173183918
0.9705812791071367
0.044128081295639277
0.9043891571636777
0.14341626421082765
0.501949295430677
0.74708368620486
0.8813275808643084
0.1780296094948426
0.6231036333192606
0.5653521793719847
0.5251116035797168
0.7128906132711563
0.9931640810973477
0.008300723508000374
0.9719239109836053
0.04260235512629151
0.8970339719380718
0.13967802945990115
0.5404829555482138
0.6414535950461868
0.7568063550570514
0.36674362217308953
0.2154800066491589
0.7385550196340773
0.8994915664370637
0.14871651225257665
0.5263672126748133
0.7182616883947048
0.9860840905166697
0.02087386418133974
0.9479374088987242
0.06784005858935416
0.768419125204673
0.31441257923142985
0.1534221387701109
0.5218408825166989
0.7013811007200275
0.947997967217816
0.06774922111071646
0.7684933925920632
0.31417934625642374
0.15421938069630414
0.5226701768406201
0.7004393547831569
0.951294077996863
0.07281450391747057
0.7550360151508357
0.36140275915386155
0.20386704930569977
0.7254379809892271
0.9140329330402892
0.19145059993024915
0.7049820287211332
0.9737845854542684
0.03321934537962079
0.8837322911422234
0.1587689301231876
0.5713238886382896
0.5003663897805382
0.749450415285537
0.876923546398757
0.18461468035820872
0.600001525861444
0.6000053405587096
0.5999919891182799
0.5999795913521666
0.6000229835335631
0.6000880718056578
0.5998793363396544
0.5997002243821044
0.6003891050640959
0.6013694971625227
0.597957198304357
0.5947709239844698
0.6058608952735085
0.6224662883032579
0.569230299704941
0.5230752798088361
0.6999984741269145
0.9500022888823878
0.07500801072455943
0.762495612812927
0.35622701683314517
0.24691710609477013
0.6298081615532283
0.7975977972091641
0.3031265265890397
0.060942843090742826
0.9085857353347819
0.19568270666059107
0.690843306860188
0.9648342090367805
0.12307263887487352
0.8153986710531171
0.4000108718755655
0.3999836921575479
0.39994292258052155
0.40004460810450837
0.4001561283948831
0.3997543632867746
0.39914027153281495
0.4008013710263185
0.4027971692266874
0.3958738643559627
0.38543740863678977
0.4115900589968078
0.4402941245934926
0.33785008202539757
0.1807658855104819
0.6019189979706425
0.6125139238138217
0.5812987324607093
0.5343018998682965
0.6358027701789979
0.7884833482967224
0.25581215700367466
0.11237552179954946
0.8313027260301169
0.40977650199783966
0.4478352465084754
0.31742336257593706
0.14296455041039735
0.5003759265237022
0.749424666078994
0.8768925519834738
0.18466117198113352
0.5999007940117735
0.5996604084793944
0.6005208313290495
0.6013020843092818
0.598567698878469
0.5944661207322497
0.6078450221393723
0.6196126451541204
0.5745196997013409
0.5127396788739134
0.7328140278405044
0.9320365895691793
0.23085135861765593
0.6849405389802996
0.8505112946440931
0.4763087601750158
0.28603670425945893
0.0006400644779205322
0.998307302565081
0.0020182207226753235
0.9929362274415325
0.010563233867287636
0.9745037452958059
0.034305714536458254
0.8857894187967759
0.16350337548647076
0.568355549388798
0.5185680622525979
0.6908979047148023
0.9646507459401619
0.1233478335198015
0.8144974786264356
0.3993179529788904
0.40103069989709184
0.4035807467880659
0.39703778660623357
0.3896646780776791
0.41547055792761967
0.45393499865895137
0.35049889684887603
0.22625773854088038
0.6611017926188651
0.8130967918259557
0.40437818987993523
0.3933511759969406
0.37672911601839587
0.4348853451083414
0.4752237023203634
0.2883773712092079
0.005422163754701614
0.9879719558812212
0.018416264094412327
0.9394492958381306
0.09083368559367955
0.8032025821448769
0.3108421112992801
0.033259876538068056
0.8837115487258416
0.15890065638814121
0.571777301171096
0.500732511311071
0.7489012329897378
0.8788456844340544
0.18173147330526263
0.6062484744761605
0.6218772901047487
0.5671955088910181
0.5164018580981065
0.6941176470427308
0.960784313705517
0.10588235291652381
0.8725490196084138
0.44411764707183465
0.3357843135599978
0.1683823528001085
0.5912990190845449
0.5534926480904687
0.6873468157427851
0.8441635974158999
0.4838771512149833
0.306422341207508
0.0403741174377501
0.8912827085878234
0.13121588167268783
0.5529435999051202
0.6862792220490519
0.8470461003889795
0.48040747171035036
0.3029488451429643
0.061201735865324736
0.9095109335321467
0.19891327095683664
0.6941841658263002
0.9609212851792108
0.10552549990825355
0.8729693813656922
0.44454517628764734
0.3332518537645228
0.1661378244170919
0.5825801242899615
0.539215686294483
0.6441176469961647
0.7524509803333785
0.368382353160996
0.19546568614896387
0.6909926462976728
0.9633884834765922
0.12228860682807863
0.8185125704330858
0.39704732334939763
0.3896580023574643
0.41550155234290287
0.45388850703602657
0.35035524965496734
0.22642028040718287
0.6606349392386619
0.8137465271574911
0.4029229052248411
0.39457846170989797
0.3846948018181138
0.4074667847598903
0.4493542969576083
0.3257241754909046
0.14027899329084903
0.5398045503825415
0.6434067274967674
0.7519235462823417
0.3721146805328317
0.19375152548309416
0.7093803411407862
0.982804491155548
0.05701084015890956
0.91838235288742
0.21629901917185634
0.7409926484397147
0.9060968153353315
0.14103859767783433
0.5073146485083271
0.7400160933902953
0.9017022505577188
0.15593117394018918
0.5164698073931504
0.6943011101393495
0.9605711078911554
0.10601834091357887
0.87112332120887
0.44331501837586984
0.3311507937614806
0.15951617865357548
0.5739583319809753
0.5067708306305576
0.7419270853570197
0.9032552011485677
0.14524737477768213
0.5082356352650095
0.7221517198777292
0.9177814672875684
0.2092729335417971
0.7324476380890701
0.9325861741963308
0.2320421253098175
0.6870930787699763
0.8442788429965731
0.48256410559406504
0.3071384835639037
0.04416360566392541
0.9044500731106382
0.14314106956589967
0.5009861141734291
0.7465562298020814
0.8801580259751063
0.17432979645673186
0.6105755733151454
0.5822044660162646
0.5406454080075491
0.6421645145455841
0.7553806790092494
0.3630112948012538
0.20596382895018905
0.720411703834543
0.9198708447802346
0.2178385549923405
0.7356119918695185
0.8950846541847568
0.13282871444243938
0.5350994994223583
0.6348431204969529
0.7859235746727791
0.2507325113401748
0.12390123284421861
0.8163456845504697
0.400481472897809
0.4031234748545103
0.39531478768913075
0.38360175694106147
0.4089799902285449
0.4470473401597701
0.31381161540048197
0.1530014640884474
0.5198877500661183
0.6964982919453178
0.9377440218522679
0.0933839671779424
0.7976680710853543
0.3034978933283128
0.06226932955905795
0.9065960056323092
0.2023829504614696
0.6964370183704887
0.937529564340366
0.09370565344579518
0.7969710841716733
0.3045357443043031
0.05906576616689563
0.9114337756473105
0.18998578970786184
0.7120620193018112
0.9922170675999951
0.011674398556351662
0.9747054697654676
0.03793416591361165
0.8827962840150576
0.17583799886051565
0.6190631275821943
0.5714982918289024
0.5002440214448143
0.7496339677891228
0.8757930698047858
0.1863103952491656
0.5974255733017344
0.6038616400037427
0.613515740056755
0.5875503302377183
0.5564261558756698
0.6653607661428396
0.8287703109381255
0.41241486062062904
0.44351114000892267
0.33448891091393307
0.17108574381563812
0.587113756017061
0.5549057754979003
0.6676337073149625
0.8347915237245616
0.4217627036268823
0.46109450183575973
0.3706667980295606
0.201689763343893
0.6984418876527343
0.944554236222757
0.08316101622767746
0.7910902598814573
0.27027330273995176
0.07114109606482089
0.7529001013317611
0.3686967378598638
0.19692532939370722
0.6892386529652867
0.9661420206248295
0.11587969749234617
0.8430789404956158
0.42349164345068857
0.49000655667623505
0.2766765012056567
0.0934001796413213
0.7976113274635281
0.3035753793665208
0.06245946837589145
0.9063518054026645
0.2029932722216472
0.6957659147738013
0.9407957424118649
0.0895389870274812
0.8114924278052058
0.28477650188142434
0.010335246101021767
0.9736733631871175
0.03358954982832074
0.8831884285609704
0.15958090929780155
0.5741581863549072
0.5059502236836124
0.7410141061118338
0.9060569994326215
0.14092594489920884
0.5068803094618488
0.7396499718597624
0.9012749001558404
0.15394704707432538
0.5231972905166913
0.6995714366494212
0.9503988236829173
0.0763958825264126
0.7604271565505769
0.34899504930945113
0.22138825885485858
0.6654762799444143
0.8289226008055266
0.4129803000832908
0.4449502792558633
0.33281097310828045
0.16484603530261666
0.580867388547631
0.5330034350336064
0.6379652825708035
0.7955010371224489
0.2764144195825793
0.09319087793119252
0.7988242968858685
0.3017711840220727
0.0571088301949203
0.9182639780628961
0.21587707789149135
0.7406451235583518
0.9047503017063718
0.14294416562188417
0.5001834631257225
0.7497248052677605
0.8759631814609747
0.18605522776488215
0.5968727104191203
0.604679490235867
0.616410640795948
0.5910386063915212
0.5528875715390313
0.6861098256486002
0.8466892473807093
0.4799546850263141
0.304474470729474
0.05885130865499377
0.911234636529116
0.18980962818022817
0.7111467154754791
0.9958495460159611
0.014526588842272758
0.9801632715098094
0.053559166844934225
0.9374837872746866
0.21880674443673342
0.6717975127103273
0.8361467154172715
0.4333495457540266
0.48327658971538767
0.3082882720627822
0.0457466677762568
0.902327533083735
0.1543536327080801
0.5184771800704766
0.689174101134995
0.9667968670546543
0.1162109652068466
0.8413085558859166
0.4284668990294449
0.4998778104200028
0.2504276633844711
0.12435850477777421
0.8141342851740774
0.4041651405277662
0.39791437721578404
0.3885496763396077
0.42132612940622494
0.4627374293631874
0.36857767758192495
0.19627949816640466
0.6899671930877957
0.9621271076321136
0.11741817346774042
0.8238727397692855
0.3816014343756251
0.429539559117984
0.49655241513391957
0.2551713772700168
0.11184219433926046
0.8293146056530531
0.41038692434085533
0.4391071055433713
0.34156238223658875
0.17905124800745398
0.6227731032122392
0.5702350104984362
0.5197404669888783
0.697021412110189
0.9393312786414754
0.09100308199413121
0.8028266556502786
0.3113850202062167
0.035152428317815065
0.8847789859573822
0.1611127598444
0.5630393328901846
0.5294758221425582
0.7056720642431173
0.9698445955000352
0.0432875812985003
0.9034520603890996
0.14651919633615762
0.5145265888713766
0.7301632714516018
0.928559167048661
0.24998378742020577
0.6250567437673453
0.8124225135834422
0.28145921282703057
0.015380797907710075
0.9774172035686206
0.049499192740768194
0.923188047221629
0.23899737547617406
0.6488606363127474
0.7768392219149973
0.34356272156583145
0.17216354759875685
0.6162367144424934
0.5912775614124257
0.553575379337417
0.6874594685214106
0.8438518055190798
0.48424327274551615
0.30514091585064307
0.0423582443036139
0.8981327388610225
0.13766429398674518
0.5435655475885142
0.6524250574002508
0.7712808745855
0.32350643939571455
0.13239508506376296
0.551273380900966
0.6799181733804289
0.8551227402349468
0.4909764360054396
0.28110206039855257
0.07858365890569985
0.7883745102153625
0.2553968914435245
0.11300604953430593
0.8310413149592932
0.4077349162544124
0.45087664428865537
0.328068254806567
0.13288998801726848
0.5349470307410229
0.6350098346883897
0.785278086172184
0.2517703623161651
0.12246628827415407
0.8192302997631487
0.3980752799543552
0.3874984739231877
0.4187522890861146
0.465633011830505
0.3640581125509925
0.21169576363172382
0.7449639848491643
0.8885972408752423
0.17113295069430023
0.5870620191853959
0.5547170671925414
0.6679243991675321
0.8340804701147135
0.4207466679508798
0.46482753328746185
0.3731036333483644
0.19035217945929617
0.7126116039289627
0.9941406137950253
0.008789079263806343
0.969238222547574
0.0461426661349833
0.900024223345099
0.14996366493869573
0.5249319551803637
0.7126020671857987
0.9941148645884823
0.008820073679089546
0.9691297420940828
0.04630538681522012
0.9003500819380861
0.1495158850448206
0.5237939982034732
0.7140764253272209
0.999267488688929
0.0010987669229507446
0.9961543157405686
0.005768526345491409
0.9875015262223314
0.01874771062284708
0.9406169880821835
0.08906688843853772
0.8117417391331401
0.2823797618621029
0.011793380603194237
0.9821873819164466
0.061863749753683805
0.9079293466347735
0.2010943799978122
0.7023576781211887
0.9465331011160742
0.0626221897546202
0.7808223358297255
0.328766496211756
0.16242821200285107
0.568491112702759
0.5220075073011685
0.7022706553398166
0.9463496380194556
0.06289738439954817
0.7807144812250044
0.3299049002234824
0.16150303615722805
0.5653550403949339
0.5251368759491015
0.7127945305837784
0.9933158345229458
0.007828714326024055
0.972599499829812
0.04109312081709504
0.8952985752548557
0.13354501326102763
0.5340574761212338
0.6347050537879113
0.7823174154327717
0.26201016275445
0.1064963552635163
0.8734700231289025
0.43992514204001054
0.336238446936477
0.18266155908349901
0.6087906051252503
0.61904834563029
0.5714274815109093
0.5000038147263695
0.7499866484722588
0.8750200273643713
0.1874489780748263
0.5938150889996905
0.6091471899126191
0.617496792023303
0.5733806139614899
0.5068397783034015
0.7397327031067107
0.9011431738908868
0.15412365563679487
0.5228311689861584
0.7010972410498653
0.9523829505487811
0.0714370182249695
0.7500295639911201
0.3749556539696641
0.1875960830366239
0.7185982460214291
0.9848470110155176
0.02276190835982561
0.9507279903336894
0.07778471545316279
0.7585745771357324
0.34651313052745536
0.22842858999501914
0.6730350420402829
0.8634942824428435
0.4626330616301857
0.36903880891622975
0.19642080587800592
0.6875348094908986
0.968628167611314
0.10955774947069585
0.8355415438709315
0.4185626867110841
0.4649617741233669
0.3650649691116996
0.21424313948955387
0.7499129771313164
0.8751834633003455
0.18722480500582606
0.5947131819848437
0.6079302269790787
0.620310213213088
0.577335743495496
0.5089887548529077
0.7189682730531786
0.9215399610984605
0.21174463944043964
0.7450048736354802
0.8883406428794842
0.1716922508785501
0.5863334567111451
0.5579998153552879
0.67175698155188
0.8361068995145615
0.433217819489073
0.4829972227453254
0.30767777148867026
0.046295850072056055
0.9003434062178712
0.1494848906295374
0.523685517749982
0.7139756934775505
0.999348968238337
0.001627609133720398
0.9978841468400788
0.007242884486913681
0.9901938344992232
0.026469017378985882
0.9681299621879589
0.11104910238645971
0.8339843650755938
0.4169922123546712
0.4604491865611635
0.3571778450277634
0.24938949930947274
0.6266483516956214
0.8105158727557864
0.28819444455439225
0.0052083320915699005
0.9869791660166811
0.016927079297602177
0.942057285894407
0.07845050212927163
0.7882486848102417
0.2549641319201328
0.11161286546848714
0.8281450284121092
0.41401147533906624
0.44147134240483865
0.32985030236886814
0.1614421202102676
0.5650798457500059
0.5246620951511431
0.7115342946781311
0.9942219368822407
0.012491798028349876
0.9812212949327659
0.05939707858487964
0.9110147698957007
0.18815770780202
0.71715338472859
0.9865373465872835
0.01635733339935541
0.9437257763638627
0.08441133541055024
0.7953805463330355
0.27567918138811365
0.08986950595863163
0.8027033708931413
0.3077256936230697
0.046223966870456934
0.9000651121314149
0.15022789232898504
0.5248210011341143
0.7118735047115479
0.9947307519323658
0.012807628139853477
0.9827531119517516
0.056823383551090956
0.9185493352997582
0.21494937629904598
0.7401083613804076
0.9018082276161294
0.15607678808737546
0.5159952054091264
0.6947495605854783
0.9589748284488451
0.10451796161942184
0.8666681925242301
0.4666613260633312
0.3666586557519622
0.2166546502849087
0.7416896502545569
0.9040785946126562
0.14779600233305246
0.5133530404709745
0.7342432727164123
0.9301409159961622
0.22985824465285987
0.6793827392684761
0.8720392955874559
0.4420030456385575
0.3282063019578345
0.16385900659952313
0.5666704813775141
0.5166723886795808
0.6916542690305505
0.9542100592225324
0.09798175538890064
0.8448892988672014
0.480550057196524
0.3103433768847026
0.03835019143298268
0.8804419527004939
0.175296837114729
0.6120471151371021
0.5794879955064971
0.5360204917669762
0.6256453098321799
0.8108523633272853
0.2833548864000477
0.008317025378346443
0.9708904111466836
0.03975048894062638
0.8930406060244422
0.1252751947613433
0.5615368183061946
0.6576947724970523
0.8250022887659725
0.38750801066635177
0.41874561336589977
0.4656020174152218
0.3641046041739173
0.2118394108256325
0.7448634318134282
0.8880874721508007
0.17080615332815796
0.5894939259451348
0.5612832154438365
0.6600207021983806
0.8227133251202758
0.3792522588628344
0.4230860636453144
0.4884291942580603
0.27493195520946756
0.08760206704027951
0.8066148642392363
0.2900700742029585
0.01600474212318659
0.9447428849234711
0.08394383382983506
0.7920940170006361
0.27281745994696394
0.0758928565774113
0.7656249982246663
0.35156250261934474
0.23828124429564923
0.6425781335274223
0.7509765327849891
0.3735352007788606
0.1906737316166982
0.7139894025458489
0.9990840255923104
0.0013739615678787231
0.9970230832404923
0.00446537509560585
0.9843788165308069
0.02342414576560259
0.9492387831851374
0.07612084434367716
0.7647135537990835
0.3527994927135296
0.23492840107064694
0.6465005997160915
0.764591677201679
0.3550580095616169
0.24075750808697194
0.6553956560383085
0.7666621367388871
0.31680363818304613
0.1420425932155922
0.5047095753543545
0.735233517276356
0.8971420947636943
0.14000496093649417
0.5407366031140555
0.6425781111756805
0.754882831213763
0.361816355783958
0.20336920151021332
0.7257077963149641
0.9114383056003135
0.1900931972777471
0.7121744932665024
0.9927409030206036
0.009781846776604652
0.9735760437033605
0.03181579755619168
0.8887066973547917
0.16687033569905907
0.5836788912129123
0.5428169914812315
0.6469563964346889
0.7639728319772985
0.35355998092563823
0.2391617054818198
0.6490775674174074
0.7756510480248835
0.33990884508239105
0.17750655638519675
0.6204265018750448
0.5777751787391026
0.5085488278709818
0.72154412503005
0.9159750814724248
0.2042033834150061
0.723012749949703
0.9074357903737109
0.19946277735289186
0.7008058339415584
0.9529415354772937
0.07058769674040377
0.752943061379483
0.3705854078871198
0.2029319986468181
0.6956134460924659
0.9404740561440121
0.08925935183651745
0.8124077316315379
0.2813884025090374
0.015140591189265251
0.977281483792467
0.049214550759643316
0.9222509280953091
0.24161216418724507
0.6542363084445242
0.7725518020743039
0.32548674038844183
0.1392112207831815
0.5421711453527678
0.6475665840844158
0.7630575505027082
0.35810701438458636
0.24555441353004426
0.6404460651392583
0.7894451046304312
0.268924915289972
0.06633161776699126
0.7756251200044062
0.34048000659095123
0.17605501937214285
0.6182415669609327
0.5705915114667732
0.5029297098808456
0.7456054351350758
0.8903809769253712
0.16442853456828743
0.5812381741416175
0.5343927373469342
0.6359728818351869
0.788228180812439
0.2548923679278232
0.11179060651920736
0.8284001958963927
0.41309931565774605
0.4428510260186158
0.3308616665308364
0.15801583288703114
0.5754838793363888
0.5141859483264852
0.7297052395588253
0.9289416351530235
0.24721255141776055
0.6308689230645541
0.8036851711513009
0.31204277236247435
0.03187385248020291
0.8889566196303349
0.1660356620559469
0.5829567660402972
0.5396159016818274
0.6425943459908012
0.7509197891631629
0.3736126868170686
0.19046451931353658
0.7142336027754936
0.9999387263960671
0.00021445751190185547
0.9996783137030434
0.0008195340633392334
0.9989621489949059
0.003632478415966034
0.9950396828062367
0.01339285634458065
0.9843749990395736
0.05468750325962901
0.9179687450814527
0.20898438745643944
0.7333984215802047
0.93310552436742
0.23315422132145613
0.6829836030083243
0.8593137253483292
0.4924019611789845
0.26139705820241943
0.10042892093770206
0.851501223485684
0.47287071211030707
0.28288142435485497
0.013514867052435875
0.9838254144124221
0.056611049454659224
0.9150834257889073
0.20351714023854584
0.7259819180762861
0.9120037450629752
0.19055571442004293
0.7139144199027214
0.9994408786005806
0.0019492954015731812
0.9970836862630676
0.006327580660581589
0.9905296098149847
0.02935363259166479
0.9559771804779302
0.09542410145513713
0.8574218664725777
0.4990234672441147
0.2514647991047241
0.12182626849971712
0.8172605972213205
0.3915409754845314
0.38143853488145396
0.42875817202730104
0.4974877461208962
0.25683210423449054
0.11671262769959867
0.8405560621467885
0.4261986666242592
0.49364848801633343
0.25855836464324966
0.09653744916431606
0.8535060760041233
0.48537732841214165
0.26998848194489256
0.07164176017977297
0.7506918013968971
0.3735150842112489
0.18974835460539907
0.7109942467941437
0.9960162602073979
0.013881100341677666
0.9792479676834773
0.05212422227486968
0.9325558950367849
0.23214810236822814
0.6874225136416499
0.843959213088965
0.484130798780825
0.3055422041215934
0.04168669367209077
0.895844300481258
0.135481754434295
0.5365559649944771
0.6279134528303985
0.8062091354222503
0.2906939262175001
0.017421112395823002
0.9428097796335351
0.08102510240860283
0.7827592348621693
0.2633315828279592
0.10916054132394493
0.8675091898476239
0.44839921075617895
0.3193972374428995
0.14578159630764276
0.51033143143286
0.7236676410830114
0.908569522871403
0.19573945028241724
0.6908883679716382
0.964644070219947
0.1233168391045183
0.8145439702493604
0.39921722112922
0.4011741682770662
0.40410958899883553
0.3977495107683353
0.388209393422585
0.42159980413271114
0.4619006844586693
0.36964897421421483
0.20038833317812532
0.7013591662107501
0.9479536213621031
0.06784530379809439
0.768341639166465
0.31422244041459635
0.15366633899975568
0.5222071828611661
0.7025406047760043
0.9471733444079291
0.0636149796191603
0.7773475713038351
0.3339710136060603
0.16701223945710808
0.5853981648397166
0.5447429330379236
0.6556560687313322
0.7674600939208176
0.31755222781794146
0.14269042864907533
0.5008195340924431
0.7489621489366982
0.8786324786196928
0.18253968248609453
0.6071428570721764
0.6249999997962732
0.5625000002619345
0.5312499990977813
0.7031250013096724
0.9765624971769284
0.035156254190951586
0.8769531103025656
0.18457033450249583
0.6000976085488219
0.5998535871331114
0.5997312187973876
0.6004031717602629
0.6014702290121932
0.5977946564380545
0.595218703878345
0.6071643147442956
0.6248981950629968
0.5626317265268881
0.5307965865649749
0.7037355018837843
0.9749141456268262
0.037140381056815386
0.8817274386237841
0.17936199682299048
0.6219075692642946
0.5673014859494288
0.516316802270012
0.6938275810389314
0.9592796093493234
0.10747863235883415
0.8700396826898213
0.4508928567520343
0.32812499842839316
0.13281250197906047
0.5351562430441845
0.6347656344587449
0.7861327869759407
0.25048831111053005
0.123290911084041
0.8150636333448347
0.3997188389184885
0.3989568084361963
0.40052617638139054
0.40287259890465066
0.39467347151366994
0.3842869272339158
0.40793316130293533
0.4510810286155902
0.3273452802677639
0.13398207922000438
0.5314372782886494
0.6403364521975163
0.7900132859067526
0.2680974389077164
0.06361211859621108
0.7773842877650168
0.3338825603132136
0.16712393856141716
0.584995773882838
0.5443117232352961
0.6552121482382063
0.7692574794346001
0.3153521794010885
0.15011160366702825
0.5253906129219104
0.7119140805734787
0.9926757253415417
0.010986411944031715
0.9761961074254941
0.035705838818103075
0.8750295641075354
0.18745565379504114
0.5938460834149737
0.6092232454393525
0.6176595127035398
0.5735431558277924
0.5073686205141712
0.7389175052812789
0.8987112671311479
0.15144469880033284
0.5305524757422972
0.704589889763156
0.9743651644967031
0.03503441112115979
0.8849483823578339
0.1607368333498016
0.5626056196924765
0.5311239948787261
0.7035660160763655
0.9759009750268888
0.03674714686349034
0.8787094282160979
0.18193585763219744
0.6055254999373574
0.6229693813074846
0.5695451761421282
0.5207518535025883
0.6973878242133651
0.9419551235332619
0.07827818510122597
0.788648900197586
0.2544041015789844
0.10959327383898199
0.8356024598178919
0.41877589252544567
0.4657079944736324
0.36392656509997323
0.21124297694768757
0.7452689669153187
0.889664678106783
0.165470557869412
0.5789349985134322
0.5379988965869416
0.6325077378714923
0.8017267934919801
0.30528429482365027
0.041096935514360666
0.8953042973007541
0.13356504042167217
0.534006454545306
0.6346475949103478
0.7823959743545856
0.26183105079689994
0.1072648677509278
0.8744504152273294
0.43942354660248384
0.3408646800671704
0.17812652664724737
0.6234428433526773
0.5648357349273283
0.5238077072717715
0.7142808096541557
0.9999904632277321
2.574920654296875e-05
0.999969005555613
0.00010848045349121094
0.9998372792906594
0.0004069209098815918
0.9994711577601265
0.0018108934164047241
0.9975490197248291
0.006617646664381027
0.9920343141711783
0.027757353149354458
0.9584865173965227
0.10427389550022781
0.8650811816041823
0.4642808096832596
0.37499046308221295
0.18752574955578893
0.718719005031744
0.9844834822870325
0.02327477652579546
0.9496256769343745
0.07564302370883524
0.7645062041410711
0.3554592084256001
0.2402601371286437
0.6552424273977522
0.7691515023761895
0.3150227445294149
0.1494546114699915
0.5238239197351504
0.7142431395186577
0.9999129771895241
0.00018346309661865234
0.9997248053259682
0.0009631812572479248
0.9985552280850243
0.0031227096915245056
0.9953044913418125
0.014848140999674797
0.9777573523751926
0.047028185334056616
0.9292739012453239
0.24659160512965173
0.6291245260799769
0.7984930738748517
0.30256496887886897
0.05799313960596919
0.9217879760253709
0.21112096623983234
0.7458185515424702
0.8896350694994908
0.16750055050943047
0.584665698261233
0.5463299439579714
0.6502240776608232
0.7748152791464236
0.33685347746359184
0.182219784357585
0.6064925405953545
0.6234643010247964
0.5649375396606047
0.523695054493146
0.7139690177573357
0.9993799626536202
0.0016741007566452026
0.9980468675203156
0.006835963577032089
0.989746054605348
0.026123146526515484
0.9666746775328647
0.11663862853311002
0.8416436830011662
0.42912456177873537
0.4980373307480477
0.2568617128417827
0.11471505998633802
0.8387316273001488
0.43550633609993383
0.47568776918342337
0.28648932703072205
0.0026506558060646057
0.9936523027427029
0.008545013144612312
0.9715574765286874
0.040955054108053446
0.8916924160148483
0.1291976609500125
0.5479026004031766
0.6762043886410538
0.8686360901629087
0.4461017571738921
0.31522998987929896
0.15017234080005437
0.5247491179325152
0.7115952106250916
0.9944971315271687
0.011927967891097069
0.9821776663593482
0.062378167640417814
0.9064327485102694
0.2027290448313579
0.6959064327238593
0.9395711500837933
0.08674463932402432
0.8075048733444419
0.29459064319962636
0.031067251227796078
0.953520955023123
0.10096856649033725
0.8494913474132773
0.47184910712530836
0.2921045073890127
0.02279218751937151
0.9508663923188578
0.07797324494458735
0.758284511131933
0.34698065445991233
0.23002486943732947
0.6783706374990288
0.8742972312902566
0.4390423748991452
0.34134345437632874
0.1793214656645432
0.6218868268479127
0.5671697596844751
0.5163708636828233
0.6941937025694642
0.9609279608994257
0.10549450549297035
0.873015872988617
0.4444444444379769
0.3333333333139308
0.16666666662786156
0.583333333284827
0.5416666665405501
0.6458333331684116
0.7604166661330964
0.3489583328482695
0.22135416499804705
0.6653645808401052
0.8287760329840239
0.4124348877812736
0.44352210726356134
0.3345539991860278
0.1709389971802011
0.5873004973691422
0.5555517408356536
0.666660944611067
0.8333133061823901
0.41665569943143055
0.4582682451582514
0.35406903439434245
0.23927404533606023
0.6508221134135965
0.7776654428744223
0.33316483098315075
0.16607690847013146
0.5827933301043231
0.5398724996775854
0.6434676434437279
0.7516483516374137
0.3730158729595132
0.19444444437976927
0.7083333334012423
0.9791666669480037
0.05208333348855376
0.9322916676464956
0.2317708347691223
0.6861979213135783
0.8470052116026636
0.48014324432006106
0.3035481996485032
0.06241869879886508
0.9064534909266513
0.2028607710963115
0.6962182246206794
0.9401816506579053
0.08729382161982358
0.8055827353091445
0.29170743614668027
0.02097602654248476
0.9480491676076781
0.06817208626307547
0.7688432569557335
0.31594377040164545
0.15109197341371328
0.5287952041544486
0.709736925928155
0.9842017879418563
0.05505770770832896
0.9174058090138715
0.21092796081211418
0.7304945056384895
0.9355158728722017
0.22569444484543055
0.6614583327027503
0.8151041645032819
0.3997395813348703
0.3990885347011499
0.4007161363842897
0.4025064773741178
0.39607744402019307
0.3862710540997796
0.41273991455091164
0.44458970095729455
0.3335922260885127
0.16757279133889824
0.5845783178519923
0.5460164831310976
0.6497329055855516
0.7740575401985552
0.33816964487778023
0.18359375710133463
0.5996093645517249
0.5966797105793376
0.6049804340873379
0.6169434765179176
0.5902097889047582
0.5519412956491578
0.681853662856156
0.856187737401342
0.4964801743044518
0.25525875767925754
0.11221764399670064
0.8297733528015669
0.41207837004913017
0.44053819071268663
0.3391927139018662
0.18717449868563563
0.5945638127450366
0.6083171207283158
0.6208090146828908
0.5771283938374836
0.5112815443717409
0.7252766312158201
0.913435783906607
0.19311134924646467
0.7069227634056006
0.9708658540330362
0.03963211411610246
0.8926186647440773
0.12587472808081657
0.5611669267818797
0.6594587198051158
0.8237305230868515
0.3815917188185267
0.42907735490007326
0.49798559391638264
0.2570504211471416
0.11442436813376844
0.8379776583460625
0.43438682676060125
0.4734197602956556
0.2819958632462658
0.014506204053759575
0.9804592085711192
0.052760136779397726
0.9364924279216211
0.22227650217246264
0.6665852467122022
0.8330483635363635
0.4164020518655889
0.4574071815586649
0.3529402788844891
0.23529097612481564
0.6470635357836727
0.7646956724056508
0.352956491347868
0.23534771974664181
0.6469860497454647
0.7648724597820546
0.3527122911182232
0.2344930189428851
0.6482681009510998
0.7620946821698453
0.3568465326097794
0.2489628641633317
0.628508858528221
0.8071761537285056
0.2941185446106829
0.029414906166493893
0.9558852701156866
0.0955908156465739
0.8566023324092384
0.49810816341778263
0.252715207694564
0.11897407821379602
0.8216902784479316
0.3759159745532088
0.436126038141083
0.4717269176035188
0.29240962356561795
0.02343368250876665
0.9492321074649226
0.07615183875896037
0.7646994871029165
0.35296221339376643
0.23533532198052853
0.6470294419268612
0.7648150009044912
0.352626102801878
0.2346797602949664
0.647491959069157
0.7630750742682721
0.3583171207574196
0.24580901477020234
0.6396283937210683
0.7925315448956098
0.27215163136133924
0.07749828533269465
0.759517597121885
0.3455946304020472
0.2316080544842407
0.6856281903164927
0.8464761756767984
0.47829161857953295
0.29816658940399066
0.051395570393651724
0.9299789105716627
0.22954323410522193
0.6791340984927956
0.8730306549405213
0.4443927076063119
0.3334185679559596
0.16695735848043114
0.5836179752659518
0.5425417968363035
0.6470022622088436
0.7648481410869863
0.3527573522296734
0.23452818568330258
0.648023900721455
0.7622166034707334
0.3556870285538025
0.2477118297247216
0.6326431000197772
0.801157181704184
0.306065279582981
0.03997847670689225
0.8931572821165901
0.12602378439623863
0.5590111683413852
0.6616172386857215
0.8151989954931196
0.40024839638499543
0.39989276527194306
0.39919576345710084
0.40121398417977616
0.404222241777461
0.39769544935552403
0.38784327189205214
0.4199514525826089
0.46382282249396667
0.3726547284168191
0.19491654296871275
0.707625185517827
0.9766805199615192
0.050611847545951605
0.9242040605458897
0.23477620061021298
0.6478886279801372
0.763518681837013
0.35881206282647327
0.24413107696454972
0.6338148286158685
0.7817072277830448
0.2650011461810209
0.10323088127188385
0.8613080846553203
0.4580588540411554
0.35393876844318584
0.23875326465349644
0.649715024192119
0.7739701597893145
0.33803857426391914
0.1841116320574656
0.5978559300128836
0.5954331613902468
0.6073310289357323
0.6242202816356439
0.5636695775028784
0.5275310343422461
0.7086958190484438
0.9804429961077403
0.05276538198813796
0.9364149418834131
0.22233074239920825
0.666829446941847
0.8339030643401202
0.4171957026119344
0.4601849591708742
0.3566185448435135
0.24816490698140115
0.6277602688933257
0.8065283182950225
0.29019607842201367
0.015686274506151676
0.9450980391993653
0.0823529411572963
0.7901960784511175
0.26568627456435934
0.07009803899563849
0.7698529410117771
0.321446078189183
0.12506127369124442
0.5622855420515407
0.6565716868790332
0.8273054643941578
0.3838503530132584
0.40652376477373764
0.4522259518853389
0.32156808889703825
0.1254883111687377
0.5607909108803142
0.658813633635873
0.821593838132685
0.3755193056422286
0.4356824305723421
0.47123197553446516
0.2901812964701094
0.015634537674486637
0.9452867475047242
0.08206224930472672
0.7909071320609655
0.26676429907092825
0.06648755469359457
0.7673746208602097
0.3176470588077791
0.14313725486863405
0.5009803921275306
0.7465686275681946
0.8801470587204676
0.17438725533429533
0.6103553937573452
0.5825061251234729
0.5403033071488608
0.6411841224471573
0.755863200960448
0.366197569121141
0.2182818049332127
0.7350563126674388
0.8969158653344493
0.13899357442278415
0.5411726334423292
0.6450808394292835
0.7578420658537652
0.3476118974504061
0.22861171781551093
0.6766060345398728
0.8681478238140699
0.44781068939482793
0.31754936679499224
0.14266515627969056
0.5007930696301628
0.7488103955111001
0.8786755727778655
0.18198664078954607
0.6057032409880776
0.6227065844286699
0.5700980390247423
0.5198529409535695
0.6964460782764945
0.9375612740113866
0.09353554178960621
0.7971966877521481
0.303867963666562
0.059631607960909605
0.9123831509787124
0.19343687256332487
0.7097517078800593
0.9841309776238631
0.055053535383194685
0.9171756754803937
0.21017399185802788
0.7316760038083885
0.9356891063216608
0.2212009810609743
0.6652573520841543
0.8282781851885375
0.41364890028489754
0.4419041019282304
0.32834327343152836
0.16372745914850384
0.5672133902844507
0.5164892385073472
0.6940046962408815
0.960266438749386
0.1070853981655091
0.8747721909021493
0.43780928890919313
0.3429118686472066
0.172855393611826
0.6137561255891342
0.5871783078473527
0.5552466246590484
0.6660194496216718
0.8329944362340029
0.41457084071589634
0.4552711336291395
0.34442558960290626
0.23286576464306563
0.6819809187727515
0.8556832138856407
0.49772518122335896
0.257655497698579
0.11370820342563093
0.8373727382568177
0.43046436057193205
0.4792738956748508
0.3025811813422479
0.05803080974146724
0.9218654620635789
0.21096325234975666
0.746062751772115
0.8887803686957341
0.16682944691274315
0.5839030642819125
0.5421957024664152
0.6476849589089397
0.7628685441741254
0.3575399059918709
0.24494777235668153
0.6385595706815366
0.7960554646269884
0.2744753538281657
0.08621126716025174
0.8076946992368903
0.2961774753057398
0.024902391247451305
0.9626464130997192
0.11901878169737756
0.8214718274248298
0.3750922681647353
0.43736159772379324
0.4692344078212045
0.29615601763362065
0.025004195980727673
0.9625146868347656
0.1187394147273153
0.8218379489553627
0.3766180725651793
0.43537747085792944
0.4759618909447454
0.287022341566626
0.003113172948360443
0.9953302405483555
0.014879135414958
0.9776812968484592
0.046884538140147924
0.9296617486688774
0.24612475174944848
0.630750883516157
0.799967432016274
0.29988601204240695
0.050089442636817694
0.9253130496654194
0.23700944508891553
0.642033056501532
0.754716251132777
0.3602645116043277
0.20965616160538048
0.7338556935137603
0.9315050725999754
0.22798677056562155
0.6727093175577465
0.8662013838475104
0.4682875270373188
0.3600763397407718
0.20945925766136497
0.7326861162728164
0.9317114462319296
0.2312050823820755
0.6844347488658968
0.8485922560503241
0.46934011665871367
0.29503418371314183
0.026210169307887554
0.9667355934798252
0.11642542271874845
0.8409868696180638
0.4278214105288498
0.4988399594440125
0.2536932156071998
0.11939818761311471
0.824320560641354
0.3885401395964436
0.4213518786127679
0.4627684237784706
0.36859174427809194
0.19613585097249597
0.6903550405113492
0.9626368763565551
0.11904453090392053
0.8214408330095466
0.3750162126380019
0.4374432560871355
0.4688274869113229
0.2966657863580622
0.0236817030236125
0.9639890449761879
0.12432894087396562
0.8141166421992239
0.40406905784038827
0.39777025318471715
0.38832204620121047
0.4216347920591943
0.46129018388455734
0.3703207036596723
0.20237246004398912
0.6964622907398734
0.9376180176332127
0.09358060290105641
0.7972509279788937
0.30411216389620677
0.06048630876466632
0.9131768017250579
0.19267423858400434
0.7056174663885031
0.9699055114469957
0.04307437548413873
0.9041708626027685
0.1479019793914631
0.5134986546181608
0.7337686707323883
0.9315659885469358
0.22777356475125998
0.6720229402708355
0.8667288402502891
0.4655317435390316
0.3637437278521247
0.21218927518930286
0.7426891661307309
0.8849896287720185
0.16081777645740658
0.5628622176882345
0.530470280937152
0.7042945785506163
0.9728435324213933
0.03291456447914243
0.8886461166839581
0.17092946043703705
0.5872938216489274
0.5555827352509368
0.6667074362339918
0.8334760268626269
0.4167991678114049
0.45879708736902103
0.3547807585564442
0.24172502558212727
0.6530450947175268
0.7700061249488499
0.32155330694513395
0.12555912148673087
0.5605507041618694
0.659166314319009
0.8217974177969154
0.3766578884678893
0.4354901236365549
0.475663450488355
0.28641184099251404
0.0024414435029029846
0.9934081025130581
0.0079346913844347
0.9722285801253747
0.041657129768282175
0.8958266575064044
0.13538567174691707
0.5364118409634102
0.6274414436484221
0.8059081021638121
0.28918469190830365
0.01910358015447855
0.9400946278765332
0.08723290567286313
0.8053075406642165
0.2912946441792883
0.019531254656612873
0.9472656123980414
0.06347657763399184
0.7778319782519247
0.33325203257845715
0.16662577784154564
0.5830691058945376
0.5412893989414442
0.64460874084034
0.7595563997456338
0.34497077838750556
0.231078899349086
0.6836550307052676
0.8493949070980307
0.4720013969927095
0.29263752192491665
0.022278171963989735
0.9530327305838
0.07045090408064425
0.7534218356886413
0.36985961702885106
0.20058175025042146
0.7020361259637866
0.9488875218376052
0.0691531712654978
0.7733452293032315
0.3243571578641422
0.13818745885509998
0.5466174469620455
0.6493122309038881
0.7760106726491358
0.3410993435536511
0.17822269874159247
0.624267488514306
0.5635987671848852
0.5274043148674536
0.7088935276551638
0.979689027153654
0.053903964813798666
0.9347576123836916
0.2248090625507757
0.6628159700485412
0.8197333480638918
0.39643715805141255
0.3858130222070031
0.41333397914422676
0.4429796230397187
0.3316243228618987
0.15873197524342686
0.5714312962081749
0.5000095367722679
0.7499742507061455
0.87503099461901
0.18739151919726282
0.5939127214078326
0.608968077955069
0.6177163457323331
0.5724078512575943
0.5044041015498806
0.7345932739845011
0.8981024597014766
0.13752589200157672
0.5438329936296213
0.6529890663514379
0.7698367285483982
0.3214408329804428
0.12501621257979423
0.5624432559416164
0.6563274866493884
0.8279157861543354
0.3830567022669129
0.40930154238594696
0.44854768592631444
0.3199760283459909
0.14527997851837426
0.5086101014458109
0.7215740465617273
0.915653395204572
0.204881296842359
0.7239280537760351
0.9087481877941173
0.19645561499055475
0.6875870231597219
0.9685665364086162
0.10965019627474248
0.8349743162689265
0.4194135281140916
0.46758042223518714
0.3630939664435573
0.2053666798165068
0.718775750050554
0.9218440043914597
0.2110459835967049
0.7459310255071614
0.8890788091521244
0.16646332538221031
0.5823772598814685
0.5402735644311178
0.6407729398051742
0.7573538386204746
0.3639692420256324
0.21139997558202595
0.7453924081346486
0.8901501281361561
0.16477480775211006
0.5804955449711997
0.5317344074428547
0.6399060172552709
0.7906291956023779
0.26720218459377065
0.0679581651929766
0.76910358024179
0.31509462773101404
0.1497329055564478
0.5240575401403476
0.7131696449650917
0.9960937574214768
0.005859363824129105
0.9873047116852831
0.01904293242841959
0.9411622215702664
0.08825666760094464
0.8087772201688495
0.2868341697030701
0.0038928911089897156
0.9941606633074116
0.012644266709685326
0.9810221558145713
0.058609969448298216
0.912052620871691
0.19050719623919576
0.7141462223662529
0.999511778325541
0.0007323324680328369
0.9984132796234917
0.00238008052110672
0.9926461614377331
0.011030757799744606
0.9761000247381162
0.03585759224370122
0.8754748704086524
0.18678769434336573
0.5952856994990725
0.6069374594662804
0.6247424481261987
0.5633747282263357
0.5299169263162185
0.7063337205036078
0.9721680218062829
0.04174796724691987
0.8958742220129352
0.13568089355248958
0.5368356001854409
0.6288287566567305
0.8068498481006827
0.29370108857983723
0.02771014627069235
0.9584347805648576
0.1044626038055867
0.8647904897516128
0.46450346283381805
0.37380896491231397
0.19123970752116293
0.7132918344868813
0.9965214207477402
0.005217868834733963
0.986985841736896
0.01695807371288538
0.9421037775173318
0.07861322280950844
0.7883301643596496
0.25549297413090244
0.11285429610870779
0.8305960086581763
0.407426253601443
0.44943702820455655
0.3258368282695301
0.1404556018533185
0.5394384288520087
0.6439559097925667
0.7538456843176391
0.3692314734798856
0.19999847409781069
0.7000022888241801
0.9500080109282862
0.07499561295844615
0.7624770161637571
0.3562921051052399
0.2469956650165841
0.6296290495956782
0.7972671404422726
0.30410691868746653
0.060441247653216124
0.9132119684654754
0.19243003835435957
0.705495545087615
0.9692344078503083
0.04615601757541299
0.9000041961844545
0.15001468651462346
0.5249894140579272
0.7124629499448929
0.9938055760867428
0.009596215561032295
0.9701025047979783
0.04385826596990228
0.9030155308719259
0.14498848200310022
0.5091417599760462
0.7194418021535967
0.9203900831926148
0.2131858573993668
0.7461505009850953
0.8807818779896479
0.1750139236683026
0.6125487329263706
0.5811769005667884
0.5342402686655987
0.6361395960266236
0.7890152899490204
0.2539770641014911
0.11108790501020849
0.8333605130610522
0.4167074362630956
0.4584760269499384
0.35429916792782024
0.24004708777647465
0.6516557588765863
0.7807875267171767
0.3288263392751105
0.16258425696287304
0.5686236138280947
0.5215551974542905
0.7019082143960986
0.9490832038864028
0.0688070768956095
0.7718303921574261
0.32640637300210074
0.13540188421029598
0.53640659575467
0.6275189296866301
0.8056988898606505
0.2894288921379484
0.01898165885359049
0.9413766790821683
0.08793498133309186
0.8094742070825305
0.2857963187270798
0.00026041269302368164
0.9990885555453133
0.0012369900941848755
0.9966471567458939
0.003922466188669205
0.986271368310554
0.020585318095982075
0.9475446440919768
0.06640625395812094
0.7675781111174729
0.3173828314174898
0.14306635514367372
0.5002442002587486
0.7491452991089318
0.8762820514093619
0.18423382157925516
0.5979166671459097
0.5947916664008517
0.6057291690085549
0.6221354229201097
0.568619799130829
0.521549475408392
0.7019206121622119
0.9490398117050063
0.06874198862351477
0.7718545916432049
0.3265854849596508
0.13524431933183223
0.5354262036562432
0.626067415025318
0.8088851641805377
0.2861838532262482
0.002376265823841095
0.9926595128781628
0.011043155565857887
0.9761186213872861
0.03579250397160649
0.8752737643371802
0.18660095299128443
0.5950055874709506
0.6059570673678536
0.6213377786625642
0.5679933319624979
0.5193477804132272
0.6897283274738584
0.9609508546709549
0.12107371888123453
0.8262229099345859
0.3856770789134316
0.4118489517713897
0.4413411546847783
0.33811844448791817
0.18426100129727274
0.5980060741130728
0.5949667848472018
0.6056042972777504
0.6225991768587846
0.569966491573723
0.5202733027108479
0.69614109621034
0.9404001016810071
0.08744673733599484
0.8063003305287566
0.29080115497345105
0.01692326460033655
0.9420515638485085
0.0784304749686271
0.788237717555603
0.25489904364803806
0.11175961210392416
0.8284466875193175
0.41324296285165474
0.4424441051087342
0.33035189780639485
0.15632748662028462
0.5779157860961277
0.5080567021213938
0.7218015425896738
0.9172976861882489
0.21060102933552116
0.7312174801772926
0.934391356742708
0.22352716780733317
0.656864315882558
0.8264632954669651
0.38481665606377646
0.41106769879115745
0.43821612041210756
0.3422200226341374
0.1743001431459561
0.6096759455103893
0.585005310626002
0.544337472441839
0.6551811538229231
0.7691814239078667
0.3151894587208517
0.1502550720470026
0.5248617707111407
0.711771819187561
0.9951076321012806
0.013209393247961998
0.9840998043946456
0.055650684516876936
0.9165239731955808
0.20820083224680275
0.7287029129511211
0.9264692419383209
0.24264997604768723
0.6360174065048341
0.7885876266227569
0.25461855909088627
0.10979241295717657
0.8354453717765864
0.41969119635177776
0.4681194717413746
0.36107437481405213
0.20888828241731972
0.7296439659839962
0.9287271776411217
0.24750181275885552
0.6316693836415652
0.804600474977633
0.3087772201397456
0.03683416964486241
0.8788928913127165
0.18166066298726946
0.6063942674372811
0.6216471565712709
0.5664224664506037
0.517521367437439
0.6924603175430093
0.9553571431606542
0.09375000069849193
0.8593749989231583
0.49218750366708264
0.2617187444702722
0.09960938687436283
0.8505859196593519
0.4760742755024694
0.2858885867171921
0.00036638975143432617
0.9994504153437447
0.0019235461950302124
0.9971146806783509
0.00625152513384819
0.9906303416646551
0.02967949118465185
0.9554483382671606
0.09416359732858837
0.8588771511276718
0.49392234155675396
0.2591241170302965
0.09440770815126598
0.8577783842047211
0.49434984842082486
0.26245108811417595
0.1058351460378617
0.8724972827767488
0.44430635537719354
0.33549362170742825
0.16860500595066696
0.5901175209146459
0.5518353185907472
0.6819196451979224
0.8554687563737389
0.49804686749121174
0.25683596363523975
0.11474605440162122
0.8386231468466576
0.43542467773659155
0.47601362777641043
0.2869561804109253
0.0033433064818382263
0.9960842095024418
0.013697637245059013
0.9794611734978389
0.05235462402924895
0.9331868251028936
0.23295073106419295
0.682759429939324
0.8584080029686447
0.4936265535070561
0.2585760076181032
0.09644899587146938
0.8533733960648533
0.48583026410778984
0.27028951520333067
0.07113585085608065
0.7528550402203109
0.3688868766766973
0.197169529623352
0.6886283312051091
0.9648599694191944
0.11517762183211744
0.8389446990040597
0.4368024763534777
0.4702148893265985
0.2946776659809984
0.031128167174756527
0.9533077492087614
0.10116654331795871
0.8482501849939581
0.4688680180697702
0.29670560226077214
0.023813429288566113
0.9642684119462501
0.12493944144807756
0.8125908377987798
0.40605318470625207
0.39092022291151807
0.38189270737348124
0.42716856830520555
0.495082359702792
0.2633054759935476
0.10894805076532066
0.8677053785359021
0.44746531028067693
0.31711283727781847
0.14102238521445543
0.507276978372829
0.7400611545017455
0.9017374172981363
0.15617537416983396
0.5158594856329728
0.6949722137360368
0.9577933302789461
0.10237249988131225
0.8622176440840121
0.45477335288887843
0.3495783701655455
0.22178819112014025
0.6673177132906858
0.835611996561056
0.4187825682456605
0.46573898888891563
0.36397305672289804
0.21140569762792438
0.7454124352952931
0.8901935203175526
0.1647173488745466
0.5804093566548545
0.5314327483356465
0.6402290446276311
0.7896564328984823
0.2676961506367661
0.0633071365300566
0.7801611266040709
0.33170002076076344
0.15899691788945347
0.5721733442333061
0.5011149794154335
0.7460975720605347
0.8808460125874262
0.1748247385257855
0.6127419115800876
0.5818523105990607
0.533585735160159
0.6331827064568643
0.784593307034811
0.26170920772710815
0.0996351360809058
0.8505549252440687
0.4761827559559606
0.28572586603695527
4.0531158447265625e-05
0.9998981952376198
0.00013172626495361328
0.9995465874380898
0.0006105005741119385
0.9983516484207939
0.0019841268658638
0.9930555559403729
0.01041666604578495
0.9739583329937886
0.03385416464880109
0.8841145804326516
0.1569010323146358
0.5764973892655689
0.5099283550225664
0.7232258663570974
0.9062905318278354
0.20302319375332445
0.6954442285059486
0.9409528304531705
0.0885011360514909
0.8098750930221286
0.28762869216734543
0.0069715045392513275
0.9892983641184401
0.025777052156627178
0.9652196834504139
0.11465903162024915
0.8388066099432763
0.43514948309166357
0.4761214823811315
0.2858177763991989
0.00036221742630004883
0.9992202818102669
0.0011695772409439087
0.996281035215361
0.005570817738771439
0.9882554951764178
0.017609127797186375
0.9383680526807439
0.09244792093522847
0.8001302123011556
0.3004557430394925
0.049641945865005255
0.9237468109640758
0.2394613231299445
0.6506146296451334
0.7780052787566092
0.3323934723739512
0.1652358943829313
0.5783180010330398
0.5387615529180039
0.6298384407127742
0.7974593952239957
0.3028266556211747
0.06138502014800906
0.9101524285215419
0.1972789861029014
0.6923627596406732
0.9536643339961302
0.09978832001797855
0.8502033174445387
0.4757039816468023
0.286451656895224
0.002573169767856598
0.9934430904395413
0.008300812914967537
0.9709471547685098
0.039673002902418375
0.8928828921343666
0.12503099453169852
0.5623915191099513
0.6564127212914173
0.8277180775476154
0.3833413442480378
0.40834534977329895
0.4458103500655852
0.3146714049507864
0.1490789978997782
0.5257094605185557
0.7149754831625614
0.989780953124864
0.026977713219821453
0.967589959007455
0.11306821717880666
0.8303356853721198
0.40635180537356064
0.45299327227985486
0.32076591468648985
0.1282957420917228
0.5582889872894157
0.6708674269320909
0.8394640044716652
0.4361165013979189
0.47172024188330397
0.29237862915033475
0.02332520205527544
0.9493757546588313
0.07574491784907877
0.7651663404831197
0.3522504892316647
0.23679060663562268
0.6409001957217697
0.7568493151047733
0.36472602729918435
0.21367416845168918
0.7478595896682236
0.8821245098661166
0.17727189289871603
0.6208185514260549
0.5771350695576984
0.5112505499564577
0.7252906979119871
0.9135174422699492
0.19319282879587263
0.7064559100253973
0.9725956851325464
0.04110647225752473
0.895310973020969
0.13359603483695537
0.533992387849139
0.6345659365470055
0.7824965273903217
0.2622979041771032
0.10551596316508949
0.8729760570859071
0.44457617070293054
0.3331433733110316
0.16605616605374962
0.5829059828829486
0.5396825396746863
0.6428571428696159
0.7500000000873115
0.374999999825377
0.18750000034924597
0.7187499994470272
0.9843750018335413
0.023437497206032276
0.9492187560244929
0.0761718659196049
0.7646484655269887
0.35302730166586116
0.235107513028197
0.6473387304286007
0.7655644399055745
0.35165334009798244
0.2380844297586009
0.6428733553329948
0.7500567437091377
0.374922513787169
0.1877092126524076
0.7185057992173824
0.985229702637298
0.022155446000397205
0.9524849340959918
0.07200519950129092
0.7518880219140556
0.37229814362945035
0.19353831966873258
0.7095783179684076
0.9835164835385513
0.05598290590569377
0.9146825398493093
0.20535714307334274
0.7187500008440111
0.921874998806743
0.2109375031432137
0.7460937461873982
0.8886718882422429
0.16699216759297997
0.5834961433720309
0.5427245446771849
0.6473390880564693
0.7653195244201925
0.3523872818914242
0.23728845443110913
0.6421466331521515
0.7555376776435878
0.3631242456031032
0.20550508180167526
0.7192086585855577
0.921187012194423
0.21242814080324024
0.7438654190918896
0.8847522607247811
0.15724660514388233
0.5746559559192974
0.51300462151994
0.733048601920018
0.932865228242008
0.2339952577603981
0.6802571151929442
0.8535561662574764
0.48915598349412903
0.2740575401694514
0.08816964481957257
0.8085937570722308
0.28710936434799805
0.0029297098517417908
0.9956054351932835
0.015380976721644402
0.9769285348884296
0.049988174345344305
0.9250177384528797
0.23753538157325238
0.6436969276110176
0.7529392466822173
0.37057968584122136
0.20291197148617357
0.6955700539110694
0.9405315150215756
0.08922370825894177
0.8122209902794566
0.28222653322154656
0.014160199090838432
0.9797362340323161
0.0538331544958055
0.9346308929088991
0.22500677115749568
0.6625504015537445
0.818674397043651
0.39661039150087163
0.3892074061441235
0.4171654234523885
0.46007898211246356
0.3567641589906998
0.24866692710202187
0.6282087193394545
0.8081055242510047
0.29565422103041783
0.02673360239714384
0.9686887259304058
0.10958945914171636
0.8356158112583216
0.41878829029155895
0.46575901604956016
0.3639840239775367
0.2113482387503609
0.745570626022527
0.8905028088192921
0.16449016577098519
0.5813897487532813
0.534837417799281
0.6356104408914689
0.787074555264553
0.25305154180387035
0.12042268714867532
0.8277885302377399
0.3835612257826142
0.40900073264492676
0.4471599929383956
0.3136025819112547
0.15239096351433545
0.5214135544665623
0.6984824188111816
0.9444715049758088
0.08304836344905198
0.7914020517782774
0.2699071812094189
0.07169027836062014
0.7509159744658973
0.3736260382574983
0.19047691707964987
0.7142846243514214
0.9999961852736305
1.33514404296875e-05
0.9999799728102516
5.1021575927734375e-05
0.9999349116988014
0.00022780895233154297
0.9996907114691567
0.0008381307125091553
0.9990196078724694
0.003431372344493866
0.9948529414541554
0.013112744316458702
0.9833946069411468
0.05811887560412288
0.9206341940152925
0.21428462432231754
0.7499961852154229
0.8750133516441565
0.1874799724901095
0.5938010223035235
0.6093099105928559
0.617415312473895
0.5739094561722595
0.5066975169174839
0.7421836833527777
0.9023571081634145
0.14646433771122247
0.5107932333194185
0.7260090977943037
0.9120931520301383
0.19048645382281393
0.7142779486312065
0.9999651908583473
0.00012183189392089844
0.9998172521300148
0.0003959536552429199
0.9994060694880318
0.0018350929021835327
0.9972397312230896
0.005971681326627731
0.9910539220727514
0.031188725493848324
0.9533394588797819
0.10124081070534885
0.848475788574433
0.4696652599959634
0.29562465712660924
0.02677794825285673
0.968715190392686
0.1094968335237354
0.8357547496852931
0.41836470988346264
0.4662029365426861
0.3660929033649154
0.21843117417301983
0.7352198082080577
0.8974261108960491
0.14025860850233585
0.5396120869845618
0.6426076974312309
0.7509321869292762
0.37363128346623853
0.19052197819110006
0.7142170326842461
0.9997519850439858
0.0008680522441864014
0.9986979216046166
0.003255210816860199
0.9957682452804875
0.01448570005595684
0.9803874445788097
0.05293787783011794
0.936259194946615
0.2220971219940111
0.6679649303259794
0.8339977388677653
0.4208783942158334
0.46440654568141326
0.3737141339224763
0.19077952986117452
0.7145957307948265
0.9989149421162438
0.003580741584300995
0.9949544481642079
0.013590564951300621
0.9836019565991592
0.05588807491585612
0.9142357136297505
0.206661039381288
0.7212660693621729
0.9150486166763585
0.2035874737193808
0.7258611590659712
0.9116344942885917
0.19114201550837606
0.7137963580025826
0.9977988525934052
0.007704015821218491
0.9884439762390684
0.024983691982924938
0.962442922842456
0.11879460862837732
0.8220311276090797
0.3763168604928069
0.43429652572376654
0.47306699020555243
0.28267999045783654
0.01257309876382351
0.98138473086874
0.05917290551587939
0.9102034612733405
0.1893823001300916
0.7160605410172138
0.9903699289716315
0.029825731180608273
0.9561969279020559
0.09668924729339778
0.8549546849390026
0.49197447107871994
0.27760130824754015
0.08310963702388108
0.7913721302466001
0.26974046701798216
0.07202141196466982
0.7518312782922294
0.37225308251800016
0.19345165451522917
0.7098225181980524
0.984371184342308
0.0547008547000587
0.9179487179208081
0.20903540903236717
0.73333333330811
0.9333333333197515
0.23333333327900618
0.6833333332615439
0.8583333332499024
0.49583333352347836
0.2645833325223066
0.1052083324175328
0.8661458323185798
0.46848958678310737
0.36028644611360505
0.20970050746109337
0.7338215996569488
0.9316244010988157
0.22759582370053977
0.6722857371496502
0.8666643778269645
0.4666746775037609
0.3666386285913177
0.21664368303027004
0.7416245619824622
0.9042873300786596
0.14748671383131295
0.5131525602482725
0.7332628806179855
0.933553214854328
0.23252369358669966
0.6824854422884528
0.8573870573600288
0.4991452991380356
0.25128205126384273
0.12173382169567049
0.8166666667384561
0.3916666667792015
0.37916666659293696
0.42291666724486277
0.48854166822275147
0.2744791685254313
0.08619791571982205
0.807682301470777
0.29615887865656987
0.024967479519546032
0.9624186041473877
0.11883966973982751
0.8222212664259132
0.3760726602631621
0.4339302253792994
0.47386064095189795
0.28338206611806527
0.008406432345509529
0.9708211505494546
0.03986963862553239
0.8934423711325508
0.12662188720423728
0.5603641192719806
0.6634819178434554
0.8182537447137292
0.3936807151767425
0.3779769169050269
0.43303462461335585
0.48437118431320414
0.30470085475826636
0.04294871771708131
0.896535408886848
0.13958333258051425
0.542708332213806
0.6473958316782955
0.7653645855316427
0.3524739470449276
0.23704425420146435
0.6420247118512634
0.7548665740469005
0.3599200563621707
0.20915092283394188
0.7329972227162216
0.9326777716341894
0.23379585042130202
0.6815934066253249
0.8526098903676029
0.4846230167313479
0.27256944502005354
0.0755208341870457
0.7643229198583867
0.35481771343620494
0.24186199705582112
0.653157568682218
0.7704264867061283
0.321004303463269
0.1274213270517066
0.5549827250943054
0.6670489559473936
0.835371700435644
0.4198870572145097
0.46789529867237434
0.36065705289365724
0.20767131948377937
0.7268229153996799
0.9248697997245472
0.2375651242909953
0.6441081102530006
0.7524576560535934
0.3683513587457128
0.19551217777188867
0.6911362934915815
0.9637763309001457
0.12275546020828187
0.8202614750189241
0.3945963431033306
0.3845378031837754
0.40753586654318497
0.4498454690328799
0.32446677080588415
0.13780381355900317
0.5452473894983996
0.6505533560703043
0.7779133683943655
0.33207178610609844
0.1659138078102842
0.5792333048593719
0.5351910633326042
0.6268312783504371
0.8097530823142733
0.28720165468985215
0.006697516888380051
0.9921836834109854
0.02735710795968771
0.9589643380313646
0.1045432339888066
0.8666340986674186
0.46678065456217155
0.3662677088868804
0.2162310698768124
0.7411761115363333
0.9058836095209699
0.14117458567488939
0.5058889501087833
0.7411665747931693
0.9058578603144269
0.1412055800901726
0.5059650056355167
0.741084916429827
0.9062027923937421
0.14069581136573106
0.5075722895853687
0.7386339361837599
0.8996175706561189
0.14866149716544896
0.527028734824853
0.7176474178268109
0.9882340375042986
0.017648943699896336
0.9382363264157902
0.09263788093812764
0.8007407128752675
0.2989299386390485
0.04771980782970786
0.9286761113617104
0.24963361013215035
0.6255495847726706
0.81057645342662
0.28413531981641427
0.00937347300350666
0.9703071573458146
0.04453926393762231
0.9058797948237043
0.14118793711531907
0.5058689229481388
0.7411851714423392
0.9057927720423322
0.14124885306227952
0.5061441175930668
0.7402544151118491
0.9052224002953153
0.1441081102238968
0.5024576559953857
0.7433513588330243
0.8830121776263695
0.15988629369530827
0.5731513297942001
0.505567956744926
0.7382302227488253
0.8926432218577247
0.1257487238617614
0.5613444890186656
0.6600506237300579
0.8223916388524231
0.3794417718308978
0.42204821266932413
0.49181729363044724
0.27790669264504686
0.08204079163260758
0.7909898633079138
0.26663257280597463
0.06678599514998496
0.7670084993296769
0.31734225555555895
0.14121511683333665
0.5059716813557316
0.7410539220145438
0.9061887256975751
0.14083945855963975
0.5074908100359607
0.7391007895639632
0.899352762120543
0.15109340392518789
0.5287310695566703
0.709926111070672
0.9840086092881393
0.0552370878867805
0.9160451988864224
0.20796344184782356
0.7271468964463565
0.9239204020414036
0.23521313245873898
0.6474571052531246
0.7651501280197408
0.35227480792673305
0.23674554552417248
0.6411094080249313
0.757093515334418
0.3648479486000724
0.2144678191980347
0.7486222236475442
0.8779902683745604
0.18301459739450365
0.6093277919862885
0.6172583138395566
0.5739785379555542
0.5062120668881107
0.7404378782084677
0.9050091944809537
0.14397212222684175
0.5039024278812576
0.7441539875289891
0.8876752613286953
0.16850808879826218
0.5900226899248082
0.5523517630354036
0.6832235415058676
0.8579848248919006
0.4951267502619885
0.26511093793669716
0.10330258565954864
0.8606091307883617
0.45762137084966525
0.3516747977701016
0.23812424566131085
0.6430050815979484
0.7504586578288581
0.37431201321305707
0.18899063800927252
0.7165216723515186
0.9921741466678213
0.027363783679902554
0.9589333436160814
0.1045573006849736
0.8664713779871818
0.46637373365228996
0.36671548878075555
0.21551934571471065
0.7387251312902663
0.8997543633158784
0.1491402714746073
0.5258013708807994
0.7152971694304142
0.9896238650835585
0.02606240939348936
0.9662775615870487
0.11607537954114377
0.8437094682303723
0.4219768063048832
0.4920557718141936
0.2777971691102721
0.08337386441417038
0.7916874090151396
0.27096505934605375
0.07310662628151476
0.7558188327529933
0.3624065162730403
0.20641120651271194
0.7223772340512369
0.9169921676802915
0.20849614345934242
0.7302245450264309
0.9285890885803383
0.2496945260791108
0.6258247794175986
0.8115072097571101
0.2847247650497593
0.010420480743050575
0.9739640550396871
0.03387419180944562
0.8841255476872902
0.15696612058673054
0.576595021673711
0.5102376435243059
0.7229571984207723
0.9072709239262622
0.1996108948951587
0.7005912870226894
0.9520428017422091
0.07385652721859515
0.7566391044238117
0.36699449812294915
0.21514470071997494
0.739302178757498
0.9007827744062524
0.15273971029091626
0.5208904343016911
0.6981241501925979
0.943040539015783
0.08189951744861901
0.7836565455363598
0.2581785340444185
0.09686317364685237
0.8547052395006176
0.49144163535675034
0.27846255066106096
0.08399392408318818
0.7958726720826235
0.27688651817152277
0.09242074121721089
0.8000894427241292
0.30031304951990023
0.04950944473966956
0.9232830570254009
0.2390912527916953
0.6493270128557924
0.7760624094808009
0.34127756144152954
0.17857537942472845
0.6249594686378259
0.5626018049952108
0.5311182728328276
0.7035784138424788
0.9759519966028165
0.03680460574105382
0.878875248337863
0.18174911628011614
0.606282568332972
0.6219889892090578
0.5670980552968103
0.5160931954451371
0.6946311857609544
0.9585528871684801
0.1051470588427037
0.8660539219563361
0.46868872590130195
0.359589459199924
0.21061581128742546
0.7312882904952858
0.9345090163114946
0.2233590231044218
0.6566607362183277
0.8276018782926258
0.3846434226143174
0.4076542413677089
0.45004210475599393
0.3251206635613926
0.13744155142921954
0.5433608950406779
0.6537162877211813
0.7723553004616406
0.3277627810020931
0.13359222013968974
0.5339866658032406
0.6345783343131188
0.7825151240394916
0.26223281590500847
0.10568178328685462
0.8727893157338258
0.44521069194888696
0.3321629812126048
0.16556220001075417
0.5797120791685302
0.5369259012222756
0.6282049046421889
0.8081188756914344
0.2956341938697733
0.026784623973071575
0.9687461848079693
0.1093883530702442
0.8359174703655299
0.41801977780414745
0.46673177875345573
0.3664387742173858
0.2159992674132809
0.7403400073817465
0.9051474176521879
0.1444840367184952
0.5020239427976776
0.7429238296172116
0.8856066262524109
0.16206883324775845
0.5655315148469526
0.526723708055215
0.7184709901048336
0.9853515345312189
0.021972698159515858
0.9523924872919451
0.07141126901842654
0.7500605584064033
0.3749091623467393
0.1876968148862943
0.7184547776414547
0.9852947909093928
0.022050184197723866
0.9521832749887835
0.07165546924807131
0.75091525921016
0.37374965829076245
0.19084044580813497
0.7148089366091881
0.9981687217659783
0.0027469173073768616
0.994048345804913
0.0089274812489748
0.9687538155994844
0.04686164716258645
0.8984575301583391
0.15229272388387471
0.5293619772710372
0.705826857505599
0.9705241778574418
0.04432793566957116
0.9051554046745878
0.14421241835225374
0.5027979389124084
0.7441058046242688
0.883910911361454
0.15655547438655049
0.5773002191272099
0.5088052917562891
0.7191814788675401
0.9212201523769181
0.21255939023103565
0.7439578658959363
0.8841850331227761
0.15712091384921223
0.5767862035718281
0.5110336188517977
0.7261252970492933
0.9108234985906165
0.18784982000943273
0.7180136734677944
0.9854871201969218
0.01957178581506014
0.947163807664765
0.06360830389894545
0.7773785657191183
0.3338625331525691
0.1671749601373449
0.5850532327604014
0.5442951531440485
0.655025406886125
0.7689344520622399
0.3163249421049841
0.15059412561822683
0.5280560618557502
0.7074486663623247
0.9780234871141147
0.04762086411938071
0.9285687037918251
0.24999046314042062
0.6250257493520621
0.812469005206367
0.28135848097736016
0.015462277457118034
0.9769694236747455
0.05025240173563361
0.925639027467696
0.2368068190990016
0.6408949505130295
0.7569268011429813
0.36454923992278054
0.2134299682220444
0.747249267908046
0.8809650058101397
0.17858491616789252
0.6249527929176111
0.5625708105799276
0.5310097923793364
0.7034776819928084
0.975789454736514
0.0363568258471787
0.8771263437520247
0.180293831625022
0.6035902600560803
0.6140233034093399
0.5867660970252473
0.5575876045331825
0.6694779905083124
0.8434097164717969
0.4226370767573826
0.49104438530048355
0.281162976345513
0.07830846426077187
0.7887873021827545
0.2548694350407459
0.10988333984278142
0.8341773872671183
0.420597477525007
0.4643110888428055
0.3748520610970445
0.1879586580907926
0.7180620128347073
0.9858656394935679
0.0212091701105237
0.9492053934081923
0.06837941356934607
0.7724098983162548
0.32770186505513266
0.13331702549476177
0.53339041073923
0.6335004886204842
0.7836656054423656
0.2580876965657808
0.09669306199066341
0.8549604069849011
0.4919944982393645
0.27764470042893663
0.0830521781463176
0.7914077738241758
0.26992720837006345
0.07167168171145022
0.7508585155883338
0.37370459717931226
0.19078620558138937
0.7145647363795433
0.999023422569735
0.0034180209040641785
0.9948729686147999
0.013061722740530968
0.9833371480635833
0.058319981675595045
0.9208209353673737
0.2145647363504395
0.7490234225115273
0.878418021107791
0.18237296829465777
0.6068117234681267
0.6239621488202829
0.5661324786779005
0.5262896819331218
0.716517857654253
0.992187498108251
0.027343756519258022
0.9589843651920091
0.10449221241287887
0.8666991869395133
0.46655284560984
0.36657699738861993
0.21649210841860622
0.7421565036347602
0.902452237176476
0.14632164419163018
0.5111491326533724
0.7265219659602735
0.9102580591279548
0.18932138418313116
0.7162737468315754
0.9910887311853003
0.03118944074958563
0.9532158388465177
0.10136568243615329
0.8479514763166662
0.4697833218961023
0.2933794917189516
0.028773746453225613
0.959838730719639
0.10931444051675498
0.8672783410584088
0.44902193028246984
0.3186546082724817
0.14654113084543496
0.5145709347270895
0.730189735913882
0.9287109204742592
0.24951177823822945
0.625732332613552
0.8109132792742457
0.28363008104497567
0.00827115960419178
0.9719682568393182
0.042506272438913584
0.8971857253636699
0.1401233357610181
0.5407916182011832
0.6419165890256409
0.7545205690839794
0.35966640879632905
0.21001198643352836
0.7318684672063682
0.9365072098735254
0.2222247653407976
0.666670481354231
0.833339055388933
0.41668669384671375
0.4583443006849848
0.35423175507457927
0.23968096624594182
0.6513509556243662
0.7788653886818793
0.3356158112292178
0.1687882902333513
0.590759015904041
0.5514840237156022
0.6800982390122954
0.8549456250329968
0.49206530855735764
0.2777714199037291
0.08334286999888718
0.7916733423189726
0.27086432749638334
0.0729631579015404
0.7553710528591182
0.3620606454205699
0.2049559218576178
0.724060495296726
0.9090264818805736
0.19719098729547113
0.6887110624520574
0.964991695684148
0.11477570771239698
0.8395551995781716
0.43649767310125753
0.4721990161924623
0.2916394868516363
0.020792563445866108
0.9477739729627501
0.06757583119906485
0.7677654112630989
0.31318798690335825
0.1547593615250662
0.517853328055935
0.6875133518187795
0.9687299723445904
0.10942602320574224
0.8358724092540797
0.41819656518055126
0.46648757852381095
0.3670490959775634
0.2153281638165936
0.7395153845718596
0.9009807512338739
0.15343262918759137
0.5218156101473141
0.7013546362577472
0.9478462137922179
0.06748845078982413
0.7679403508955147
0.31269681482808664
0.15595477737952024
0.5165447900362778
0.6939251836447511
0.959995774057461
0.1068117234390229
0.8739621488784906
0.44113247882341966
0.33878968219505623
0.18526785785797983
0.6015624970023055
0.5976562544528861
0.5957031108264346
0.6064453337166924
0.6235351113427896
0.5646973329421598
0.5235593347169925
0.7146609978808556
0.9984428435273003
0.0023357346653938293
0.9925577081448864
0.011155808344483376
0.9765529604337644
0.035182003397494555
0.8769221158872824
0.18467881495598704
0.5999348878685851
0.5997721075837035
0.6001789986912627
0.6006264954630751
0.5990192487661261
0.5965673707250971
0.6031843896780629
0.6111453639168758
0.5834037859749515
0.5418865480751265
0.6461221474746708
0.7615219299623277
0.349904608738143
0.22466613061260432
0.6630084334465209
0.8200334872526582
0.39550778752891347
0.3833008130895905
0.4084471545065753
0.4459230028442107
0.3147578912903555
0.14846849732566625
0.5272352649189997
0.7169596100284252
0.9868977460719179
0.016642109490931034
0.9417926710739266
0.0794775050599128
0.7860457641945686
0.2506717742071487
0.12350411689840257
0.8148058134538587
0.3986409932258539
0.4020795181277208
0.40520261152414605
0.39428322872845456
0.37782118486939
0.4313151125679724
0.47835289215436205
0.2982584997662343
0.05171725666150451
0.9302776192489546
0.22862793027888983
0.6766007893311325
0.8681027627026197
0.4479684032849036
0.317793567024637
0.14351985708344728
0.5015867203765083
0.7476199193915818
0.8823538387368899
0.17646924185100943
0.6176499759603757
0.5735174066212494
0.507337626098888
0.7389935608080123
0.8988549143250566
0.15185161971021444
0.5310193291225005
0.7034710062725935
0.9758204491517972
0.0362807703204453
0.876982696558116
0.18061969021800905
0.6041000287805218
0.6143501007754821
0.5882404551666696
0.558833963732468
0.6617566837521736
0.8162027526122984
0.4006548628094606
0.40241456701187417
0.39624415821162984
0.3860948925721459
0.41377776552690193
0.442362759669777
0.328664333850611
0.16228831990156323
0.5689533169206697
0.5225789817341138
0.70051415861235
0.9517919257923495
0.07352122128941119
0.757324274716666
0.3640135878813453
0.21130389289464802
0.7455441615602467
0.8905954344372731
0.16410684830043465
0.5819351610552985
0.5333548863709439
0.6333170255238656
0.7833904107974377
0.25850048853317276
0.09616560558788478
0.8518376972933766
