3.814697265625e-06
0.9999904632277321
2.86102294921875e-05
0.9999418258375954
8.678436279296875e-05
0.9998602866835427
0.0004191398620605469
0.9992301463789772
0.0010783672332763672
0.9973748922056984
0.007570147514343262
0.9847375750250649
0.02283257246017456
0.9625767171091866
0.10250422358512878
0.8067450970120262
0.2644564360380173
0.34695049372385256
0.9158440754108597
0.2426202407805249
0.5108245426381472
0.7318062090198509
0.8045789886673447
0.27359256462659687
0.32395509784691967
0.950009041436715
0.066655108705163
0.8333626528910827
0.4999063638970256
0.00012823331053368747
0.49968157106195576
0.5009334615024272
0.7481567961513065
0.7527025780582335
0.3704418402630836
0.3886692131345626
0.662116168445209
0.9716656228411011
0.04201304409070872
0.4350265409157146
0.6949178284558002
0.8286540349363349
0.4909055708849337
0.5272829693567473
0.6993096673395485
0.818208692886401
0.4593925499066245
0.6193752233230043
0.5141887803329155
0.7223539083497599
0.7898817445384338
0.307111197267659
0.2637249912659172
0.8465812888171058
0.41712422017008066
0.2472363202541601
0.007067510421620682
0.4853701076062862
0.5209518177143764
0.7183728953823447
0.8442655219114386
0.42059764041914605
0.7381177903444041
0.7661099765682593
0.3349653863115236
0.49364184789010324
0.5093040603387635
0.7272395824547857
0.8074551004101522
0.2651318865537178
0.845229340280639
0.41867167374584824
0.23905690378160216
0.02764128168928437
0.4426498632237781
0.5857658019813243
0.6176262897788547
0.510808765044203
0.7317717086989433
0.8046821335447021
0.27345121509279124
0.8241903055750299
0.4492594775510952
0.06829820867278613
0.33416785413282923
0.994719644106226
0.015229373588226736
0.9692813173460308
0.045584854611661285
0.9257442392990924
0.20322521575144492
0.11699807495460846
0.2736910602252465
0.8235856839746702
0.4511067416751757
0.06855470026494004
0.3306317014794331
0.987874122831272
0.016234676935710013
0.9594743819034193
0.12084603699622676
0.7624562881537713
0.3480147408263292
0.9115220341191161
0.226207428262569
0.5321473580843303
0.6701546452823095
0.9868448386841919
0.019232240738347173
0.9539357198809739
0.11571005021687597
0.775409027148271
0.32710437587229535
0.44054057175526395
0.08718618686543778
0.8533401209278964
0.4301300459483173
0.6983565592963714
0.825462548295036
0.4451404533465393
0.07856420654570684
0.8662764412001707
0.3997392084856983
0.6347618954314385
0.9140680857817642
0.24608462196192704
0.0117437498702202
0.4745622703048866
0.5371737990353722
0.6590200916398317
0.979960335243959
0.06011883026803844
0.3814708907448221
0.67571739378036
0.9533151976647787
0.1167771230393555
0.27403720960137434
0.822781063412549
0.45282462262548506
0.06331579326069914
0.3422791826596949
0.9707114884804469
0.04197153216227889
0.9365830185997766
0.18884471408091486
0.5914868492109235
0.6005394415697083
0.5342416890198365
0.6653723482741043
0.9941172926919535
0.007843651925213635
0.9803914960066322
0.05882550141541287
0.8803877616883256
0.17842631912208162
0.2147203776112292
0.10583869388210587
0.3019335228309501
0.78046752201044
0.313549731799867
0.4661300518200733
0.10152081196429208
0.7813694835058413
0.2966382821032312
0.7972262304101605
0.2728493802715093
0.33754897289327346
0.9774249758629594
0.05680406576720998
0.8894020831794478
0.15991874909377657
0.22691641180426814
0.057999901677249
0.3883264172181953
0.6629928170295898
0.9718040720908903
0.04021665090112947
0.4308610910375137
0.6963534711685497
0.8216177544090897
0.44724557764129713
0.07037263963138685
0.8240979929105379
0.4493996452947613
0.5680608296825085
0.5847960130195133
0.6205914885213133
0.5132045488571748
0.7253094065235928
0.7850064403610304
0.2894699285971001
0.3078585091570858
0.7627023972745519
0.3510605925694108
0.4077347307174932
0.7311672508076299
0.8016101798275486
0.2777472239686176
0.31759770135977305
0.9600047480489593
0.11858185846358538
0.7594860563694965
0.352401168551296
0.4320542632776778
0.7013748183671851
0.8150599265936762
0.4643605400924571
0.1061935051693581
0.8015366718755104
0.2776601424848195
0.8178218420653138
0.4605154294404201
0.11775943549582735
0.7603691530530341
0.3588966559327673
0.9225904848717619
0.2097649824572727
0.620380117703462
0.5135048042866401
0.7250885638350155
0.7832280166912824
0.29194525053026155
0.31158761348342523
0.2513063448132016
0.37302425439702347
0.38091594161232933
0.17469593515852466
0.7062130922568031
0.8605678439780604
0.3955490905791521
0.15569857784430496
0.12665396838565357
0.18440461289719678
0.19188153531285934
0.08302534258109517
0.37446801670012064
0.8765742348332424
0.18410097458399832
0.692093280464178
0.8328772856621072
0.4964839668245986
0.005013666726881638
0.49137222112040035
0.5246517751656938
0.6962984640849754
0.8217548608081415
0.4468338052975014
0.07093535843887366
0.32315757797914557
0.9523637900419999
0.06351896876003593
0.8412371647136752
0.476287157216575
0.032075686438474804
0.9203303333488293
0.236562031757785
0.01809676134143956
0.45672654049121775
0.6101980479143094
0.5219435133039951
0.7129340972169302
0.8583284598717
0.42501402157358825
0.20420527024543844
0.11455227239639498
0.2810328958730679
0.8128103339404333
0.4682233143830672
0.09533005664707161
0.2934668103407603
0.8014968536153901
0.2781242417404428
0.31666767960996367
0.9583308028231841
0.12498850701376796
0.7500153302389663
0.37496167863719165
0.3751148770970758
0.6872664665861521
0.9378483367036097
0.09319292087457143
0.34542121589765884
0.9188033586542588
0.23870576778426766
0.5285102461639326
0.6944134018849581
0.8294573373277672
0.49014223969425075
0.5294205267273355
0.6901216310216114
0.8397865883307531
0.4805506478296593
0.05261057350435294
0.4046656556602102
0.6271322528191376
0.9323239227524027
0.20294669235590845
0.5629495986795519
0.5928893966483884
0.5949789011792745
0.5447793412022293
0.6781613199855201
0.9630746290495154
0.10799988021608442
0.8003872606495861
0.2661546535673551
0.33465354243526235
0.49603935080813244
0.011798024119343609
0.9744732380495407
0.037496447417652234
0.40835416354821064
0.7291280619974714
0.8124338993802667
0.25019821285968646
0.3745732079842128
0.37557891063624993
0.18612806365126744
0.6909615877666511
0.8366000806854572
0.4794572205282748
0.061628337687579915
0.3762722134415526
0.6853284577664454
0.943678890587762
0.08050671947421506
0.8614175025722943
0.39340858077048324
0.643954561353894
0.892312785377726
0.14531740389065817
0.6525988303474151
0.8802314196655061
0.17961758258752525
0.7111472518590745
0.8550835492787883
0.4341333882184699
0.19204562497907318
0.08288784042815678
0.37127167361904867
0.8805690611770842
0.1785284263896756
0.7143235230469145
0.8570287186594214
0.42826153011992574
0.21453318439307623
0.10639802066725679
0.3008444051083643
0.7791390766215045
0.3188320768531412
0.45512482555932365
0.6122036421729717
0.5187024340848438
0.7042381361534353
0.8644114698981866
0.4054997015045956
0.12602984081604518
0.18495979273575358
0.19495690710027702
0.07902256530360319
0.3654701651248615
0.9009027562860865
0.14032886386848986
0.6570525749993976
0.9828573487466201
0.04889958549756557
0.8933860796096269
0.14398295053979382
0.6421788558945991
0.8951186946069356
0.15286260505672544
0.62956226352253
0.9267427243175916
0.21486636353074573
0.09957204133388586
0.28721087591839023
0.7839948612090666
0.29223878239281476
0.31042058565071784
0.7562375724373851
0.36148508096812293
0.3932844275259413
0.1443219367065467
0.6409041439765133
0.8977402361051645
0.15018119988963008
0.6330920576292556
0.917273674858734
0.24783441826002672
0.5061464658356272
0.7366251122148242
0.7678467934019864
0.33039168891264126
0.48676519450964406
0.01765276532387361
0.9558738088817336
0.11275719976401888
0.26719475715071894
0.8325681464921217
0.4967222767882049
0.0047773241240065545
0.48842397777480073
0.528960202151211
0.6942167629022151
0.8312315119546838
0.48554393692757003
0.5205772361077834
0.7180884344270453
0.8456556998426095
0.4180320192826912
0.24007651503779925
0.02976802850025706
0.43950169629533775
0.588763424573699
0.6085367889027111
0.5479939662327524
0.6456603504484519
0.9053955805720761
0.12615949159953743
0.684753861190984
0.9444266373175196
0.07943849786533974
0.36515596372191794
0.904531780310208
0.1274666422395967
0.6833020244375803
0.9500148881634232
0.06685948686208576
0.8331125915574376
0.4993194424896501
0.001733938290271908
0.9964129913714714
0.005313638102961704
0.4917834936932195
0.5240281900914852
0.6978127164184116
0.8277654639387038
0.43840313074178994
0.09199666776112281
0.346303468948463
0.9175097814004403
0.24676873022690415
0.5047229116025846
0.7387499667238444
0.7783789842505939
0.31970855078543536
0.9547613691829611
0.11421244114171714
0.7774574338982347
0.31813918164698407
0.4592983918846585
0.11957725818501785
0.7637409883900546
0.34650711351423524
0.9174322390754241
0.24762698845006526
0.5064247570408043
0.7379058994119987
0.7661383134545758
0.33466959244105965
0.49591421699733473
0.5121696109126788
0.7237342349253595
0.788389599591028
0.2829611039196607
0.7933297533600125
0.30213897972134873
0.28091521287569776
0.3134594627772458
0.4668453502818011
0.09657620271900669
0.7921309748780914
0.30971211797441356
0.7569855023466516
0.36047791212331504
0.3956804453919176
0.6554865401412826
0.8760696547105908
0.18485692091053352
0.6951186075457372
0.8283966449962463
0.491520379204303
0.025349651201395318
0.4454340085212607
0.5739762524899561
0.5745818961877376
0.5677531136316247
0.5856221024587285
0.6181333502754569
0.5098574621952139
0.733199378097197
0.8000963614322245
0.26735350833041593
0.33236412034602836
0.49753516394412145
0.007356358750257641
0.9850280907121487
0.022449936222983524
0.46389494606410153
0.6068795236351434
0.5542772076441906
0.6490367167571094
0.885281985392794
0.17157705716090277
0.7351843066862784
0.7719636094698217
0.33791706222109497
0.483349602058297
0.5498698334267829
0.6419270096230321
0.8964842433051672
0.15429725078865886
0.6279288686055224
0.9326182815711945
0.20068087737308815
0.5698310266598128
0.5788432714471128
0.6159870352130383
0.5267019675229676
0.7011427264369559
0.8184029515832663
0.4559849080978893
0.11251400696346536
0.7667060059611686
0.3333041276491713
0.9997824412130285
0.00031698017846792936
0.9994556262681726
0.0015480045112781227
0.9966974920243956
0.004403428494697437
0.4889926816395018
0.5281296057801228
0.6916617774404585
0.8333550353418104
0.4999292910506483
0.5002121221332345
0.7496053848299198
0.7505289084219839
0.3737178158480674
0.37884585358551703
0.6797780901251826
0.9490690475213341
0.07462449240847491
0.317620817135321
0.9599691262992565
0.11863193934550509
0.7593379608006217
0.35217344886041246
0.9325551371148322
0.20233458856819198
0.5635615164064802
0.5911649350018706
0.6014956389553845
0.5314408752019517
0.6714588663016912
0.9849366064881906
0.02203765988815576
0.9644372231850866
0.10607794037787244
0.8012726726592518
0.2780702629534062
0.8171465638151858
0.4573777394252829
0.12249560240888968
0.7575131175690331
0.36018640230759047
0.8969606948376168
0.15040743036661297
0.6396069572365377
0.9092986473697238
0.22778776063933037
0.05650741470162757
0.38320680303149857
0.6671215155802201
0.9972386565059423
0.0070407045423053205
0.9854696831316687
0.02076380079961382
0.4686023796966765
0.5941535217862111
0.5461132549680769
0.6728953082929365
0.9584258914401289
0.12471977283712476
0.7508380163053516
0.3734624750795774
0.3771517584682442
0.1822426741127856
0.702661327959504
0.8131792769709136
0.4676011314149946
0.09712023692554794
0.2905941655917559
0.8052547794941347
0.26036404888145626
0.358903417683905
0.9225661590753589
0.2098358144867234
0.62048746884102
0.5133565250725951
0.7255554054863751
0.7842712613637559
0.29032894581905566
0.8064423617033754
0.2580793399247341
0.3548205188126303
0.4355271470849402
0.193418471084442
0.5809384342865087
0.6124751892348286
0.5168030665954575
0.7081163503462449
0.8742868964327499
0.3767980217235163
0.18405903983511962
0.19241346904891543
0.08537259607692249
0.3688820613606367
0.8835660793993156
0.16634625825099647
0.7485197366622742
0.7519993650494143
0.37001707043964416
0.3897947945224587
0.6573577886156272
0.9816060392186046
0.0539499907172285
0.8994293152936734
0.13424683417542838
0.16557310012285598
0.24284368721419014
0.010703922220272943
0.48351305539836176
0.5481068519002292
0.6463440313818865
0.9047131362312939
0.12716393847949803
0.6822275164013263
0.9526687938487157
0.06315318786073476
0.8427622291783337
0.471707827586215
0.040472731983754784
0.9312322338228114
0.19590792056987993
0.07277628782321699
0.32784418752999045
0.9383322449575644
0.0922193150036037
0.8459006480115931
0.4165661435108632
0.249601229414111
0.0005859601369593292
0.49856777882087044
0.5035806871310342
0.7431635918328539
0.7597663289634511
0.358397260424681
0.42480786857777275
0.7045841151557397
0.864753732457757
0.40501020749798045
0.12871937738964334
0.679937259585131
0.9485990013636183
0.07607522420585155
0.8184965876571368
0.45571916829794645
0.11326570573146455
0.2656715582415927
0.835836843267316
0.4923344766139053
0.011366630962584168
0.9813569312100299
0.051004357606871054
0.40386207404662855
0.6314810439071152
0.9257015215116553
0.20335878021433018
0.11672894333605655
0.27411006824695505
0.8230867655656766
0.45261329784989357
0.0639968719042372
0.3404966574453283
0.9736218479520176
0.03518366365460679
0.9120528819621541
0.22468981830752455
0.03405514537007548
0.41736577099072747
0.7477272055402864
0.7567961501190439
0.3624213373987004
0.39185949429520406
0.6463337947789114
0.9047039120923728
0.1271965543855913
0.6821306845522486
0.9528774317295756
0.06323730992153287
0.8421546804893296
0.47109336010180414
0.04114636065787636
0.43619666565791704
0.6914004662248772
0.835945314494893
0.48044927726732567
0.05865155340870842
0.880741614906583
0.17790671982220374
0.2135895252285991
0.10922661630320363
0.2972767153114546
0.7726812955515925
0.336945892253425
0.4779488426283933
0.05638784432085231
0.8835707562393509
0.1663335390330758
0.24848168206517585
0.0020296235161367804
0.49498711244086735
0.5150380619161297
0.7203470746753737
0.7938689050497487
0.3010102981934324
0.2788312024495099
0.8190544696699362
0.4568885783664882
0.10980048097553663
0.2726465564046521
0.8370017253619153
0.4778864250984043
0.05656959521002136
0.3830248987360392
0.6675756943586748
0.9966205663513392
0.004573090292979032
0.9892092220834456
0.02741183535545133
0.44319309553247876
0.5844620645802934
0.6191674636211246
0.5145927856792696
0.7217625654011499
0.7904006312601268
0.3065311170066707
0.2579719636705704
0.3551951604313217
0.4343693382688798
0.1917036534869112
0.5832752320566215
0.6248276015685406
0.5004396983422339
0.7490915206144564
0.7512985773792025
0.37303636816795915
0.38088612459250726
0.6747492726135533
0.9561368410941213
0.11071266263024881
0.7713774660951458
0.3419496059359517
0.9714199384034146
0.0427712599048391
0.9338591097912285
0.19271326082525775
0.5859220023849048
0.6172339921758976
0.5116180167533457
0.7306159769068472
0.8023816876520868
0.28018445742782205
0.31565458900877275
0.961971702723531
0.10291012725792825
0.8063272054714616
0.25875275337602943
0.35361501542502083
0.9363361308060121
0.1906857918947935
0.5877424953214359
0.6019639549776912
0.5578347308910452
0.6377313338161912
0.9134887144900858
0.22043082461459562
0.5437412642058916
0.6760854073509108
0.9660675060003996
0.10143381630769
0.7816251172334887
0.2960605447588023
0.7980881257972214
0.2705191599088721
0.3432427752413787
0.4702660260372795
0.04360865481430665
0.9266386298113503
0.21502060125931166
0.09931333785061724
0.28791105435811915
0.7846169518015813
0.2906033881008625
0.3052375595725607
0.7603438552760053
0.35898061364423484
0.4224034428189043
0.7096545856620651
0.8710358934476972
0.3868045801646076
0.16196441795909777
0.725032803195063
0.78339767883881
0.29157065274193883
0.3120937614876311
0.7506055280391593
0.373549539828673
0.37863290062523447
0.6804636790475342
0.947561428125482
0.07644148878171109
0.31477343340520747
0.9633182386460248
0.10751263791462407
0.799653276859317
0.2689638359879609
0.8298258412687574
0.4890380903962068
0.027657088881824166
0.9428201981936581
0.08552544002304785
0.36773701387573965
0.8853450994065497
0.17147875408409163
0.7349078530096449
0.7721440974564757
0.33979828702285886
0.4805827054369729
0.5525145789433736
0.6546103472355753
0.8773906876449473
0.18171640482614748
0.2019668743305374
0.06588412440032698
0.33749840801465325
0.9770858786359895
0.057285575778223574
0.8905995524546597
0.15628810989437625
0.7342835474410094
0.7971036998496857
0.2729952377267182
0.3365701331931632
0.9793948203150649
0.06165326037444174
0.8761402865347918
0.18481156218331307
0.6943398417497519
0.8295801130007021
0.4897749878873583
0.5299704283534084
0.6912482624757104
0.8364090757386293
0.4795399191789329
0.05995453961077146
0.3824645493004937
0.6727458492678124
0.9591266044881195
0.11978069535689428
0.7655040942481719
0.3439302836486604
0.9215769160364289
0.2351853281725198
0.521962011087453
0.7129177827155218
0.8583422257797793
0.4248880270170048
0.20446173023083247
0.11512085908907466
0.27945904157240875
0.8151845255924854
0.4646026731352322
0.10582838283153251
0.8021328993490897
0.2809236180910375
0.8134692635212559
0.4668077633250505
0.09666228093556128
0.2920444071351085
0.8099626174371224
0.25745953852310777
0.36026586938533
0.8967005170707125
0.1509207694325596
0.640316153265303
0.9071709051495418
0.23250475723762065
0.5496780673565809
0.6439333557500504
0.89224946507602
0.1454789040144533
0.6523866060597356
0.8807869845768437
0.17794594320002943
0.7134765804803465
0.858919371094089
0.4225259102822747
0.7099606455594767
0.8701179806375876
0.38818214915227145
0.1635761467332486
0.21947761878254823
0.04566870609414764
0.42514161791768856
0.7049997069698293
0.8635161758866161
0.4038338440586813
0.13154416851466522
0.6756008989759721
0.9535781504528131
0.116315099876374
0.7747106931346934
0.32204573857598007
0.44562692879117094
0.573677839623997
0.5757546091335826
0.5689221374632325
0.5816066623665392
0.6099503372679465
0.522077360044932
0.7144072599476203
0.856104148668237
0.4266494238981977
0.21499864375800826
0.09934448843705468
0.2879014066711534
0.7844273957016412
0.2908866665675305
0.3050635569379665
0.2609085494768806
0.35667618218576536
0.4287289325729944
0.212359799828846
0.6031357379979454
0.5551957875431981
0.6354637672193348
0.9217280248994939
0.23477761432877742
0.02267716862843372
0.4619558073754888
0.6029628152318764
0.556340673356317
0.6336284220451489
0.9164968811674044
0.24805728544015437
0.5029137122037355
0.7451639212085865
0.7630820200720336
0.35122634074650705
0.40710518913692795
0.7326038381143007
0.7995026406715624
0.26937276203534566
0.8285908386169467
0.49126729572890326
0.024792949261609465
0.9469373818137683
0.07125878389342688
0.3223108039528597
0.9520739350991789
0.06563203869154677
0.8370339368120767
0.4777897138556
0.5565065773262177
0.6331954837660305
0.9171339057793375
0.24721961689647287
0.5069624317402486
0.7355240906472318
0.7707178404962178
0.3428702916717157
0.4700075435976032
0.5447119988675695
0.6780168646946549
0.9631916074431501
0.10767799019231461
0.2991682370484341
0.767979542404646
0.33029580110451207
0.4868521690950729
0.01920199376763776
0.9540746216080151
0.11527287875651382
0.27630174279329367
0.8273445943195838
0.43854421959258616
0.09114368478185497
0.3515485398529563
0.9062708785932045
0.23434271151199937
0.5469690744939726
0.6482352174352854
0.8987390010734089
0.13599171719397418
0.16979111547698267
0.24062648686231114
0.02552531214314513
0.4518194767006207
0.5663770506216679
0.5859810576657765
0.6053990915825125
0.5588027205085382
0.6304752874420956
0.9282759345369413
0.2145008082734421
0.6063338603416923
0.5509463932248764
0.6540443832927849
0.881615647347644
0.17511890252353624
0.7050262023112737
0.8633505209290888
0.4041241828817874
0.13130115703097545
0.173890136560658
0.20589966626721434
0.11276967547019012
0.2671209046675358
0.8326860235247295
0.4970585003029555
0.003922012023394927
0.49019498136476614
0.5294149738911074
0.6901974610518664
0.8392076588352211
0.48233745849574916
0.5529494751535822
0.6509214815450832
0.8903092324035242
0.15719236538279802
0.732518811855698
0.7995976500096731
0.26883232695399784
0.8298732613038737
0.48857993609271944
0.02857311101979576
0.44516884480253793
0.5785464287910145
0.6164017997216433
0.5244862235267647
0.6966066346212756
0.8222084064036608
0.4453945112763904
0.07409478636691347
0.8245877933804877
0.44256119240890257
0.5851568486832548
0.6182324540568516
0.5091103158192709
0.7285064916359261
0.8047124940203503
0.2616716615157202
0.35553312409319915
0.9275748703803401
0.2172648971900344
0.5957635505765211
0.5418719253502786
0.6867028760607354
0.9386650359665509
0.09090321545954794
0.8509475692699198
0.4080935243400745
0.2306283182115294
0.5524615806643851
0.6550713684118818
0.8782251160591841
0.18142539536347613
0.6956200255663134
0.8236943309602793
0.45078926521819085
0.06889655455597676
0.3316820373001974
0.9852489948098082
0.0216341654304415
0.9635079701838549
0.10930061328690499
0.7970771791005973
0.2730693814228289
0.33643150405259803
0.4792356476536952
0.06227398110786453
0.8753218602505513
0.1870017195760738
0.1889941408589948
0.09051875458681025
0.3484728829644155
0.9106247686140705
0.223691766965203
0.5384583083505277
0.6578847120399587
0.9814021734928247
0.05089125072117895
0.9040698252210859
0.1311838488909416
0.6743140416801907
0.9550845318881329
0.11229309614282101
0.7685703450406436
0.3295509719173424
0.489861517038662
0.029794159752782434
0.941140735114459
0.08672390188439749
0.3537698337167967
0.9358974841015879
0.18986597744515166
0.5880949330166914
0.6080270287056919
0.5503078879555687
0.6413277551764622
0.897260804544203
0.15165963408071548
0.6384466939198319
0.912429979944136
0.22118350406526588
0.04103933021542616
0.4364723486651201
0.6905042755242903
0.8372217223513871
0.4784808734548278
0.0547910988680087
0.8865250815288164
0.16823978986940347
0.2395683409704361
0.03121043901774101
0.43761797694605775
0.5935181344684679
0.5940898705739528
0.5463001055759378
0.6735603441193234
0.9577952427789569
0.12138110160594806
0.7551801275112666
0.366966590838274
0.8987535448104609
0.13618245313409716
0.6695011974370573
0.9908019641297869
0.026963447773596272
0.4497270942956675
0.5671075914578978
0.5828568720608018
0.62150269196718
0.5051157611887902
0.7412389249657281
0.774848857865436
0.321853868663311
0.4459147564775776
0.5727774910919834
0.5778301263926551
0.5633080286206678
0.5922258520731702
0.5957913062302396
0.5418444686802104
0.686927130096592
0.9391801644815132
0.0906184344785288
0.8479513760248665
0.4114070918294601
0.22637992451200262
0.5317064610426314
0.6709937248087954
0.9856340810656548
0.021296989114489406
0.9670531564042903
0.0960433984582778
0.29141643494949676
0.8107655665080529
0.2524795182980597
0.3707581606868189
0.8876798607234377
0.1602022855076939
0.7245095617545303
0.7872562244301662
0.2838211526395753
0.2928885395231191
0.8088342137343716
0.255376473069191
0.36595811691950075
0.9021255001716781
0.1370364538161084
0.6615668946469668
0.976151695183944
0.03184988987050019
0.42044014055863954
0.7379775882873219
0.7664457343053073
0.33444648451404646
0.49417556676780805
0.014561565651092678
0.9718973439303227
0.04007488439674489
0.4310671105340589
0.696994718775386
0.8210832522599958
0.44756658756523393
0.5764280536968727
0.5647931157145649
0.5882918707211502
0.6076400452002417
0.5493510533124208
0.6442007896839641
0.8915782152616885
0.14651556429453194
0.6512898112123366
0.8898805662756786
0.15724337298888713
0.7318925211729947
0.8043176680221222
0.2739310861506965
0.8229890761722345
0.452907175058499
0.06281714080250822
0.3432051408162806
0.9702958652924281
0.04357540374621749
0.9262750211346429
0.21556698135100305
0.5984138402563985
0.5354749182006344
0.6615625858539715
0.9761618458433077
0.03184143651742488
0.9204614149930421
0.23794436821481213
0.5164827034459449
0.7091616502439138
0.86981980165001
0.3904530900763348
0.15668943445780315
0.2334635865117889
0.04817720971186645
0.3964839944674168
0.6542973832401913
0.8779284178745002
0.18262099131243303
0.700675991771277
0.8198356103093829
0.45383842336013913
0.11601816743495874
0.2766403218556661
0.8259908075269777
0.4438120473641902
0.08018491402617656
0.3621063534228597
0.893821641075192
0.14241813216358423
0.6450000009208452
0.903378217946738
0.13220676843775436
0.6735119063523598
0.9579746606468689
0.1211919947527349
0.7556471421557944
0.36552202398888767
0.4006867449206766
0.6389424702210817
0.9085204896400683
0.22894698460004292
0.06062838286743499
0.3778072318236809
0.6829839148849715
0.9508654471719638
0.0692786582512781
0.8311386985296849
0.48569855344248936
0.021419923577923328
0.9669849839410745
0.09627438065945171
0.29259633205947466
0.809091115166666
0.25461644702591
0.3640697704104241
0.9026026259234641
0.13022000173805282
0.6796079450869001
0.9611707810254302
0.10500766383484006
0.8092696282255929
0.25471961102448404
0.36376608567661606
0.9033252349181566
0.13231585145695135
0.6733637161669321
0.9577116206928622
0.12189649231731892
0.7543418584100436
0.36432870011776686
0.40559242802555673
0.626894017244922
0.933680503279902
0.19322118523996323
0.5843975917960051
0.619344528473448
0.5142805695941206
0.7221702079987153
0.7897895920323208
0.30738661356735975
0.26498654592433013
0.8456227008427959
0.4182100212201476
0.23974993216688745
0.03001970940385945
0.441190787270898
0.5862453682057094
0.604945614002645
0.5601630820310675
0.6313997186662164
0.9254413605667651
0.20399144635302946
0.615391411643941
0.526097292517079
0.7029152046889067
0.8127803531824611
0.46805385788320564
0.5954923008393962
0.5432540846522897
0.677060202055145
0.9685128847777378
0.09410276403650641
0.7962838492530864
0.2984902064781636
0.2703924172965344
0.8400144594779704
0.4743208849686198
0.037953858787659556
0.9095752151333727
0.22815301603986882
0.05559570764307864
0.38495964245521463
0.6704841451428365
0.9878603182733059
0.01619291858514771
0.9595801737741567
0.1206271898408886
0.26241619829670526
0.8484935180458706
0.41057404573075473
0.22384152220911346
0.0381921878142748
0.40751812580856495
0.7321975536469836
0.8030665351543576
0.27585344231920317
0.3262098007253371
0.4403384496108629
0.08909558021696284
0.8564925374812447
0.4290968939603772
0.7125519407272805
0.852421191171743
0.43181336380075663
0.20187299340614118
0.0662548222753685
0.33634672200423665
0.979728016332956
0.05959490849636495
0.8822711038810667
0.17341161833610386
0.7075937815534417
0.871649197244551
0.37947293659090064
0.6763788287353236
0.9653506798204035
0.09834351419704035
0.7860020505613647
0.28554837181582116
0.7862675101787318
0.28824522683862597
0.2824415684735868
0.7939887682150584
0.30412920331582427
0.2751117932784837
0.8211483990598936
0.4476821350399405
0.07638240917003714
0.31503711445839144
0.9643911628227215
0.1061169751919806
0.8017281142238062
0.27738802204839885
0.3182851880264934
0.9591852374433074
0.11973906884668395
0.7651526653789915
0.34444312340929173
0.9207718936086167
0.2376840157667175
0.5172485009825323
0.7079795861500315
0.8711339287401643
0.38079707929864526
0.17792126137646846
0.21346293090027757
0.10898952584830113
0.2974207673978526
0.7720998002041597
0.3397750409785658
0.48067485479987226
0.5523488762846682
0.6548426823574118
0.8785452354641166
0.1805949923582375
0.6974721594888251
0.8267618014942855
0.44097864284412935
0.0865483334637247
0.8544299523928203
0.4367101421521511
0.6885607936710585
0.8411669280612841
0.476499141077511
0.03143939204164781
0.42146644249442033
0.7349706103850622
0.7719942892435938
0.3395652224426158
0.4813042505993508
0.05119883274892345
0.9035323968273588
0.1319295582070481
0.17313646248658188
0.2088010603620205
0.12329131524893455
0.25231882630032487
0.8695083598431665
0.3888516773004085
0.1588789595698472
0.23030564226792194
0.059078260528622195
0.3798884610005189
0.6791898807568941
0.962427735037636
0.10224866945645772
0.30743479580269195
0.7651050111453515
0.3453096100129187
0.41849698100122623
0.7389451570634264
0.7782704664859921
0.3164794913609512
0.4588053398183547
0.12349446309963241
0.7520751830306835
0.3698730650066864
0.8900146051601041
0.15808116330299526
0.7306516439712141
0.8024295011418872
0.28012033327831887
0.8158889995247591
0.4624447856331244
0.10222315127612092
0.30758357999729924
0.764744146290468
0.3450063947821036
0.41971559906960465
0.7405098585586529
0.7756790169514716
0.32646383316023275
0.43971505836816505
0.08821485791122541
0.8578949440852739
0.42385091152391396
0.706016677810112
0.8624073431710713
0.39190377746126615
0.6462441947369371
0.9046531963977031
0.12734883194207214
0.18176575869438238
0.20183668451500125
0.06635408874717541
0.33600784398731776
0.9802936145861167
0.059031894663348794
0.8799569256079849
0.17902265337761492
0.7128481139952783
0.851670938252937
0.43336950600496493
0.699551001569489
0.8178454853477888
0.46048655462800525
0.6178294506680686
0.5107242257799953
0.7334511208464392
0.7982416259765159
0.27112720673903823
0.342690995632438
0.9719168206502218
0.04004944511689246
0.931136285274988
0.1968242897419259
0.5709429086709861
0.5731500831316225
0.5772721626271959
0.5636565893655643
0.5910075550200418
0.600667460472323
0.5325923449127004
0.6698004157515243
0.9904164295876399
0.026065015117637813
0.9529658650571946
0.06296650943113491
0.8428280240041204
0.4701013718440663
0.5445952033915091
0.6787048516562209
0.9638753026956692
0.10691330663394183
0.8042600696498994
0.2740481036598794
0.3231805300456472
0.4523333687684499
0.06356453435728326
0.841161263466347
0.4764773621864151
0.5314672291569877
0.6714251487283036
0.985041901585646
0.02241303736809641
0.9639342659211252
0.10676811094162986
0.8046742068254389
0.27345550394966267
0.8241760065138806
0.4493267039069906
0.06813533595413901
0.3343194129120093
0.994600265781628
0.013713926658965647
0.9716089208668564
0.04220418928889558
0.9346640268922783
0.19462045034742914
0.0798935889324639
0.3635272981773596
0.9036817546293605
0.1327047353843227
0.6720290173834655
0.9606757193687372
0.11797212911187671
0.2600362387311179
0.8577388318080921
0.4242605494800955
0.20516176088131033
0.11217577560455538
0.26893085820483975
0.8297558599442709
0.4892452839994803
0.027362243185052648
0.4433151690464001
0.584095860394882
0.6198998835170642
0.5149590083165094
0.7206640077056363
0.7930860990891233
0.3025030082790181
0.27963985517271794
0.8148507100704592
0.46311774174682796
0.10795844564563595
0.3004340365587268
0.7664949765603524
0.3341288738884032
0.4947745387617033
0.5155132867221255
0.718917271355167
0.7966171748121269
0.2976273433014285
0.7718164045654703
0.33835385262500495
0.4824588886986021
0.5497162353422027
0.6437777252867818
0.891655332816299
0.14588467925204895
0.15592690234188922
0.12596809552633204
0.1855709599039983
0.19037805873085745
0.08893623753101565
0.3567611036996823
0.9296390288800467
0.2110054079676047
0.6053019621467683
0.5590717999148183
0.6299131760315504
0.9291386450640857
0.21249298815382645
0.6021436665323563
0.557172443222953
0.6403111345134676
0.9071914317901246
0.23252603769651614
0.049613036593655124
0.3938230827625375
0.6424042703874875
0.8949669072171673
0.15339131804648787
0.6321545735991094
0.9237697386997752
0.2071183375956025
0.12290759992902167
0.25627719951444305
0.8615367533348035
0.39317259564995766
0.14409056861768477
0.14125463928212412
0.1473670330888126
0.1514956161554437
0.13786697111208923
0.16328430865542032
0.21984099011751823
0.044212360662641004
0.42951580535736866
0.7113762845110614
0.8545587433036417
0.43489673762815073
0.1953070605522953
0.5781386360176839
0.6171591473685112
0.5234778788872063
0.6991562588955276
0.8244037971307989
0.44295779278036207
0.08457872751750983
0.37065223531681113
0.887349517113762
0.16104100400116295
0.7227790874021593
0.786802553513553
0.2880271171161439
0.7842659491871018
0.29038816993124783
0.3065670373325702
0.7580141801445279
0.355088765907567
0.434101712948177
0.19210521067725495
0.5828592497273348
0.62149576478987
0.5051028036978096
0.7412452384014614
0.774818512116326
0.3220174703747034
0.44605666302959435
0.5726063279726077
0.5765761075308546
0.5646671146387234
0.5884238862199709
0.6090557520510629
0.5478105681249872
0.6466059422818944
0.9011245147557929
0.14001148531679064
0.6580857754743192
0.9806404748815112
0.05245765074505471
0.4051270471245516
0.628328326769406
0.9313764506368898
0.19610501275747083
0.07251118010026403
0.32653574951109476
0.9398256705899257
0.08806218602694571
0.8581086670455988
0.4256511999992654
0.20351497843512334
0.1163427454594057
0.2745805911545176
0.8215212917712051
0.4463050200138241
0.07173805157071911
0.3218949012516532
0.9458139708440285
0.07297371560707688
0.8279133026662748
0.4377851046156138
0.09307776982313953
0.34546020106063224
0.9183328880171757
0.2396301650442183
0.5309315581980627
0.6884335100185126
0.8419069538940676
0.47145244243438356
0.5423172484443057
0.685543448315002
0.943364365841262
0.08104615204501897
0.8623289029637817
0.39203800744144246
0.14606562169501558
0.6548558485810645
0.8784930091060232
0.1802405770868063
0.6978379068605136
0.8277395842596889
0.4380458755767904
0.0924121342250146
0.8475867794477381
0.4142695698828902
0.7457057764113415
0.7622615793952718
0.3482752590207383
0.4110501410032157
0.7228946385148447
0.7866288132499903
0.2878225281019695
0.28496961522614583
0.28931166423717514
0.30797560774954036
0.2635731580085121
0.3497419520863332
0.40885682828957215
0.23046075977617875
0.5586171192699112
0.6308085812197533
0.9278104570694268
0.21368438442004845
0.6088556841132231
0.5484329429164063
0.645061974413693
0.9030043999082409
0.12984921931638382
0.17587692340021022
0.21658844748162664
0.09989126023720019
0.2834783196740318
0.7913042008003686
0.31084021943388507
0.25221304554725066
0.3694674228900112
0.3891563029610552
0.1582146841683425
0.7294671652489342
0.8115600092278328
0.25137558998540044
0.3727819665509742
0.8816514357749838
0.1750523189548403
0.7049493541417178
0.8636570348171517
0.40348711621481925
0.1320679035561625
0.17286782056908123
0.20845546390046366
0.12463345649302937
0.2504891298885923
0.8737775394984055
0.37866471463348716
0.18004970965557732
0.1986201042018365
0.07584125737776048
0.3193130035942886
0.9560852676804643
0.11076339427381754
0.7712254314392339
0.3425512849353254
0.4720090708869975
0.5409943263803143
0.6797418587375432
0.9491062181186862
0.07438563971663825
0.3181028412946034
0.9597334781719837
0.12044289120240137
0.7636706315097399
0.3496130206331145
0.909172488405602
0.22950274019967765
0.5600407972524408
0.6323776069912128
0.9225082910561468
0.20985021558590233
0.620281347859418
0.5129295963561162
0.725615496863611
0.782656681840308
0.2945189244346693
0.303323299769545
0.7769095126714092
0.3248395835980773
0.4423055885999929
0.5822615116194356
0.6225791653851047
0.5065599185181782
0.7381320736603811
0.7660298953996971
0.3351999196456745
0.49317894052364863
0.509247333946405
0.7280718507245183
0.8053474346525036
0.26069643496884964
0.8585128267586697
0.4231186608085409
0.20881254962296225
0.12348598262178712
0.25201901749824174
0.869956344977254
0.39013092120876536
0.15772269951412454
0.7311816376750357
0.8015715684450697
0.27759253792464733
0.31773793973843567
0.9608432604291011
0.1173164373030886
0.7613993358390871
0.3564046183018945
0.4259033110574819
0.21655275934608653
0.5999755407101475
0.5335693970264401
0.666198578197509
0.9987187131191604
0.0037527427484747022
0.49264660888002254
0.5107857931579929
0.7318637734279037
0.8044083429849707
0.2742746300937142
0.8226836235553492
0.4513800401473418
0.06504662046791054
0.33940357362735085
0.9810963473573793
0.05165374150965363
0.9024843013903592
0.13051002490101382
0.678608845511917
0.9640160320268478
0.1065729302354157
0.803884942753939
0.27462207968346775
0.3213946859759744
0.9465821882768068
0.07203856081468984
0.8206368692335673
0.4487282619520556
0.575690211757319
0.5690794837428257
0.5818036637501791
0.6097010831581429
0.5229475098894909
0.7124048463301733
0.8522906313883141
0.4323852035449818
0.2024886674771551
0.06436573082464747
0.3400625186332036
0.9741589123441372
0.0377510801772587
0.9101392597076483
0.2266108435287606
0.058490593946771696
0.3868565553857479
0.661765100172488
0.97548818285577
0.03431082173483446
0.9151999852037989
0.24340322575881146
0.008803666132735088
0.4779987024667207
0.5561943985230755
0.6334741488099098
0.9169600568129681
0.2491171472647693
0.0012610906560439616
0.49786225546267815
0.5061056337144691
0.7366891300771385
0.7679592951317318
0.33023160925949924
0.9870434645854402
0.019335611606948078
0.9533876657078508
0.11653299740282819
0.7753800051868893
0.32033958969987
0.9491626041999552
0.07430189492879435
0.8182308129617013
0.45935924965306185
0.6193021494254936
0.5143984673777595
0.7224198923213407
0.789409373071976
0.30804136919323355
0.26337078856886365
0.8504231304104906
0.40966776851564646
0.2280276356905233
0.055419215495930985
0.3854998132737819
0.6712612462870311
0.986211015842855
0.01970583334332332
0.9665158666321076
0.1004428626911249
0.284599337290274
0.7907218119653407
0.30549263482680544
0.2601981303305365
0.35750457766698673
0.42467860685428604
0.20643263129750267
0.6109974634018727
0.520484759908868
0.7148746862076223
0.8495322137023322
0.4123395428468939
0.7212123017816339
0.7926923978957348
0.3094201452040579
0.7543140959751327
0.3644990751054138
0.4052773028088268
0.6264552123902831
0.9350873364019208
0.19403329733177088
0.08187482834910043
0.3598442642542068
0.8975123213313054
0.14980905130505562
0.6344020049727987
0.9149740692228079
0.24433556472649798
0.5142261786968447
0.7222509955463465
0.7896665408043191
0.3071381301851943
0.26535888729267754
0.8445378476462793
0.42018009163439274
0.23666702114860527
0.017984318576054648
0.45531483125523664
0.611827483138768
0.5192685413639992
0.7039076716755517
0.8655060175515246
0.40070006996393204
0.13911920410464518
0.15832461047102697
0.2292496318987105
0.061886763403890654
0.3768349015444983
0.6837672401743475
0.9430830450146459
0.0848107376077678
0.3705251121718902
0.8884246631350834
0.1628459116909653
0.722035849787062
0.790923698223196
0.30481009383220226
0.2614122802915517
0.8563879914290737
0.4258653074502945
0.21665539589594118
0.10003366324235685
0.2833901754638646
0.7915856057952624
0.31213282560929656
0.25049117088201456
0.8737730419088621
0.37867125147022307
0.18003139956272207
0.1986642460396979
0.07588160617160611
0.3191537135571707
0.9565107409434859
0.11093388585140929
0.770061036630068
0.34051200267276727
0.9735764110519085
0.035236762545537204
0.9119846418616362
0.22498237757827155
0.03337216845829971
0.416707865340868
0.7498764039191883
0.7503682456444949
0.37420145637588575
0.376174925302621
0.1846313495771028
0.6946716260281391
0.8300476218282711
0.488326997961849
0.029220622702268884
0.44356529859942384
0.5806810523208696
0.6128040303010494
0.5163388623041101
0.7097670142247807
0.870388968847692
0.3884926302707754
0.1625575028010644
0.7208234356367029
0.7917505536170211
0.3118857671506703
0.25184268757584505
0.8712516574014444
0.38059097551740706
0.17850074110901915
0.21415004311711527
0.10723356550442986
0.3029934666410554
0.7757272409799043
0.3265820480301045
0.43968466675141826
0.08839732018532231
0.8590867635211907
0.42271838066517375
0.7093786367040593
0.8692700581159443
0.3893287594546564
0.16011648386484012
0.7266791160800494
0.8083632593916263
0.26205679634585977
0.34903917062911205
0.9138172052626032
0.2194855755660683
0.5452821388316806
0.6742022953694686
0.9552416001679376
0.11205839982721955
0.7692935503146145
0.32847916352329776
0.49159420613432303
0.025043648260179907
0.9461953533464111
0.07239415924414061
0.326831166195916
0.9413623406144325
0.08604824257781729
0.855252984969411
0.4339049959962722
0.692827610677341
0.835558058868628
0.4926935980038252
0.5104560400650371
0.7342377310851589
0.7972639490617439
0.2726063459413126
0.3370466615597252
0.9777044590737205
0.055900284089148045
0.8838127343624365
0.16547627141699195
0.7437267980712932
0.7583645086269826
0.3540911221061833
0.43711620749672875
0.18804034224012867
0.5924335474264808
0.5975461364432704
0.5392195302993059
0.6833238405524753
0.9499855629110243
0.0666865122038871
0.8332883695547935
0.49978894589003175
0.0002859403903130442
0.49932526305201463
0.5017137711693067
0.7464518102351576
0.755273453250993
0.36682941947947256
0.899332709639566
0.13500959787052125
0.6704105848039035
0.9880362206022255
0.016358694847440347
0.4593486743106041
0.61951257075998
0.5138425591867417
0.7213926644180901
0.7928327712870669
0.30898069590330124
0.25503421944449656
0.8663362078659702
0.3995913768885657
0.13398000426241197
0.16511115684988908
0.24348119998467155
0.00970905672875233
0.4766435076307971
0.5584679467428941
0.6370905565563589
0.9113067493890412
0.22579400052200072
0.032332172646420076
0.41923883082927205
0.7419589303608518
0.7737650284543633
0.3237243568873964
0.4506917964317836
0.0690713232033886
0.8318478302680887
0.4846200827450957
0.5228252564847935
0.7127713771769777
0.8517409524647519
0.4333012216957286
0.20001969268196262
0.06684914880315773
0.3331215111829806
0.9992914585454855
0.0017790139536373317
0.9965302430209704
0.004952261660946533
0.49152608032454737
0.5253430035954807
0.6953762426855974
0.8240618529671337
0.44968943973071873
0.06743493102840148
0.3353537399380002
0.993786017614184
0.008702990598976612
0.9787356923043262
0.06106887897476554
0.8785799934703391
0.18065657909028232
0.6972767155093607
0.8271302481880412
0.4404794868314639
0.08730849708081223
0.3531556559901219
0.9305912726849783
0.19746490160468966
0.5767727949714754
0.5659435002016835
0.5866235146240797
0.6043109740130603
0.5619774318183772
0.626562020595884
0.9341184155782685
0.19204963522497565
0.5829886560386512
0.6211511820438318
0.5057425881677773
0.7404085930902511
0.7760886641335674
0.3279839236929547
0.9379175408103038
0.09298558288719505
0.844820089318091
0.41923029808094725
0.2420039084390737
0.5236830961075611
0.698605253797723
0.8260543956421316
0.4435314803267829
0.08077726216288283
0.8631356101832353
0.39102343199192546
0.6476862796407659
0.8994648770894855
0.13418559386627749
0.6656497022486292
0.9931023415119853
0.009950459469109774
0.9829983401286881
0.05038938275538385
0.8911507505399641
0.14712696836795658
0.6523249276506249
0.8867696290253662
0.16201773573993705
0.22473166257259436
0.03387408869457431
0.4179083186027128
0.7461842701595742
0.7557098844554275
0.3656396924634464
0.40062855411088094
0.13916923297801986
0.6598898943630047
0.9773510577797424
0.0568994446657598
0.8890091373759788
0.15861215884797275
0.7287484447879251
0.811063458560966
0.2536077197873965
0.36799916709423997
0.8852398825983983
0.16994266444817185
0.7372725193563383
0.7686484612058848
0.3293862252612598
0.49004938680445775
0.02954383014002815
0.9398146297899075
0.08826955730910413
0.35758207508479245
0.9245300801994745
0.20683279255172238
0.6096650474355556
0.5227276439254638
0.7127313375240192
0.8520298321964219
0.4326771894702688
0.20056462279171683
0.07000064870226197
0.3290495868131984
0.9903044706734363
0.02619242569198832
0.9525859384448268
0.06404053544974886
0.3403948637715075
0.9732324259530287
0.03574156342074275
0.9106814979750197
0.2233003124129027
0.5361117463035043
0.6602098693838343
0.9744983088457957
0.03727403364609927
0.9089250398392323
0.23025135946227238
0.5589045470696874
0.6303311739757191
0.9293161844834685
0.21144094452029094
0.6042176574119367
0.5623013159201946
0.6252908655442297
0.9367885735700838
0.189295739721274
0.09031586200580932
0.3486799469392281
0.9134728485078085
0.22036634723190218
0.5438264765834901
0.6759582964587025
0.9665001878456678
0.10041250241920352
0.7846209115523379
0.2905921775382012
0.3052597524074372
0.7603568005433772
0.3589440772193484
0.4224907435127534
0.2098912061774172
0.6203262094059028
0.5127994572685566
0.7258826405741274
0.782983090437483
0.29328329567215405
0.8021931093244348
0.2808333236607723
0.313062070927117
0.4673537028138526
0.09724443958839402
0.789664929790888
0.3071525868435856
0.7653298260702286
0.3445568249444477
0.4203519418952055
0.23641502525424585
0.5184147405088879
0.7064741769281682
0.861046219128184
0.39536584180314094
0.15276829493814148
0.1300728292844724
0.17878818887402304
0.2122702504566405
0.10342362357187085
0.3048102283210028
0.7614124674873892
0.35638759745052084
0.4258666523382999
0.21665254031540826
0.6000317395082675
0.5334007014462259
0.666566091356799
0.9996005178545602
0.0005867648578714579
0.4985674210183788
0.5035824756196234
0.743153577845078
0.7597956532554235
0.3583388510160148
0.4248930967587512
0.7044418964360375
0.8651470199692994
0.40451539849163964
0.12747875455534086
0.6832592208520509
0.9501772325893398
0.06645911873783916
0.8338868037390057
0.49817737651756033
0.0026039817021228373
0.996091877867002
0.01172152764047496
0.47460481713642366
0.5371218127256725
0.6591562621179037
0.979524315422168
0.05997928720898926
0.8825573696231004
0.17263510858174413
0.7092966280470137
0.8695847850176506
0.388783236121526
0.6589625769120175
0.9798025803174824
0.060508292459417135
0.8809744617319666
0.17457100711180829
0.20640477587585337
0.11125306659960188
0.2697351462848019
0.8414290100627113
0.47509988385718316
0.03490685686119832
0.4148082842293661
0.7444791614834685
0.76407914259471
0.3459447895293124
0.41651118540903553
0.2497414798126556
0.5007536037010141
0.7483774353459012
0.7524256808683276
0.3691870993352495
0.3895481150248088
0.1593277683132328
0.7276743152760901
0.8058228041918483
0.2590046529658139
0.3525799202907365
0.9310908054758329
0.19696191721595824
0.5711333112267312
0.572728110360913
0.5762062725843862
0.5653436953434721
0.5890869981376454
0.6064777524443343
0.5541181188309565
0.6501456432742998
0.8835461233975366
0.1663797931978479
0.7484192139527295
0.7521230729180388
0.3698297660739627
0.8904910316050518
0.15663213527295738
0.7335422783216927
0.7979997994261794
0.27064284644438885
0.8429323141754139
0.46994356682989746
0.04398410386056639
0.4291333707224112
0.7125998656556476
0.8523571720579639
0.43209631263744086
0.20126958112814464
0.06521803254145198
0.33915218434412964
0.9822382697893772
0.05297997751040384
0.900753659021575
0.1390428435697686
0.15837481341441162
0.22921556924120523
0.06235321026179008
0.37539945988100953
0.6867479349311907
0.938535337569192
0.09119313192786649
0.8512451280257665
0.4071818395459559
0.7325337503862102
0.7995908332522959
0.26886020629899576
0.3300470332033001
0.4883743762620725
0.029095538484398276
0.9436532655381598
0.08035063705756329
0.36163973857765086
0.8930238472821657
0.1426867283298634
0.6433297917828895
0.89388818651787
0.14255411585327238
0.6445650506357197
0.9042144633713178
0.13109647584496997
0.1743264284741599
0.20677159147453494
0.11015396591392346
0.27174974538502283
0.8382209369738121
0.482893398264423
0.048876012064283714
0.3934503629861865
0.6436954012315255
0.8917395048774779
0.14565171644790098
0.6554213918861933
0.8761111707135569
0.18472971953451633
0.6945506473712157
0.8291446296498179
0.48967669293051586
0.030968719685915858
0.9383329232805409
0.09221808108850382
0.3458948131010402
0.9165744787605945
0.24958705803146586
0.5005521802813746
0.7486205039022025
0.7535185905871913
0.3677298800321296
0.3853862841206137
0.6717980028770398
0.9846056438982487
0.022968685196246952
0.9616367575363256
0.1043463077803608
0.31192151774303056
0.751691577694146
0.3718783918302506
0.3791764856723603
0.677076237188885
0.9686948249000125
0.09382882490172051
0.29674137246911414
0.7972566370444838
0.272605613747146
0.3370598462061025
0.47767105215461925
0.055830135417636484
0.884020478988532
0.1650581179128494
0.2436066163063515
0.009391692146891728
0.47707379327039234
0.5573231466405559
0.6404542605159804
0.9066811559023336
0.23348024731967598
0.5482161453983281
0.6463645065086894
0.9044745020510163
0.12763821193948388
0.6834129353228491
0.9496709227096289
0.06748834653990343
0.8352546444511972
0.4939117800386157
0.5081404750526417
0.7299730615923181
0.8100696093169972
0.25657333445269614
0.36308755693607964
0.8908959859691095
0.14777148701250553
0.650351448886795
0.8829300282523036
0.16773702338105068
0.7464365563937463
0.7552810894267168
0.3669247659854591
0.39922022141399793
0.6350371938024182
0.9202312075067312
0.23677580227376893
0.5176999163231812
0.7058113786333706
0.8626693554688245
0.3924581276369281
0.1447093081078492
0.6540068360627629
0.8816531964985188
0.17526166315656155
0.7046825477445964
0.8638125636498444
0.4030067984422203
0.6298464419378433
0.9258808062295429
0.21660913978121243
0.09986605905578472
0.2835456181492191
0.7914134776510764
0.31077309825923294
0.2524939567374531
0.8707516723952722
0.3875825498253107
0.1603168090514373
0.22436087115784176
0.037854866503039375
0.4095219277951401
0.7284273195837159
0.8049103051889688
0.26128476281883195
0.3560888249776326
0.42668015795061365
0.21507604169892147
0.5991368963732384
0.5378022939839866
0.6600299996789545
0.9769406545092352
0.05777425642008893
0.3879135377064813
0.6631206932070199
0.9701281375600956
0.044654235331108794
0.42849912474048324
0.7141534316178877
0.8572288856375962
0.4280080029857345
0.2131988913170062
0.6078729872242548
0.5489286918600556
0.6433654458960518
0.8938070178264752
0.14243564836215228
0.6449580734188203
0.9035040276939981
0.13192645073286258
0.17319033332751133
0.20890146048623137
0.12328470966895111
0.2524506220652256
0.8708276466641109
0.3875065266620368
0.16041462527937256
0.223971573082963
0.03897962693008594
0.4064877338532824
0.7338960601773579
0.7975848189089447
0.2722733191330917
0.33912451792275533
0.48227547301212326
0.05313302838476375
0.9006146969622932
0.1392203435243573
0.15979125027661212
0.2274759678693954
0.056829904176993296
0.38923839110066183
0.6597775573900435
0.9770691154408269
0.05732825640006922
0.390492837439524
0.656646486982936
0.9835212276666425
0.048033107159426436
0.3956932106812019
0.655359393247636
0.8763262501452118
0.185474353202153
0.6935578458360396
0.8306806256005075
0.4878161724191159
0.016307342186337337
0.45979072331101634
0.6205508301209193
0.5132635808549821
0.7252048316295259
0.7846900707518216
0.28975792264100164
0.3074732936511282
0.7650692697789054
0.3454073155298829
0.4187702624767553
0.7387190549925435
0.7783940514782444
0.3196486931992695
0.45503242235281505
0.6133955132390838
0.5290760667994618
0.6936751375324093
0.8305180385650601
0.4863965925760567
0.018387128337053582
0.4565346509043593
0.610864464455517
0.5202107031363994
0.715647816483397
0.8480961327149998
0.4112013569101691
0.22590673106606118
0.033194718445884064
0.41799277687096037
0.7401820011145901
0.7793668359518051
0.31525602185865864
0.46430220460752025
0.10700572637142614
0.8032960113487206
0.2769205468648579
0.824788599536987
0.4420153514947742
0.08252319353050552
0.37181899455026723
0.879649199283449
0.17612972925417125
0.7162396743369754
0.8512809745734558
0.40708376665133983
0.23284752914332785
0.04901360344956629
0.3931522518687416
0.6441487892589066
0.8911620305734687
0.1471111882419791
0.152242523181485
0.13686983720981516
0.16174527720431797
0.22551975029637106
0.03437761022360064
0.4151007292966824
0.7434987747401465
0.7597380090737715
0.35160201496910304
0.43352669864543714
0.6994102799508255
0.817942141322419
0.4595470459316857
0.12066935928305611
0.7622938231215812
0.34824893981567584
0.9106975164322648
0.22329009062377736
0.5360211646766402
0.6603233454225119
0.9743510278640315
0.03786211472470313
0.9095151532965247
0.22848544729640707
0.5547327288077213
0.6366440931742545
0.918171739554964
0.23986473877448589
0.5297901431622449
0.6911535858525895
0.8366941214480903
0.47883003926835954
0.060982644878095016
0.37702378575340845
0.6824482397350948
0.9525789439212531
0.06405042513506487
0.8404319560504518
0.47320014945580624
0.5357803856313694
0.6610432775923982
0.9728801510063931
0.03668148454744369
0.9127215795742813
0.2225914811133407
0.5392512037069537
0.6831878547964152
0.9498235358623788
0.06690856826025993
0.832736774958903
0.49686460284283385
0.004206916375551373
0.9895151507225819
0.03110359559650533
0.4378986819938291
0.5929974509926978
0.5947867901413701
0.5443126001337077
0.6793796324636787
0.9618599101086147
0.10359296432579868
0.3113911543332506
0.7533262361830566
0.3687746554496698
0.3837274248362519
0.16620052728103474
0.7486230525537394
0.7535149977484252
0.367712747072801
0.3854096944851335
0.6718539496941958
0.9844286140869372
0.023326487134909257
0.4611020520387683
0.6052138080995064
0.5593537860549986
0.629215348220896
0.9272058166970965
0.21838220057543367
0.5942406599933747
0.5456485885079019
0.6755513882671949
0.9534635919844732
0.11661666177678853
0.7751404765585903
0.32105333282379434
0.4476112882257439
0.07659732300089672
0.8146388828172348
0.46346598872332834
0.6089915929187555
0.5474148693028837
0.6471202814136632
0.9022362697578501
0.1368730254471302
0.6618464868224692
0.9753927942365408
0.03445390140404925
0.9158331556827761
0.242644307523733
0.010836608620593324
0.4817290159116965
0.5544982175633777
0.6486899486044422
0.8860882323933765
0.16986030258703977
0.7404190908710007
0.7759674463304691
0.32773253982304595
0.9380235981952865
0.09244482009671628
0.8476273923588451
0.4141052014892921
0.2460215819592122
0.011929931788472459
0.4742198845196981
0.5376287515100557
0.65983443451114
0.9775272904080339
0.05665671869064681
0.3896085610904265
0.6592966927273665
0.9777983107487671
0.056488490517949685
0.383223566605011
0.6672224194917362
0.9970910481642932
0.007292518683243543
0.9859345987788402
0.020059513015439734
0.4655077036295552
0.5985828519624192
0.5352292226161808
0.661930758797098
0.9750565266876947
0.03332174522802234
0.9167529798287433
0.24938126537017524
0.501855011418229
0.7462246547220275
0.7555330750765279
0.36620369798038155
0.4013778976222966
0.6381655300210696
0.9136270335875452
0.2193848403985612
0.545784916554112
0.6749669131531846
0.954344560392201
0.11426094121998176
0.7807558193453588
0.31397291700704955
0.965556238341378
0.09844711853656918
0.7854078159725759
0.28648403676925227
0.28896263759816065
0.28139666334027424
0.2965166899957694
0.2977707763784565
0.27172642439836636
0.3383848812081851
0.4841178362839855
0.047624989005271345
0.8968069437541999
0.1508660471008625
0.138690671446966
0.15913474155240692
0.22960509077529423
0.05983940142323263
0.38264343692571856
0.6723058579664212
0.9600451313890517
0.11851052538258955
0.7597025007125922
0.3517515700950753
0.9331840174563695
0.19981613697018474
0.5669118181394879
0.5827204556553625
0.6219367423036601
0.5042877995874733
0.7394026502151974
0.780418755923165
0.31360929645597935
0.4659854909114074
0.6008215574838687
0.5322507260134444
0.6693820744985715
0.9917679362697527
0.023998150718398392
0.9478265481593553
0.07770322629949078
0.8130710274563171
0.4674027784203645
0.5971813131181989
0.5397701367619447
0.6824064078682568
0.9524336375761777
0.06426754017593339
0.8400951702496968
0.47398463924764656
0.5389616464090068
0.6563973498996347
0.9840237948228605
0.04776074687833898
0.39671167128835805
0.6509270450624172
0.8902760100900196
0.15712250684737228
0.2325622153293807
0.04945491047692485
0.39442925740149803
0.6407770163204987
0.8980728520546108
0.14935007906751707
0.6349527635029517
0.9204917532333639
0.23791373032145202
0.5161170320061501
0.7097093592165038
0.8708606419386342
0.3870664412388578
0.1615491992852185
0.22628451904165559
0.03207846687291749
0.4203232458385173
0.7365459305874538
0.7681018551811576
0.33170245721703395
0.4853220186778344
0.021527736040297896
0.9637981388368644
0.10860494579537772
0.29795330253546126
0.7708129432576243
0.3435059198527597
0.4691160601214506
0.04626509809168056
0.9235220359987579
0.2079481460095849
0.12118310344521888
0.2557133023219649
0.86563442737679
0.4006133284419775
0.13921424277941696
0.15980039446731098
0.2274622185213957
0.0568711363885086
0.3891800630663056
0.6598781377833802
0.9773914159741253
0.05704421579139307
0.8888865219778381
0.1587346322776284
0.23015589130227454
0.05953224343829788
0.3790091136179399
0.6775478329800535
0.9670459282351658
0.09606088616419584
0.7914058278838638
0.3106777492794208
0.2526026284904219
0.3710874554817565
0.3867279383703135
0.16208735859254375
0.7246649226290174
0.7840714570775162
0.292148326523602
0.3097923169552814
0.7568915202573407
0.3607314048567787
0.3961508766806219
0.6552527213643771
0.8779891184531152
0.18103261914802715
0.6969548424822278
0.8212421056523453
0.44732985366135836
0.07699004511232488
0.31589529060875066
0.9624591289611999
0.10218494100263342
0.807530369667802
0.2648659700935241
0.844762599474052
0.41934803331969306
0.241915027203504
0.5242102738120593
0.6975691324041691
0.8264182792045176
0.4398139749537222
0.08827035949798301
0.8575770356110297
0.4245413077005651
0.7068447496567387
0.859623993979767
0.39781890605809167
0.15029328170930967
0.6329424027935602
0.9176441271265503
0.24706702248658985
0.5039106771873776
0.7402237848727964
0.7793237232544925
0.3153740221168846
0.46395008856779896
0.606806958472589
0.5545779300737195
0.6485970491485205
0.8864457788877189
0.16874344710959122
0.7385764036444016
0.7785945194482338
0.3201300627551973
0.4535816374409478
0.6163057869125623
0.5246978851500899
0.6970753886853345
0.8205668572045397
0.44859299808740616
0.0760959945328068
0.3185646049969364
0.9556818659475539
0.11280187050579116
0.7663364359759726
0.33477021715953015
0.9953727429092396
0.013530774624086916
0.9750270134827588
0.03341503458796069
0.9165979545214213
0.24955322648747824
0.0006682374805677682
0.49896700648241676
0.5030102142773103
0.7435274999588728
0.7596505609690212
0.35173217495321296
0.933307883591624
0.20007086521945894
0.5667788836581167
0.5831792572280392
0.6242221236461774
0.501090505043976
0.747338825953193
0.7576376335928217
0.3598126507131383
0.39753649398335256
0.6497202475729864
0.8847326159011573
0.1641613583196886
0.7458810558891855
0.7620067965181079
0.34892550157383084
0.4138367015111726
0.719071436469676
0.79637660109438
0.29837002541171387
0.27020349533995613
0.34066594397882
0.47311655787052587
0.0361747708520852
0.9135093736113049
0.2204036632028874
0.043783211993286386
0.4262647109280806
0.7158346879587043
0.8510449646273628
0.40775865770410746
0.23113067835220136
0.051722405216423795
0.40244997179252096
0.6306626082223374
0.9279984997119755
0.21322261198656633
0.6078851497150026
0.5488646697194781
0.6434654747135937
0.8937779578263871
0.14166143149486743
0.1458771940378938
0.15593904742854647
0.12592323779244907
0.1856192288978491
0.1902583928022068
0.08929935915512033
0.35701679650810547
0.9283380641427357
0.21436450094915926
0.6061797536385711
0.5515677317744121
0.6525983234168962
0.8802328953752294
0.17961250233929604
0.7111415119434241
0.855100832588505
0.4340845279803034
0.6921343900321517
0.8327758146333508
0.49643402043147944
0.5052836123213638
0.7419179236749187
0.7742080603493378
0.32254030846524984
0.45146174464025535
0.5647431083198171
0.5881574908271432
0.6077504059649073
0.5492964085133281
0.6426367168314755
0.8934398579294793
0.143723104003584
0.14180616327212192
0.14562576563912444
0.1555299284227658
0.12680441830889322
0.18399603824946098
0.1926026239816565
0.08499338876572438
0.36857122674700804
0.8845206124533433
0.1647962259594351
0.7445048199442681
0.7640439699171111
0.3458735850872472
0.4167058716120664
0.7498629837937187
0.7503885626792908
0.37416991585632786
0.3761068285093643
0.18473295849980786
0.6945797656080686
0.8291024780774023
0.48974429932422936
0.03076435052207671
0.4382279891578946
0.5925425842578989
0.5970212938264012
0.5409265229827724
0.679912166291615
0.9487882745452225
0.07483341981424019
0.8173109933850355
0.4572418522730004
0.6226544352539349
0.506382949068211
0.737952695810236
0.7665724948747084
0.3340270185144618
0.4950455181824509
0.5148586397699546
0.7198230950161815
0.794226685015019
0.3044752418936696
0.7737252195656765
0.3235386112937704
0.4509539156279061
0.5686774851928931
0.5805116589181125
0.6114078468526714
0.5184178788622376
0.706442523165606
0.860988573753275
0.3953972951276228
0.15250184774049558
0.1305907421919983
0.17849966025096364
0.21415149726090021
0.10723759027314372
0.3029817103233654
0.775751026609214
0.32654593349434435
0.43961673820740543
0.5886198304651771
0.6091355627286248
0.5472299592511263
0.6478553446941078
0.9000306955422275
0.13371620592079125
0.1662145251466427
0.24864828746649437
0.0034446090285200626
0.492870513611706
0.5105644066643436
0.733847260242328
0.7984576228191145
0.27003169010276906
0.8405501856759656
0.4734233586350456
0.035436038771877065
0.4114147911022883
0.7263497985259164
0.7815381052205339
0.296191010507755
0.29860238000401296
0.7698534091177862
0.34129739995114505
0.4761022071761545
0.5319289317412768
0.6707308065961115
0.9877848931064364
0.0171133711701259
0.9577131142432336
0.1219015295500867
0.7543348854524083
0.3643470857932698
0.9056153511919547
0.12686511257197708
0.6838158160971943
0.9429268175153993
0.08460826621740125
0.3710046548221726
0.8869434029620606
0.16167887463234365
0.7252241152746137
0.7850843028863892
0.2892729170853272
0.3082017068809364
0.7622415751393419
0.3483024025335908
0.4111086665361654
0.7226905315474141
0.7870255192974582
0.28734953224193305
0.2837032816896681
0.7926989209081512
0.3093636902049184
0.2541827927052509
0.864543946023332
0.4060572801390663
0.12527297894121148
0.18683102374779992
0.1894184998527635
0.08994754278683104
0.3494152985222172
0.9123811833851505
0.22101542900782079
0.5414595959300641
0.6856581295724027
0.9402131846582051
0.08917623420711607
0.8573817062715534
0.4278547085705213
0.21362563321599737
0.6087606934015639
0.548717910394771
0.644688792526722
0.9040289632393979
0.13162357741384767
0.17509264292311855
0.20488556314376183
0.11355101529625244
0.27864016432431526
0.8202530464914162
0.4532136714551598
0.11703878486878239
0.27383983359322883
0.8234617060224991
0.4502284065820277
0.06974393475684337
0.32983060998958535
0.9890185392287094
0.027701674262061715
0.9427735827339347
0.08557927084621042
0.8680833709950093
0.38500753295375034
0.17041681316914037
0.7380247678956948
0.7663739967101719
0.33431022544391453
0.4946279170399066
0.5136748332588468
0.7216733053210191
0.7920014980190899
0.3100360401440412
0.257380874681985
0.8599984463362489
0.3973758716019802
0.1515839389176108
0.6377351892297156
0.9135059993423056
0.22040853463113308
0.5437748757831287
0.6762159271165729
0.9658969020820223
0.10094381085946225
0.28310571660404094
0.793098828435177
0.30240931728621945
0.2802707069204189
0.31543651764513925
0.4623882532468997
0.10304740263381973
0.805388848122675
0.2605912680446636
0.8588073267892469
0.4235728947678581
0.20779169062734582
0.12140624618041329
0.2553262389556039
0.866811847925419
0.3989513255073689
0.13545159256318584
0.6716936191660352
0.9848291990056168
0.02255759108811617
0.9621962676465046
0.10330221196636558
0.8049769818026107
0.26103274966590106
0.3571996356768068
0.9280653944297228
0.21336106181843206
0.6074750729021616
0.5497057870670687
0.6436875332146883
0.8917672810493968
0.14574273218750022
0.15529869616148062
0.12641718031954952
0.18512245852616616
0.19393453214433976
0.08164719704654999
0.35991650659707375
0.8971178552892525
0.15223252237774432
0.6368845834804233
0.911855848855339
0.22536728729028255
0.5344999420049135
0.6659548319294117
0.9922784493246581
0.011567961191758513
0.9808770831150468
0.05199216806795448
0.9053027924674097
0.126406968513038
0.6851443928317167
0.943946930434322
0.08159999118652195
0.8599970914947335
0.3973743980168365
0.1515883086831309
0.6377262038295157
0.9134971107996535
0.2204448264092207
0.543721321009798
0.67611616384238
0.9662792211747728
0.10111720077111386
0.28191311706905253
0.7958621891739313
0.2999038956477307
0.26690287521341816
0.3337517434847541
0.4983881324878894
0.002356046868953854
0.9943561691907234
0.014201137673808262
0.47235015922342427
0.5399793914111797
0.681729982548859
0.9520023605728056
0.06582969543524086
0.8376251141016837
0.47734889981802553
0.056894811015808955
0.3890225093055051
0.6586160657752771
0.9787197115365416
0.0611524575506337
0.8784322756691836
0.1803908311703708
0.19804144444060512
0.07744478274253197
0.3142354733136017
0.9651606811967213
0.09906524629332125
0.7886577493918594
0.2818533017998561
0.29542021654197015
0.8005215103912633
0.2664040511008352
0.3342496308905538
0.9944712141586933
0.014144802174996585
0.9707490287837572
0.04189268729533069
0.43666934783686884
0.6886081722623203
0.8409872010233812
0.4758176925533917
0.5322432287794072
0.6693930940236896
0.9918200190295465
0.02392958613927476
0.4479904468462337
0.5778922444733325
0.5628472258686088
0.5931910007202532
0.595426955493167
0.5437948646140285
0.6761879999830853
0.9660641951486468
0.10058670997386798
0.7827131818630733
0.29443584437831305
0.803461453440832
0.27711310575250536
0.32455695877433755
0.9427908996294718
0.08568975841626525
0.8679252031433862
0.38512292853556573
0.17031476678675972
0.23646169473067857
0.018224609753815457
0.4570066097949166
0.6094081134360749
0.5233571918215603
0.711178116791416
0.8549854862212669
0.43431840604171157
0.19216196864726953
0.08234712088597007
0.3725100572046358
0.8823922176670749
0.17244127369485795
0.7095835808140691
0.870633571757935
0.3873973801964894
0.16096548447967507
0.22313563918578438
0.03615948327933438
0.4135247232916299
0.7202813960320782
0.793539322912693
0.3013861737563275
0.27784563234308735
0.31711039488436654
0.4578041196218692
0.12139722896972671
0.7551293771830387
0.3670613164722454
0.8988160505250562
0.1358986763516441
0.6691645131504629
0.9912475684541278
0.024812912190100178
0.4470010162622202
0.5711056326108519
0.5725106978206895
0.576536232692888
0.5648220914881676
0.5880691141937859
0.6081058773852419
0.550604872405529
0.6410688273026608
0.8975731545069721
0.1496877574827522
0.6345854088140186
0.9145140073960647
0.2452178840758279
0.5129934387805406
0.7263284213258885
0.7816006095090415
0.2963112813886255
0.2985440719348844
0.7703806268109474
0.3402251430670731
0.47378563025267795
0.03831436805194244
0.9072730071493424
0.23183328527375124
0.05434747369145043
0.3993049717100803
0.634924433164997
0.9206273211166263
0.23807607352500781
0.5159248631098308
0.7102186312840786
0.8689905204810202
0.38322025508387014
0.16723311023088172
0.7470750198117457
0.7573129554220941
0.36086806165985763
0.39520893929875456
0.6531558501592372
0.8793798873084597
0.17677965536131524
0.21822655809228308
0.09531896156840958
0.2935096779547166
0.8014155533455778
0.27820708870422095
0.3165682099352125
0.9587330233480316
0.12378987390547991
0.75327811340685
0.36907187243923545
0.38301871411385946
0.6675830378953833
0.9966398740652949
0.004521255672443658
0.9891855045570992
0.027555190114071593
0.442969184165122
0.5845064486202318
0.6207673002500087
0.5126884801429696
0.7226662565662991
0.787092219106853
0.2871579951024614
0.28407578874612227
0.2921308507793583
0.309713015856687
0.256987496803049
0.3604767178767361
0.39568426326150075
0.15546556893968955
0.6260467586689629
0.9348836434946861
0.1952616241760552
0.5782011791307013
0.6170045628678054
0.5238949920167215
0.6983345499902498
0.825483716558665
0.4451162523473613
0.07838682719739154
0.8665348770446144
0.4003762766660657
0.6328335893631447
0.9179332522908226
0.24619991041254252
0.5056628772581462
0.7404977061669342
0.775724178965902
0.3266357065876946
0.4394859239982907
0.5887853102467488
0.608641292899847
0.5478552635177039
0.6459886339434888
0.9057728897314519
0.12571416731225327
0.6863292920752428
0.9407016822078731
0.0877143123652786
0.8520062028837856
0.4327295891707763
0.20046843789168634
0.0701314385223668
0.328577656095149
0.9913176449772436
0.02470412035472691
0.9470440389995929
0.07064140622969717
0.8237096473167185
0.45074343419400975
0.0689733094186522
0.8319629293982871
0.48456897397409193
0.5230232756875921
0.7114933755947277
0.8540832354919985
0.437119674985297
0.18800837468006648
0.09249813968199305
0.3475055592425633
0.9144707018567715
0.245351733348798
0.5127240091678686
0.726015899766935
0.7828020201995969
0.29356167413061485
0.30132177617633715
0.2779801306896843
0.3172739041619934
0.4571898249560036
0.12277442641789094
0.7566322875791229
0.3626080719695892
0.8923366111994255
0.14489303959999233
0.6536997825896833
0.8824826517957263
0.1728235982300248
0.20902630549971946
0.1200524304585997
0.26483706475119106
0.8448088709556032
0.41930605366360396
0.24207911189296283
0.023592391255078837
0.44895386046846397
0.5750107852800284
0.5666539461235516
0.5833671622385737
0.6248877145117149
0.5001662803115323
0.7497429127106443
0.7507497853366658
0.3733697981806472
0.3774295073526446
0.6816565626941156
0.9521091971546412
0.06554740568390116
0.8371712593943812
0.478369557618862
0.5550875457993243
0.635964922781568
0.9189993251056876
0.2415875610895455
0.5250694646674674
0.6962747841607779
0.8222860734094866
0.4521175226836931
0.5655218358442653
0.5872025495627895
0.6033208359731361
0.5549476175801829
0.6360686953412369
0.9199165190802887
0.24024788395036012
0.5263392861525062
0.7021901693078689
0.8139003301912453
0.4664968785364181
0.10042543135932647
0.2846611220447812
0.7905373081739526
0.30540282744914293
0.26054651240701787
0.858661131496774
0.4236618174472824
0.2075085909164045
0.12209767496096902
0.2572677932039369
0.8609204279782716
0.3951387442066334
0.1528391764150001
0.62962485459866
0.9265334424271714
0.21517639327794313
0.599094658595277
0.5386098041199148
0.6568984656478278
0.9833680138399359
0.04985025932546705
0.892013822827721
0.14620140864280984
0.6551454375148751
0.8783038084802683
0.18131571251433343
0.696286939230049
0.8222716559539549
0.45213551525375806
0.5654469173459802
0.5873592693242244
0.6031374922895338
0.5551924717146903
0.6354567984235473
0.9217498362704646
0.23474537022411823
0.5226339278451633
0.7121273456141353
0.8526314659393393
0.4309522114635911
0.6970697925717104
0.8205755982780829
0.4485627942485735
0.07616395704098977
0.31838305175188
0.956003609840991
0.1123791562858969
0.7669094608572777
0.3339495043037459
0.4981514868850354
0.5027378375816625
0.7453875427599996
0.763501659326721
0.35004302064771764
0.9082831084087957
0.22935522405896336
0.5619117421156261
0.6266109935822897
0.9344568262749817
0.19156789523549378
0.5837340427970048
0.6237876269733533
0.5032756543951109
0.7440789575921372
0.7579974915133789
0.35506825998891145
0.4341791953484062
0.6919309284712654
0.8326747352257371
0.49705100938444957
0.003963807190302759
0.9901174833648838
0.029472062917193398
0.44014818922732957
0.5897011166962329
0.6058941771625541
0.5519436328613665
0.6553606179077178
0.8763253631186672
0.1854770262434613
0.19356856777449138
0.08067124840454198
0.3628446531656664
0.8912606991652865
0.14735375926829875
0.6515202767623123
0.8879229560261592
0.16313535172957927
0.7201084742846433
0.794577702821698
0.30361299225478433
0.7764985782850999
0.32535585039295256
0.44457576735294424
0.5791144947579596
0.6147219000267796
0.5307959789352026
0.6881486955098808
0.8427692509139888
0.47169162970385514
0.5405013220442925
0.6811874934355728
0.9459575925429817
0.07321664260234684
0.8271857329236809
0.43887453427305445
0.09153535502264276
0.8503936057095416
0.40944904831121676
0.7283459455065895
0.8051174803404137
0.26082935195881873
0.3567940105276648
0.9296178044460248
0.21114658191800117
0.6050844471610617
0.5591349061578512
0.6295409974991344
0.926643955608597
0.21500636753626168
0.5993649566953536
0.5378426298266277
0.6595443506957963
0.9783956358442083
0.054865553858689964
0.8864286543393973
0.1687626537750475
0.7387381501612253
0.7784131006046664
0.3196237552911043
0.4548857388726901
0.6135505019046832
0.5286393029382452
0.6952533923322335
0.8282117535127327
0.4920493095414713
0.02385071772732772
0.4484460886742454
0.5753157222934533
0.5695823220303282
0.5799507439369336
0.6136609994573519
0.5284753536107019
0.6945606010267511
0.8291593230096623
0.4896283970447257
0.03093395722680725
0.4384427638433408
0.5918928422324825
0.5964707637904212
0.5422708672704175
0.6853385890135542
0.9436402729479596
0.08035629626829177
0.8616113119351212
0.3928776597022079
0.14283644693205133
0.6429170494084246
0.8929840698547196
0.14281556010246277
0.6430759876675438
0.8942708224058151
0.14140626037260517
0.6467448399052955
0.9007160773908254
0.13916001876350492
0.6582035321334843
0.9794914416852407
0.061524481599917635
0.3764622633170802
0.6850660366762895
0.944076799089089
0.08180935244308785
0.8597049246891402
0.39792639584629796
0.6499594028864522
0.8834347606170923
0.1669054197263904
0.7492441725335084
0.7510086270922329
0.37247896869666874
0.38255761735490523
0.672634859016398
0.9592936906847171
0.11958835189579986
0.26379349947092123
0.8464361855585594
0.4173574356827885
0.2479276902449783
0.0060362353979144245
0.4870086332957726
0.5193563350767363
0.7035623636329547
0.8662868001265451
0.3997198549332097
0.13473405936383642
0.16415704783867113
0.24588885906268843
0.012017473491141573
0.47388558110105805
0.5389188747212756
0.6566711893538013
0.9835900169564411
0.04792229749727994
0.8958270411530975
0.15619256085483357
0.6250842502922751
0.937358350813156
0.1879249046323821
0.5929629114980344
0.5948066363926046
0.5442963688110467
0.6795881245052442
0.9610827184515074
0.10511335090268403
0.8094920899311546
0.2541409071418457
0.36477173218736425
0.4049827245180495
0.1287243309780024
0.680142410157714
0.9483408740197774
0.07547145744320005
0.8201109218935017
0.45341961755184457
0.11648198316106573
0.7752128628198989
0.32076125775347464
0.9483600929670502
0.07545177254360169
0.8201639616454486
0.4535269790212624
0.11643098929198459
0.7744481819099747
0.3216937310935464
0.947017139318632
0.07105787436012179
0.8226076223945711
0.45157196203945205
0.06467505783075467
0.8384350385167636
0.4840234970615711
0.5477616400748957
0.6467102725291625
0.9009288669330999
0.14028659847099334
0.6571113817917649
0.9825907116173767
0.049519929190864787
0.39440892011043616
0.6409919800062198
0.8976423817221075
0.1495994136785157
0.6338753085001372
0.915388291788986
0.24406679230742157
0.5080143095401581
0.7300877737579867
0.8091036864789203
0.2546042181784287
0.36411703276098706
0.9027606725867372
0.1300956765189767
0.6788035533099901
0.9622013862244785
0.1033247119630687
0.804954974737484
0.2610579463362228
0.8573735147074331
0.42780285386834294
0.21369958939612843
0.10887847768026404
0.298364565736847
0.7702104648633394
0.3406482932041399
0.47309541777940467
0.03619837615406141
0.9134109039441682
0.220699663128471
0.0429738903476391
0.42772641938063316
0.7168206989590544
0.8466282377485186
0.4170674358610995
0.2473784759058617
0.507775470672641
0.7344753368233796
0.7732478309189901
0.3361904724733904
0.47983728084363975
0.5604786195035558
0.6310531729832292
0.9243899373686872
0.20661097168340348
0.10994125207071193
0.2720836202206556
0.8393835425085854
0.4811474680900574
0.05159077045391314
0.4028229415707756
0.6299076526483987
0.9291524143773131
0.21246644071652554
0.10213577051763423
0.30722929039620794
0.765191897720797
0.3443683832883835
0.42081757631967776
0.7375460788898636
0.7666084876982495
0.3334826045902446
0.49953119983547367
0.5006992509297561
0.7488776175305247
0.7533276467001997
0.3688791334570851
0.8835966666520108
0.16628489887807518
0.7483658193668816
0.7523824574309401
0.36922702155425213
0.8895107214630116
0.15959219506476074
0.7282320744416211
0.8055381329613738
0.26014339140965603
0.8575799693644512
0.42453605926129967
0.20681996634812094
0.10965925475466065
0.2727650101587642
0.8376497930439655
0.4769225557683967
0.05799167143413797
0.8883466285769828
0.16308509369264357
0.22168090756167658
0.040525260294089094
0.4311585083778482
0.6960316719778348
0.8230159798404202
0.4524719953769818
0.06443960304022767
0.3398632502357941
0.9745760695368517
0.037207904853858054
0.9089679353928659
0.22977838868973777
0.5603540526353754
0.6311323676200118
0.9241355587728322
0.20553053420735523
0.6114331929129548
0.5183589313819539
0.7063176846131682
0.8611606000340544
0.3950114041508641
0.6533446838438977
0.8822714189300314
0.17341129470150918
0.7075950951839332
0.8716440421412699
0.3794836633314844
0.6763683356402908
0.9653630835819058
0.09831106904312037
0.2861213046417106
0.7851716993900482
0.28707081539323553
0.2872243710444309
0.2839456776273437
0.29234266880666837
0.3104712833301164
0.2560641940799542
0.3619340243167244
0.39405630674446
0.14133264549309388
0.6472501424723305
0.9016524298058357
0.13848618092015386
0.6623609407979529
0.9710543497931212
0.041404042684007436
0.9356935372925363
0.19007138125016354
0.08976295639877208
0.35571078830980696
0.9272521026141476
0.2175161987543106
0.5974295958585571
0.5393853113055229
0.6830921284272335
0.9507016950228717
0.0690489315893501
0.8318952604604419
0.4847618363564834
0.022612506669247523
0.4620391863572877
0.6027155553747434
0.555856071645394
0.6338596151326783
0.915351925388677
0.24409092031419277
0.5078851459256839
0.7302910862490535
0.8090427978313528
0.25500049217953347
0.8664681003720034
0.4002445969963446
0.13321226174593903
0.16721458194660954
0.2471247450739611
0.007211032934719697
0.4860019320331048
0.5205002818547655
0.7148550142301247
0.849590542842634
0.4121602709637955
0.22158802408375777
0.04211441540974192
0.4347531730600167
0.6945197669847403
0.8291915447334759
0.48959582377574407
0.5311681725142989
0.6877427829313092
0.8432651186303701
0.46947535453364253
0.045664411707548425
0.42515521196764894
0.7050024534401018
0.8634861756581813
0.4039260668796487
0.13136025558924302
0.675513367226813
0.9538891886768397
0.11552215355914086
0.7756866069103125
0.3264411908457987
0.4397717945394106
0.08832038420950994
0.8575095367268659
0.42466376986703835
0.7064719380869064
0.8610522315721028
0.3953589097072836
0.6527484919934068
0.8801223087939434
0.17872350578545593
0.212378704251023
0.1030589135189075
0.30534105774131604
0.7607343301933724
0.3584216663148254
0.4232897072506603
0.7085702069161925
0.8736027313279919
0.3784975284652319
0.6802842202887405
0.9477737998822704
0.07784690603148192
0.8133288874814752
0.46720041072694585
0.09591785731026903
0.7915470314328559
0.31218628396163695
0.7509397771500517
0.3731476914836094
0.377739771414781
0.6828712683345657
0.9510328369215131
0.06877386517589912
0.8302798285731114
0.4869239298568573
0.5190646690607537
0.7038224829593673
0.8660716087324545
0.4017850199015811
0.1383921407687012
0.1629485776356887
0.22209176703472622
0.040733137546340004
0.4305346549663227
0.6976425729517359
0.8263376748654991
0.4401764257927425
0.08962458599125966
0.8557878379360773
0.42718849968514405
0.718346166802803
0.8443399832467549
0.42047109160921536
0.7379151847271714
0.7665401745471172
0.33416836624382995
0.9947187539946754
0.015230754157528281
0.96927981855697
0.045590053661726415
0.9257249065267388
0.2032053386210464
0.6170630707056262
0.5238101010618266
0.6984136773971841
0.8253941090079024
0.44444953615311533
0.07936980659724213
0.3650606369774323
0.9047321812540758
0.12702471355441958
0.68244680101634
0.9525832926738076
0.0640411959902849
0.34044635624741204
0.9731675914081279
0.03583879297366366
0.9109619400114752
0.22308772927499376
0.036213962273905054
0.4134515283803921
0.7205828749865759
0.793148260214366
0.30243450112175196
0.28011191278346814
0.8159140848729294
0.46241399529390037
0.10226974202669226
0.3074098023644183
0.764926605130313
0.3454980361275375
0.41826827518525533
0.7395160838786978
0.7811007092241198
0.312905905127991
0.4680104329599999
0.09473679965594783
0.7944181187194772
0.3042453159287106
0.7740702433802653
0.3231444930424914
0.45227874038391747
0.5636395672045182
0.5910636987537146
0.6005870056687854
0.53271223520278
0.6694410752970725
0.9909519383800216
0.027121773426188156
0.4495477918826509
0.5678495903557632
0.5855041175964288
0.6178060407692101
0.5106607463676482
0.7336421551299281
0.7978521664335858
0.27099506091326475
0.34326481583411805
0.9694757531688083
0.045663342461921275
0.9251494620984886
0.20501014142064378
0.6134747090400197
0.5288843431917485
0.6939103248296306
0.8316315190168098
0.4849590618396178
0.022008133033523336
0.46451479589450173
0.6064160666719545
0.5508251177379861
0.6542263067094609
0.8810682223411277
0.17442227492574602
0.7065901578462217
0.8600059041636996
0.3973681010247674
0.6514929593831766
0.8878709558630362
0.16328020475339144
0.7197998670453671
0.7942546854610555
0.3046466259693261
0.7735587660281453
0.3239757858100347
0.4495821456075646
0.06775607663439587
0.8356186448945664
0.49312293538241647
0.5098840592254419
0.7331597211305052
0.8001621657167561
0.2674822527624201
0.8321662359230686
0.4977175499079749
0.00680920309969224
0.48734292641165666
0.5170247962523717
0.7086909378413111
0.8738453437690623
0.37837969508836977
0.681267164676683
0.9458114019362256
0.07298008736688644
0.8279335402476136
0.4377680112957023
0.09308761643478647
0.8456512329285033
0.41803799007902853
0.7400613352947403
0.7797390333143994
0.31451503571588546
0.4637129210459534
0.608858614199562
0.5483815101906657
0.6451996205723844
0.9032635480107274
0.12898736493662
0.6776117186236661
0.9671646801289171
0.09588335483567789
0.7916908482438885
0.3123378395976033
0.7504864712536801
0.37402611470315605
0.3764603286108468
0.6850717963825446
0.9440674032084644
0.08181975845945999
0.8596596930292435
0.3977658408402931
0.6501473016396631
0.8831772120902315
0.1673605105606839
0.747736554738367
0.756789734296035
0.3623663474281784
0.8919361861480866
0.1464568913797848
0.6543361626681872
0.8778620459779631
0.18280918709933758
0.7002658275596332
0.8196488274261355
0.45502839743858203
0.11335413862252608
0.7791187395923771
0.31880865487619303
0.9551938171789516
0.11206984578166157
0.7688983668631408
0.3300126820686273
0.48847740242490545
0.028876253694761544
0.9439268800779246
0.08165103950886987
0.35988421345246024
0.8971844429906923
0.1521938492078334
0.6371264083718415
0.9113746810471639
0.22559214674402028
0.5327031436900143
0.6694496191921644
0.9909270043426659
0.027216264279559255
0.9495987387781497
0.06753737514372915
0.8351848825404886
0.4932245734962635
0.009156770131085068
0.9782071870868094
0.0556074287451338
0.3848462384485174
0.6707732108479831
0.9876755133154802
0.017261964356293902
0.45797448538360186
0.6211923600931186
0.5056473093573004
0.7405213520978577
0.7756845932162832
0.32644415460526943
0.43976472594658844
0.5883367238857318
0.6075290007283911
0.5495829485589638
0.6438842107309029
0.8925558953778818
0.14458736137021333
0.6541895653645042
0.8810134466621093
0.1745420779043343
0.20683757335064
0.10964607613277622
0.2727713662025053
0.8378512666386086
0.47668057470582426
0.05836129779345356
0.38705955669865943
0.6615370681683999
0.9762879782356322
0.032027858949732035
0.9202126421150751
0.2365933865949046
0.017908716603415087
0.4555510421341751
0.611374053376494
0.5184552455320954
0.7062004147446714
0.8604834169091191
0.39567408757284284
0.1555046389985364
0.12599392214906402
0.18501526143518277
0.19493445687112398
0.0786291079421062
0.3659272606309969
0.9022175569843967
0.13709732866846025
0.6612893048149999
0.9758050882956013
0.032263086759485304
0.9193442062532995
0.241922702814918
0.5242295018979348
0.6975117089168634
0.8265332314185798
0.4398338577593677
0.08804422133835033
0.8581365490681492
0.42559018879546784
0.7033929643512238
0.8665256990352646
0.4003438026411459
0.13287651925929822
0.16780965562793426
0.24656030422192998
0.004937264398904517
0.4915860088367481
0.5250642823812086
0.6962816820014268
0.8222764561069198
0.4521312028809916
0.565481388970511
0.5873056490672752
0.6031642436282709
0.5555731217609718
0.6349934536265209
0.9204589418368414
0.23793137178290635
0.5164996955136303
0.7091361947241239
0.8697520057612564
0.39056145143695176
0.15644064531079493
0.23396313228295185
0.04747742341714911
0.3969964394636918
0.6520481979532633
0.8875263702939264
0.16058674533269368
0.2237183883844409
0.0384300222794991
0.4081366234750021
0.7306655232387129
0.8023094990639947
0.2798710075148847
0.816023791936459
0.46147452224977314
0.10414247386506759
0.3123986911086831
0.7501510057772975
0.37463614996522665
0.375909836468054
0.6857442087784875
0.9400055321166292
0.08944037172477692
0.8560575956071261
0.4263244324247353
0.21546228864463046
0.5985513883060776
0.535399926448008
0.6616217852570117
0.9753406380186789
0.03491524685523473
0.4144228048680816
0.7454912794928532
0.7633470022119582
0.3505839516292326
0.40918564499588683
0.22801447327947244
0.5561711686314084
0.6334998899546918
0.9168608802137896
0.2494148873956874
0.5016003601776902
0.7469814186333679
0.7541306345665362
0.3648050215560943
0.4049132408981677
0.6288321096508298
0.9298881098511629
0.1988396021479275
0.07472438298282214
0.3170953558583278
0.957873929553898
0.12147572380490601
0.7550265266036149
0.3663595471298322
0.39954804550507106
0.6339464422489982
0.9152597868815064
0.24319607898360118
0.509197780454997
0.7282605847285595
0.8054471709765494
0.2600751665304415
0.3578687317785807
0.4239469454041682
0.2058149297372438
0.612659971055109
0.5174834127246868
0.7071580304764211
0.8727303414489143
0.38180336807272397
0.6749023538141046
0.9543783414992504
0.11503080194233917
0.2796017241489608
0.8146982023317832
0.46325497911311686
0.10779085228568874
0.29900659472332336
0.7682620605628472
0.3318550386466086
0.4848185178998392
0.522572875750484
0.7121884210500866
0.8533334157546051
0.43014344057883136
0.6983364653133322
0.8254808661295101
0.44512720697093755
0.07837568331160583
0.36656512806075625
0.9002853920974303
0.13295447954442352
0.6676294185745064
0.9969536726712249
0.004080611368408427
0.489955411554547
0.5301337444980163
0.6908480806741863
0.8376120052416809
0.4773983158811461
0.5570576172613073
0.638884547050111
0.9087843849556521
0.23002387315500528
0.559256292093778
0.6298482727142982
0.9258845272415783
0.21660356898792088
0.5998838188534137
0.5335086066043004
0.6664728625910357
0.9981399300741032
0.0027280516223981977
0.995411471609259
0.013455023232381791
0.9749188712448813
0.033650101482635364
0.4161346833279822
0.7487835643987637
0.7532854401506484
0.3690485169063322
0.382936236273963
0.1676604789099656
0.7470134394825436
0.7539876991359051
0.3651119488058612
0.4046639764274005
0.6271345072600525
0.9323144766967744
0.20296823541866615
0.5629696975811385
0.592823719693115
0.5951202239375561
0.5445597575162537
0.6786397080577444
0.9640805777162313
0.10653721069684252
0.8040002761990763
0.27519382661557756
0.8205765689781401
0.44857421348569915
0.07614672422641888
0.8183965045609511
0.4559661863313522
0.6125269574404228
0.5166562391677871
0.708383557270281
0.8746719398768619
0.37597273814026266
0.1855583478754852
0.1904048353608232
0.08890351004083641
0.35684476178721525
0.929423743596999
0.21172875980846584
0.6037662721646484
0.5609011187916622
0.6273360868217424
0.9317823300370947
0.2018095104722306
0.5662885160709266
0.5861097794841044
0.6051911347021814
0.5594216681784019
0.6293083858909085
0.9269780988106504
0.2178068346111104
0.5951323063636664
0.544671646959614
0.6784749262442347
0.9642130829161033
0.10736067418474704
0.802917900175089
0.2759695909335278
0.3277295642183162
0.4380320811760612
0.09245893213665113
0.8476205785409547
0.41416887458763085
0.7458960408403073
0.7619847671012394
0.34896382395527326
0.9140447121171746
0.21880332118598744
0.5467760330648161
0.6720080686209258
0.9606138895032927
0.1181535628857091
0.7597923527064268
0.3583430796279572
0.4248867631540634
0.20446285587968305
0.6151270572445355
0.5294509372615721
0.6901671153027564
0.8396501148235984
0.48073971128906123
0.5520684738003183
0.6562102985335514
0.8751167199807242
0.18726936087477952
0.6878382984141354
0.8431814230862074
0.47045543146668933
0.5437062469136436
0.6761397810187191
0.9662094789673574
0.10120756502146833
0.2821468836918939
0.7951555910112802
0.2993462867452763
0.2692279667244293
0.3289451820892282
0.4906978238723241
0.025426964333746582
0.9520595644717105
0.06565404680441134
0.3369730562262703
0.9779113753756974
0.05632223951397464
0.8837458002963103
0.16612617354257964
0.24879478340153582
0.0032573013158980757
0.4941336558840703
0.5078228302591015
0.7304530123947188
0.8086409625830129
0.255757080973126
0.3653838819882367
0.9010051043878775
0.14055394334718585
0.6564631692308467
0.9839789371471852
0.04740793938981369
0.8971437829895876
0.15229948991327547
0.13682994784903713
0.1618924497452099
0.2249189934518654
0.033650378027232364
0.4161339386191685
0.7487849018361885
0.7532865351531655
0.36904401920037344
0.38294965255772695
0.16763349814573303
0.7470542032388039
0.7539532663940918
0.3651330634020269
0.40444787286105566
0.6275658577505965
0.9335269967559725
0.19941615062998608
0.567935019673314
0.5845579505839851
0.6207061705645174
0.5122610035468824
0.7232766593515407
0.7860562070272863
0.2853860451723449
0.2866421908256598
0.2878062766394578
0.2850183146656491
0.2894763046060689
0.30781948746880516
0.2628151737735607
0.35083669965388253
0.40806873742258176
0.23085152549901977
0.551900758233387
0.6554242702841293
0.8761012344621122
0.18474941764725372
0.6945307355490513
0.8291677082597744
0.48958580335602164
0.03124256871524267
0.4375110834662337
0.5937314073380549
0.5938002963084728
0.5467803774517961
0.672001183469547
0.9606222799047828
0.11813315883046016
0.759857697004918
0.35819881278439425
0.925098385225283
0.20484934432897717
0.6136091248190496
0.5288012290257029
0.69483501240029
0.8288402170874178
0.4910184104810469
0.026636850845534354
0.9510034066042863
0.06878844377934001
0.3301660784345586
0.987157376279356
0.018957775318995118
0.9548072715697344
0.11405184853356332
0.7776450516248588
0.31763848633272573
0.4607904859003611
0.11759035143768415
0.7609579433337785
0.35648586120805703
0.9291379036440048
0.2125862703542225
0.6023849442717619
0.5571004417433869
0.6387125300243497
0.9091185847646557
0.22967549561872147
0.059661485749529675
0.38217216232442297
0.6737505346245598
0.957263857126236
0.12257407599827275
0.7565532178268768
0.36315216854563914
0.8910016048757825
0.14762796013383195
0.649644059187267
0.8838093200174626
0.1654958965955302
0.7437452749873046
0.7583442439208739
0.35417802337906323
0.937465254595736
0.1876035530003719
0.593556045612786
0.5940213215944823
0.5462081412551925
0.6737868842901662
0.9571498507866636
0.12280787888448685
0.7562176139617804
0.3617180806468241
0.392709874373395
0.14323295134818181
0.6445197295979597
0.890640484954929
0.14839889423456043
0.6485526130127255
0.8864849702804349
0.16831913226633333
0.2396713549096603
0.030964782723458484
0.4383508807804901
0.5921684338536579
0.5958772173617035
0.5417133740265854
0.6873597078665625
0.937915937975049
0.09298481320729479
0.8448246894986369
0.4192229670879897
0.7419825996330474
0.7737361473846249
0.32349503281875513
0.9510280448303092
0.06878013594541699
0.8302698777115438
0.486886341299396
0.019113538379315287
0.9536819519125856
0.11579512394382618
0.2769279633939732
0.8247737499477807
0.44197666266700253
0.08263660600641742
0.8715966696036048
0.37960997826303355
0.6765558440529276
0.9651389521313831
0.09890621819067746
0.7888831507007126
0.28170022106496617
0.2960012918920256
0.2981533122365363
0.27124522434314713
0.34215455321827903
0.47109356039436534
0.041146888805087656
0.936196239257697
0.19140074829920195
0.08595137720112689
0.3554417161794845
0.9336327360651921
0.193292785435915
0.5841815154708456
0.6196936126798391
0.5152210322557949
0.719340543349972
0.7954683874268085
0.3004220796865411
0.26652686338638887
0.33418746950337663
0.4947472748463042
0.015142211632337421
0.9694732204661705
0.04567950576893054
0.4251234050898347
0.7050195384945255
0.8633685922250152
0.40415632113581523
0.13127566274488345
0.6740386267774738
0.95566254350706
0.11282755387946963
0.7662709660071414
0.33493797364644706
0.49514793170965277
0.5131068396440241
0.7263037750381045
0.7820042349339928
0.29525316366925836
0.29929893065127544
0.7676305331115145
0.3309584765229374
0.48743941853172146
0.5167616143880878
0.7082218548166566
0.8740683445648756
0.3763898457400501
0.18526260621729307
0.19421215986949392
0.08142339743790217
0.3610186705191154
0.8954589127388317
0.1524093470070511
0.6306956208718475
0.9282200917368755
0.21289801795501262
0.6083835313620511
0.5498269944800995
0.6420532763877418
0.8960962144192308
0.15484051435487345
0.6285542467958294
0.9305755138339009
0.1974879582412541
0.5767146746802609
0.5660488603170961
0.586831093125511
0.6037535662471782
0.5610442175529897
0.6286399333621375
0.9304759547521826
0.19752441754098982
0.5765093836525921
0.5648614235105924
0.5881249169760849
0.6079396803397685
0.5504790542763658
0.6414425377442967
0.8969515552744269
0.1504443897283636
0.639537034148816
0.9093448581115808
0.22777469782158732
0.5556882477540057
0.6342257473152131
0.9155961529468186
0.24274791587959044
0.010327255382435396
0.48395177992642857
0.5474448606546503
0.647093472070992
0.9018592307693325
0.13744361847057007
0.16089998607640155
0.22300377176725306
0.036549692013068125
0.41378705578972585
0.7195751349499915
0.7953310964512639
0.29906395319267176
0.7680910039052833
0.33173399849329144
0.48517919043661095
0.521924842352746
0.712957767304033
0.8582326236064546
0.4252802616392728
0.7046088729111943
0.8639680065098219
0.4031903977447655
0.6292956557881553
0.926890799542889
0.21793896734016016
0.5949617134756409
0.5439716108085122
0.6791501701809466
0.9624677483807318
0.10213147182366811
0.307247659569839
0.7651412135164719
0.3444717959500849
0.42068140555056743
0.7376148260955233
0.7675391344819218
0.3321469075162895
0.4978121057501994
0.006203116907272488
0.9867506872978993
0.017773970466805622
0.455634997721063
0.6128694607468788
0.5162273616879247
0.7094960250833537
0.870798816671595
0.38752725563244894
0.16058379638707265
0.7237238530651666
0.7884231646021362
0.28312354104127735
0.2932020590233151
0.8022736506245565
0.27997222170233727
0.3162437732971739
0.9614247586869169
0.10449525236617774
0.8100520215521101
0.2573330860468559
0.3600862222374417
0.39727052982198074
0.15162226738175377
0.6385322027490474
0.9125277305429336
0.2209129020338878
0.5416069944913033
0.6870630185003392
0.9381392596696969
0.09265351330395788
0.8468574277649168
0.4152358781429939
0.24322718108305708
0.5091196962748654
0.7285002041317057
0.8047337420284748
0.2616186420782469
0.3556150850490667
0.42737730109365657
0.21769009850686416
0.5969185992726125
0.5400540424452629
0.6811226573772728
0.9468215747619979
0.07097070370218717
0.3231990005879197
0.9522589195694309
0.06373635586351156
0.8416359140246641
0.4750910229049623
0.03321211665752344
0.41697093451512046
0.7490776593622286
0.7513527174014598
0.3727247415226884
0.3818231527111493
0.1748233279795386
0.7045447093551047
0.8648595418490004
0.40481102280318737
0.12861371316830628
0.18048846258898266
0.19770849999622442
0.0762855184439104
0.31520959807676263
0.9641809894528706
0.10736982733942568
0.8028046659601387
0.276192533201538
0.3275855948741082
0.9390393669891637
0.09039558819495142
0.8482321652991232
0.4107476690551266
0.2231956959294621
0.035796054609818384
0.41101376156439073
0.7228329171484802
0.7868127852561884
0.28791188550530933
0.7846160021435935
0.29059670283459127
0.3052471208793577
0.7603294955624733
0.3589495249907486
0.42245142796309665
0.2095691817230545
0.6206427640863694
0.5123608620779123
0.7236154335550964
0.785208058252465
0.2870125219633337
0.7872448753623758
0.2838467333349399
0.2929490870446898
0.308652566105593
0.25574394123395905
0.3654052001074888
0.40107846522005275
0.14049326948588714
0.6566451914259233
0.983522570313653
0.04802963463589549
0.8957059762615245
0.15533476579003036
0.6263115548936184
0.9355181175051257
0.19340173539239913
0.5809833907114808
0.6125173856853507
0.516694489022484
0.7082954284269363
0.8748079331708141
0.3752704192593228
0.6868406636931468
0.9393967812648043
0.08992408926133066
0.8494849436974619
0.4124819731223397
0.2208746211254038
0.5417026910581626
0.6873694291280117
0.9378903903998435
0.09290498465998098
0.8448869593557902
0.41918524957145564
0.7412229497276712
0.7748761576367542
0.3218123308615759
0.445958078984404
0.5732155714358669
0.5771845346316695
0.5638794018304907
0.5915243454219308
0.6003823787905276
0.5344845314393751
0.6657723308017012
0.9925519566750154
0.011110996012575924
0.9821126825700048
0.05366161576239392
0.9014332714141347
0.1380231895891484
0.1640551331511233
0.21876079609501176
0.04685778499697335
0.42192656980478205
0.7108410047076177
0.867324311286211
0.38638460444053635
0.1689267214969732
0.738331544038374
0.779202240955783
0.31848557433113456
0.45573948763194494
0.6132502823893446
0.5157172123435885
0.7107380231027491
0.8674807548231911
0.3860030174255371
0.1697585582442116
0.2407195568375755
0.025394797237822786
0.452138304914115
0.5654599066183437
0.5873422032454982
