3.814697265625e-06
0.9999980926222634
0.9999952315993141
0.9999918937392067
0.9999797343916725
0.9999693631834816
0.9999234080023598
0.9998697936243843
0.9996744841046166
0.9995117112703156
0.9987792782194447
0.9979247729934286
0.9948119325272273
0.9921568627178203
0.9803921568382066
0.9666666666453239
0.9166666666569654
0.8749999999417923
0.1874999999126885
0.46874999985448085
0.671874999650754
0.9921874994470272
0.9804687486612238
0.4667968728754204
0.6669921822031029
0.999511710338993
0.9987792758911382
0.9979247708979528
0.9948119272885378
0.9921568482241128
0.9803921206039377
0.466666634863941
0.6666665871744044
0.9999997615523171
0.9999994039244484
0.999998986691935
0.9999974667734932
0.9999961703724694
0.9999904259748291
0.9999837241775822
0.9999593104876112
0.9999389638833236
0.9998474097519647
0.9997405965987127
0.9993514915404376
0.9990196078142617
0.99754901957931
0.49583333331975155
0.7395833333139308
0.8593749999708962
0.6484374999708962
0.43359374997089617
0.5839843749417923
0.7490234374126885
0.372558593575377
0.9333496090839617
0.3333740227681119
0.9999389637669083
0.9998474094609264
0.9997405963367783
0.4993514909001533
0.7490196060098242
0.37254901506821625
0.9333333293325268
0.3333333233895246
0.9999999701685738
0.9999999254650902
0.999999873311026
0.9999996833212208
0.9999995212710928
0.9999988032213878
0.9999979654967319
0.9999949137854856
0.9999923704599496
0.9999809261935297
0.9999675745493732
0.49991893643164076
0.7498774509585928
0.3746936274401378
0.9369791666395031
0.3424479166569654
0.9824218749708962
0.9560546874708962
0.9291992187208962
0.8229980468458962
0.7186279296583962
0.29656982418964617
0.8666687011136673
0.166671752842376
0.4999923704599496
0.7499809261644259
0.8749675745202694
0.6874189363443293
0.9686274507257622
0.9215686268580612
0.866666666144738
0.6666666654055007
0.9999999962456059
0.9999999906576704
0.9999999841384124
0.9999999603896867
0.9999999401334208
0.9999998503772076
0.9999997456616256
0.9999993641977198
0.49999904629657976
0.7499976157560013
0.8749959467968438
0.6874898670357652
0.9687346813443583
0.9218367034045514
0.86712239580811
0.6678059895639308
0.9978027343458962
0.9945068359083962
0.9911499023146462
0.9778747558302712
0.9648284911818337
0.9120712279982399
0.8583335876173805
0.6458339690871071
0.43749904629657976
0.5937476157560013
0.7343709467968438
0.3359273670357652
0.9960784313152544
0.4901960783463437
0.7333333332499024
0.3333333331684116
0.9999999995052349
0.999999998806743
0.9999999979918357
0.999999995023245
0.9999999924912117
0.499999981286237
0.7499999681895133
0.374999920517439
0.9374998807616066
0.8437497019476723
0.7343744933314156
0.3359362333721947
0.9960918351425789
0.490229587914655
0.7333902994578239
0.3334757486882154
0.9997253417677712
0.9993133544630837
0.9988937377638649
0.997234344453318
0.9956035613722634
0.9890089034743141
0.9822916984267067
0.9557292461104225
0.9296873807616066
0.8242184519476723
0.7167963683314156
0.2919909208721947
0.8745098038925789
0.18627450978965499
0.46666666664532386
0.6666666666278616
0.9999999999126885
0.999999999825377
0.4999999997380655
0.7499999993597157
0.8749999990395736
0.6874999976425897
0.4687499960127752
0.67187499004649
0.992187485069735
0.9804687127179932
0.9667968116409611
0.9169920291460585
0.8745114793709945
0.686278698471142
0.46667378742131405
0.666684468567837
0.9999656676955055
0.9999141692824196
0.9998617171950173
0.9996542930311989
0.9994504451460671
0.9986261129088234
0.9977864622778725
0.994466155738337
0.991210922569735
0.9780273064679932
0.9645995460159611
0.9114988650835585
0.8593137254647445
0.648284313705517
0.43333333331975155
0.5833333333139308
0.7499999999708962
0.37499999997089617
0.9374999999417923
0.3437499999126885
0.9843749998544808
0.9609374996798579
0.933593749476131
0.3339843737485353
0.999023435608251
0.9975585890642833
0.9958496014296543
0.9896240036177915
0.9843139348959085
0.9607848372834269
0.9333342234021984
0.33333555856370367
0.9999957084364723
0.9999892711348366
0.9999827146239113
0.999956786603434
0.9999313056177925
0.9998282640881371
0.9997233077592682
0.9993082694418263
0.998901365295751
0.9972534132830333
0.9955749432265293
0.988937358109979
0.9824142156576272
0.9560355391877238
0.9291666666395031
0.3229166666569654
0.9687499999708962
0.9218749999708962
0.8671874999708962
0.6679687499708962
0.49804687497089617
0.7451171874417923
0.8666992186626885
0.666748046700377
0.9998779294255655
0.9996948236075696
0.9994812001532409
0.9987030004267581
0.4980392418510746
0.7450981046422385
0.8666667779034469
0.6666669448022731
0.9999994635290932
0.9999986588663887
0.9999978393025231
0.9999945982999634
0.9999914131767582
0.9999785329855513
0.9999654134444427
0.9999135336547624
0.999862670636503
0.9996566766349133
0.9994468678778503
0.9986171697382815
0.49780177694628946
0.7445044423802756
0.86614583330811
0.6653645833139308
0.9960937499708962
0.9902343749708962
0.9833984374708962
0.9584960937208962
0.9372558593458962
0.8431396484083962
0.7333374023146462
0.33334350583027117
0.9999847411527298
0.49996185294003226
0.7499351500009652
0.3748378750460688
0.9372549052059185
0.8431372630584519
0.733333347219741
0.3333333680930082
0.9999999329156708
0.9999998323328327
0.9999997298873495
0.9999993247620296
0.9999989266216289
0.9999973165977281
0.9999956766550895
0.9999891916813795
0.999982833804097
0.4999570845684502
0.7499308584665414
0.37482714621000923
0.9372252220928203
0.8430630552757066
0.7332682291453239
0.3331705729069654
0.9995117187208962
0.9987792968458962
0.9979248046583962
0.9948120116896462
0.9921569823927712
0.9803924560255837
0.9666671752638649
0.916667938203318
0.8749980926222634
0.6874952315993141
0.4687418937392067
0.6718547343625687
0.992156863125274
0.9803921578568406
0.4666666683915537
0.6666666709934361
0.999999991588993
0.9999999790161382
0.9999999662104528
0.9999999155697878
0.9999998658022378
0.9999996645492502
0.49999945957097225
0.7499986489419825
0.8749978542036843
0.6874946355528664
0.46874135729740374
0.6718533932580613
0.9921531527361367
0.9803828818839975
0.46665852863225155
0.6666463215951808
0.9999389648146462
0.9998474120802712
0.9997406005568337
0.9993515014357399
0.9990196227736305
0.9975490569777321
0.9958333968825173
0.9895834922499489
0.9843747615523171
0.9609369039244484
0.933592736691935
0.8339818417734932
0.7490196078724694
0.3725490197248291
0.9333333335234784
0.33333333386690356
0.9999999989231583
0.9999999973515514
0.9999999957508408
0.49999998943530954
0.7499999832070898
0.3749999580613803
0.9374999324209057
0.34374983111047186
0.9843747317499947
0.9609368294186424
0.9335926696367096
0.8339816741354298
0.7490191440738272
0.3725478602282237
0.9333323160535656
0.33333079019212164
0.9999923705763649
0.999980926484568
0.9999675750441384
0.9999189376540016
0.999877452821238
0.9996936320967507
0.9994791745848488
0.9986979365057778
0.9980468451685738
0.9951171129650902
0.991699092061026
0.9792477301962208
0.9686274509585928
0.9215686274401378
0.8666666666686069
0.666666666715173
0.49999999985448085
0.749999999650754
0.8749999994470272
0.6874999986612238
0.9687499978754204
0.9218749947322067
0.8671874915307853
0.6679687288706191
0.9980468414432835
0.9951171036518645
0.9916990836791229
0.9792477092414629
0.9686273929837625
0.9215684825030621
0.8666665394848678
0.6666663487558253
0.9999990462965798
0.9999976157851052
0.9999959468550514
0.9999898671812844
0.9999846815771889
0.999961703986628
0.9999348967976402
0.9998372420377564
0.9997558556206059
0.9993896390951704
0.9989623864821624
0.9974059662490617
0.9960784313443583
0.9901960784045514
0.98333333330811
0.9583333333139308
0.43749999997089617
0.5937499999417923
0.7343749999126885
0.335937499825377
0.9960937497089617
0.4902343743306119
0.7333984364231583
0.33349609110155143
0.9997558551549446
0.9993896379310172
0.9989623854344245
0.997405963629717
0.9960784240975045
0.49019606030196883
0.7333333174174186
0.3333332935872022
0.9999998807616066
0.9999997019476723
0.9999994933314156
0.9999987333721947
0.9999980851716828
0.9999952129728626
0.9999918620742392
0.9999796552292537
0.9999694819271099
0.9999237048614305
0.9998702982848044
0.9996757457556669
0.9995098038925789
0.498774509789655
0.7479166666453239
0.3697916666569654
0.9296874999708962
0.8242187499708962
0.7167968749708962
0.29199218747089617
0.8745117186917923
0.1862792967876885
0.46667480454198085
0.666687011369504
0.9999694818689022
0.9999237047159113
0.4998702981683891
0.7496757454355247
0.8745098029903602
0.6862745075195562
0.4666666646662634
0.6666666616802104
0.999999985069735
0.9999999627179932
0.9999999366409611
0.9999998416460585
0.9999997606209945
0.999999401596142
0.999998982733814
0.9999974568781909
0.9999961852154229
0.999990463082213
0.4999837872746866
0.7499594682012685
0.8749387254647445
0.687346813705517
0.46848958331975155
0.6712239583139308
0.9912109374708962
0.9780273437208962
0.9645996093458962
0.9114990234083962
0.8593139648146462
0.6482849120802712
0.43333435055683367
0.5833358764066361
0.7499961852154229
0.37499046308221295
0.9374837872455828
0.34370946817216463
0.9843137253483292
0.9607843134144787
0.9333333330578171
0.33333333270275034
0.999999998108251
0.9999999953142833
0.9999999920546543
0.9999999801802915
0.9999999700521585
0.9999999251740519
0.9999998728162609
0.4999996820988599
0.749999523133738
0.37499880787800066
0.93749797338387
0.3437449335178826
0.9843673406576272
0.9609183516877238
0.9335611978895031
0.3339029947819654
0.9989013671583962
0.9972534179396462
0.9955749511427712
0.9889373779005837
0.9824142455763649
0.956035613984568
0.9291667937941384
0.8229169845290016
0.718749523133738
0.29687380787800066
0.86718547338387
0.1679636835178826
0.4980392156576272
0.7450980391586199
0.8666666666103993
0.6666666665696539
0.9999999997380655
0.9999999993888196
0.9999999989813659
0.9999999974970706
0.49999999624560587
0.7499999906285666
0.8749999840802047
0.6874999602441676
0.9687499403662514
0.9218748509592842
0.8671872466511559
0.6679681166715454
0.49804591757128946
0.7451147939427756
0.86669514971436
0.6667378743295558
0.9998626708693337
0.9996566772169899
0.9994468688673805
0.9986171722121071
0.9978017806715798
0.9945044517226052
0.9911458491988014
0.9778646230406594
0.9648436903662514
0.9121092259592842
0.8583981841511559
0.6459954604215454
0.43725490194628946
0.5931372548802756
0.73333333330811
0.3333333333139308
0.9999999999417923
0.4999999999126885
0.7499999998544808
0.37499999967985786
0.9374999995052349
0.843749998806743
0.7343749979918357
0.335937495023245
0.9960937425203156
0.9902343563444447
0.9833984058059286
0.9584960145584773
0.9372557396709453
0.8431393492210191
0.7333368936961051
0.3333422342839185
0.9999828338332009
0.9999570846266579
0.9999308585829567
0.9998271465010475
0.9997252225584816
0.9993130564398598
0.9988932311243843
0.9972330778546166
0.9956054612703156
0.9890136532194447
0.9822997729934286
0.9557494325272273
0.9296568627178203
0.8241421568382066
0.7166666666453239
0.2916666666569654
0.8749999999708962
0.6874999999708962
0.46874999997089617
0.6718749999417923
0.9921874999126885
0.980468749825377
0.4667968747380655
0.6669921868597157
0.9995117177895736
0.9987792945175897
0.9979248007002752
0.9948120017943438
0.9921569674334023
0.9803924186271615
0.4666671117010992
0.6666677792672999
0.9999978542036843
0.9999946355528664
0.9999913572974037
0.9999783932871651
0.9999656527943444
0.9999141320295166
0.9998616538650822
0.9996541347063612
0.9994506826333236
0.9986267066269647
0.9977874715987127
0.9944686790404376
0.9912071078142617
0.97801776957931
0.46458333331975155
0.6614583333139308
0.9843749999708962
0.9609374999708962
0.9335937499708962
0.8339843749708962
0.7490234374708962
0.37255859372089617
0.9333496093167923
0.3333740233501885
0.9999389646982308
0.9998474117892329
0.9997406000620686
0.49935150021337904
0.7490196209109854
0.37254905232111923
0.9333333889371715
0.33333347240113653
0.9999997317499947
0.9999993294186424
0.9999989196367096
0.9999972991354298
0.9999957065738272
0.9999892664782237
0.9999827067076694
0.9999567668128293
0.9999313353036996
0.9998283383029047
0.9997234339243732
0.49930858486914076
0.7489008884585928
0.3722522211901378
0.9330729166395031
0.3326822916569654
0.9980468749708962
0.9951171874708962
0.9916992187208962
0.9792480468458962
0.9686279296583962
0.9215698241896462
0.8666687011427712
0.6666717529005837
0.4999923705763649
0.7499809264554642
0.8749675749859307
0.6874189375084825
0.9686274525884073
0.921568631514674
0.8666666735953186
0.6666666840319522
0.9999999664432835
0.9999999161518645
0.9999998649291229
0.9999996623664629
0.9999994632962625
0.9999986582843121
0.9999978383129928
0.9999945958261378
0.4999914169020485
0.7499785422696732
0.8749654292187188
0.6874135730904527
0.9686126110318583
0.9215315276233014
0.86663411455811
0.6665852864389308
0.9997558593458962
0.9993896484083962
0.9989624023146462
0.9974060058302712
0.9960784911818337
0.9901962279982399
0.9833335876173805
0.9583339690871071
0.9374990462965798
0.8437476157851052
0.7343709468550514
0.33592736718128435
0.9960784315480851
0.4901960789284203
0.7333333341812249
0.33333333549671806
0.9999999957799446
0.9999999894935172
0.9999999830906745
0.999999957770342
0.999999932886567
0.4999998322746251
0.7499997297709342
0.37499932447099127
0.9374989270872902
0.8437473177618813
0.73437067863415
0.33592669662903063
0.9960765763535164
0.49019144094199874
0.7333292643015739
0.3333231607975904
0.9999694823927712
0.9999237060255837
0.9998703002638649
0.999675750703318
0.9995098113722634
0.9987745284743141
0.9979166984267067
0.9947917461104225
0.9921873807616066
0.9804684519476723
0.9667963683314156
0.9169909208721947
0.8745098039216828
0.6862745098478626
0.4666666667617392
0.6666666669188999
0.9999999994470272
0.9999999986612238
0.4999999978754204
0.7499999947031029
0.874999991588993
0.6874999790161382
0.46874996621045284
0.671874915540684
0.9921873658604454
0.9804684146947693
0.9667963348038029
0.916990837053163
0.8745095720223617
0.68627393009956
0.4666661580267828
0.6666653950815089
0.9999961852736305
0.9999904632277321
0.9999837875075173
0.9999594688124489
0.9999387263960671
0.9998468160338234
0.9997395872778725
0.999348968238337
0.999023422569735
0.9975585564679932
0.9958495460159611
0.9896238650835585
0.9843137254647445
0.960784313705517
0.9333333333197515
0.8333333333430346
0.7499999999126885
0.374999999825377
0.9374999997089617
0.3437499993306119
0.9843749989231583
0.9609374973515514
0.9335937457508408
0.33398436443530954
0.9990234207070898
0.9975585518113803
0.9958495418250095
0.9896238546061795
0.9843136964773294
0.9607842412369791
0.933333269727882
0.33333317437791266
0.999999523133738
0.9999988078780007
0.9999979734129738
0.9999949335760903
0.9999923407740425
0.9999808519787621
0.9999674483842682
0.9999186210043263
0.999877927795751
0.9996948195330333
0.9994811932265293
0.998702983109979
0.9980392156576272
0.9950980391877238
0.9916666666395031
0.4791666666569654
0.7187499999708962
0.29687499997089617
0.8671874999417923
0.1679687499126885
0.49804687485448085
0.745117187150754
0.8666992181970272
0.6667480455362238
0.9998779275629204
0.9996948189509567
0.9994811927026603
0.9987029818003066
0.49803921204875223
0.7450980301364325
0.8666666586941574
0.6666666467790492
0.9999999403662514
0.9999998509592842
0.9999997466511559
0.9999993666715454
0.9999990425712895
0.9999976064718794
0.9999959310225677
0.9999898276000749
0.999984740949003
0.9999618524161633
0.9999351491278503
0.9998378728632815
0.49975490194628946
0.7493872548802756
0.87395833330811
0.6848958333139308
0.9648437499708962
0.9121093749708962
0.8583984374708962
0.6459960937208962
0.43725585934589617
0.5931396483792923
0.7333374022564385
0.333343505684752
0.9999847409198992
0.49996185235795565
0.7499351490696426
0.37483787271776237
0.9372549014806282
0.8431372537452262
0.7333333323185798
0.3333333308401052
0.9999999925203156
0.9999999813444447
0.9999999683059286
0.9999999208084773
0.9999998802959453
0.9999997007835191
0.9999994913523551
0.9999987284245435
0.9999980925931595
0.4999952315411065
0.7499918936227914
0.37497973410063423
0.9374693627178203
0.8436734068382066
0.7342447916453239
0.3356119791569654
0.9956054687208962
0.9890136718458962
0.9822998046583962
0.9557495116896462
0.9296569823927712
0.8241424560255837
0.7166671752638649
0.29166793820331804
0.8749980925931595
0.18749523154110648
0.4687418936227914
0.6718547340715304
0.9921568626596127
0.9803921566926874
0.46666666652890854
0.6666666663368233
0.9999999990395736
0.9999999976425897
0.9999999960127752
0.9999999900755938
0.9999999850115273
0.999999962572474
0.49999993640813045
0.749999841034878
0.8749997615523171
0.6874994039244484
0.468748986691935
0.6718724667443894
0.9921836703142617
0.98045917582931
0.46678059894475155
0.6669514973764308
0.9994506835646462
0.9986267089552712
0.9977874755568337
0.9944686889357399
0.9912071227736305
0.9780178069777321
0.9645833968825173
0.9114584922499489
0.8593747615523171
0.6484369039244484
0.433592736691935
0.5839818417443894
0.7490196078142617
0.37254901957930997
0.9333333332906477
0.33333333328482695
0.9999999998544808
0.9999999996798579
0.999999999476131
0.4999999987485353
0.749999998108251
0.3749999953142833
0.9374999920255505
0.3437499801220838
0.9843749701685738
0.9609374254650902
0.933593623311026
0.8339840583212208
0.7490229587710928
0.3725573969713878
0.9333475748426281
0.3333689371647779
0.9999313354201149
0.999828338593943
0.9997234344191384
0.9993085860915016
0.998900890321238
0.9972522258467507
0.9955729245848488
0.9889323115057778
0.9824218451685738
0.9560546129650902
0.929199092061026
0.8229977301962208
0.7186274509585928
0.2965686274401378
0.8666666666395031
0.1666666666569654
0.49999999997089617
0.7499999999417923
0.8749999999126885
0.687499999825377
0.9687499997380655
0.9218749993888196
0.8671874989813659
0.6679687474970706
0.9980468712456059
0.9951171781576704
0.9916992028884124
0.9792480072646867
0.9686278698209208
0.9215696745959576
0.8666684468335006
0.6666711171274073
0.9999914169020485
0.999978542298777
0.9999654292769264
0.9999135732359719
0.9998626112646889
0.999656528205378
0.9994466155476402
0.9986165389127564
0.9978027306206059
0.9945068265951704
0.9911498864821624
0.9778747162490617
0.9648284313443583
0.9120710784045514
0.85833333330811
0.6458333333139308
0.9374999999708962
0.8437499999708962
0.7343749999708962
0.33593749997089617
0.9960937499417923
0.4902343749126885
0.7333984373544808
0.33349609342985786
0.9997558588802349
0.999389647244243
0.9989624003355857
0.99740600088262
0.9960784837021492
0.49019620931358077
0.7333335558359977
0.33333388963364996
0.9999989270872902
0.9999973177618813
0.99999567863415
0.9999891966290306
0.9999828263826203
0.9999570660002064
0.9999308269179892
0.9998270673386287
0.9997253413021099
0.9993133532989305
0.9988937357848044
0.9972343395056669
0.9956035538925789
0.489008884789655
0.7322916666453239
0.3307291666569654
0.9921874999708962
0.9804687499708962
0.9667968749708962
0.9169921874708962
0.8745117187208962
0.6862792968458962
0.46667480465839617
0.6666870116605423
0.9999694823345635
0.9999237058800645
0.4998703000310343
0.7496757500921376
0.8745098104409408
0.6862745261460077
0.4666666944685858
0.6666667361860164
0.9999998658604454
0.9999996646947693
0.9999994598038029
0.999998649553163
0.9999978532723617
0.99999463322456
0.9999913533392828
0.9999783833918627
0.9999656676372979
0.9999141691369005
0.4998617169621866
0.7496542924200185
0.8744504442147445
0.686126110580517
0.46653645831975155
0.6663411458139308
0.9990234374708962
0.9975585937208962
0.9958496093458962
0.9896240234083962
0.9843139648146462
0.9607849120802712
0.9333343505568337
0.8333358764357399
0.7499961852736305
0.3749904632277321
0.9374837874784134
0.34370946875424124
0.9843137262796517
0.9607843157427851
0.9333333367831074
0.3333333420159761
0.9999999832070898
0.9999999580613803
0.9999999324500095
0.9999998311686795
0.9999997316335794
0.9999993291276041
0.9999989191419445
0.4999972979130689
0.7499957084364723
0.3749892711348366
0.9374827145948075
0.34370678654522635
0.9843063055013772
0.9607657637970988
0.9333170572645031
0.3332926432194654
0.9998779296583962
0.9996948241896462
0.9994812011427712
0.9987030029005837
0.9980392455763649
0.995098113984568
0.9916667937941384
0.9791669845290016
0.968749523133738
0.9218738078780007
0.8671854734129738
0.6679636835760903
0.49803921577404253
0.7450980394496582
0.8666666670760605
0.6666666677338071
0.9999999978754204
0.9999999947322067
0.9999999915307853
0.9999999788706191
0.4999999664432835
0.7499999161227606
0.8749998648709152
0.6874996622209437
0.9687494635290932
0.9218736588663887
0.8671853393025231
0.6679633482999634
0.4980382881767582
0.7450957204564475
0.866664632136235
0.6666615803842433
0.9999847411818337
0.9999618529982399
0.9999351501173805
0.9998378753371071
0.9997549056715798
0.9993872642226052
0.9989583491988014
0.9973958730406594
0.9960936903662514
0.9902342259592842
0.9833981841511559
0.9584954604215454
0.9372549019462895
0.8431372549093794
0.7333333333663177
0.33333333345944993
0.9999999997089617
0.4999999993306119
0.7499999989231583
0.37499999735155143
0.9374999957799446
0.8437499894935172
0.7343749830906745
0.335937457770342
0.9960936829156708
0.9902342073328327
0.9833981673873495
0.9584954185120296
0.9372547859966289
0.8431369650352281
0.7333330789988395
0.33333269754075445
0.9999980926222634
0.9999952315993141
0.9999918937392067
0.9999797343916725
0.9999693631834816
0.9999234080023598
0.9998697936243843
0.9996744841046166
0.9995117112703156
0.9987792782194447
0.9979247729934286
0.9948119325272273
0.9921568627178203
0.9803921568382066
0.9666666666453239
0.9166666666569654
0.8749999999417923
0.1874999999126885
0.46874999985448085
0.671874999650754
0.9921874994470272
0.9804687486612238
0.4667968728754204
0.6669921822031029
0.999511710338993
0.9987792758911382
0.9979247708979528
0.9948119272885378
0.9921568482241128
0.9803921206039377
0.466666634863941
0.6666665871744044
0.9999997615523171
0.9999994039244484
0.999998986691935
0.9999974667734932
0.9999961703724694
0.9999904259748291
0.9999837241775822
0.9999593104876112
0.9999389638833236
0.9998474097519647
0.9997405965987127
0.9993514915404376
0.9990196078142617
0.99754901957931
0.49583333331975155
0.7395833333139308
0.8593749999708962
0.6484374999708962
0.43359374997089617
0.5839843749417923
0.7490234374126885
0.372558593575377
0.9333496090839617
0.3333740227681119
0.9999389637669083
0.9998474094609264
0.9997405963367783
0.4993514909001533
0.7490196060098242
0.37254901506821625
0.9333333293325268
0.3333333233895246
0.9999999701685738
0.9999999254650902
0.999999873311026
0.9999996833212208
0.9999995212710928
0.9999988032213878
0.9999979654967319
0.9999949137854856
0.9999923704599496
0.9999809261935297
0.9999675745493732
0.49991893643164076
0.7498774509585928
0.3746936274401378
0.9369791666395031
0.3424479166569654
0.9824218749708962
0.9560546874708962
0.9291992187208962
0.8229980468458962
0.7186279296583962
0.29656982418964617
0.8666687011136673
0.166671752842376
0.4999923704599496
0.7499809261644259
0.8749675745202694
0.6874189363443293
0.9686274507257622
0.9215686268580612
0.866666666144738
0.6666666654055007
0.9999999962456059
0.9999999906576704
0.9999999841384124
0.9999999603896867
0.9999999401334208
0.9999998503772076
0.9999997456616256
0.9999993641977198
0.49999904629657976
0.7499976157560013
0.8749959467968438
0.6874898670357652
0.9687346813443583
0.9218367034045514
0.86712239580811
0.6678059895639308
0.9978027343458962
0.9945068359083962
0.9911499023146462
0.9778747558302712
0.9648284911818337
0.9120712279982399
0.8583335876173805
0.6458339690871071
0.43749904629657976
0.5937476157560013
0.7343709467968438
0.3359273670357652
0.9960784313152544
0.4901960783463437
0.7333333332499024
0.3333333331684116
0.9999999995052349
0.999999998806743
0.9999999979918357
0.999999995023245
0.9999999924912117
0.499999981286237
0.7499999681895133
0.374999920517439
0.9374998807616066
0.8437497019476723
0.7343744933314156
0.3359362333721947
0.9960918351425789
0.490229587914655
0.7333902994578239
0.3334757486882154
0.9997253417677712
0.9993133544630837
0.9988937377638649
0.997234344453318
0.9956035613722634
0.9890089034743141
0.9822916984267067
0.9557292461104225
0.9296873807616066
0.8242184519476723
0.7167963683314156
0.2919909208721947
0.8745098038925789
0.18627450978965499
0.46666666664532386
0.6666666666278616
0.9999999999126885
0.999999999825377
0.4999999997380655
0.7499999993597157
0.8749999990395736
0.6874999976425897
0.4687499960127752
0.67187499004649
0.992187485069735
0.9804687127179932
0.9667968116409611
0.9169920291460585
0.8745114793709945
0.686278698471142
0.46667378742131405
0.666684468567837
0.9999656676955055
0.9999141692824196
0.9998617171950173
0.9996542930311989
0.9994504451460671
0.9986261129088234
0.9977864622778725
0.994466155738337
0.991210922569735
0.9780273064679932
0.9645995460159611
0.9114988650835585
0.8593137254647445
0.648284313705517
0.43333333331975155
0.5833333333139308
0.7499999999708962
0.37499999997089617
0.9374999999417923
0.3437499999126885
0.9843749998544808
0.9609374996798579
0.933593749476131
0.3339843737485353
0.999023435608251
0.9975585890642833
0.9958496014296543
0.9896240036177915
0.9843139348959085
0.9607848372834269
0.9333342234021984
0.33333555856370367
0.9999957084364723
0.9999892711348366
0.9999827146239113
0.999956786603434
0.9999313056177925
0.9998282640881371
0.9997233077592682
0.9993082694418263
0.998901365295751
0.9972534132830333
0.9955749432265293
0.988937358109979
0.9824142156576272
0.9560355391877238
0.9291666666395031
0.3229166666569654
0.9687499999708962
0.9218749999708962
0.8671874999708962
0.6679687499708962
0.49804687497089617
0.7451171874417923
0.8666992186626885
0.666748046700377
0.9998779294255655
0.9996948236075696
0.9994812001532409
0.9987030004267581
0.4980392418510746
0.7450981046422385
0.8666667779034469
0.6666669448022731
0.9999994635290932
0.9999986588663887
0.9999978393025231
0.9999945982999634
0.9999914131767582
0.9999785329855513
0.9999654134444427
0.9999135336547624
0.999862670636503
0.9996566766349133
0.9994468678778503
0.9986171697382815
0.49780177694628946
0.7445044423802756
0.86614583330811
0.6653645833139308
0.9960937499708962
0.9902343749708962
0.9833984374708962
0.9584960937208962
0.9372558593458962
0.8431396484083962
0.7333374023146462
0.33334350583027117
0.9999847411527298
0.49996185294003226
0.7499351500009652
0.3748378750460688
0.9372549052059185
0.8431372630584519
0.733333347219741
0.3333333680930082
0.9999999329156708
0.9999998323328327
0.9999997298873495
0.9999993247620296
0.9999989266216289
0.9999973165977281
0.9999956766550895
0.9999891916813795
0.999982833804097
0.4999570845684502
0.7499308584665414
0.37482714621000923
0.9372252220928203
0.8430630552757066
0.7332682291453239
0.3331705729069654
0.9995117187208962
0.9987792968458962
0.9979248046583962
0.9948120116896462
0.9921569823927712
0.9803924560255837
0.9666671752638649
0.916667938203318
0.8749980926222634
0.6874952315993141
0.4687418937392067
0.6718547343625687
0.992156863125274
0.9803921578568406
0.4666666683915537
0.6666666709934361
0.999999991588993
0.9999999790161382
0.9999999662104528
0.9999999155697878
0.9999998658022378
0.9999996645492502
0.49999945957097225
0.7499986489419825
0.8749978542036843
0.6874946355528664
0.46874135729740374
0.6718533932580613
0.9921531527361367
0.9803828818839975
0.46665852863225155
0.6666463215951808
0.9999389648146462
0.9998474120802712
0.9997406005568337
0.9993515014357399
0.9990196227736305
0.9975490569777321
0.9958333968825173
0.9895834922499489
0.9843747615523171
0.9609369039244484
0.933592736691935
0.8339818417734932
0.7490196078724694
0.3725490197248291
0.9333333335234784
0.33333333386690356
0.9999999989231583
0.9999999973515514
0.9999999957508408
0.49999998943530954
0.7499999832070898
0.3749999580613803
0.9374999324209057
0.34374983111047186
0.9843747317499947
0.9609368294186424
0.9335926696367096
0.8339816741354298
0.7490191440738272
0.3725478602282237
0.9333323160535656
0.33333079019212164
0.9999923705763649
0.999980926484568
0.9999675750441384
0.9999189376540016
0.999877452821238
0.9996936320967507
0.9994791745848488
0.9986979365057778
0.9980468451685738
0.9951171129650902
0.991699092061026
0.9792477301962208
0.9686274509585928
0.9215686274401378
0.8666666666686069
0.666666666715173
0.49999999985448085
0.749999999650754
0.8749999994470272
0.6874999986612238
0.9687499978754204
0.9218749947322067
0.8671874915307853
0.6679687288706191
0.9980468414432835
0.9951171036518645
0.9916990836791229
0.9792477092414629
0.9686273929837625
0.9215684825030621
0.8666665394848678
0.6666663487558253
0.9999990462965798
0.9999976157851052
0.9999959468550514
0.9999898671812844
0.9999846815771889
0.999961703986628
0.9999348967976402
0.9998372420377564
0.9997558556206059
0.9993896390951704
0.9989623864821624
0.9974059662490617
0.9960784313443583
0.9901960784045514
0.98333333330811
0.9583333333139308
0.43749999997089617
0.5937499999417923
0.7343749999126885
0.335937499825377
0.9960937497089617
0.4902343743306119
0.7333984364231583
0.33349609110155143
0.9997558551549446
0.9993896379310172
0.9989623854344245
0.997405963629717
0.9960784240975045
0.49019606030196883
0.7333333174174186
0.3333332935872022
0.9999998807616066
0.9999997019476723
0.9999994933314156
0.9999987333721947
0.9999980851716828
0.9999952129728626
0.9999918620742392
0.9999796552292537
0.9999694819271099
0.9999237048614305
0.9998702982848044
0.9996757457556669
0.9995098038925789
0.498774509789655
0.7479166666453239
0.3697916666569654
0.9296874999708962
0.8242187499708962
0.7167968749708962
0.29199218747089617
0.8745117186917923
0.1862792967876885
0.46667480454198085
0.666687011369504
0.9999694818689022
0.9999237047159113
0.4998702981683891
0.7496757454355247
0.8745098029903602
0.6862745075195562
0.4666666646662634
0.6666666616802104
0.999999985069735
0.9999999627179932
0.9999999366409611
0.9999998416460585
0.9999997606209945
0.999999401596142
0.999998982733814
0.9999974568781909
0.9999961852154229
0.999990463082213
0.4999837872746866
0.7499594682012685
0.8749387254647445
0.687346813705517
0.46848958331975155
0.6712239583139308
0.9912109374708962
0.9780273437208962
0.9645996093458962
0.9114990234083962
0.8593139648146462
0.6482849120802712
0.43333435055683367
0.5833358764066361
0.7499961852154229
0.37499046308221295
0.9374837872455828
0.34370946817216463
0.9843137253483292
0.9607843134144787
0.9333333330578171
0.33333333270275034
0.999999998108251
0.9999999953142833
0.9999999920546543
0.9999999801802915
0.9999999700521585
0.9999999251740519
0.9999998728162609
0.4999996820988599
0.749999523133738
0.37499880787800066
0.93749797338387
0.3437449335178826
0.9843673406576272
0.9609183516877238
0.9335611978895031
0.3339029947819654
0.9989013671583962
0.9972534179396462
0.9955749511427712
0.9889373779005837
0.9824142455763649
0.956035613984568
0.9291667937941384
0.8229169845290016
0.718749523133738
0.29687380787800066
0.86718547338387
0.1679636835178826
0.4980392156576272
0.7450980391586199
0.8666666666103993
0.6666666665696539
0.9999999997380655
0.9999999993888196
0.9999999989813659
0.9999999974970706
0.49999999624560587
0.7499999906285666
0.8749999840802047
0.6874999602441676
0.9687499403662514
0.9218748509592842
0.8671872466511559
0.6679681166715454
0.49804591757128946
0.7451147939427756
0.86669514971436
0.6667378743295558
0.9998626708693337
0.9996566772169899
0.9994468688673805
0.9986171722121071
0.9978017806715798
0.9945044517226052
0.9911458491988014
0.9778646230406594
0.9648436903662514
0.9121092259592842
0.8583981841511559
0.6459954604215454
0.43725490194628946
0.5931372548802756
0.73333333330811
0.3333333333139308
0.9999999999417923
0.4999999999126885
0.7499999998544808
0.37499999967985786
0.9374999995052349
0.843749998806743
0.7343749979918357
0.335937495023245
0.9960937425203156
0.9902343563444447
0.9833984058059286
0.9584960145584773
0.9372557396709453
0.8431393492210191
0.7333368936961051
0.3333422342839185
0.9999828338332009
0.9999570846266579
0.9999308585829567
0.9998271465010475
0.9997252225584816
0.9993130564398598
0.9988932311243843
0.9972330778546166
0.9956054612703156
0.9890136532194447
0.9822997729934286
0.9557494325272273
0.9296568627178203
0.8241421568382066
0.7166666666453239
0.2916666666569654
0.8749999999708962
0.6874999999708962
0.46874999997089617
0.6718749999417923
0.9921874999126885
0.980468749825377
0.4667968747380655
0.6669921868597157
0.9995117177895736
0.9987792945175897
0.9979248007002752
0.9948120017943438
0.9921569674334023
0.9803924186271615
0.4666671117010992
0.6666677792672999
0.9999978542036843
0.9999946355528664
0.9999913572974037
0.9999783932871651
0.9999656527943444
0.9999141320295166
0.9998616538650822
0.9996541347063612
0.9994506826333236
0.9986267066269647
0.9977874715987127
0.9944686790404376
0.9912071078142617
0.97801776957931
0.46458333331975155
0.6614583333139308
0.9843749999708962
0.9609374999708962
0.9335937499708962
0.8339843749708962
0.7490234374708962
0.37255859372089617
0.9333496093167923
0.3333740233501885
0.9999389646982308
0.9998474117892329
0.9997406000620686
0.49935150021337904
0.7490196209109854
0.37254905232111923
0.9333333889371715
0.33333347240113653
0.9999997317499947
0.9999993294186424
0.9999989196367096
0.9999972991354298
0.9999957065738272
0.9999892664782237
0.9999827067076694
0.9999567668128293
0.9999313353036996
0.9998283383029047
0.9997234339243732
0.49930858486914076
0.7489008884585928
0.3722522211901378
0.9330729166395031
0.3326822916569654
0.9980468749708962
0.9951171874708962
0.9916992187208962
0.9792480468458962
0.9686279296583962
0.9215698241896462
0.8666687011427712
0.6666717529005837
0.4999923705763649
0.7499809264554642
0.8749675749859307
0.6874189375084825
0.9686274525884073
0.921568631514674
0.8666666735953186
0.6666666840319522
0.9999999664432835
0.9999999161518645
0.9999998649291229
0.9999996623664629
0.9999994632962625
0.9999986582843121
0.9999978383129928
0.9999945958261378
0.4999914169020485
0.7499785422696732
0.8749654292187188
0.6874135730904527
0.9686126110318583
0.9215315276233014
0.86663411455811
0.6665852864389308
0.9997558593458962
0.9993896484083962
0.9989624023146462
0.9974060058302712
0.9960784911818337
0.9901962279982399
0.9833335876173805
0.9583339690871071
0.9374990462965798
0.8437476157851052
0.7343709468550514
0.33592736718128435
0.9960784315480851
0.4901960789284203
0.7333333341812249
0.33333333549671806
0.9999999957799446
0.9999999894935172
0.9999999830906745
0.999999957770342
0.999999932886567
0.4999998322746251
0.7499997297709342
0.37499932447099127
0.9374989270872902
0.8437473177618813
0.73437067863415
0.33592669662903063
0.9960765763535164
0.49019144094199874
0.7333292643015739
0.3333231607975904
0.9999694823927712
0.9999237060255837
0.9998703002638649
0.999675750703318
0.9995098113722634
0.9987745284743141
0.9979166984267067
0.9947917461104225
0.9921873807616066
0.9804684519476723
0.9667963683314156
0.9169909208721947
0.8745098039216828
0.6862745098478626
0.4666666667617392
0.6666666669188999
0.9999999994470272
0.9999999986612238
0.4999999978754204
0.7499999947031029
0.874999991588993
0.6874999790161382
0.46874996621045284
0.671874915540684
0.9921873658604454
0.9804684146947693
0.9667963348038029
0.916990837053163
0.8745095720223617
0.68627393009956
0.4666661580267828
0.6666653950815089
0.9999961852736305
0.9999904632277321
0.9999837875075173
0.9999594688124489
0.9999387263960671
0.9998468160338234
0.9997395872778725
0.999348968238337
0.999023422569735
0.9975585564679932
0.9958495460159611
0.9896238650835585
0.9843137254647445
0.960784313705517
0.9333333333197515
0.8333333333430346
0.7499999999126885
0.374999999825377
0.9374999997089617
0.3437499993306119
0.9843749989231583
0.9609374973515514
0.9335937457508408
0.33398436443530954
0.9990234207070898
0.9975585518113803
0.9958495418250095
0.9896238546061795
0.9843136964773294
0.9607842412369791
0.933333269727882
0.33333317437791266
0.999999523133738
0.9999988078780007
0.9999979734129738
0.9999949335760903
0.9999923407740425
0.9999808519787621
0.9999674483842682
0.9999186210043263
0.999877927795751
0.9996948195330333
0.9994811932265293
0.998702983109979
0.9980392156576272
0.9950980391877238
0.9916666666395031
0.4791666666569654
0.7187499999708962
0.29687499997089617
0.8671874999417923
0.1679687499126885
0.49804687485448085
0.745117187150754
0.8666992181970272
0.6667480455362238
0.9998779275629204
0.9996948189509567
0.9994811927026603
0.9987029818003066
0.49803921204875223
0.7450980301364325
0.8666666586941574
0.6666666467790492
0.9999999403662514
0.9999998509592842
0.9999997466511559
0.9999993666715454
0.9999990425712895
0.9999976064718794
0.9999959310225677
0.9999898276000749
0.999984740949003
0.9999618524161633
0.9999351491278503
0.9998378728632815
0.49975490194628946
0.7493872548802756
0.87395833330811
0.6848958333139308
0.9648437499708962
0.9121093749708962
0.8583984374708962
0.6459960937208962
0.43725585934589617
0.5931396483792923
0.7333374022564385
0.333343505684752
0.9999847409198992
0.49996185235795565
0.7499351490696426
0.37483787271776237
0.9372549014806282
0.8431372537452262
0.7333333323185798
0.3333333308401052
0.9999999925203156
0.9999999813444447
0.9999999683059286
0.9999999208084773
0.9999998802959453
0.9999997007835191
0.9999994913523551
0.9999987284245435
0.9999980925931595
0.4999952315411065
0.7499918936227914
0.37497973410063423
0.9374693627178203
0.8436734068382066
0.7342447916453239
0.3356119791569654
0.9956054687208962
0.9890136718458962
0.9822998046583962
0.9557495116896462
0.9296569823927712
0.8241424560255837
0.7166671752638649
0.29166793820331804
0.8749980925931595
0.18749523154110648
0.4687418936227914
0.6718547340715304
0.9921568626596127
0.9803921566926874
0.46666666652890854
0.6666666663368233
0.9999999990395736
0.9999999976425897
0.9999999960127752
0.9999999900755938
0.9999999850115273
0.999999962572474
0.49999993640813045
0.749999841034878
0.8749997615523171
0.6874994039244484
0.468748986691935
0.6718724667443894
0.9921836703142617
0.98045917582931
0.46678059894475155
0.6669514973764308
0.9994506835646462
0.9986267089552712
0.9977874755568337
0.9944686889357399
0.9912071227736305
0.9780178069777321
0.9645833968825173
0.9114584922499489
0.8593747615523171
0.6484369039244484
0.433592736691935
0.5839818417443894
0.7490196078142617
0.37254901957930997
0.9333333332906477
0.33333333328482695
0.9999999998544808
0.9999999996798579
0.999999999476131
0.4999999987485353
0.749999998108251
0.3749999953142833
0.9374999920255505
0.3437499801220838
0.9843749701685738
0.9609374254650902
0.933593623311026
0.8339840583212208
0.7490229587710928
0.3725573969713878
0.9333475748426281
0.3333689371647779
0.9999313354201149
0.999828338593943
0.9997234344191384
0.9993085860915016
0.998900890321238
0.9972522258467507
0.9955729245848488
0.9889323115057778
0.9824218451685738
0.9560546129650902
0.929199092061026
0.8229977301962208
0.7186274509585928
0.2965686274401378
0.8666666666395031
0.1666666666569654
0.49999999997089617
0.7499999999417923
0.8749999999126885
0.687499999825377
0.9687499997380655
0.9218749993888196
0.8671874989813659
0.6679687474970706
0.9980468712456059
0.9951171781576704
0.9916992028884124
0.9792480072646867
0.9686278698209208
0.9215696745959576
0.8666684468335006
0.6666711171274073
0.9999914169020485
0.999978542298777
0.9999654292769264
0.9999135732359719
0.9998626112646889
0.999656528205378
0.9994466155476402
0.9986165389127564
0.9978027306206059
0.9945068265951704
0.9911498864821624
0.9778747162490617
0.9648284313443583
0.9120710784045514
0.85833333330811
0.6458333333139308
0.9374999999708962
0.8437499999708962
0.7343749999708962
0.33593749997089617
0.9960937499417923
0.4902343749126885
0.7333984373544808
0.33349609342985786
0.9997558588802349
0.999389647244243
0.9989624003355857
0.99740600088262
0.9960784837021492
0.49019620931358077
0.7333335558359977
0.33333388963364996
0.9999989270872902
0.9999973177618813
0.99999567863415
0.9999891966290306
0.9999828263826203
0.9999570660002064
0.9999308269179892
0.9998270673386287
0.9997253413021099
0.9993133532989305
0.9988937357848044
0.9972343395056669
0.9956035538925789
0.489008884789655
0.7322916666453239
0.3307291666569654
0.9921874999708962
0.9804687499708962
0.9667968749708962
0.9169921874708962
0.8745117187208962
0.6862792968458962
0.46667480465839617
0.6666870116605423
0.9999694823345635
0.9999237058800645
0.4998703000310343
0.7496757500921376
0.8745098104409408
0.6862745261460077
0.4666666944685858
0.6666667361860164
0.9999998658604454
0.9999996646947693
0.9999994598038029
0.999998649553163
0.9999978532723617
0.99999463322456
0.9999913533392828
0.9999783833918627
0.9999656676372979
0.9999141691369005
0.4998617169621866
0.7496542924200185
0.8744504442147445
0.686126110580517
0.46653645831975155
0.6663411458139308
0.9990234374708962
0.9975585937208962
0.9958496093458962
0.9896240234083962
0.9843139648146462
0.9607849120802712
0.9333343505568337
0.8333358764357399
0.7499961852736305
0.3749904632277321
0.9374837874784134
0.34370946875424124
0.9843137262796517
0.9607843157427851
0.9333333367831074
0.3333333420159761
0.9999999832070898
0.9999999580613803
0.9999999324500095
0.9999998311686795
0.9999997316335794
0.9999993291276041
0.9999989191419445
0.4999972979130689
0.7499957084364723
0.3749892711348366
0.9374827145948075
0.34370678654522635
0.9843063055013772
0.9607657637970988
0.9333170572645031
0.3332926432194654
0.9998779296583962
0.9996948241896462
0.9994812011427712
0.9987030029005837
0.9980392455763649
0.995098113984568
0.9916667937941384
0.9791669845290016
0.968749523133738
0.9218738078780007
0.8671854734129738
0.6679636835760903
0.49803921577404253
0.7450980394496582
0.8666666670760605
0.6666666677338071
0.9999999978754204
0.9999999947322067
0.9999999915307853
0.9999999788706191
0.4999999664432835
0.7499999161227606
0.8749998648709152
0.6874996622209437
0.9687494635290932
0.9218736588663887
0.8671853393025231
0.6679633482999634
0.4980382881767582
0.7450957204564475
0.866664632136235
0.6666615803842433
0.9999847411818337
0.9999618529982399
0.9999351501173805
0.9998378753371071
0.9997549056715798
0.9993872642226052
0.9989583491988014
0.9973958730406594
0.9960936903662514
0.9902342259592842
0.9833981841511559
0.9584954604215454
0.9372549019462895
0.8431372549093794
0.7333333333663177
0.33333333345944993
0.9999999997089617
0.4999999993306119
0.7499999989231583
0.37499999735155143
0.9374999957799446
0.8437499894935172
0.7343749830906745
0.335937457770342
0.9960936829156708
0.9902342073328327
0.9833981673873495
0.9584954185120296
0.9372547859966289
0.8431369650352281
0.7333330789988395
0.33333269754075445
0.9999980926222634
0.9999952315993141
0.9999918937392067
0.9999797343916725
0.9999693631834816
0.9999234080023598
0.9998697936243843
0.9996744841046166
0.9995117112703156
0.9987792782194447
0.9979247729934286
0.9948119325272273
0.9921568627178203
0.9803921568382066
0.9666666666453239
0.9166666666569654
0.8749999999417923
0.1874999999126885
0.46874999985448085
0.671874999650754
0.9921874994470272
0.9804687486612238
0.4667968728754204
0.6669921822031029
0.999511710338993
0.9987792758911382
0.9979247708979528
0.9948119272885378
0.9921568482241128
0.9803921206039377
0.466666634863941
0.6666665871744044
0.9999997615523171
0.9999994039244484
0.999998986691935
0.9999974667734932
0.9999961703724694
0.9999904259748291
0.9999837241775822
0.9999593104876112
0.9999389638833236
0.9998474097519647
0.9997405965987127
0.9993514915404376
0.9990196078142617
0.99754901957931
0.49583333331975155
0.7395833333139308
0.8593749999708962
0.6484374999708962
0.43359374997089617
0.5839843749417923
0.7490234374126885
0.372558593575377
0.9333496090839617
0.3333740227681119
0.9999389637669083
0.9998474094609264
0.9997405963367783
0.4993514909001533
0.7490196060098242
0.37254901506821625
0.9333333293325268
0.3333333233895246
0.9999999701685738
0.9999999254650902
0.999999873311026
0.9999996833212208
0.9999995212710928
0.9999988032213878
0.9999979654967319
0.9999949137854856
0.9999923704599496
0.9999809261935297
0.9999675745493732
0.49991893643164076
0.7498774509585928
0.3746936274401378
0.9369791666395031
0.3424479166569654
0.9824218749708962
0.9560546874708962
0.9291992187208962
0.8229980468458962
0.7186279296583962
0.29656982418964617
0.8666687011136673
0.166671752842376
0.4999923704599496
0.7499809261644259
0.8749675745202694
0.6874189363443293
0.9686274507257622
0.9215686268580612
0.866666666144738
0.6666666654055007
0.9999999962456059
0.9999999906576704
0.9999999841384124
0.9999999603896867
0.9999999401334208
0.9999998503772076
0.9999997456616256
0.9999993641977198
0.49999904629657976
0.7499976157560013
0.8749959467968438
0.6874898670357652
0.9687346813443583
0.9218367034045514
0.86712239580811
0.6678059895639308
0.9978027343458962
0.9945068359083962
0.9911499023146462
0.9778747558302712
0.9648284911818337
0.9120712279982399
0.8583335876173805
0.6458339690871071
0.43749904629657976
0.5937476157560013
0.7343709467968438
0.3359273670357652
0.9960784313152544
0.4901960783463437
0.7333333332499024
0.3333333331684116
0.9999999995052349
0.999999998806743
0.9999999979918357
0.999999995023245
0.9999999924912117
0.499999981286237
0.7499999681895133
0.374999920517439
0.9374998807616066
0.8437497019476723
0.7343744933314156
0.3359362333721947
0.9960918351425789
0.490229587914655
0.7333902994578239
0.3334757486882154
0.9997253417677712
0.9993133544630837
0.9988937377638649
0.997234344453318
0.9956035613722634
0.9890089034743141
0.9822916984267067
0.9557292461104225
0.9296873807616066
0.8242184519476723
0.7167963683314156
0.2919909208721947
0.8745098038925789
0.18627450978965499
0.46666666664532386
0.6666666666278616
0.9999999999126885
0.999999999825377
0.4999999997380655
0.7499999993597157
0.8749999990395736
0.6874999976425897
0.4687499960127752
0.67187499004649
0.992187485069735
0.9804687127179932
0.9667968116409611
0.9169920291460585
0.8745114793709945
0.686278698471142
0.46667378742131405
0.666684468567837
0.9999656676955055
0.9999141692824196
0.9998617171950173
0.9996542930311989
0.9994504451460671
0.9986261129088234
0.9977864622778725
0.994466155738337
0.991210922569735
0.9780273064679932
0.9645995460159611
0.9114988650835585
0.8593137254647445
0.648284313705517
0.43333333331975155
0.5833333333139308
0.7499999999708962
0.37499999997089617
0.9374999999417923
0.3437499999126885
0.9843749998544808
0.9609374996798579
0.933593749476131
0.3339843737485353
0.999023435608251
0.9975585890642833
0.9958496014296543
0.9896240036177915
0.9843139348959085
0.9607848372834269
0.9333342234021984
0.33333555856370367
0.9999957084364723
0.9999892711348366
0.9999827146239113
0.999956786603434
0.9999313056177925
0.9998282640881371
0.9997233077592682
0.9993082694418263
0.998901365295751
0.9972534132830333
0.9955749432265293
0.988937358109979
0.9824142156576272
0.9560355391877238
0.9291666666395031
0.3229166666569654
0.9687499999708962
0.9218749999708962
0.8671874999708962
0.6679687499708962
0.49804687497089617
0.7451171874417923
0.8666992186626885
0.666748046700377
0.9998779294255655
0.9996948236075696
0.9994812001532409
0.9987030004267581
0.4980392418510746
0.7450981046422385
0.8666667779034469
0.6666669448022731
0.9999994635290932
0.9999986588663887
0.9999978393025231
0.9999945982999634
0.9999914131767582
0.9999785329855513
0.9999654134444427
0.9999135336547624
0.999862670636503
0.9996566766349133
0.9994468678778503
0.9986171697382815
0.49780177694628946
0.7445044423802756
0.86614583330811
0.6653645833139308
0.9960937499708962
0.9902343749708962
0.9833984374708962
0.9584960937208962
0.9372558593458962
0.8431396484083962
0.7333374023146462
0.33334350583027117
0.9999847411527298
0.49996185294003226
0.7499351500009652
0.3748378750460688
0.9372549052059185
0.8431372630584519
0.733333347219741
0.3333333680930082
0.9999999329156708
0.9999998323328327
0.9999997298873495
0.9999993247620296
0.9999989266216289
0.9999973165977281
0.9999956766550895
0.9999891916813795
0.999982833804097
0.4999570845684502
0.7499308584665414
0.37482714621000923
0.9372252220928203
0.8430630552757066
0.7332682291453239
0.3331705729069654
0.9995117187208962
0.9987792968458962
0.9979248046583962
0.9948120116896462
0.9921569823927712
0.9803924560255837
0.9666671752638649
0.916667938203318
0.8749980926222634
0.6874952315993141
0.4687418937392067
0.6718547343625687
0.992156863125274
0.9803921578568406
0.4666666683915537
0.6666666709934361
0.999999991588993
0.9999999790161382
0.9999999662104528
0.9999999155697878
0.9999998658022378
0.9999996645492502
0.49999945957097225
0.7499986489419825
0.8749978542036843
0.6874946355528664
0.46874135729740374
0.6718533932580613
0.9921531527361367
0.9803828818839975
0.46665852863225155
0.6666463215951808
0.9999389648146462
0.9998474120802712
0.9997406005568337
0.9993515014357399
0.9990196227736305
0.9975490569777321
0.9958333968825173
0.9895834922499489
0.9843747615523171
0.9609369039244484
0.933592736691935
0.8339818417734932
0.7490196078724694
0.3725490197248291
0.9333333335234784
0.33333333386690356
0.9999999989231583
0.9999999973515514
0.9999999957508408
0.49999998943530954
0.7499999832070898
0.3749999580613803
0.9374999324209057
0.34374983111047186
0.9843747317499947
0.9609368294186424
0.9335926696367096
0.8339816741354298
0.7490191440738272
0.3725478602282237
0.9333323160535656
0.33333079019212164
0.9999923705763649
0.999980926484568
0.9999675750441384
0.9999189376540016
0.999877452821238
0.9996936320967507
0.9994791745848488
0.9986979365057778
0.9980468451685738
0.9951171129650902
0.991699092061026
0.9792477301962208
0.9686274509585928
0.9215686274401378
0.8666666666686069
0.666666666715173
0.49999999985448085
0.749999999650754
0.8749999994470272
0.6874999986612238
0.9687499978754204
0.9218749947322067
0.8671874915307853
0.6679687288706191
0.9980468414432835
0.9951171036518645
0.9916990836791229
0.9792477092414629
0.9686273929837625
0.9215684825030621
0.8666665394848678
0.6666663487558253
0.9999990462965798
0.9999976157851052
0.9999959468550514
0.9999898671812844
0.9999846815771889
0.999961703986628
0.9999348967976402
0.9998372420377564
0.9997558556206059
0.9993896390951704
0.9989623864821624
0.9974059662490617
0.9960784313443583
0.9901960784045514
0.98333333330811
0.9583333333139308
0.43749999997089617
0.5937499999417923
0.7343749999126885
0.335937499825377
0.9960937497089617
0.4902343743306119
0.7333984364231583
0.33349609110155143
0.9997558551549446
0.9993896379310172
0.9989623854344245
0.997405963629717
0.9960784240975045
0.49019606030196883
0.7333333174174186
0.3333332935872022
0.9999998807616066
0.9999997019476723
0.9999994933314156
0.9999987333721947
0.9999980851716828
0.9999952129728626
0.9999918620742392
0.9999796552292537
0.9999694819271099
0.9999237048614305
0.9998702982848044
0.9996757457556669
0.9995098038925789
0.498774509789655
0.7479166666453239
0.3697916666569654
0.9296874999708962
0.8242187499708962
0.7167968749708962
0.29199218747089617
0.8745117186917923
0.1862792967876885
0.46667480454198085
0.666687011369504
0.9999694818689022
0.9999237047159113
0.4998702981683891
0.7496757454355247
0.8745098029903602
0.6862745075195562
0.4666666646662634
0.6666666616802104
0.999999985069735
0.9999999627179932
0.9999999366409611
0.9999998416460585
0.9999997606209945
0.999999401596142
0.999998982733814
0.9999974568781909
0.9999961852154229
0.999990463082213
0.4999837872746866
0.7499594682012685
0.8749387254647445
0.687346813705517
0.46848958331975155
0.6712239583139308
0.9912109374708962
0.9780273437208962
0.9645996093458962
0.9114990234083962
0.8593139648146462
0.6482849120802712
0.43333435055683367
0.5833358764066361
0.7499961852154229
0.37499046308221295
0.9374837872455828
0.34370946817216463
0.9843137253483292
0.9607843134144787
0.9333333330578171
0.33333333270275034
0.999999998108251
0.9999999953142833
0.9999999920546543
0.9999999801802915
0.9999999700521585
0.9999999251740519
0.9999998728162609
0.4999996820988599
0.749999523133738
0.37499880787800066
0.93749797338387
0.3437449335178826
0.9843673406576272
0.9609183516877238
0.9335611978895031
0.3339029947819654
0.9989013671583962
0.9972534179396462
0.9955749511427712
0.9889373779005837
0.9824142455763649
0.956035613984568
0.9291667937941384
0.8229169845290016
0.718749523133738
0.29687380787800066
0.86718547338387
0.1679636835178826
0.4980392156576272
0.7450980391586199
0.8666666666103993
0.6666666665696539
0.9999999997380655
0.9999999993888196
0.9999999989813659
0.9999999974970706
0.49999999624560587
0.7499999906285666
0.8749999840802047
0.6874999602441676
0.9687499403662514
0.9218748509592842
0.8671872466511559
0.6679681166715454
0.49804591757128946
0.7451147939427756
0.86669514971436
0.6667378743295558
0.9998626708693337
0.9996566772169899
0.9994468688673805
0.9986171722121071
0.9978017806715798
0.9945044517226052
0.9911458491988014
0.9778646230406594
0.9648436903662514
0.9121092259592842
0.8583981841511559
0.6459954604215454
0.43725490194628946
0.5931372548802756
0.73333333330811
0.3333333333139308
0.9999999999417923
0.4999999999126885
0.7499999998544808
0.37499999967985786
0.9374999995052349
0.843749998806743
0.7343749979918357
0.335937495023245
0.9960937425203156
0.9902343563444447
0.9833984058059286
0.9584960145584773
0.9372557396709453
0.8431393492210191
0.7333368936961051
0.3333422342839185
0.9999828338332009
0.9999570846266579
0.9999308585829567
0.9998271465010475
0.9997252225584816
0.9993130564398598
0.9988932311243843
0.9972330778546166
0.9956054612703156
0.9890136532194447
0.9822997729934286
0.9557494325272273
0.9296568627178203
0.8241421568382066
0.7166666666453239
0.2916666666569654
0.8749999999708962
0.6874999999708962
0.46874999997089617
0.6718749999417923
0.9921874999126885
0.980468749825377
0.4667968747380655
0.6669921868597157
0.9995117177895736
0.9987792945175897
0.9979248007002752
0.9948120017943438
0.9921569674334023
0.9803924186271615
0.4666671117010992
0.6666677792672999
0.9999978542036843
0.9999946355528664
0.9999913572974037
0.9999783932871651
0.9999656527943444
0.9999141320295166
0.9998616538650822
0.9996541347063612
0.9994506826333236
0.9986267066269647
0.9977874715987127
0.9944686790404376
0.9912071078142617
0.97801776957931
0.46458333331975155
0.6614583333139308
0.9843749999708962
0.9609374999708962
0.9335937499708962
0.8339843749708962
0.7490234374708962
0.37255859372089617
0.9333496093167923
0.3333740233501885
0.9999389646982308
0.9998474117892329
0.9997406000620686
0.49935150021337904
0.7490196209109854
0.37254905232111923
0.9333333889371715
0.33333347240113653
0.9999997317499947
0.9999993294186424
0.9999989196367096
0.9999972991354298
0.9999957065738272
0.9999892664782237
0.9999827067076694
0.9999567668128293
0.9999313353036996
0.9998283383029047
0.9997234339243732
0.49930858486914076
0.7489008884585928
0.3722522211901378
0.9330729166395031
0.3326822916569654
0.9980468749708962
0.9951171874708962
0.9916992187208962
0.9792480468458962
0.9686279296583962
0.9215698241896462
0.8666687011427712
0.6666717529005837
0.4999923705763649
0.7499809264554642
0.8749675749859307
0.6874189375084825
0.9686274525884073
0.921568631514674
0.8666666735953186
0.6666666840319522
0.9999999664432835
0.9999999161518645
0.9999998649291229
0.9999996623664629
0.9999994632962625
0.9999986582843121
0.9999978383129928
0.9999945958261378
0.4999914169020485
0.7499785422696732
0.8749654292187188
0.6874135730904527
0.9686126110318583
0.9215315276233014
0.86663411455811
0.6665852864389308
0.9997558593458962
0.9993896484083962
0.9989624023146462
0.9974060058302712
0.9960784911818337
0.9901962279982399
0.9833335876173805
0.9583339690871071
0.9374990462965798
0.8437476157851052
0.7343709468550514
0.33592736718128435
0.9960784315480851
0.4901960789284203
0.7333333341812249
0.33333333549671806
0.9999999957799446
0.9999999894935172
0.9999999830906745
0.999999957770342
0.999999932886567
0.4999998322746251
0.7499997297709342
0.37499932447099127
0.9374989270872902
0.8437473177618813
0.73437067863415
0.33592669662903063
0.9960765763535164
0.49019144094199874
0.7333292643015739
0.3333231607975904
0.9999694823927712
0.9999237060255837
0.9998703002638649
0.999675750703318
0.9995098113722634
0.9987745284743141
0.9979166984267067
0.9947917461104225
0.9921873807616066
0.9804684519476723
0.9667963683314156
0.9169909208721947
0.8745098039216828
0.6862745098478626
0.4666666667617392
0.6666666669188999
0.9999999994470272
0.9999999986612238
0.4999999978754204
0.7499999947031029
0.874999991588993
0.6874999790161382
0.46874996621045284
0.671874915540684
0.9921873658604454
0.9804684146947693
0.9667963348038029
0.916990837053163
0.8745095720223617
0.68627393009956
0.4666661580267828
0.6666653950815089
0.9999961852736305
0.9999904632277321
0.9999837875075173
0.9999594688124489
0.9999387263960671
0.9998468160338234
0.9997395872778725
0.999348968238337
0.999023422569735
0.9975585564679932
0.9958495460159611
0.9896238650835585
0.9843137254647445
0.960784313705517
0.9333333333197515
0.8333333333430346
0.7499999999126885
0.374999999825377
0.9374999997089617
0.3437499993306119
0.9843749989231583
0.9609374973515514
0.9335937457508408
0.33398436443530954
0.9990234207070898
0.9975585518113803
0.9958495418250095
0.9896238546061795
0.9843136964773294
0.9607842412369791
0.933333269727882
0.33333317437791266
0.999999523133738
0.9999988078780007
0.9999979734129738
0.9999949335760903
0.9999923407740425
0.9999808519787621
0.9999674483842682
0.9999186210043263
0.999877927795751
0.9996948195330333
0.9994811932265293
0.998702983109979
0.9980392156576272
0.9950980391877238
0.9916666666395031
0.4791666666569654
0.7187499999708962
0.29687499997089617
0.8671874999417923
0.1679687499126885
0.49804687485448085
0.745117187150754
0.8666992181970272
0.6667480455362238
0.9998779275629204
0.9996948189509567
0.9994811927026603
0.9987029818003066
0.49803921204875223
0.7450980301364325
0.8666666586941574
0.6666666467790492
0.9999999403662514
0.9999998509592842
0.9999997466511559
0.9999993666715454
0.9999990425712895
0.9999976064718794
0.9999959310225677
0.9999898276000749
0.999984740949003
0.9999618524161633
0.9999351491278503
0.9998378728632815
0.49975490194628946
0.7493872548802756
0.87395833330811
0.6848958333139308
0.9648437499708962
0.9121093749708962
0.8583984374708962
0.6459960937208962
0.43725585934589617
0.5931396483792923
0.7333374022564385
0.333343505684752
0.9999847409198992
0.49996185235795565
0.7499351490696426
0.37483787271776237
0.9372549014806282
0.8431372537452262
0.7333333323185798
0.3333333308401052
0.9999999925203156
0.9999999813444447
0.9999999683059286
0.9999999208084773
0.9999998802959453
0.9999997007835191
0.9999994913523551
0.9999987284245435
0.9999980925931595
0.4999952315411065
0.7499918936227914
0.37497973410063423
0.9374693627178203
0.8436734068382066
0.7342447916453239
0.3356119791569654
0.9956054687208962
0.9890136718458962
0.9822998046583962
0.9557495116896462
0.9296569823927712
0.8241424560255837
0.7166671752638649
0.29166793820331804
0.8749980925931595
0.18749523154110648
0.4687418936227914
0.6718547340715304
0.9921568626596127
0.9803921566926874
0.46666666652890854
0.6666666663368233
0.9999999990395736
0.9999999976425897
0.9999999960127752
0.9999999900755938
0.9999999850115273
0.999999962572474
0.49999993640813045
0.749999841034878
0.8749997615523171
0.6874994039244484
0.468748986691935
0.6718724667443894
0.9921836703142617
0.98045917582931
0.46678059894475155
0.6669514973764308
0.9994506835646462
0.9986267089552712
0.9977874755568337
0.9944686889357399
0.9912071227736305
0.9780178069777321
0.9645833968825173
0.9114584922499489
0.8593747615523171
0.6484369039244484
0.433592736691935
0.5839818417443894
0.7490196078142617
0.37254901957930997
0.9333333332906477
0.33333333328482695
0.9999999998544808
0.9999999996798579
0.999999999476131
0.4999999987485353
0.749999998108251
0.3749999953142833
0.9374999920255505
0.3437499801220838
0.9843749701685738
0.9609374254650902
0.933593623311026
0.8339840583212208
0.7490229587710928
0.3725573969713878
0.9333475748426281
0.3333689371647779
0.9999313354201149
0.999828338593943
0.9997234344191384
0.9993085860915016
0.998900890321238
0.9972522258467507
0.9955729245848488
0.9889323115057778
0.9824218451685738
0.9560546129650902
0.929199092061026
0.8229977301962208
0.7186274509585928
0.2965686274401378
0.8666666666395031
0.1666666666569654
0.49999999997089617
0.7499999999417923
0.8749999999126885
0.687499999825377
0.9687499997380655
0.9218749993888196
0.8671874989813659
0.6679687474970706
0.9980468712456059
0.9951171781576704
0.9916992028884124
0.9792480072646867
0.9686278698209208
0.9215696745959576
0.8666684468335006
0.6666711171274073
0.9999914169020485
0.999978542298777
0.9999654292769264
0.9999135732359719
0.9998626112646889
0.999656528205378
0.9994466155476402
0.9986165389127564
0.9978027306206059
0.9945068265951704
0.9911498864821624
0.9778747162490617
0.9648284313443583
0.9120710784045514
0.85833333330811
0.6458333333139308
0.9374999999708962
0.8437499999708962
0.7343749999708962
0.33593749997089617
0.9960937499417923
0.4902343749126885
0.7333984373544808
0.33349609342985786
0.9997558588802349
0.999389647244243
0.9989624003355857
0.99740600088262
0.9960784837021492
0.49019620931358077
0.7333335558359977
0.33333388963364996
0.9999989270872902
0.9999973177618813
0.99999567863415
0.9999891966290306
0.9999828263826203
0.9999570660002064
0.9999308269179892
0.9998270673386287
0.9997253413021099
0.9993133532989305
0.9988937357848044
0.9972343395056669
0.9956035538925789
0.489008884789655
0.7322916666453239
0.3307291666569654
0.9921874999708962
0.9804687499708962
0.9667968749708962
0.9169921874708962
0.8745117187208962
0.6862792968458962
0.46667480465839617
0.6666870116605423
0.9999694823345635
0.9999237058800645
0.4998703000310343
0.7496757500921376
0.8745098104409408
0.6862745261460077
0.4666666944685858
0.6666667361860164
0.9999998658604454
0.9999996646947693
0.9999994598038029
0.999998649553163
0.9999978532723617
0.99999463322456
0.9999913533392828
0.9999783833918627
0.9999656676372979
0.9999141691369005
0.4998617169621866
0.7496542924200185
0.8744504442147445
0.686126110580517
0.46653645831975155
0.6663411458139308
0.9990234374708962
0.9975585937208962
0.9958496093458962
0.9896240234083962
0.9843139648146462
0.9607849120802712
0.9333343505568337
0.8333358764357399
0.7499961852736305
0.3749904632277321
0.9374837874784134
0.34370946875424124
0.9843137262796517
0.9607843157427851
0.9333333367831074
0.3333333420159761
0.9999999832070898
0.9999999580613803
0.9999999324500095
0.9999998311686795
0.9999997316335794
0.9999993291276041
0.9999989191419445
0.4999972979130689
0.7499957084364723
0.3749892711348366
0.9374827145948075
0.34370678654522635
0.9843063055013772
0.9607657637970988
0.9333170572645031
0.3332926432194654
0.9998779296583962
0.9996948241896462
0.9994812011427712
0.9987030029005837
0.9980392455763649
0.995098113984568
0.9916667937941384
0.9791669845290016
0.968749523133738
0.9218738078780007
0.8671854734129738
0.6679636835760903
0.49803921577404253
0.7450980394496582
0.8666666670760605
0.6666666677338071
0.9999999978754204
0.9999999947322067
0.9999999915307853
0.9999999788706191
0.4999999664432835
0.7499999161227606
0.8749998648709152
0.6874996622209437
0.9687494635290932
0.9218736588663887
0.8671853393025231
0.6679633482999634
0.4980382881767582
0.7450957204564475
0.866664632136235
0.6666615803842433
0.9999847411818337
0.9999618529982399
0.9999351501173805
0.9998378753371071
0.9997549056715798
0.9993872642226052
0.9989583491988014
0.9973958730406594
0.9960936903662514
0.9902342259592842
0.9833981841511559
0.9584954604215454
0.9372549019462895
0.8431372549093794
0.7333333333663177
0.33333333345944993
0.9999999997089617
0.4999999993306119
0.7499999989231583
0.37499999735155143
0.9374999957799446
0.8437499894935172
0.7343749830906745
0.335937457770342
0.9960936829156708
0.9902342073328327
0.9833981673873495
0.9584954185120296
0.9372547859966289
0.8431369650352281
0.7333330789988395
0.33333269754075445
0.9999980926222634
0.9999952315993141
0.9999918937392067
0.9999797343916725
0.9999693631834816
0.9999234080023598
0.9998697936243843
0.9996744841046166
0.9995117112703156
0.9987792782194447
0.9979247729934286
0.9948119325272273
0.9921568627178203
0.9803921568382066
0.9666666666453239
0.9166666666569654
0.8749999999417923
0.1874999999126885
0.46874999985448085
0.671874999650754
0.9921874994470272
0.9804687486612238
0.4667968728754204
0.6669921822031029
0.999511710338993
0.9987792758911382
0.9979247708979528
0.9948119272885378
0.9921568482241128
0.9803921206039377
0.466666634863941
0.6666665871744044
0.9999997615523171
0.9999994039244484
0.999998986691935
0.9999974667734932
0.9999961703724694
0.9999904259748291
0.9999837241775822
0.9999593104876112
0.9999389638833236
0.9998474097519647
0.9997405965987127
0.9993514915404376
0.9990196078142617
0.99754901957931
0.49583333331975155
0.7395833333139308
0.8593749999708962
0.6484374999708962
0.43359374997089617
0.5839843749417923
0.7490234374126885
0.372558593575377
0.9333496090839617
0.3333740227681119
0.9999389637669083
0.9998474094609264
0.9997405963367783
0.4993514909001533
0.7490196060098242
0.37254901506821625
0.9333333293325268
0.3333333233895246
0.9999999701685738
0.9999999254650902
0.999999873311026
0.9999996833212208
0.9999995212710928
0.9999988032213878
0.9999979654967319
0.9999949137854856
0.9999923704599496
0.9999809261935297
0.9999675745493732
0.49991893643164076
0.7498774509585928
0.3746936274401378
0.9369791666395031
0.3424479166569654
0.9824218749708962
0.9560546874708962
0.9291992187208962
0.8229980468458962
0.7186279296583962
0.29656982418964617
0.8666687011136673
0.166671752842376
0.4999923704599496
0.7499809261644259
0.8749675745202694
0.6874189363443293
0.9686274507257622
0.9215686268580612
0.866666666144738
0.6666666654055007
0.9999999962456059
0.9999999906576704
0.9999999841384124
0.9999999603896867
0.9999999401334208
0.9999998503772076
0.9999997456616256
0.9999993641977198
0.49999904629657976
0.7499976157560013
0.8749959467968438
0.6874898670357652
0.9687346813443583
0.9218367034045514
0.86712239580811
0.6678059895639308
0.9978027343458962
0.9945068359083962
0.9911499023146462
0.9778747558302712
0.9648284911818337
0.9120712279982399
0.8583335876173805
0.6458339690871071
0.43749904629657976
0.5937476157560013
0.7343709467968438
0.3359273670357652
0.9960784313152544
0.4901960783463437
0.7333333332499024
0.3333333331684116
0.9999999995052349
0.999999998806743
0.9999999979918357
0.999999995023245
0.9999999924912117
0.499999981286237
0.7499999681895133
0.374999920517439
0.9374998807616066
0.8437497019476723
0.7343744933314156
0.3359362333721947
0.9960918351425789
0.490229587914655
0.7333902994578239
0.3334757486882154
0.9997253417677712
0.9993133544630837
0.9988937377638649
0.997234344453318
0.9956035613722634
0.9890089034743141
0.9822916984267067
0.9557292461104225
0.9296873807616066
0.8242184519476723
0.7167963683314156
0.2919909208721947
0.8745098038925789
0.18627450978965499
0.46666666664532386
0.6666666666278616
0.9999999999126885
0.999999999825377
0.4999999997380655
0.7499999993597157
0.8749999990395736
0.6874999976425897
0.4687499960127752
0.67187499004649
0.992187485069735
0.9804687127179932
0.9667968116409611
0.9169920291460585
0.8745114793709945
0.686278698471142
0.46667378742131405
0.666684468567837
0.9999656676955055
0.9999141692824196
0.9998617171950173
0.9996542930311989
0.9994504451460671
0.9986261129088234
0.9977864622778725
0.994466155738337
0.991210922569735
0.9780273064679932
0.9645995460159611
0.9114988650835585
0.8593137254647445
0.648284313705517
0.43333333331975155
0.5833333333139308
0.7499999999708962
0.37499999997089617
0.9374999999417923
0.3437499999126885
0.9843749998544808
0.9609374996798579
0.933593749476131
0.3339843737485353
0.999023435608251
0.9975585890642833
0.9958496014296543
0.9896240036177915
0.9843139348959085
0.9607848372834269
0.9333342234021984
0.33333555856370367
0.9999957084364723
0.9999892711348366
0.9999827146239113
0.999956786603434
0.9999313056177925
0.9998282640881371
0.9997233077592682
0.9993082694418263
0.998901365295751
0.9972534132830333
0.9955749432265293
0.988937358109979
0.9824142156576272
0.9560355391877238
0.9291666666395031
0.3229166666569654
0.9687499999708962
0.9218749999708962
0.8671874999708962
0.6679687499708962
0.49804687497089617
0.7451171874417923
0.8666992186626885
0.666748046700377
0.9998779294255655
0.9996948236075696
0.9994812001532409
0.9987030004267581
0.4980392418510746
0.7450981046422385
0.8666667779034469
0.6666669448022731
0.9999994635290932
0.9999986588663887
0.9999978393025231
0.9999945982999634
0.9999914131767582
0.9999785329855513
0.9999654134444427
0.9999135336547624
0.999862670636503
0.9996566766349133
0.9994468678778503
0.9986171697382815
0.49780177694628946
0.7445044423802756
0.86614583330811
0.6653645833139308
0.9960937499708962
0.9902343749708962
0.9833984374708962
0.9584960937208962
0.9372558593458962
0.8431396484083962
0.7333374023146462
0.33334350583027117
0.9999847411527298
0.49996185294003226
0.7499351500009652
0.3748378750460688
0.9372549052059185
0.8431372630584519
0.733333347219741
0.3333333680930082
0.9999999329156708
0.9999998323328327
0.9999997298873495
0.9999993247620296
0.9999989266216289
0.9999973165977281
0.9999956766550895
0.9999891916813795
0.999982833804097
0.4999570845684502
0.7499308584665414
0.37482714621000923
0.9372252220928203
0.8430630552757066
0.7332682291453239
0.3331705729069654
0.9995117187208962
0.9987792968458962
0.9979248046583962
0.9948120116896462
0.9921569823927712
0.9803924560255837
0.9666671752638649
0.916667938203318
0.8749980926222634
0.6874952315993141
0.4687418937392067
0.6718547343625687
0.992156863125274
0.9803921578568406
0.4666666683915537
0.6666666709934361
0.999999991588993
0.9999999790161382
0.9999999662104528
0.9999999155697878
0.9999998658022378
0.9999996645492502
0.49999945957097225
0.7499986489419825
0.8749978542036843
0.6874946355528664
0.46874135729740374
0.6718533932580613
0.9921531527361367
0.9803828818839975
0.46665852863225155
0.6666463215951808
0.9999389648146462
0.9998474120802712
0.9997406005568337
0.9993515014357399
0.9990196227736305
0.9975490569777321
0.9958333968825173
0.9895834922499489
0.9843747615523171
0.9609369039244484
0.933592736691935
0.8339818417734932
0.7490196078724694
0.3725490197248291
0.9333333335234784
0.33333333386690356
0.9999999989231583
0.9999999973515514
0.9999999957508408
0.49999998943530954
0.7499999832070898
0.3749999580613803
0.9374999324209057
0.34374983111047186
0.9843747317499947
0.9609368294186424
0.9335926696367096
0.8339816741354298
0.7490191440738272
0.3725478602282237
0.9333323160535656
0.33333079019212164
0.9999923705763649
0.999980926484568
0.9999675750441384
0.9999189376540016
0.999877452821238
0.9996936320967507
0.9994791745848488
0.9986979365057778
0.9980468451685738
0.9951171129650902
0.991699092061026
0.9792477301962208
0.9686274509585928
0.9215686274401378
0.8666666666686069
0.666666666715173
0.49999999985448085
0.749999999650754
0.8749999994470272
0.6874999986612238
0.9687499978754204
0.9218749947322067
0.8671874915307853
0.6679687288706191
0.9980468414432835
0.9951171036518645
0.9916990836791229
0.9792477092414629
0.9686273929837625
0.9215684825030621
0.8666665394848678
0.6666663487558253
0.9999990462965798
0.9999976157851052
0.9999959468550514
0.9999898671812844
0.9999846815771889
0.999961703986628
0.9999348967976402
0.9998372420377564
0.9997558556206059
0.9993896390951704
0.9989623864821624
0.9974059662490617
0.9960784313443583
0.9901960784045514
0.98333333330811
0.9583333333139308
0.43749999997089617
0.5937499999417923
0.7343749999126885
0.335937499825377
0.9960937497089617
0.4902343743306119
0.7333984364231583
0.33349609110155143
0.9997558551549446
0.9993896379310172
0.9989623854344245
0.997405963629717
0.9960784240975045
0.49019606030196883
0.7333333174174186
0.3333332935872022
0.9999998807616066
0.9999997019476723
0.9999994933314156
0.9999987333721947
0.9999980851716828
0.9999952129728626
0.9999918620742392
0.9999796552292537
0.9999694819271099
0.9999237048614305
0.9998702982848044
0.9996757457556669
0.9995098038925789
0.498774509789655
0.7479166666453239
0.3697916666569654
0.9296874999708962
0.8242187499708962
0.7167968749708962
0.29199218747089617
0.8745117186917923
0.1862792967876885
0.46667480454198085
0.666687011369504
0.9999694818689022
0.9999237047159113
0.4998702981683891
0.7496757454355247
0.8745098029903602
0.6862745075195562
0.4666666646662634
0.6666666616802104
0.999999985069735
0.9999999627179932
0.9999999366409611
0.9999998416460585
0.9999997606209945
0.999999401596142
0.999998982733814
0.9999974568781909
0.9999961852154229
0.999990463082213
0.4999837872746866
0.7499594682012685
0.8749387254647445
0.687346813705517
0.46848958331975155
0.6712239583139308
0.9912109374708962
0.9780273437208962
0.9645996093458962
0.9114990234083962
0.8593139648146462
0.6482849120802712
0.43333435055683367
0.5833358764066361
0.7499961852154229
0.37499046308221295
0.9374837872455828
0.34370946817216463
0.9843137253483292
0.9607843134144787
0.9333333330578171
0.33333333270275034
0.999999998108251
0.9999999953142833
0.9999999920546543
0.9999999801802915
0.9999999700521585
0.9999999251740519
0.9999998728162609
0.4999996820988599
0.749999523133738
0.37499880787800066
0.93749797338387
0.3437449335178826
0.9843673406576272
0.9609183516877238
0.9335611978895031
0.3339029947819654
0.9989013671583962
0.9972534179396462
0.9955749511427712
0.9889373779005837
0.9824142455763649
0.956035613984568
0.9291667937941384
0.8229169845290016
0.718749523133738
0.29687380787800066
0.86718547338387
0.1679636835178826
0.4980392156576272
0.7450980391586199
0.8666666666103993
0.6666666665696539
0.9999999997380655
0.9999999993888196
0.9999999989813659
0.9999999974970706
0.49999999624560587
0.7499999906285666
0.8749999840802047
0.6874999602441676
0.9687499403662514
0.9218748509592842
0.8671872466511559
0.6679681166715454
0.49804591757128946
0.7451147939427756
0.86669514971436
0.6667378743295558
0.9998626708693337
0.9996566772169899
0.9994468688673805
0.9986171722121071
0.9978017806715798
0.9945044517226052
0.9911458491988014
0.9778646230406594
0.9648436903662514
0.9121092259592842
0.8583981841511559
0.6459954604215454
0.43725490194628946
0.5931372548802756
0.73333333330811
0.3333333333139308
0.9999999999417923
0.4999999999126885
0.7499999998544808
0.37499999967985786
0.9374999995052349
0.843749998806743
0.7343749979918357
0.335937495023245
0.9960937425203156
0.9902343563444447
0.9833984058059286
0.9584960145584773
0.9372557396709453
0.8431393492210191
0.7333368936961051
0.3333422342839185
0.9999828338332009
0.9999570846266579
0.9999308585829567
0.9998271465010475
0.9997252225584816
0.9993130564398598
0.9988932311243843
0.9972330778546166
0.9956054612703156
0.9890136532194447
0.9822997729934286
0.9557494325272273
0.9296568627178203
0.8241421568382066
0.7166666666453239
0.2916666666569654
0.8749999999708962
0.6874999999708962
0.46874999997089617
0.6718749999417923
0.9921874999126885
0.980468749825377
0.4667968747380655
0.6669921868597157
0.9995117177895736
0.9987792945175897
0.9979248007002752
0.9948120017943438
0.9921569674334023
0.9803924186271615
0.4666671117010992
0.6666677792672999
0.9999978542036843
0.9999946355528664
0.9999913572974037
0.9999783932871651
0.9999656527943444
0.9999141320295166
0.9998616538650822
0.9996541347063612
0.9994506826333236
0.9986267066269647
0.9977874715987127
0.9944686790404376
0.9912071078142617
0.97801776957931
0.46458333331975155
0.6614583333139308
0.9843749999708962
0.9609374999708962
0.9335937499708962
0.8339843749708962
0.7490234374708962
0.37255859372089617
0.9333496093167923
0.3333740233501885
0.9999389646982308
0.9998474117892329
0.9997406000620686
0.49935150021337904
0.7490196209109854
0.37254905232111923
0.9333333889371715
0.33333347240113653
0.9999997317499947
0.9999993294186424
0.9999989196367096
0.9999972991354298
0.9999957065738272
0.9999892664782237
0.9999827067076694
0.9999567668128293
0.9999313353036996
0.9998283383029047
0.9997234339243732
0.49930858486914076
0.7489008884585928
0.3722522211901378
0.9330729166395031
0.3326822916569654
0.9980468749708962
0.9951171874708962
0.9916992187208962
0.9792480468458962
0.9686279296583962
0.9215698241896462
0.8666687011427712
0.6666717529005837
0.4999923705763649
0.7499809264554642
0.8749675749859307
0.6874189375084825
0.9686274525884073
0.921568631514674
0.8666666735953186
0.6666666840319522
0.9999999664432835
0.9999999161518645
0.9999998649291229
0.9999996623664629
0.9999994632962625
0.9999986582843121
0.9999978383129928
0.9999945958261378
0.4999914169020485
0.7499785422696732
0.8749654292187188
0.6874135730904527
0.9686126110318583
0.9215315276233014
0.86663411455811
0.6665852864389308
0.9997558593458962
0.9993896484083962
0.9989624023146462
0.9974060058302712
0.9960784911818337
0.9901962279982399
0.9833335876173805
0.9583339690871071
0.9374990462965798
0.8437476157851052
0.7343709468550514
0.33592736718128435
0.9960784315480851
0.4901960789284203
0.7333333341812249
0.33333333549671806
0.9999999957799446
0.9999999894935172
0.9999999830906745
0.999999957770342
0.999999932886567
0.4999998322746251
0.7499997297709342
0.37499932447099127
0.9374989270872902
0.8437473177618813
0.73437067863415
0.33592669662903063
0.9960765763535164
0.49019144094199874
0.7333292643015739
0.3333231607975904
0.9999694823927712
0.9999237060255837
0.9998703002638649
0.999675750703318
0.9995098113722634
0.9987745284743141
0.9979166984267067
0.9947917461104225
0.9921873807616066
0.9804684519476723
0.9667963683314156
0.9169909208721947
0.8745098039216828
0.6862745098478626
0.4666666667617392
0.6666666669188999
0.9999999994470272
0.9999999986612238
0.4999999978754204
0.7499999947031029
0.874999991588993
0.6874999790161382
0.46874996621045284
0.671874915540684
0.9921873658604454
0.9804684146947693
0.9667963348038029
0.916990837053163
0.8745095720223617
0.68627393009956
0.4666661580267828
0.6666653950815089
0.9999961852736305
0.9999904632277321
0.9999837875075173
0.9999594688124489
0.9999387263960671
0.9998468160338234
0.9997395872778725
0.999348968238337
0.999023422569735
0.9975585564679932
0.9958495460159611
0.9896238650835585
0.9843137254647445
0.960784313705517
0.9333333333197515
0.8333333333430346
0.7499999999126885
0.374999999825377
0.9374999997089617
0.3437499993306119
0.9843749989231583
0.9609374973515514
0.9335937457508408
0.33398436443530954
0.9990234207070898
0.9975585518113803
0.9958495418250095
0.9896238546061795
0.9843136964773294
0.9607842412369791
0.933333269727882
0.33333317437791266
0.999999523133738
0.9999988078780007
0.9999979734129738
0.9999949335760903
0.9999923407740425
0.9999808519787621
0.9999674483842682
0.9999186210043263
0.999877927795751
0.9996948195330333
0.9994811932265293
0.998702983109979
0.9980392156576272
0.9950980391877238
0.9916666666395031
0.4791666666569654
0.7187499999708962
0.29687499997089617
0.8671874999417923
0.1679687499126885
0.49804687485448085
0.745117187150754
0.8666992181970272
0.6667480455362238
0.9998779275629204
0.9996948189509567
0.9994811927026603
0.9987029818003066
0.49803921204875223
0.7450980301364325
0.8666666586941574
0.6666666467790492
0.9999999403662514
0.9999998509592842
0.9999997466511559
0.9999993666715454
0.9999990425712895
0.9999976064718794
0.9999959310225677
0.9999898276000749
0.999984740949003
0.9999618524161633
0.9999351491278503
0.9998378728632815
0.49975490194628946
0.7493872548802756
0.87395833330811
0.6848958333139308
0.9648437499708962
0.9121093749708962
0.8583984374708962
0.6459960937208962
0.43725585934589617
0.5931396483792923
0.7333374022564385
0.333343505684752
0.9999847409198992
0.49996185235795565
0.7499351490696426
0.37483787271776237
0.9372549014806282
0.8431372537452262
0.7333333323185798
0.3333333308401052
0.9999999925203156
0.9999999813444447
0.9999999683059286
0.9999999208084773
0.9999998802959453
0.9999997007835191
0.9999994913523551
0.9999987284245435
0.9999980925931595
0.4999952315411065
0.7499918936227914
0.37497973410063423
0.9374693627178203
0.8436734068382066
0.7342447916453239
0.3356119791569654
0.9956054687208962
0.9890136718458962
0.9822998046583962
0.9557495116896462
0.9296569823927712
0.8241424560255837
0.7166671752638649
0.29166793820331804
0.8749980925931595
0.18749523154110648
0.4687418936227914
0.6718547340715304
0.9921568626596127
0.9803921566926874
0.46666666652890854
0.6666666663368233
0.9999999990395736
0.9999999976425897
0.9999999960127752
0.9999999900755938
0.9999999850115273
0.999999962572474
0.49999993640813045
0.749999841034878
0.8749997615523171
0.6874994039244484
0.468748986691935
0.6718724667443894
0.9921836703142617
0.98045917582931
0.46678059894475155
0.6669514973764308
0.9994506835646462
0.9986267089552712
0.9977874755568337
0.9944686889357399
0.9912071227736305
0.9780178069777321
0.9645833968825173
0.9114584922499489
0.8593747615523171
0.6484369039244484
0.433592736691935
0.5839818417443894
0.7490196078142617
0.37254901957930997
0.9333333332906477
0.33333333328482695
0.9999999998544808
0.9999999996798579
0.999999999476131
0.4999999987485353
0.749999998108251
0.3749999953142833
0.9374999920255505
0.3437499801220838
0.9843749701685738
0.9609374254650902
0.933593623311026
0.8339840583212208
0.7490229587710928
0.3725573969713878
0.9333475748426281
0.3333689371647779
0.9999313354201149
0.999828338593943
0.9997234344191384
0.9993085860915016
0.998900890321238
0.9972522258467507
0.9955729245848488
0.9889323115057778
0.9824218451685738
0.9560546129650902
0.929199092061026
0.8229977301962208
0.7186274509585928
0.2965686274401378
0.8666666666395031
0.1666666666569654
0.49999999997089617
0.7499999999417923
0.8749999999126885
0.687499999825377
0.9687499997380655
0.9218749993888196
0.8671874989813659
0.6679687474970706
0.9980468712456059
0.9951171781576704
0.9916992028884124
0.9792480072646867
0.9686278698209208
0.9215696745959576
0.8666684468335006
0.6666711171274073
0.9999914169020485
0.999978542298777
0.9999654292769264
0.9999135732359719
0.9998626112646889
0.999656528205378
0.9994466155476402
0.9986165389127564
0.9978027306206059
0.9945068265951704
0.9911498864821624
0.9778747162490617
0.9648284313443583
0.9120710784045514
0.85833333330811
0.6458333333139308
0.9374999999708962
0.8437499999708962
0.7343749999708962
0.33593749997089617
0.9960937499417923
0.4902343749126885
0.7333984373544808
0.33349609342985786
0.9997558588802349
0.999389647244243
0.9989624003355857
0.99740600088262
0.9960784837021492
0.49019620931358077
0.7333335558359977
0.33333388963364996
0.9999989270872902
0.9999973177618813
0.99999567863415
0.9999891966290306
0.9999828263826203
0.9999570660002064
0.9999308269179892
0.9998270673386287
0.9997253413021099
0.9993133532989305
0.9988937357848044
0.9972343395056669
0.9956035538925789
0.489008884789655
0.7322916666453239
0.3307291666569654
0.9921874999708962
0.9804687499708962
0.9667968749708962
0.9169921874708962
0.8745117187208962
0.6862792968458962
0.46667480465839617
0.6666870116605423
0.9999694823345635
0.9999237058800645
0.4998703000310343
0.7496757500921376
0.8745098104409408
0.6862745261460077
0.4666666944685858
0.6666667361860164
0.9999998658604454
0.9999996646947693
0.9999994598038029
0.999998649553163
0.9999978532723617
0.99999463322456
0.9999913533392828
0.9999783833918627
0.9999656676372979
0.9999141691369005
0.4998617169621866
0.7496542924200185
0.8744504442147445
0.686126110580517
0.46653645831975155
0.6663411458139308
0.9990234374708962
0.9975585937208962
0.9958496093458962
0.9896240234083962
0.9843139648146462
0.9607849120802712
0.9333343505568337
0.8333358764357399
0.7499961852736305
0.3749904632277321
0.9374837874784134
0.34370946875424124
0.9843137262796517
0.9607843157427851
0.9333333367831074
0.3333333420159761
0.9999999832070898
0.9999999580613803
0.9999999324500095
0.9999998311686795
0.9999997316335794
0.9999993291276041
0.9999989191419445
0.4999972979130689
0.7499957084364723
0.3749892711348366
0.9374827145948075
0.34370678654522635
0.9843063055013772
0.9607657637970988
0.9333170572645031
0.3332926432194654
0.9998779296583962
0.9996948241896462
0.9994812011427712
0.9987030029005837
0.9980392455763649
0.995098113984568
0.9916667937941384
0.9791669845290016
0.968749523133738
0.9218738078780007
0.8671854734129738
0.6679636835760903
0.49803921577404253
0.7450980394496582
0.8666666670760605
0.6666666677338071
0.9999999978754204
0.9999999947322067
0.9999999915307853
0.9999999788706191
0.4999999664432835
0.7499999161227606
0.8749998648709152
0.6874996622209437
0.9687494635290932
0.9218736588663887
0.8671853393025231
0.6679633482999634
0.4980382881767582
0.7450957204564475
0.866664632136235
0.6666615803842433
0.9999847411818337
0.9999618529982399
0.9999351501173805
0.9998378753371071
0.9997549056715798
0.9993872642226052
0.9989583491988014
0.9973958730406594
0.9960936903662514
0.9902342259592842
0.9833981841511559
0.9584954604215454
0.9372549019462895
0.8431372549093794
0.7333333333663177
0.33333333345944993
0.9999999997089617
0.4999999993306119
0.7499999989231583
0.37499999735155143
0.9374999957799446
0.8437499894935172
0.7343749830906745
0.335937457770342
0.9960936829156708
0.9902342073328327
0.9833981673873495
0.9584954185120296
0.9372547859966289
0.8431369650352281
0.7333330789988395
0.33333269754075445
0.9999980926222634
0.9999952315993141
0.9999918937392067
0.9999797343916725
0.9999693631834816
0.9999234080023598
0.9998697936243843
0.9996744841046166
0.9995117112703156
0.9987792782194447
0.9979247729934286
0.9948119325272273
0.9921568627178203
0.9803921568382066
0.9666666666453239
0.9166666666569654
0.8749999999417923
0.1874999999126885
0.46874999985448085
0.671874999650754
0.9921874994470272
0.9804687486612238
0.4667968728754204
0.6669921822031029
0.999511710338993
0.9987792758911382
0.9979247708979528
0.9948119272885378
0.9921568482241128
0.9803921206039377
0.466666634863941
0.6666665871744044
0.9999997615523171
0.9999994039244484
0.999998986691935
0.9999974667734932
0.9999961703724694
0.9999904259748291
0.9999837241775822
0.9999593104876112
0.9999389638833236
0.9998474097519647
0.9997405965987127
0.9993514915404376
0.9990196078142617
0.99754901957931
0.49583333331975155
0.7395833333139308
0.8593749999708962
0.6484374999708962
0.43359374997089617
0.5839843749417923
0.7490234374126885
0.372558593575377
0.9333496090839617
0.3333740227681119
0.9999389637669083
0.9998474094609264
0.9997405963367783
0.4993514909001533
0.7490196060098242
0.37254901506821625
0.9333333293325268
0.3333333233895246
0.9999999701685738
0.9999999254650902
0.999999873311026
0.9999996833212208
0.9999995212710928
0.9999988032213878
0.9999979654967319
0.9999949137854856
0.9999923704599496
0.9999809261935297
0.9999675745493732
0.49991893643164076
0.7498774509585928
0.3746936274401378
0.9369791666395031
0.3424479166569654
0.9824218749708962
0.9560546874708962
0.9291992187208962
0.8229980468458962
0.7186279296583962
0.29656982418964617
0.8666687011136673
0.166671752842376
0.4999923704599496
0.7499809261644259
0.8749675745202694
0.6874189363443293
0.9686274507257622
0.9215686268580612
0.866666666144738
0.6666666654055007
0.9999999962456059
0.9999999906576704
0.9999999841384124
0.9999999603896867
0.9999999401334208
0.9999998503772076
0.9999997456616256
0.9999993641977198
0.49999904629657976
0.7499976157560013
0.8749959467968438
0.6874898670357652
0.9687346813443583
0.9218367034045514
0.86712239580811
0.6678059895639308
0.9978027343458962
0.9945068359083962
0.9911499023146462
0.9778747558302712
0.9648284911818337
0.9120712279982399
0.8583335876173805
0.6458339690871071
0.43749904629657976
0.5937476157560013
0.7343709467968438
0.3359273670357652
0.9960784313152544
0.4901960783463437
0.7333333332499024
0.3333333331684116
0.9999999995052349
0.999999998806743
0.9999999979918357
0.999999995023245
0.9999999924912117
0.499999981286237
0.7499999681895133
0.374999920517439
0.9374998807616066
0.8437497019476723
0.7343744933314156
0.3359362333721947
0.9960918351425789
0.490229587914655
0.7333902994578239
0.3334757486882154
0.9997253417677712
0.9993133544630837
0.9988937377638649
0.997234344453318
0.9956035613722634
0.9890089034743141
0.9822916984267067
0.9557292461104225
0.9296873807616066
0.8242184519476723
0.7167963683314156
0.2919909208721947
0.8745098038925789
0.18627450978965499
0.46666666664532386
0.6666666666278616
0.9999999999126885
0.999999999825377
0.4999999997380655
0.7499999993597157
0.8749999990395736
0.6874999976425897
0.4687499960127752
0.67187499004649
0.992187485069735
0.9804687127179932
0.9667968116409611
0.9169920291460585
0.8745114793709945
0.686278698471142
0.46667378742131405
0.666684468567837
0.9999656676955055
0.9999141692824196
0.9998617171950173
0.9996542930311989
0.9994504451460671
0.9986261129088234
0.9977864622778725
0.994466155738337
0.991210922569735
0.9780273064679932
0.9645995460159611
0.9114988650835585
0.8593137254647445
0.648284313705517
0.43333333331975155
0.5833333333139308
0.7499999999708962
0.37499999997089617
0.9374999999417923
0.3437499999126885
0.9843749998544808
0.9609374996798579
0.933593749476131
0.3339843737485353
0.999023435608251
0.9975585890642833
0.9958496014296543
0.9896240036177915
0.9843139348959085
0.9607848372834269
0.9333342234021984
0.33333555856370367
0.9999957084364723
0.9999892711348366
0.9999827146239113
0.999956786603434
0.9999313056177925
0.9998282640881371
0.9997233077592682
0.9993082694418263
0.998901365295751
0.9972534132830333
0.9955749432265293
0.988937358109979
0.9824142156576272
0.9560355391877238
0.9291666666395031
0.3229166666569654
0.9687499999708962
0.9218749999708962
0.8671874999708962
0.6679687499708962
0.49804687497089617
0.7451171874417923
0.8666992186626885
0.666748046700377
0.9998779294255655
0.9996948236075696
0.9994812001532409
0.9987030004267581
0.4980392418510746
0.7450981046422385
0.8666667779034469
0.6666669448022731
0.9999994635290932
0.9999986588663887
0.9999978393025231
0.9999945982999634
0.9999914131767582
0.9999785329855513
0.9999654134444427
0.9999135336547624
0.999862670636503
0.9996566766349133
0.9994468678778503
0.9986171697382815
0.49780177694628946
0.7445044423802756
0.86614583330811
0.6653645833139308
0.9960937499708962
0.9902343749708962
0.9833984374708962
0.9584960937208962
0.9372558593458962
0.8431396484083962
0.7333374023146462
0.33334350583027117
0.9999847411527298
0.49996185294003226
0.7499351500009652
0.3748378750460688
0.9372549052059185
0.8431372630584519
0.733333347219741
0.3333333680930082
0.9999999329156708
0.9999998323328327
0.9999997298873495
0.9999993247620296
0.9999989266216289
0.9999973165977281
0.9999956766550895
0.9999891916813795
0.999982833804097
0.4999570845684502
0.7499308584665414
0.37482714621000923
0.9372252220928203
0.8430630552757066
0.7332682291453239
0.3331705729069654
0.9995117187208962
0.9987792968458962
0.9979248046583962
0.9948120116896462
0.9921569823927712
0.9803924560255837
0.9666671752638649
0.916667938203318
0.8749980926222634
0.6874952315993141
0.4687418937392067
0.6718547343625687
0.992156863125274
0.9803921578568406
0.4666666683915537
0.6666666709934361
0.999999991588993
0.9999999790161382
0.9999999662104528
0.9999999155697878
0.9999998658022378
0.9999996645492502
0.49999945957097225
0.7499986489419825
0.8749978542036843
0.6874946355528664
0.46874135729740374
0.6718533932580613
0.9921531527361367
0.9803828818839975
0.46665852863225155
0.6666463215951808
0.9999389648146462
0.9998474120802712
0.9997406005568337
0.9993515014357399
0.9990196227736305
0.9975490569777321
0.9958333968825173
0.9895834922499489
0.9843747615523171
0.9609369039244484
0.933592736691935
0.8339818417734932
0.7490196078724694
0.3725490197248291
0.9333333335234784
0.33333333386690356
0.9999999989231583
0.9999999973515514
0.9999999957508408
0.49999998943530954
0.7499999832070898
0.3749999580613803
0.9374999324209057
0.34374983111047186
0.9843747317499947
0.9609368294186424
0.9335926696367096
0.8339816741354298
0.7490191440738272
0.3725478602282237
0.9333323160535656
0.33333079019212164
0.9999923705763649
0.999980926484568
0.9999675750441384
0.9999189376540016
0.999877452821238
0.9996936320967507
0.9994791745848488
0.9986979365057778
0.9980468451685738
0.9951171129650902
0.991699092061026
0.9792477301962208
0.9686274509585928
0.9215686274401378
0.8666666666686069
0.666666666715173
0.49999999985448085
0.749999999650754
0.8749999994470272
0.6874999986612238
0.9687499978754204
0.9218749947322067
0.8671874915307853
0.6679687288706191
0.9980468414432835
0.9951171036518645
0.9916990836791229
0.9792477092414629
0.9686273929837625
0.9215684825030621
0.8666665394848678
0.6666663487558253
0.9999990462965798
0.9999976157851052
0.9999959468550514
0.9999898671812844
0.9999846815771889
0.999961703986628
0.9999348967976402
0.9998372420377564
0.9997558556206059
0.9993896390951704
0.9989623864821624
0.9974059662490617
0.9960784313443583
0.9901960784045514
0.98333333330811
0.9583333333139308
0.43749999997089617
0.5937499999417923
0.7343749999126885
0.335937499825377
0.9960937497089617
0.4902343743306119
0.7333984364231583
0.33349609110155143
0.9997558551549446
0.9993896379310172
0.9989623854344245
0.997405963629717
0.9960784240975045
0.49019606030196883
0.7333333174174186
0.3333332935872022
0.9999998807616066
0.9999997019476723
0.9999994933314156
0.9999987333721947
0.9999980851716828
0.9999952129728626
0.9999918620742392
0.9999796552292537
0.9999694819271099
0.9999237048614305
0.9998702982848044
0.9996757457556669
0.9995098038925789
0.498774509789655
0.7479166666453239
0.3697916666569654
0.9296874999708962
0.8242187499708962
0.7167968749708962
0.29199218747089617
0.8745117186917923
0.1862792967876885
0.46667480454198085
0.666687011369504
0.9999694818689022
0.9999237047159113
0.4998702981683891
0.7496757454355247
0.8745098029903602
0.6862745075195562
0.4666666646662634
0.6666666616802104
0.999999985069735
0.9999999627179932
0.9999999366409611
0.9999998416460585
0.9999997606209945
0.999999401596142
0.999998982733814
0.9999974568781909
0.9999961852154229
0.999990463082213
0.4999837872746866
0.7499594682012685
0.8749387254647445
0.687346813705517
0.46848958331975155
0.6712239583139308
0.9912109374708962
0.9780273437208962
0.9645996093458962
0.9114990234083962
0.8593139648146462
0.6482849120802712
0.43333435055683367
0.5833358764066361
0.7499961852154229
0.37499046308221295
0.9374837872455828
0.34370946817216463
0.9843137253483292
0.9607843134144787
0.9333333330578171
0.33333333270275034
0.999999998108251
0.9999999953142833
0.9999999920546543
0.9999999801802915
0.9999999700521585
0.9999999251740519
0.9999998728162609
0.4999996820988599
0.749999523133738
0.37499880787800066
0.93749797338387
0.3437449335178826
0.9843673406576272
0.9609183516877238
0.9335611978895031
0.3339029947819654
0.9989013671583962
0.9972534179396462
0.9955749511427712
0.9889373779005837
0.9824142455763649
0.956035613984568
0.9291667937941384
0.8229169845290016
0.718749523133738
0.29687380787800066
0.86718547338387
0.1679636835178826
0.4980392156576272
0.7450980391586199
0.8666666666103993
0.6666666665696539
0.9999999997380655
0.9999999993888196
0.9999999989813659
0.9999999974970706
0.49999999624560587
0.7499999906285666
0.8749999840802047
