3.814697265625e-06
5.7220458984375e-06
4.76837158203125e-06
7.152557373046875e-06
4.0531158447265625e-06
6.079673767089844e-06
5.066394805908203e-06
7.599592208862305e-06
3.829598426818848e-06
5.7443976402282715e-06
4.7869980335235596e-06
7.180497050285339e-06
4.068948328495026e-06
6.1034224927425385e-06
5.086185410618782e-06
7.629278115928173e-06
3.8147554732859135e-06
5.72213320992887e-06
0.5000047684297897
0.7500071526446845
0.1250040531740524
0.18750607976107858
0.6562550664530136
0.9843825996795204
0.00781632965663448
0.01172449448495172
0.5097704120562412
0.7646556180843618
0.13330485025653616
0.19995727538480423
0.6666310628061183
0.9999465942091774
3.4332275390625e-05
5.14984130859375e-05
4.291534423828125e-05
5.6743621826171875e-05
3.647804260253906e-05
5.0902366638183594e-05
4.559755325317383e-05
5.361437797546387e-05
3.446638584136963e-05
5.169957876205444e-05
4.3082982301712036e-05
5.696527659893036e-05
3.662053495645523e-05
5.0862785428762436e-05
4.577566869556904e-05
5.340657662600279e-05
3.433279925957322e-05
5.149919888935983e-05
0.5000429159845226
0.7500567444658373
0.12503647859557532
0.6875509031233378
0.9062955982226413
0.10942861519288272
0.07034696690971032
0.10552045036456548
0.587933708622586
0.86626790362061
0.19974365233792923
0.6667989094858058
0.9996795654005837
0.00048065185546875
0.000247955322265625
0.0003719329833984375
0.00030994415283203125
0.0004649162292480469
0.00026345252990722656
0.00039517879486083984
0.0003216862678527832
0.0004825294017791748
0.0002489238977432251
0.00037338584661483765
0.00030924752354621887
0.0004638712853193283
0.00026448164135217667
0.000396722462028265
0.00032043945975601673
0.0004806591896340251
0.0002479591057635844
0.00037193865864537656
0.5003099488676526
0.7504649233014788
0.12526345654623583
0.18789518481935374
0.6565716911572963
0.9848575367359444
0.5080614276812412
0.7620921415218618
0.13507486978778616
0.20261230468167923
0.6648152669076808
0.9967346191115212
0.0028839111328125
0.00347137451171875
0.002231597900390625
0.0033473968505859375
0.0027894973754882812
0.003627300262451172
0.002371072769165039
0.0032781362533569336
0.002895176410675049
0.0034696757793426514
0.002240315079689026
0.003352843225002289
0.00278322771191597
0.0036214422434568405
0.00238033477216959
0.003265430685132742
0.0028839551378041506
0.0034714274806901813
0.0022316319518722594
0.003347447927808389
0.5027895399252884
0.7536273555888329
0.1273711089452263
0.6907781862537377
0.9091452205611859
0.11284466911456548
0.572552849247586
0.85882161455811
0.21176757811917923
0.6764729817514308
0.9833374023146462
0.024993896484375
0.0208282470703125
0.03124237060546875
0.015628814697265625
0.023443222045898438
0.01953601837158203
0.029304027557373047
0.016605615615844727
0.02490842342376709
0.020757019519805908
0.031135529279708862
0.01568986475467682
0.02353479713201523
0.019612330943346024
0.029418496415019035
0.01666285190731287
0.024994277860969305
0.020828564884141088
0.03124284732621163
0.015629053174052387
0.02344357976107858
0.5195363164530136
0.7793044746795204
0.14160539215663448
0.21240808823495172
0.6770067401812412
0.9842601102718618
0.023502604162786156
0.019628906244179234
0.5293782551889308
0.7667236327833962
0.14996337890625
0.208343505859375
0.1874542236328125
0.21880340576171875
0.14065933227539062
0.21098899841308594
0.17582416534423828
0.23247861862182617
0.14945054054260254
0.20854699611663818
0.18681317567825317
0.21965810656547546
0.14120878279209137
0.21175213903188705
0.1765109784901142
0.23327992670238018
0.14996566716581583
0.20834668492898345
0.1874570839572698
0.21880674443673342
0.1406614785664715
0.2109884031524416
0.6758268481935374
0.9824754902219865
0.02444852943881415
0.5210477940854616
0.7805606617766898
0.14153645827900618
0.2115234374650754
0.1765950520930346
0.7331542968167923
0.9002685547166038
0.08306884768535383
0.6246032715134788
0.31282043459941633
0.9692306518845726
0.015872955351369455
0.5238094330125023
0.26984119418193586
0.9047617912583519
0.07936501505901106
0.6190475225739647
0.3174603581719566
0.976190537243383
0.019841209083097056
0.5297618136100937
0.26686503368546255
0.9002975505136419
0.08308537400444038
0.6246280609921087
0.3128099490713794
0.9692149235925172
0.015888456342509016
0.523832684441004
0.7698529410117771
0.15477941144490615
0.20435049044317566
0.6815257355920039
0.973697916866513
0.02304687528521754
0.527669270610204
0.2680664058425464
0.40161132844514214
0.8348388675949536
0.7476196291681845
0.3782653812377248
0.8153839114529546
0.22222137491917238
0.1428565981623251
0.7142848972289357
0.4285707476956304
0.8571429256699048
0.7142851355310995
0.42857110538170673
0.8571432236058172
0.21428510587429628
0.1785708817478735
0.7321431268064771
0.4017853032273706
0.8348210886470042
0.7477683660399634
0.3783474470546935
0.8152895412349608
0.2223773529403843
0.14299610708258115
0.7142156871850602
0.928676469164202
0.10698529621004127
0.5891544134938158
0.8661458323185798
0.2007812514784746
0.1673177095653955
0.749023435608251
0.3764648465439677
0.31372070545330644
0.47058105817995965
0.26666259963531047
0.3999938994529657
0.3333282495441381
0.9999923743016552
3.816559910774231e-06
5.7248398661613464e-06
4.770699888467789e-06
7.156049832701683e-06
4.05509490519762e-06
6.082642357796431e-06
5.0688686314970255e-06
0.5000076032883953
0.25000383146107197
0.37500574719160795
0.31250478932633996
0.46875718026421964
0.26562907092738897
0.3984436045284383
0.3320363386592362
0.9980545007565524
0.0009803791181184351
0.0014705686771776527
0.5012254738830961
0.7518382108246442
0.12604165280936286
0.18906247909762897
0.6575520659971517
0.4863280988065526
0.258789079322014
0.388183618983021
0.8234863491379656
0.7332763949816581
0.3999633967760019
0.3333435306849424
0.9999542459554505
5.3431838750839233e-05
3.434903919696808e-05
5.152355879545212e-05
4.29362989962101e-05
5.6771328672766685e-05
3.6495854146778584e-05
5.0927221309393644e-05
4.561981768347323e-05
0.500053640542319
0.250034453405533
0.3750516801082995
0.8125430667423643
0.7188069707190152
0.3906616067397408
0.3359883568773512
0.9883270046848338
0.013725307653658092
0.008823412063065916
0.013235118094598874
0.5110292641329579
0.7645831379632
0.13437487531336956
0.7005208976333961
0.9179685928975232
0.6230471105955075
0.313476684037596
0.470215026056394
0.2668458541156724
0.4002687811735086
0.33306897678994574
0.9996034651703667
0.0003205910325050354
0.0004808865487575531
0.000248076394200325
0.0003721145913004875
0.00031009549275040627
0.0004651432391256094
0.0002635811688378453
0.0003951333346776664
0.0003218433412257582
0.5004823477647733
0.2502490454353392
0.3753735681530088
0.31280939851421863
0.46921382582513615
0.2658896107750479
0.8988340408250224
0.08235184592194855
0.12352776143234223
0.06372464267769828
0.09558696029125713
0.5791675220825709
0.8687512766045984
0.19270743284141645
0.1640608993184287
0.7382826636603568
0.3886735691630747
0.8212901563965715
0.731935230869567
0.40161268709925935
0.33484063544892706
0.9976207911677193
0.0032669752836227417
0.0028853192925453186
0.00347306951880455
0.002232687547802925
0.0033490313217043877
0.002788952086120844
0.003626210382208228
0.002372230519540608
0.003277591138612479
0.0028940866759512573
0.5034713699424174
0.25223923340672627
0.37835121699026786
0.8152837820234708
0.7223706288787071
0.3930041854910087
0.8392044357024133
0.741166538791731
0.8882387027842924
0.5735217840992846
0.8583295176213142
0.21250572352437302
0.17708810293697752
0.7343668918765616
0.3984496621415019
0.33204138511791825
0.4980620776768774
0.2509842236759141
0.37647633551387116
0.31373027959489264
0.970595419377787
0.01667073369026184
0.02500610053539276
0.0208384171128273
0.03124236688017845
0.015636445954442024
0.023447039537131786
0.01954555744305253
0.029304984724149108
0.01661372382659465
0.024912479508202523
0.020767154783243313
0.5311355925805401
0.2656975258141756
0.39853862952440977
0.3321219072677195
0.4981541947927326
0.25104598805774003
0.37656847544712946
0.31380748507217504
0.9706950223480817
0.01661324704764411
0.02491224106051959
0.5207665587950032
0.28113648656290025
0.3906979729072191
0.3360393299662974
0.9883724661194719
0.513779131550109
0.25885801314143464
0.3882869879307691
0.8235725164122414
0.23339027166366577
0.14991453289985657
0.2082621306180954
0.1873931661248207
0.21881869062781334
0.14072801358997822
0.21102335583418608
0.17589475819841027
0.23249485879205167
0.1495158850448206
0.20858731371117756
0.18687482914538123
0.7196734511235263
0.3911556322709657
0.33672558059333824
0.988929221930448
0.5146377532219049
0.2592913435655646
0.3879489639366511
0.8241090981464367
0.23249390453565866
0.14951922342879698
0.20858135298476554
0.686879954620963
0.4696800680248998
0.26615202662651427
0.8992280399252195
0.0826745351369027
0.6240118026908021
0.31397453940007836
0.46998524660011753
0.26746428015758283
0.8994874358468223
0.08359768989612348
0.6243589371733833
0.31346146020223387
0.9692461453669239
0.016368987067835405
0.5240575699426699
0.2704612338275183
0.9048240070987958
0.07989204875775613
0.6183191083546262
0.3181036493042484
0.4759618909447454
0.2703391784161795
0.9050071051169652
0.07998362011858262
0.6182428162719589
0.3179892242187634
0.47589701920514926
0.27048221955192275
0.9048077949846629
0.07986105812597089
0.6183036054717377
0.8180804082076065
0.7260043876303826
0.3953682396968361
0.8424944558064453
0.7362583162321243
0.3838936489482876
0.8257708546589129
0.729849577328423
0.40522539647645317
0.8296312693855725
0.7434680762526114
0.38076941706822254
0.8194441575033125
0.22321489121532068
0.14732088361051865
0.7165181296004448
0.42522280555567704
0.8543523379485123
0.7184714930190239
0.4222927604278084
0.8519106336752884
0.7152972774638329
0.4241240386327263
0.8549017214099877
0.7176474178268109
0.423528873216128
0.8529407276655547
0.7166669209545944
0.42499961852445267
0.8541663487558253
0.718749523133738
0.4218757152557373
0.35156309604644775
0.46484464406967163
0.2988286316394806
0.4169929474592209
0.37353578954935074
0.4392099343240261
0.28234911151230335
0.42352366726845503
0.3529363893903792
0.4666604434605688
0.2999959309818223
0.41666870116023347
0.3749949137272779
0.9375076293654274
0.031253814697265625
0.04688072204589844
0.03906726837158203
0.05860090255737305
0.03320717811584473
0.04981076717376709
0.04150897264480591
0.06226345896720886
0.03137589991092682
0.04706384986639023
0.039219874888658524
0.058829812332987785
0.033336893655359745
0.04999771108850837
0.04167111706919968
0.062493324163369834
0.03125429159263149
0.046881437388947234
0.5390678644762374
0.8086008430400398
0.15820768481353298
0.23731105038314126
0.6352596060023643
0.9528875612595584
0.03918887866893783
0.05878331800340675
0.5333610983216204
0.8000406900828239
0.16663818358210847
0.2499491373600904
0.6250457763380837
0.43755340576171875
0.2812843322753906
0.42192649841308594
0.3516054153442383
0.46490049362182617
0.29886460304260254
0.4170430898666382
0.3735807538032532
0.43926259875297546
0.28238309919834137
0.42357464879751205
0.3529178388416767
0.46662495844066143
0.3000320428982377
0.4166501364670694
0.374959944980219
0.43756008229684085
0.28128099493915215
0.4219214924087282
0.8516012436593883
0.7149018653726671
0.4238610571192112
0.8545415856060572
0.7173253677028697
0.42364430136512965
0.35269224882358685
0.4665383732353803
0.80017903650878
0.6668212890217546
0.49973551437142305
0.7503967283992097
0.6253204346285202
0.9379806519427802
0.031497955380473286
0.04724693307070993
0.5393724442110397
0.8090586663165595
0.1584665775881149
0.23769986638217233
0.6355755925760604
0.9528751076140907
0.039433494268450886
0.05890610077767633
0.5336649604723789
0.8000701946148183
0.1668980876565911
0.24959182142629288
0.6253604938392527
0.9379339292354416
0.03152895346283913
0.04729343019425869
0.03941119182854891
0.059047169517725706
0.03349951305426657
0.05021446046885103
0.04186580824898556
0.062201287568314
0.5316521134227514
0.7972330721095204
0.6645019534043968
0.9963785803411156
0.5023803705116734
0.7532653816160746
0.6278839118022006
0.440971375326626
0.2834815984242596
0.42522239763638936
0.8543519980157726
0.7184710511064623
0.4222929483221378
0.8519109495100565
0.7152975208300631
0.4241239734692499
0.354901448416058
0.4676472776045557
0.7985290779615752
0.6654409010952804
0.4979171395243611
0.7531242867116816
0.6276035755581688
0.44140534847974777
0.2832036353647709
0.42480545304715633
0.3540045442059636
0.4685068088583648
0.2969975529704243
0.41424632573034614
0.37124694121303037
0.43968290483462624
0.7843098995508626
0.6745117206010036
0.9803873744385783
0.02941893829847686
0.5166626016143709
0.7749939024215564
0.6458282520179637
0.9687423780269455
0.04687881842255592
0.039068227633833885
0.058598523028194904
0.033210284542292356
0.04980874457396567
0.0415099918609485
0.062260930717457086
0.03137967732618563
0.5470619387924671
0.7892208378762007
0.6838274160400033
0.97084000101313
0.5187456805724651
0.7760433255461976
0.6484320909366943
0.9648508951941039
0.04883265873650089
0.04199851126759313
0.5610408234060742
0.782965696969768
0.172977973066736
0.22821692979778163
0.6537224587518722
0.9569010491250083
0.5568359112949111
0.7882486848102417
0.17651362979086116
0.23327642280492
0.6499634146457538
0.9583435555105098
0.5624542683071923
0.28130345791578293
0.4219093658030033
0.35161404870450497
0.46488670725375414
0.29888492403551936
0.417028701165691
0.3735861083259806
0.4392546264571138
0.2824022399436217
0.9235574492486194
0.6029264761018567
0.8416415687242988
0.23753710623714142
0.6353859299561009
0.953078598540742
0.5391015566128772
0.308651500265114
0.40823629923397675
0.3623539720138069
0.9477944203536026
0.546691204799572
0.3048409436305519
0.9103856959263794
0.6153648974432144
0.3253905278106686
0.9801434722612612
0.5297847915499005
0.2668460051936563
0.9002690077177249
0.5830691058945376
0.37460365882725455
0.9378207475820091
0.03173112130025402
0.047123197553446516
0.5394347962574102
0.8089039969199803
0.15866849530721083
0.23756792055792175
0.635648755764123
0.9527139824640471
0.03942253618151881
0.5590260225289967
0.28348532278323546
0.42522056432790123
0.8543530632159673
0.7184687296685297
0.42229232788668014
0.8519128163752612
0.2152948378934525
0.17412233355571516
0.7299029827408958
0.40514528754283674
0.8297781348519493
0.24356821182300337
0.6307260245375801
0.44453261050512083
0.7858058475248981
0.17870874892105348
0.7319368673779536
0.40161404621903785
0.8348424041469116
0.24762195270159282
0.6282685703772586
0.4403867282671854
0.2847247650497593
0.42410877798101865
0.8549093517358415
0.7176359723380301
0.4235460414492991
0.8529550345265307
0.7166578600590583
0.4250117793562822
0.35417719805263914
0.9687342028773855
0.04689869564026594
0.039082246366888285
0.058623250341042876
0.03321990941185504
0.04982884711353108
0.0415248867648188
0.562285423715366
0.28138780617155135
0.422081709257327
0.3517347577144392
0.4650716189935338
0.7989745440427214
0.6671956036007032
0.9987181800534017
0.5019227233424317
0.25099188298918307
0.3764878244837746
0.31373985373647884
0.47060978013905697
0.7666788756614551
0.6500183095340617
0.9583180769986939
0.06247710809111595
0.031269075348973274
0.04690361302345991
0.03907871479168534
0.058618072187528014
0.033223392558284104
0.049835088837426156
0.041519227117532864
0.5622788406617474
0.28139122016727924
0.42208683025091887
0.3517313660122454
0.4650665277149528
0.2989781714277342
0.4171943633700721
0.3737125423795078
0.9394292864890303
0.03224611497716978
0.04836917246575467
0.5403000141959637
0.8104490671539679
0.659261497145053
0.9869376898568589
0.011536340141901746
0.5138863619358744
0.258926943235565
0.38839041485334747
0.8236586491111666
0.7332600712543353
0.9001098771695979
0.5834248810715508
0.3748626485466957
0.43770601972937584
0.28142167814075947
0.4221019996330142
0.3517084331251681
0.46504738717339933
0.29901053302455693
0.41720666986657307
0.3736730440577958
0.9394158088543918
0.032276811136398464
0.048384579917183146
0.5403381460928358
0.8104603996907827
0.1592941118287854
0.2368889089266304
0.6365757190797012
0.4513845735928044
0.2902074016747065
0.43528058446827345
0.8470732168061659
0.7058896707021631
0.9333453642611858
0.09998158476082608
0.08331817170255817
0.6249769660353195
0.3125192697625607
0.46877878496889025
0.2656414270750247
0.39846195772406645
0.8320517241081689
0.24807719895034097
0.6259919778094627
0.938987966714194
0.032489897741470486
0.04873484661220573
0.5401164615177549
0.8101746922766324
0.1594899987685494
0.2372816346178297
0.6362497589725535
0.4514447719557211
0.2904216820024885
0.43538826316944323
0.8469137905049138
0.7057035166362766
0.4335404929879587
0.8496515307342634
0.7080632972647436
0.9370491248264443
0.09404434845782816
0.07853600138332695
0.11754756030859426
0.06683854220318608
0.5998916021781042
0.8334237045492046
0.7498608388996217
0.3752070596383419
0.8126731559750624
0.7189782622444909
0.3907708729384467
0.3361402145237662
0.48846319373114966
0.7638870932278223
0.6339278004306834
0.4508912832243368
0.2924090796732344
0.43638583630672656
0.8454212454962544
0.704517704580212
0.43150183159741573
0.8488400488859043
0.7106227104668505
0.9340659342415165
0.09597069583833218
0.08144078124314547
0.11996336979791522
0.07005494483746588
0.09803113562520593
0.08430250297533348
0.12253891953150742
0.5661916206590831
0.8458419183734804
0.7062619238859043
0.9323023979668505
0.6015464029915165
0.3320546802133322
0.49806675780564547
0.2510058502666652
0.3764819467905909
0.31374463660176843
0.47060163627611473
0.26669251450221054
0.9000100563280284
0.5833211282733828
0.8749816924100742
0.6875254337792285
0.9062728844291996
0.10940170846879482
0.07032967079430819
0.10549450619146228
0.08791208663024008
0.1162393152480945
0.07472527521895245
0.10427350547979586
0.5934065915644169
0.8598290588706732
0.6956043960526586
0.9183760690502822
0.619505493203178
0.8197649581125006
0.7234203310799785
0.8971420947636943
0.0917754132533446
0.11233306530630216
0.07277215018984862
0.6091563179215882
0.3360823729017284
0.9884911683038808
0.51384170082747
0.2590132761397399
0.38833483899361454
0.8236864669597708
0.7332088442344684
0.4000603381136898
0.8334879835310858
0.2497680246597156
0.125132208049763
0.1876983120746445
0.6564102508127689
0.9846153762191534
0.5079365195706487
0.7619047719053924
0.6349206326995045
0.9523809453239664
0.5396825520438142
0.8095238136302214
0.15873015311080962
0.23809522966621444
0.13492063168087043
0.7023809475067537
0.41468254884239286
0.37202381558017805
0.4399801562249195
0.7849702283274382
0.6739831330487505
0.9797246958478354
0.5299169263162185
0.2675316264212597
0.8994528099719901
0.0835542144777719
0.62430051525007
0.3134038960561156
0.4693395313806832
0.2664482544641942
0.3991552662337199
0.3328942697844468
0.4986081479873974
0.7518108388467226
0.12618987247697078
0.6891331599908881
0.9076921978557948
0.11111105067539029
0.5714286017464474
0.8571429026196711
0.7142856311111245
0.4285713716817554
0.8571428818977438
0.7142856659193058
0.42857137802639045
0.8571429175499361
0.2142856236314401
0.17857135302620009
0.23214288006420247
0.6517856500577182
0.9598213998833671
0.5602678981958888
0.7845981302962173
0.17466511789825745
0.7301897624565754
0.40471535627148114
0.8294502819771878
0.7441058046242688
0.3799350355693605
0.8198677441687323
0.7229570826457348
0.3968875825521536
0.3411766837525647
0.9882349743274972
0.5098045059130527
0.7647062820324209
0.13333411613712087
0.20000033974065445
0.6666663040523417
0.9999994560785126
8.158385753631592e-07
6.798654794692993e-07
8.856877684593201e-07
5.778856575489044e-07
7.997732609510422e-07
7.074559107422829e-07
8.460483513772488e-07
5.46016963198781e-07
0.5000008190108929
0.25000067878863774
0.875000883534085
0.5625005801266525
0.3437507986964192
0.9531257053022273
0.5546883493370842
0.2851567938923836
0.42773519083857536
0.35644599236547947
0.46435635443776846
0.30297909351065755
0.41931232321076095
0.37091135198716074
0.4435738440952264
0.2862706876185257
0.9294060314132366
0.10588523079059087
0.5882405533338897
0.8666626055783127
0.20000203847303055
0.6666717429761775
0.9999923854775261
3.822147846221924e-06
5.733221769332886e-06
4.777684807777405e-06
7.166527211666107e-06
4.061032086610794e-06
6.091548129916191e-06
5.076290108263493e-06
7.614435162395239e-06
3.837078111246228e-06
0.5000057407014538
0.2500047963403631
0.8750071684189606
0.06250407689367421
0.5937560994934756
0.3281300961098168
0.9921951145806815
0.003910072206053883
0.005865108309080824
0.5048875902430154
0.7573313853645232
0.12915445171529427
0.1937316775729414
0.6614430646295659
0.9921645968279336
0.011737845925381407
0.5097942539141513
0.7646646779903676
0.1333251158357598
0.19997146129026078
0.6666563947801478
0.9999543130106758
5.3510069847106934e-05
3.4399330615997314e-05
5.159899592399597e-05
4.299916326999664e-05
5.685444921255112e-05
3.6549288779497147e-05
5.1001785323023796e-05
4.556740168482065e-05
5.354027962312102e-05
3.4533703001216054e-05
0.5000516664294992
0.2500431373191532
0.8750568865216337
0.5625366771419067
0.34380084197619
0.9531706876296084
0.05474101088475436
0.035190649854484946
0.05278597478172742
0.5439883123035543
0.8081623240432236
0.1623900645354297
0.7396750245825388
0.8904874614381697
0.07051862828666344
0.10564061332843266
0.5881177677656524
0.866357072169194
0.19991078376187943
0.6669306357507594
0.9996040463156532
0.0003210604190826416
0.0004815906286239624
0.00024843961000442505
0.0003726594150066376
0.0003105495125055313
0.0004648705944418907
0.0002639670856297016
0.0003954737912863493
0.00032231456134468317
0.00048162409802898765
0.00024941007723100483
0.500373146525817
0.2503098515153397
0.8754640396509785
0.06276499820523895
0.5941459596797358
0.32844606530852616
0.49266909796278924
0.2541546933935024
0.381232032639673
0.8176933667273261
0.7265390833781566
0.3945510804769583
0.34182613596203737
0.9853687061695382
0.5093012042925693
0.7629599851497915
0.13662649790057912
0.2012490272463765
0.6651540597085841
0.9976242780394387
0.003271758556365967
0.0028895437717437744
0.0034781545400619507
0.0022283270955085754
0.003342490643262863
0.0027854088693857193
0.0036286627873778343
0.0023675975389778614
0.00327667105011642
0.0028974931919947267
0.003464829584117979
0.002237031498225406
0.5033544743491802
0.2527807884325739
0.8786184235359542
0.5648757581657264
0.3470218084694352
0.9560145282302983
0.5581656181893777
0.28738461108878255
0.42717059957794845
0.359230748959817
0.46114815439796075
0.3009515500452835
0.9201468074752484
0.11831494499347173
0.5680705799604766
0.8510072072094772
0.20786037444486283
0.6862409909372218
0.9706385135359596
0.016695141792297363
0.024981677532196045
0.020868927240371704
0.031196579337120056
0.015659339725971222
0.023489009588956833
0.019574174657464027
0.02935363259166479
0.016638048458844423
0.02495325799100101
0.02079756057355553
0.031181558908428997
0.015720509021775797
0.5235197134607006
0.2696506362699438
0.9043614575930405
0.07919539653812535
0.6187318202864844
0.31774424566538073
0.9765086314582732
0.01956582866841927
0.029348743002628908
0.5166447858209722
0.7749595492205117
0.14578821518807672
0.7186784931109287
0.921981362713268
0.10164667764911428
0.08995475768460892
0.6114028294687159
0.823342800111277
0.23299956321716309
0.15025627613067627
0.2082011103630066
0.18717947602272034
0.2192307561635971
0.140873022377491
0.2113095335662365
0.17609127797186375
0.23288690205663443
0.14967758627608418
0.20889137196354568
0.18660095299128443
0.21935452561592683
0.14142330762115307
0.7116466652660165
0.4266551270557102
0.8580002574599348
0.7127545157272834
0.4269503533432726
0.8590517888951581
0.2114216013578698
0.17603142192820087
0.23279331074445508
0.6497266581864096
0.9589578067825641
0.061544620257336646
0.03176610611262731
0.5476262409938499
0.7896980285295285
0.6845315297541674
0.4712495803250931
0.26932001116801985
0.9005620479874779
0.08518421652843244
0.6217338443093468
0.31538453701068647
0.9722223133139778
0.017857082217233256
0.526785623311298
0.2723213527642656
0.9040178796567488
0.08147314985399134
0.6199776500288863
0.3200335229339544
0.9730746932036709
0.021833086386322975
0.028773746453225613
0.019339379388839006
0.025556239066645503
0.02270077506545931
0.027960548584815115
0.01849903099355288
0.526893087575445
0.2717788634763565
0.9037310432759114
0.5819034350279253
0.3693285178160295
0.4444957061787136
0.28587748247082345
0.9286026002373546
0.6070035296725109
0.8392162320087664
0.7411756519286428
0.3882355693203863
0.8235299591324292
0.733332753443392
0.40000027455971576
0.8333338800293859
0.24999915104126558
0.12500054415431805
0.6875008162169252
0.4062506801856216
0.8593758860952221
0.695313078147592
0.41796954968594946
0.8691413327760529
0.19433678314089775
0.16064507700502872
0.2409676155075431
0.1383063425309956
0.19867031718604267
0.17068539431784302
0.24382098944624886
0.13034891060669906
0.69509591118549
0.41029603060451336
0.8654440458922181
0.20036908457404934
0.6677066604024731
0.9984395325009245
0.0013031015696469694
0.5019505843229126
0.2509803734719753
0.37646675296127796
0.31372356694191694
0.47058344120159745
0.2666661774273962
0.39999592502135783
0.33333128987578675
0.4999949062766973
0.7500076181895565
0.12500382401049137
0.18750573601573706
0.15625477628782392
0.23438216443173587
0.13281656301114708
0.19922484451672062
0.16602069887449034
0.7490310482971836
0.3754921201907564
0.8132381653704215
0.21936514650587924
0.6415476973925252
0.4614603777008597
0.8015655488416087
0.17057546717114747
0.24413679901044816
0.12988854391733184
0.19482900117873214
0.6604075511568226
0.990604651015019
0.013006577908527106
0.01169331363053061
0.5136947409191635
0.2588157915160991
0.38820077673881315
0.8235121025354601
0.7332978459016886
0.39999177848221734
0.333361762779532
0.9999491820344701
0.5000457092537545
0.7500535063736606
0.12503441612352617
0.6875516092695761
0.40629298661951907
0.8594318430696148
0.19534906712942757
0.668019757111324
0.49418617063201964
0.25688947399612516
0.379429051943589
0.31914345870609395
0.9742863110732287
0.5229450507322326
0.7780823176144622
0.6431935183063615
0.4647902765136678
0.8027688087022398
0.16899689528509043
0.7456484956783243
0.8811603302310687
0.06778560031671077
0.10143038554815575
0.08222942115389742
0.6232072496495675
0.31371712358668447
0.47033894318155944
0.2670318518066779
0.40017953742062673
0.33317946203169413
0.9997348886972759
0.00039578936411999166
0.5003209191490896
0.7504813787236344
0.12524856091476977
0.18787284137215465
0.1565604589995928
0.23483973435941152
0.6330765810562298
0.9496141556301154
0.5413377977383789
0.3120052660233341
0.40698780937236734
0.8599924637528602
0.1962326159409713
0.6684938981197774
0.994924531551078
0.5074911209521815
0.7543873908580281
0.631108056375524
0.44275535485940054
0.2888850657909643
0.9260015913750976
0.6075635507004336
0.8371265294845216
0.7399155403545592
0.3901152453327086
0.8210733165615238
0.7310973599960562
0.4013316321070306
0.33550255178124644
0.9963799501711037
0.00237473618471995
0.0032721640018280596
0.5028882724582218
0.7534779156849254
0.1272294151422102
0.6908430349139962
0.4090365006995853
0.8630039332783781
0.6976811194617767
0.42124412875273265
0.8681328526872676
0.1919411615235731
0.16288050875300542
0.23992620580247603
0.6401087727281265
0.9460639186727349
0.0436040120839607
0.5575781527440995
0.7886320106917992
0.6760586122400127
0.9828374355856795
0.024759652704233304
0.5214532054669689
0.28032013960182667
0.39115192275494337
0.3367278822697699
0.4889246446546167
0.26463695999700576
0.3842869272339158
0.32545379843213595
0.9803548443305772
0.029370101052336395
0.016703293717000633
0.024993875616928563
0.5208587919478305
0.7811966128356289
0.14066698588430882
0.21099283453077078
0.17581846984103322
0.2324719603639096
0.14945867250207812
0.20855107012903318
0.1868033085775096
0.719657707872102
0.39121643648832105
0.8367559901089408
0.7390052085684147
0.389538467687089
0.3218487805861514
0.9817958929343149
0.5273059090250172
0.7715344250609633
0.153364444791805
0.2065977080783341
0.6819208525994327
0.47600482596317306
0.27036727507947944
0.9049939648830332
0.5800090225820895
0.368267354730051
0.44295731527381577
0.7884439103945624
0.17670912598259747
0.23295073106419295
0.1502073347219266
0.20816055437899195
0.6872408314957283
0.9691239707462955
0.015941808029310778
0.5239049634255935
0.2698051859915722
0.9046789452258963
0.07943052673363127
0.6191296931065153
0.3173969304189086
0.47608343930915
0.26978826033882797
0.4046742987120524
0.32942021306371316
0.4941188751545269
0.7549110999389086
0.13234280780307017
0.6916759127634577
0.91249812595197
0.11459012256818824
0.578111924813129
0.8515734047978185
0.7148579084605444
0.42383738214266486
0.8545049970562104
0.21729645805316977
0.6735975338378921
0.9776698937057517
0.5290047838643659
0.26896228015539236
0.9012440088263247
0.08563398299156688
0.6214918043115176
0.8148058134538587
0.2221157368621789
0.14335408274200745
0.7145342448784504
0.42819863263866864
0.8567101086373441
0.7147517091652844
0.42781139360158704
0.8565603634924628
0.7144212206767406
0.4280763089773245
0.35689335569622926
0.9646598472027108
0.5528876670286991
0.7941750419267919
0.18323571333894506
0.2250488825084176
0.6457926885341294
0.9686888968280982
0.04696665471419692
0.039138878928497434
0.05870830162893981
0.03326804708922282
0.049902062251931056
0.5415850569843315
0.8123775585845578
0.15643341213581152
0.7345280478766654
0.3830416454875376
0.8243488283478655
0.7287105003779288
0.4054360270383768
0.3288567165436689
0.9930428415245842
0.0044561102986335754
0.006684165447950363
0.005570137873291969
0.007256439886987209
0.004734617192298174
0.0065525423269718885
0.0057961862767115235
0.006930720468517393
0.004473516979487613
0.5067097986175213
0.2555603020300623
0.8822377516771667
0.5672531117743347
0.35029220729484223
0.9589023602311499
0.5616445559717249
0.2817997941747308
0.42269969126209617
0.35224974271841347
0.4657525437651202
0.29941228131065145
0.4178073868097272
0.8732887891237624
0.6886019687808584
0.40790057461708784
0.3607517504133284
0.4471306239720434
0.29413917858619243
0.43327229021815583
0.3500915566983167
0.9582570492930245
0.062385544180870056
0.03131485730409622
0.04697228595614433
0.03914357163012028
0.058715357445180416
0.033264406491070986
0.04989660973660648
0.04158050811383873
0.0623707621707581
0.03143718096544035
0.5470336862199474
0.2892964761995245
0.9337310651608277
0.09589386873994954
0.5812187318515498
0.36986733591766097
0.9451971185335424
0.03522158513078466
0.05283237769617699
0.5440269813989289
0.8082270165614318
0.16241530468687415
0.23971622926183045
0.1403970456449315
0.19545795215526596
0.16817166944383644
0.7443224401795305
0.8820514360850211
0.0670328616979532
0.10054926076554693
0.5835469364828896
0.37431326508522034
0.4384080022573471
0.281833715736866
0.422689538449049
0.3522921446710825
0.4657016908749938
0.29937965841963887
0.4178194801788777
0.37324789131525904
0.43865551095223054
0.28293462868896313
0.9232380878238473
0.10336296106106602
0.5910493074334227
0.8629227334458847
0.1977044112572912
0.6711827113467734
0.49310219183098525
0.2544866218813695
0.3816688967344817
0.81810827733716
0.7259568507142831
0.3953310004726518
0.8425043442111928
0.23622822473407723
0.6338773989991751
0.45079321024240926
0.292308362404583
0.9365065573947504
0.5952390829916112
0.8293665646633599
0.2440482974925544
0.6299597323522903
0.9449395985284355
0.035465724824462086
0.05319858723669313
0.5442100857035257
0.8085016748809721
0.16218642197782174
0.2393729061295744
0.6402024949784391
0.9456544107815716
0.04341676281183027
0.55694498779485
0.7884833482967224
0.17662136518629268
0.23310146827134304
0.6503113195067272
0.9581248623435386
0.5620802733756136
0.28158957976847887
0.4223233270458877
0.35186490253545344
0.4652439219644293
0.29918129165889695
0.41743038335698657
0.8738239068770781
0.6891418904415332
0.9076895390462596
0.11110668248147704
0.5714379941055086
0.3571341029019095
0.4642897849844303
0.8035647280630656
0.6696375913161319
0.4955435850424692
0.2566838940256275
0.3805702746321913
0.8197562347049825
0.7234849258384202
0.3971773200610187
0.8417337779537775
0.7373993313813116
0.3853327152901329
0.32799906548461877
0.9767513719270937
0.527501158794621
0.26781419324106537
0.9015009910217486
0.584665698261233
0.37296998119563796
0.9405450281628873
0.03375676745781675
0.050635151186725125
0.5412193949450739
0.8117060609802138
0.15695262630470097
0.2352453515632078
0.13338560477131978
0.2000623101776
0.6667011298122816
0.9999176679702941
0.00011968144099228084
0.5000646184198558
0.7500935832504183
0.6250793397193775
0.9376169790630229
0.5313186570710968
0.2969703786075115
0.4141445253044367
0.3712129732593894
0.4395175059325993
0.28427339787594974
0.4243959287414327
0.3553417473449372
0.4669873491220642
0.7980083488218952
0.16576226244797
0.7474493934132624
0.37873435628716834
0.8146802240808029
0.22182578514912166
0.6432701691228431
0.4647822295082733
0.3028266556211747
0.4190222130564507
0.8707208176492713
0.6936688809946645
0.41159707054612227
0.8669640160223935
0.19937084810226224
0.6662147148163058
0.9991995232121553
0.0007066222024150193
0.0008759919728618115
0.5005777437472716
0.7508422494283877
0.6256816287350375
0.43840016415924765
0.7818527893105056
0.17267237236956134
0.22727021024911664
0.6532183802337386
0.9556575534807052
0.0584567587939091
0.03730055663618259
0.5519221279537305
0.7966255325009115
0.6800607409968507
0.47296613664366305
0.2719483705004677
0.40358524286421016
0.33193890351685695
0.9942176326876506
0.5069512141053565
0.7544599193788599
0.13168987724930048
0.19307489832863212
0.16351264086551964
0.2391060347435996
0.1393591976375319
0.19719785134657286
0.6690412487951107
0.99568827796611
0.006223434931598604
0.005313284054864198
0.007601563789648935
0.5040776492096484
0.7560829126741737
0.6300347737269476
0.945023522421252
0.5355763518309686
0.3030746100412216
0.919394145545084
0.6209086922171991
0.31851486151572317
0.4738641346921213
0.27308252683724277
0.9027845144737512
0.5803615850163624
0.8705421980121173
0.694186643086141
0.4118221331737004
0.3666340450581629
0.9500489145575557
0.04170728972530924
0.5624388567521237
0.7813416254066397
0.17195139176328667
0.7266770280257333
0.4024087072175462
0.830175469542155
0.2451983537466731
0.6314693319727667
0.9431766164198052
0.038299991050735116
0.051407137303613126
0.045860705722589046
0.05620226563769393
0.5364212567219511
0.8046200833632611
0.6680659409903456
0.4942237036593724
0.7569547440216411
0.12945828613010235
0.6941868927387986
0.41182176987058483
0.8666337536997162
0.7000493693922181
0.41670756196253933
0.8749382882087957
0.18759244470857084
0.1563268630998209
0.23449023318244144
0.13287806129665114
0.6993168649205472
0.41609722847351804
0.37414488903596066
0.9380502293934114
0.5320745096250903
0.2975623917300254
0.4149710404453799
0.3716783309937455
0.4402680672646966
0.7849099815939553
0.6741973412863445
0.47979994816705585
0.2802466715220362
0.3921071015065536
0.33718402992235497
0.490133876883192
0.7647379110567272
0.6334106663707644
0.9500223606592044
0.5417327557806857
0.8124008662707638
0.15633014775812626
0.2344952216371894
0.13287451909855008
0.19931177864782512
0.1660931488731876
0.2491397233097814
0.12555417654220946
0.6883312051941175
0.4069408123905305
0.8602890439506155
0.1958935601869598
0.1687793051241897
0.2448664731637109
0.632695759908529
0.44147431003511883
0.7872056491614785
0.17684034566627815
0.23400670193950646
0.648745687212795
0.9574916225392371
0.560809979098849
0.7826176407397725
0.6736670542450156
0.4777799531002529
0.2789333923428785
0.8939854593481869
0.5886558714555576
0.8668702800641768
0.6996869504509959
0.4162898411450442
0.8744051977409981
0.6883167438500095
0.40697132985224016
0.860243267408805
0.19587067191605456
0.6688060078595299
0.49483786305063404
0.7577424901246559
0.12901102635078132
0.19344635086599737
0.16124598257010803
0.2417736042116303
0.6370649353193585
0.4477219595282804
0.7961900250520557
0.6805812130915001
0.9732643977622502
0.5222810817940626
0.27902494542649947
0.8939396824571304
0.5887092777120415
0.3669351297139656
0.9495973053853959
0.5413308494025841
0.8119962731725536
0.6570054709736723
0.4850046584906522
0.7587567642040085
0.13725394383072853
0.19803777895867825
0.17156742978841066
0.24264885438606143
0.1291676836553961
0.19375152548309416
0.16145960456924513
0.24218559215660207
0.6367216117214411
0.9472680097678676
0.5459020146518014
0.8051778083026875
0.1608917124394793
0.7408472603710834
0.3886146405420732
0.8232746203429997
0.7329588055144995
0.9001870254287496
0.5831906943931244
0.874725468485849
0.18788165974547155
0.6565782223187853
0.4848520746745635
0.7580701117694844
0.13709372354787774
0.6975838250073139
0.4213671544275712
0.8679492552764714
0.6920334219466895
0.9130491713294759
0.6147973983897828
0.8274375722103287
0.2274710871570278
0.652928253664868
0.4558931263454724
0.8083475712046493
0.16247863534954377
0.7395655358268414
0.39059829045436345
0.8203296705032699
0.7304945056384895
0.4004120878817048
0.8349893161212094
0.7466002748988103
0.3777110041119158
0.3160628431942314
0.4711571849184111
0.26884658326162025
0.40128622474730946
0.8355699475796428
0.24640069931047037
0.1274120290472638
0.6906906778458506
0.9090819306438789
0.6128747531329282
0.8226310060999822
0.23382634529843926
0.14920130907557905
0.2076879657106474
0.1865013359929435
0.22024224224151112
0.6418637331516948
0.46279485552804545
0.30184017910505645
0.9215063492301852
0.6174962877994403
0.8168660898809321
0.7248718589253258
0.3958994373679161
0.34358974173665047
0.484615383669734
0.2579365083947778
0.38690476259216666
0.3224206354934722
0.48363095324020833
0.2740575401694514
0.39546130839153193
0.8423239102703519
0.7361421121458989
0.3839440728770569
0.32591610931558535
0.4798680873645935
0.7801048633118626
0.1423117031226866
0.21230788380489685
0.6775689510104712
0.48363858269294724
0.27405372544308193
0.8954517715901602
0.09232295656693168
0.6111340058560017
0.32145527863758616
0.9821714736754075
0.5267389746732078
0.7722847040568013
0.15402668309980072
0.7064428091689479
0.4324622352141887
0.3513062297133729
0.4574078471050598
0.31086691477685235
0.9076923020766117
0.6111111176142003
0.32142857561120763
0.48214286341681145
0.7767857045982964
0.6473214206926059
0.4665178614668548
0.3002232073340565
0.41685267293360084
0.3747209904831834
0.4379185142170172
0.7815987617941573
0.6723284052568488
0.9768589475715999
0.027753552625654265
0.517939982120879
0.7768009637366049
0.6472527556179557
0.46648352904594503
0.8002747063874267
0.6667735181108583
0.4996566169720609
0.7504540392255876
0.12529189939959906
0.687907331448514
0.9066148444253486
0.10980401083361357
0.07058831077301875
0.105882346018916
0.5882353493361734
0.8666665708005894
0.19999995155376382
0.6666667057725135
0.4999999394349288
0.750000090803951
0.6250000756699592
0.9375001135049388
0.5312500643194653
0.796875096479198
0.16406257852213457
0.24609386778320186
0.626953185768798
0.940429778653197
0.5336914817453362
0.8005372226180043
0.16613775986479595
0.24920663979719393
0.6256409473717213
0.9384614210575819
0.5317459711804986
0.7976189567707479
0.6646824639756233
0.9970236959634349
0.5024800943792798
0.7537201415689196
0.12710829480784014
0.19066232300247066
0.6588231038767844
0.9882345962105319
0.5098043615580536
0.7647064380289521
0.13333389844046906
0.2000006632588338
0.6666661188937724
0.9999991522636265
0.5000005449401215
0.7500008174101822
0.6250006811751518
0.4375008855422493
0.7812505789916031
0.6718758003844414
0.476563206728315
0.7773445972125046
0.6425786720647011
0.46386800598702393
0.8032233358244412
0.6696786185784731
0.4952398388122674
0.7565315591054969
0.6307685264910106
0.4444435967307072
0.7857137407409027
0.6785706111113541
0.9821421759261284
0.02678673606715165
0.5223198958556168
0.7790165798796806
0.14397346120676957
0.7137265928904526
0.9294079350365791
0.10588809740147553
0.588238166354131
0.8666633157117758
0.20000406898907386
0.6666687011602335
0.9999949137272779
7.629365427419543e-06
0.5000038146972656
0.7500057220458984
0.625004768371582
0.937507152557373
0.5312540531158447
0.7968810796737671
0.6640675663948059
0.9961013495922089
0.5019569545984268
0.7529354318976402
0.6274461932480335
0.9411692898720503
0.5333292642608285
0.7999938963912427
0.6666615803260356
0.9999923704890534
0.5000114441500045
0.7500095368304756
0.12501430517295375
0.18750810631900094
0.6562621594057418
0.9843851328769233
0.007827699242625386
0.011726409284165129
0.5097771138534881
0.7646580115833785
0.13331514230230823
0.19995930985896848
0.6666381834656931
0.9999491373018827
4.577619256451726e-05
5.34059654455632e-05
0.500034332391806
0.7500514985877089
0.6250429154897574
0.437556743825553
0.7812864781590179
0.6719259025412612
0.9766080976987723
0.027397364581702277
0.5176125915022567
0.776418887253385
0.6470157393778209
0.46660969985532574
0.7999633784638718
0.6667378746788017
0.9998931879235897
6.866533658467233e-05
0.5001029974664561
0.7500858315324876
0.12511348779662512
0.6875729568419047
0.9063518054026645
0.1094661959214136
0.07041972927981988
0.10553768355748616
0.5879940247978084
0.8662971043086145
0.19982096235617064
0.6668212887016125
0.9997355153027456
0.00039672700222581625
0.0003204357926733792
0.0004806536890100688
0.5002479562535882
0.7503719343803823
0.6253099453169852
0.9379649179754779
0.5315134535194375
0.7972701802791562
0.16438418749021366
0.2465762812353205
0.6272020498290658
0.9408030747435987
0.5340006549376994
0.8005127011565492
0.6664021760807373
0.9993591234961059
0.0009613074944354594
0.0004959163197781891
0.5007438706816174
0.7506198953778949
0.1259298364748247
0.18802691108430736
0.6570403624791652
0.9850183798698708
0.5087775625870563
0.7622166034707334
0.1355124014080502
0.20276693961932324
0.6645019578863867
0.996378574956907
0.0023803620133548975
0.0032653933158144355
0.0028839221340604126
0.003471387753961608
0.5022316063987091
0.7533474095980637
0.6277895079983864
0.44112731408677064
0.7836210817913525
0.6751531487389002
0.4794576874410268
0.7808134389924817
0.6409121986071113
0.46136065360042267
0.8011230820557103
0.6703694768366404
0.9934691942471545
0.005767875234596431
0.006942783074919134
0.004463246878003702
0.506694836250972
0.7555790500773583
0.1322546367009636
0.6922421955387108
0.9128063166572247
0.1151654057612177
0.5772518857265823
0.8521368716901634
0.21569004430784844
0.6745117486570962
0.9803874445788097
0.02941883308812976
0.016662661219015718
0.024993991828523576
0.020828326523769647
0.03124248978565447
0.5156288743019104
0.7734433114528656
0.644536092877388
0.966804139316082
0.5478556789457798
0.7905335184186697
0.6848194794729352
0.9725417192094028
0.5176430495921522
0.7764645743882284
0.6470537821878679
0.9666744232818019
0.04998811078257859
0.04165697086136788
0.06248497968772426
0.031257987109711394
0.5468867421732284
0.7890724838653114
0.18360830849269405
0.2207116112986114
0.643566686718259
0.9633892756828573
0.05445832113036886
0.04309883862151764
0.5568355185096152
0.7882484886504244
0.17651299852877855
0.23327725706622005
0.14996395097114146
0.2083443006267771
0.18745493871392682
0.21880424043047242
0.6406598688336089
0.9609898032504134
0.5508248360420112
0.2949785517703276
0.9307011106284335
0.5991723148035817
0.835250315401936
0.24700245607527904
0.6275374464457855
0.941245015070308
0.5334449773363303
0.29992993688210845
0.4166898720432073
0.3749117859406397
0.43760895781451836
0.28132188398740254
0.921980679675471
0.6016480633115862
0.33995570297702216
0.9864042632398196
0.5108415975410026
0.2642480273498222
0.38463039096677676
0.325389069825178
0.980147119553294
0.5297793206118513
0.2668505357869435
0.9002758036658634
0.08307297926512547
0.6246094688831363
0.31282544261193834
0.9692381638451479
0.5158692011900712
0.27380380177055486
0.894836501480313
0.09225475220591761
0.6106110262626316
0.3221665393211879
0.4815254996938165
0.7769757494679652
0.6467905652534682
0.46627959786565043
0.800553635781398
0.1661624848493375
0.24922657510614954
0.6256709172739647
0.9384462870948482
0.03175390328397043
0.5476306127675343
0.2896923790976871
0.9345381448802073
0.09623852223739959
0.5818270010349806
0.3693211022182368
0.4445530223019887
0.7857841919467319
0.17867592375841923
0.7319859772978816
0.40165482214069925
0.8348954580142163
0.7476568129204679
0.37825537941535003
0.8154289829835761
0.22216881651547737
0.642822810827056
0.46423421599320136
0.803528513002675
0.6696481021645013
0.4954992364801001
0.7566765202209353
0.630604496691376
0.9447163471486419
0.5359588369028643
0.8034490185673349
0.66982647209079
0.4951992529386189
0.7564669098355807
0.6306796598655637
0.4445517402491532
0.2857851295557339
0.9286755150242243
0.10698672742000781
0.5891536978888325
0.8661445203761104
0.2007822652522009
0.6673172026639804
0.9990221683983691
0.5014667473442387
0.25122166238725185
0.3768324898555875
0.3135387967340648
0.4703081885818392
0.2669230162864551
0.4003845204715617
0.33301290121744387
0.999519344419241
0.5002479571849108
0.7503719357773662
0.6253099464811385
0.9379649197217077
0.5315134545089677
0.7972701817634515
0.6643841887416784
0.49657628309796564
0.7522020507603884
0.6283030761405826
0.9402506561018527
0.5348876991774887
0.7992146789329126
0.6673278759117238
0.9990081860742066
0.0014724769571330398
0.50123215286294
0.7518405961745884
0.12605190981412306
0.1890645067614969
0.6575591624132358
0.9863153745245654
0.008800454350421205
0.5131969788053539
0.26099496154347435
0.38953928378759883
0.8218491632142104
0.7317952274752315
0.4023071429110132
0.3340352324594278
0.9971160666609649
0.0034714007924776524
0.5022316147806123
0.7533474221709184
0.6277895184757654
0.4411273281730246
0.783621090464294
0.6751531609334052
0.9794576985295862
0.5308134519727901
0.765912177215796
0.6488606363127474
0.4573730553674977
0.810994494589977
0.6575316880480386
0.9862366161250975
0.008895926701370627
0.013252292614197358
0.5110893758828752
0.7646122406295035
0.13432985087274574
0.7004819275462069
0.9179027581994887
0.12314574344782159
0.06355714114033617
0.5953352497599553
0.3294080556370318
0.4941118413116783
0.25489924021530896
0.3823486759210937
0.3166708638018463
0.9750059112848248
0.020828404754865915
0.031242607132298872
0.5156289367005229
0.7734434031881392
0.6445361708756536
0.9668042530538514
0.5478557452443056
0.7905333774688188
0.18481967781553976
0.7225415976718068
0.8926431122235954
0.5889646655414253
0.8658038893481717
0.701049548399169
0.9171756754803937
0.12368806439917535
0.06443833938101307
0.09473443226306699
0.5796016483218409
0.8684180403070059
0.19325206038774922
0.1631553342740517
0.7388731493847445
0.8894910427625291
0.5720134357979987
0.3568232386314776
0.9646705859922804
0.5529626420175191
0.2940911931800656
0.43330817032256164
0.8500354678544682
0.20834511274006218
0.18745562789263204
0.21880509165930562
0.6406604304211214
0.9609906288678758
0.5508236269524787
0.29497751881717704
0.9307016903185286
0.5991714558040258
0.33524957875488326
0.4970035451988224
0.7525377419951838
0.1287455636775121
0.18969370081322268
0.15930403253878467
0.7370026849675924
0.8866300367517397
0.576282050984446
0.8526098903676029
0.21641483501298353
0.17513354719267227
0.7294814561901148
0.4057759083225392
0.3283782620273996
0.9925664393522311
0.0042228275269735605
0.5063305457879324
0.25515083051868714
0.882710983249126
0.06649713183287531
0.09971707354998216
0.08307704728213139
0.6246155113040004
0.3128306840953883
0.9692305363132618
0.5158806462131906
0.2738133399107028
0.8948508077592123
0.09226286018383689
0.610623186599696
0.3221614111389499
0.9815329533303156
0.5269680884084664
0.7718020549800713
0.15378911365405656
0.7068160612543579
0.43177934893174097
0.3507936498208437
0.9576923100685235
0.061507933016400784
0.03273809343227185
0.5481150804262143
0.2909226167248562
0.4346478205989115
0.3472842242626939
0.9553881458414253
0.05808221868937835
0.03786117470008321
0.5523972265946213
0.2963421563326847
0.930475142551586
0.5983019644627348
0.8349529466941021
0.74757034148206
0.3781838165887166
0.8153221826360095
0.22223749410477467
0.642925816035131
0.4643200592545327
0.8035199110745452
0.6695980183139909
0.4956000962120015
0.7565989018476103
0.13049773368402384
0.694769561116118
0.9109248819004279
0.11589719366747886
0.07615330087719485
0.10451771705993451
0.5923077149491291
0.3611111204372719
0.44642859109444544
0.2946428408904467
0.933035723719513
0.10044641437707469
0.08370534531422891
0.624441980588017
0.3133370286086574
0.4694475242285989
0.2665318106592167
0.8990303955797572
0.08285085545503534
0.6237705899111461
0.3143441150896251
0.46979847946204245
0.26719557342585176
0.39974374818848446
0.33397428315947764
0.9990385752171278
0.5004960903897882
0.7507440163753927
0.6256201129872352
0.9384299608645961
0.5317770960391499
0.7976655173988547
0.16470587096409872
0.24705869096214883
0.6274511532392353
0.9411765496479347
0.5333335042814724
0.80000012126402
0.16666661188355647
0.7499998437124304
0.8750002273882274
0.06250013245153241
0.5937501873122528
0.8281251617590897
0.742187734140316
0.3789063755830284
0.8183595591108315
0.7236329684092198
0.39794944677851163
0.8400880235130899
0.7366945239773486
0.3860475244873669
0.8271181542077102
0.7280427276564296
0.4035875251865946
0.33192840943229385
0.9942304977739695
0.006943835149286315
0.5044648136245087
0.7566961475531571
0.6305807786120567
0.44475383203825913
0.7859927766839974
0.6784322181774769
0.4823516726901289
0.7764714459772222
0.6470603792986367
0.4666652903833892
0.8000002094195224
0.6666674894222524
0.4999983469606377
0.2500013351382222
0.8750017483835109
0.5625011920637917
0.34375154972076416
0.45312637090682983
0.3046891987323761
0.41015736758708954
0.3652360215783119
0.45019664987921715
0.29248221404850483
0.43579220306128263
0.3450943292118609
0.45489639579318464
0.30587939091492444
0.4117595448042266
0.3666627247876022
0.9500020980776753
0.041671593964565545
0.06249260899494402
0.5312539339065552
0.7968809008598328
0.664067417383194
0.996101126074791
0.5019573047757149
0.7529357187449932
0.6274466309696436
0.941169529221952
0.5333291445858777
0.7999937168788165
0.6666614307323471
0.9999921162961982
0.500011825497495
0.2500098545860965
0.8750147818645928
0.06250834473758005
0.5937620401964523
0.8281354309001472
0.24220231181243435
0.12891416260390542
0.6933712140307762
0.9111427032330539
0.11671394301811233
0.07447126795887016
0.6038939231657423
0.8430890849267598
0.23533585498807952
0.13332392383017577
0.6999706269416492
0.4166549047222361
0.3749556539696641
0.4375550748954993
0.7812854052754119
0.6719281079131179
0.9766048492456321
0.027399406040785834
0.5176157430978492
0.7764175349730067
0.6470171754772309
0.466608024406014
0.7999620629707351
0.6667399694561027
0.9998896285251249
7.095307228155434e-05
0.5001061762741301
0.2500848761701491
0.8751111035817303
0.5625751026382204
0.3438507324899547
0.4532141097879503
0.8047979181574192
0.1602269865688868
0.2403404495853465
0.6377798587782308
0.94884200632805
0.5452409347926732
0.3061311600613408
0.41189305964508094
0.8663518277171534
0.19991531257983297
0.16692288621561602
0.2496156678244006
0.625330449314788
0.9379804151831195
0.5315057049156167
0.7972509279788937
0.1643821311299689
0.24655984525452368
0.6272248113527894
0.940813613589853
0.5340231463778764
0.8005277802003548
0.6663943990715779
0.9993397978541907
0.0009597818716429174
0.0005124388553667814
0.5007533976167906
0.2506399227131624
0.8759312668407802
0.06304240805911832
0.5945173549698666
0.8287877512047999
0.743146453431109
0.37942056948668323
0.8191136544919573
0.7242714127351064
0.3979066071624402
0.8406324137176853
0.23697616870049387
0.13670757081126794
0.20118560109403916
0.6650479691161308
0.49757193666300736
0.7531843312899582
0.627821456087986
0.44098831605515443
0.7835513443569653
0.6752583509369288
0.4792999437486287
0.7809270603465848
0.6411094080249313
0.4611873940739315
0.8011522752931342
0.6702342422795482
0.9936259363021236
0.0056366060161963105
0.006986009364482015
0.0045966611069161445
0.5067692239827011
0.2554693758429494
0.8821606983547099
0.5673816725320648
0.35009924694895744
0.45874165929853916
0.31164718326181173
0.40692246379330754
0.3602616253774613
0.44590893911663443
0.29377161659067497
0.43235511778038926
0.8514668146672193
0.2071137427992653
0.6856663227081299
0.9697912931442261
0.5171833634376526
0.7747374475002289
0.6464792042970657
0.9677809402346611
0.5473672784864902
0.7898007985204458
0.6842090981081128
0.9716259385459125
0.5190777259413153
0.7756865437841043
0.6478704757173546
0.9656942854344379
0.04950543190352619
0.04288214317057282
0.06066104950150475
0.032299415237503126
0.5484412550285924
0.29037426903960295
0.9355323462805245
0.09668792047887109
0.5805787556455471
0.8708596621581819
0.19349652441451326
0.16132369692786597
0.7418634750065394
0.8872014365333598
0.07251663214992732
0.10876909882063046
0.08673763260594569
0.6139883996802382
0.8270485402608756
0.22811591645586304
0.6536737085552886
0.9569815100985579
0.5566846878791694
0.2881404685031157
0.9263055064948276
0.6082071272539906
0.8375671777466778
0.2397410755220335
0.6403883792227134
0.9454384588752873
0.5431576752744149
0.3067980674095452
0.413322078762576
0.3639033545041457
0.45209739956771955
0.29057242840644903
0.9348687137535308
0.09756907736300491
0.5801914786570705
0.8701912843098398
0.19395009864820167
0.16195570948184468
0.7414414357335772
0.3873380760778673
0.32319437569822185
0.9839279178995639
0.5237414053408429
0.7699298840598203
0.654648781841388
0.4545378699549474
0.3064396393892821
0.9113119858666323
0.6169186244078446
0.3246050789311994
0.9788509172212798
0.030746811913559213
0.516365473245969
0.27405957091832533
0.39545672046369873
0.842330320214387
0.7361383077513892
0.38394599212915637
0.8259189567470457
0.22987144492799416
0.15510127399466
0.7048175546224229
0.9310547391942237
0.09944673170684837
0.5852048942469992
0.8717042578791734
0.1903688797610812
0.15969861872144975
0.7366182293917518
0.38614670711103827
0.32702278665965423
0.4782124820922036
0.7787200861203019
0.14439646105165593
0.7130851640831679
0.9288768904516473
0.6061945054098032
0.8387503745325375
0.24176717878435738
0.637059105822118
0.4477143971307669
0.7962015698140021
0.18057557492284104
0.22325389707111754
0.6472892593301367
0.4665355933830142
0.3001947612501681
0.41682961373589933
0.37475516193080693
0.43786707025719807
0.2815557344874833
0.922333594498923
0.10182255698600784
0.09023371626972221
0.6116529577993788
0.823729347292101
0.23315594921587035
0.15002574879326858
0.7084368073556107
0.4372875684639439
0.34391939715715125
0.4533476240176242
0.8048379727406427
0.6603576397174038
0.9904124521126505
0.012916472449433059
0.011371689761290327
0.5141278464288916
0.25907999865012243
0.38858947667176835
0.8233617169316858
0.7329750024946406
0.9002399464952759
0.5832090407202486
0.374689581542043
0.9379651582567021
0.5315133352414705
0.7972700028622057
0.16438403964275494
0.2465760594641324
0.6272024011122994
0.9408033631334547
0.034000613464741036
0.5505124599440023
0.7914020591997541
0.6868588289653417
0.46971175650833175
0.26612116876640357
0.8991817531350534
0.0826514515792951
0.123977177136112
0.06400371014024131
0.5950285254511982
0.8299893786897883
0.7432742489618249
0.8804419527004939
0.0696863365592435
0.09859549364773557
0.08452290823333897
0.6228474746167194
0.31560670281760395
0.47141010931227356
0.26943204732378945
0.40047839007456787
0.8350696745619643
0.24665358130005188
0.6277909496857319
0.441125658195233
0.7836200172896497
0.6751553676149342
0.4794544485339429
0.7808116498054005
0.6409134525747504
0.4613583593745716
0.3011225885420572
0.920371170854196
0.6184659657301381
0.8182705391081981
0.7256962877290789
0.39509051709319465
0.8426354846451432
0.7360467495163903
0.8842053961125202
0.5760333907965105
0.35469977965112776
0.4674582316656597
0.2988126515119802
0.9150620901491493
0.6225778750376776
0.8157026029075496
0.7215740465617273
0.3941284684406128
0.8382467802730389
0.7416532595816534
0.3874894737964496
0.32293342548655346
0.4843465238518547
0.7734558060765266
0.6445566825568676
0.9668197575956583
0.5478782719001174
0.7905445140786469
0.6848402086179703
0.9725556425983086
0.5176675388938747
0.7764769837085623
0.14704388999962248
0.716659462050302
0.42501079197973013
0.3541756388731301
0.4687329332809895
0.29689893091563135
0.4140831087133847
0.37112361963954754
0.9394693192152772
0.03420307705528103
0.5493362168199383
0.7927538424555678
0.18568606922053732
0.7199335656769108
0.39226297102868557
0.33738641906529665
0.4900140012614429
0.2647901701275259
0.38351327588316053
0.3251206635613926
0.47910441967542283
0.7810953555162996
0.64085696649272
0.9610697107273154
0.5509795659745578
0.2950821316044312
0.9309044472174719
0.5992451018537395
0.8353910901641939
0.24685911144479178
0.6276128858444281
0.9413854207086843
0.03323291603010148
0.04982055170694366
0.04152770256041549
0.5622754474752583
0.7814014524628874
0.17207494628382847
0.22673939532251097
0.6525628660747316
0.4552222630591132
0.3078276595042553
0.91276828647824
0.6152149389672559
0.32717735308688134
0.4770674445317127
0.2781007495650556
0.8932086499989964
0.5898129526467528
0.3652805633028038
0.450233794254018
0.7925381257664412
0.6858237372944131
0.9701418000622652
0.5174358943768311
0.2746273964003194
0.8961643402290065
0.09323918438167311
0.6101345476636197
0.32094029063591734
0.481410435953876
0.7759312207926996
0.6482369550212752
0.46502249618060887
0.29904828674625605
0.41713496536249295
0.3737482352589723
0.9393776470678858
0.5323264246399049
0.29842846767860465
0.9153924999991432
0.6229971302091144
0.8154737870499957
0.22124589633313008
0.6443230606673751
0.46306554912007414
0.803936832526233
0.6686045569658745
0.4950789574359078
0.757381548784906
0.12918288956279866
0.6937743208836764
0.9114786057034507
0.6171568510471843
0.8242647159204353
0.2285539342847187
0.6553308902366553
0.45364583082846366
0.805468744772952
0.6608072860690299
0.491210929088993
0.7631836063228548
0.635986338602379
0.9520263810409233
0.5405883878120221
0.8099060182867106
0.16011048475047573
0.23638154382933863
0.6357765281863976
0.4517116672650445
0.7908144102257211
0.1847491403168533
0.7223875611962285
0.39296473312424496
0.33920271319220774
0.9911959003657103
0.5131913656368852
0.7609979710541666
0.6395360820461065
0.9468528934521601
0.5442892467253841
0.8085603349318262
0.16215758462203667
0.2392995794361923
0.6401960194052663
0.4455883254413493
0.2933823093480896
0.9319853447377682
0.6010416019707918
0.832812468521297
0.7486979947425425
0.876953007420525
0.5634766231523827
0.845214934728574
0.7043457789404783
0.43151866816333495
0.8486939120921306
0.7105408680217806
0.4339142632379662
0.8461838944349438
0.7063027037074789
0.9325009303283878
0.6011400979186874
0.3323742091888562
0.4984934976673685
0.2512802852143068
0.8768627831304912
0.06358519030618481
0.5952845375286415
0.8294502437929623
0.7441056421084795
0.3799352420901414
0.819867629732471
0.7229569239134435
0.3968876760627609
0.8411765933269635
0.73823486774927
0.8848046807397623
0.07720617219456472
0.6020839775155764
0.34062543709296733
0.4869789957883768
0.2617180446686689
0.8886727243370842
0.07128960639238358
0.10693440958857536
0.08911200799047947
0.11608975287526846
0.07574520679190755
0.10482868063263595
0.09272836858872324
0.11089409556007013
0.07156808141735382
0.6073521221114788
0.338971816789126
0.9908098473097198
0.5135410864895675
0.26093837022199295
0.8893236418371089
0.572264537186129
0.3564469441771507
0.46435682848095894
0.3029802870005369
0.4193126792088151
0.3709122440777719
0.4435744129586965
0.28627183369826525
0.42940630443627015
0.3558861900528427
0.9632410273770802
0.5541618852003012
0.29375144638470374
0.9322957277181558
0.6015564004483167
0.33203634616802447
0.9980544894933701
0.5009803846478462
0.7514705769717693
0.6262254808098078
0.9393382212147117
0.5322916586883366
0.7984374880325049
0.6653645733604208
0.9980468600406311
0.5029297098808456
0.2524414249055553
0.8786621373437811
0.0645752111740876
0.5968628167465795
0.33071901396033354
0.9960785209259484
0.005867019383003935
0.5048942790017463
0.757333774206927
0.129164723737631
0.1937337080889847
0.6614501714357175
0.992167135089403
0.011749237717594951
0.009780928521649912
0.5146713629656006
0.25831991064478643
0.8874798137985636
0.07289223655243404
0.6093383231491316
0.3359883425582666
0.9883269371057395
0.01372538527357392
0.5088234619470313
0.763235192920547
0.6360293274337891
0.45208322184043936
0.7906249283114448
0.684895972663071
0.9726560409471858
0.01757825937238522
0.5263673890440259
0.27197282420820557
0.9040529564372264
0.5811769005667884
0.3698122109344695
0.9452211252355482
0.03526327066356316
0.05280317444703542
0.5440485111321323
0.8081914679205511
0.16246722507639788
0.7396971227717586
0.8904218275274616
0.0704951878869906
0.10568264167523012
0.08802835669484921
0.6164172668068204
0.3248791362566408
0.9794753067544661
0.530785958544584
0.2658900012320373
0.8988334551395383
0.08235231164144352
0.12352846746216528
0.563725003041327
0.8455875045619905
0.7041679725516587
0.9312510032905266
0.5989578157314099
0.8359362458286341
0.24609563121339306
0.12695409546722658
0.690431143186288
0.40869261932675727
0.8630389252502937
0.19738872643210925
0.6710830877709668
0.49282962817233056
0.2548694350407459
0.3813562598952558
0.8181281360448338
0.7257187548966613
0.3952168471296318
0.3426910261332523
0.9859594076406211
0.5090979958185926
0.7636432982399128
0.6357603539072443
0.4516854686953593
0.7907941923767794
0.18471923636388965
0.722368464950705
0.3930007309827488
0.8392092710128054
0.7411708047729917
0.8882437927823048
0.07351738319266587
0.10832294978899881
0.08750219774083234
0.6145905794983264
0.32811221963493153
0.4765737873094622
0.777357336570276
0.142586829373613
0.2138802440604195
0.17823353671701625
0.23219190884265117
0.6514985061949119
0.9596685611759312
0.5604666405997705
0.2843000334687531
0.4243785503786057
0.355317821376957
0.4669965649372898
0.2980287752870936
0.9157459555717651
0.12245907910983078
0.5662502865307033
0.8459342087153345
0.7061876378720626
0.9323261858080514
0.6014801962010097
0.33215086115524173
0.4981115984264761
0.2510702054714784
0.3765441536088474
0.313837756839348
0.9706496146973222
0.5166359619470313
0.774953942920547
0.6457949524337891
0.46868478434043936
0.7969725845614448
0.664144019538071
0.9962156112596858
0.0020142945286352187
0.5030214417784009
0.25251786815351807
0.8787767723551951
0.564640187920304
0.3468381966522429
0.9558002344274428
0.05848667077952996
0.03717841286561452
0.5518611303414218
0.796473015943775
0.18004537987872027
0.7230957837891765
0.8967691186990123
0.09124742040876299
0.11312886927044019
0.07246415436384268
0.6085741314163897
0.33664336529909633
0.9891569200553931
0.5142490215075668
0.2596318493015133
0.38788833169382997
0.8238976883294526
0.23290346746216528
0.649662503041327
0.9588687545619905
0.5615898475516587
0.7818369407905266
0.6726882844814099
0.9772936677036341
0.028200123400893062
0.01812841187347658
0.527192617795663
0.27168395233456977
0.9034976044495124
0.08176143761374988
0.6195293615746778
0.3196681215194985
0.4736199118779041
0.2719834056624677
0.9040669473470189
0.5811858955712523
0.3698247618158348
0.4452323387085926
0.7852764471899718
0.677796414704062
0.9815383385284804
0.5269330097653437
0.27184478056733496
0.903752436657669
0.0818248532305006
0.6193126223224681
0.31956335611175746
0.47329072892898694
0.2724208048020955
0.903868792753201
0.5813298832217697
0.37004169981810264
0.9449240727117285
0.5354890169692226
0.8032098759140354
0.16920074040535837
0.24598526622867212
0.13092911455896683
0.6924874218238983
0.4136613931914326
0.8636387471924536
0.7016121842025314
0.41532461284077726
0.8729847603826784
0.6905228537798394
0.40876904761535116
0.8631533287989441
0.19745369206066243
0.6710583351086825
0.9929089514771476
0.5047743347822689
0.7564176353916992
0.13071996186044998
0.6945450039638672
0.41081871357164346
0.8661937375436537
0.7007093936263118
0.41725782802677713
0.8739297948195599
0.6890441533469129
0.4075877564318944
0.8612746144935954
0.19632346209255047
0.6694851931242738
0.49540432760841213
0.7567707220441662
0.630468678456964
0.44466159740113653
0.7861326038546395
0.17822279036045074
0.23217793554067612
0.15148942545056343
0.20965598337352276
0.18545546475797892
0.22178669786080718
0.14313524891622365
0.21470281563233584
0.17794241063529626
0.23162003685138188
0.6520811810041778
0.9593763192242477
0.05989792346372269
0.5351526935701258
0.79883041974972
0.1669953614473343
0.24853800982236862
0.12671232596039772
0.18860078416764736
0.15790117252618074
0.2357509802095592
0.13463184633292258
0.20038833317812532
0.16764768707798794
0.24852846932481043
0.6262250039726496
0.9393375059589744
0.5322929699905217
0.7984385013114661
0.6653640667209402
0.9980456232442521
0.5029315650754143
0.25244237485458143
0.8786635622673202
0.06457640606095083
0.5968646090768743
0.3307200232811738
0.9960800349072088
0.00586826101061888
0.5048961415013764
0.25733472788124345
0.8791642469004728
0.5687349001818802
0.34895052906358615
0.4609181483683642
0.808622777403798
0.658219665318029
0.4873294383578468
0.7602739855938125
0.1404109336726833
0.6954501178406645
0.4181751432188321
0.869312639842974
0.19456333506968804
0.6607907166762743
0.4911708159779664
0.7632437759893946
0.6360174065048341
0.452072969841538
0.7906271932879463
0.6849030656157993
0.9726434941694606
0.017589390539797023
0.5263807479350362
0.27198137374944054
0.9040658105514012
0.5811876545485575
0.36982618123875
0.9452302095887717
0.0352758671506308
0.052799089840846136
0.544038974243449
0.3081847920839209
0.912470562994713
0.11469259296427481
0.5779152708128095
0.8517361874692142
0.7150698306504637
0.9239765111124143
0.6046965870191343
0.8424658705189358
0.23630118765868247
0.13380635378416628
0.20070952671812847
0.16725794223020785
0.7489299662411213
0.8765440117567778
0.5638375366106629
0.8456494933925569
0.7041360244620591
0.9312040348304436
0.5989200263866223
0.8358724092540797
0.24619138607522473
0.1270344872318674
0.6905517308332492
0.40875245866482146
0.8631286879826803
0.1974640098924283
0.6710739407863002
0.49289323727134615
0.2547817476443015
0.38143636964377947
0.8182254106795881
0.22577883544727229
0.6451868077856489
0.9677666036586743
0.04834437102545053
0.04028976307017729
0.060430111741879955
0.534247729316121
0.2994126853882335
0.41780715764616616
0.8732889055099804
0.18860166278318502
0.6579005567764398
0.48575200902996585
0.25963028162368573
0.8878890259366017
0.07389694557059556
0.10790428676409647
0.08716316652134992
0.6151196303253528
0.3272137392195873
0.4771483164804522
0.7781576183333527
0.14331038505770266
0.2147219137987122
0.1777955357101746
0.2315370493743103
0.6519319185754284
0.9593431845423765
0.5600015062082093
0.2849485370097682
0.4240009012282826
0.3547208268137183
0.9674304782529362
0.5487864664464723
0.29009864456020296
0.4350903221638873
0.346971420745831
0.45597179341712035
0.8082252682361286
0.16241771483328193
0.23971841466845945
0.14039947485434823
0.6954596323193982
0.9181741636130027
0.6193207145261113
0.31955217334325425
0.9732855705078691
0.5224247650476173
0.7788611465948634
0.643841350596631
0.46380125658470206
0.8042981146136299
0.6682933968841098
0.9946273560926784
0.007081449293764308
0.5047624412982259
0.2564098093134817
0.8807084340951405
0.5695356393989641
0.3483217530010734
0.9599354223755654
0.06008113076677546
0.034450953389750794
0.5497000583272893
0.2925676600134466
0.9359043674485292
0.09516688605071977
0.07987539956229739
0.6183460798347369
0.8180863488814794
0.7259687672194559
0.39534936696873046
0.8425190088746604
0.23622100608190522
0.13385818808455952
0.7007868518412579
0.41732253579539247
0.8740151810052339
0.1889772284484934
0.6574807250872254
0.9862210876308382
0.5088578567374498
0.7632867832435295
0.6360723167308606
0.9521400903759059
0.040539387555327266
0.05982488582958467
0.5350489942647982
0.2988970750302542
0.917095582728507
0.12362134284921922
0.5643228899862152
0.34492185863200575
0.4547526104724966
0.30615232305717655
0.9118652615288738
0.11633302617701702
0.5748901612823829
0.8544006564770825
0.7183685572526883
0.4221878224052489
0.3520317336078733
0.4651127067627385
0.299216297629755
0.41732456130557694
0.874010825966252
0.18897595186717808
0.15748449868988246
0.23621492326492444
0.13386337072006427
0.7007857544231229
0.9173265110293869
0.12400993864866905
0.5639736218145117
0.8449837507796474
0.704966997000156
0.4307391863549128
0.3492218520841561
0.46029420409468
0.8095586853160057
0.15870109837851487
0.7380516433040611
0.8848959351016674
0.07734388936660253
0.6022134243394248
0.8408201289421413
0.23681656233384274
0.6364748369087465
0.951294077996863
0.04022235539741814
0.06021134357433766
0.03465294378111139
0.04956830161972903
0.5426141673815437
0.8109838135715108
0.1575157536426559
0.23626007040729746
0.13388533287798055
0.7007661287498195
0.41735630846233107
0.8739654180535581
0.18899797374615446
0.15752018950297497
0.7362461763550527
0.8839102801575791
0.07574518979527056
0.10482870729174465
0.09272832871647552
0.11089412376168184
0.5715681313304231
0.8573520780191757
0.7139718235412147
0.4283098132000305
0.3572910652437713
0.9640633948729374
0.5533861053118017
0.2949207509518601
0.43261883928789757
0.8500989929889329
0.7087419843010139
0.43664669757708907
0.3444229394663125
0.45401138335000724
0.30528429482365027
0.4109584561956581
0.8659493731684051
0.7010759401891846
0.4170749947952572
0.8736550747125875
0.18927324353717268
0.15744287439156324
0.2359807236935012
0.13424148308695294
0.7009805120469537
0.4171571613405831
0.37377406188170426
0.939338460098952
0.5322915392462164
0.7984373088693246
0.6653644240577705
0.9980466360866558
0.0029300458263605833
0.002441704855300486
0.003662557282950729
0.002075449127005413
0.5031131736759562
0.2525943114014808
0.8788914670876693
0.06446099421009421
0.09669149038381875
0.08057624276261777
0.12086436251411214
0.0684898063482251
0.5988279816810973
0.8356122579134535
0.246581613086164
0.12719753431156278
0.19079630146734416
0.15899691788945347
0.23800703597953543
0.13514738020603545
0.7024768998671789
0.4150279743189458
0.8715958010579925
0.19019439967814833
0.15980331733589992
0.23676596002769656
0.6360307607392315
0.45208154965075664
0.7906238533323631
0.6848980629001744
0.9726529055915307
0.0175802749581635
0.02637041243724525
0.021975343697704375
0.029056287778075784
0.01867904214304872
0.5260651993157808
0.27334879522095434
0.9024539077654481
0.5801489478908479
0.8702234134543687
0.6939323683036491
0.9119765549548902
0.6164082562027033
0.32486875721951947
0.4794896785460878
0.7807654803909827
0.14087108199601062
0.711306622979464
0.4260888524877373
0.8578832703351509
0.21217552456073463
0.17763828265015036
0.23348106391495094
0.14904589278739877
0.7078276096435729
0.4362512184015941
0.8455999265424907
0.7041875610593706
0.9312660529976711
0.5989500519935973
0.8359174336947035
0.246123849414289
0.12696865247562528
0.19045297871343791
0.1587108155945316
0.23806616378715262
0.13490419325535186
0.7023562600661535
0.4147235137934331
0.8720546376134735
0.1899646237725392
0.15993161633377895
0.2364790977735538
0.635941897664452
0.45183741275104694
0.7909900661325082
0.6845928824623115
0.9721951479732525
0.017839670879766345
0.02675950585398823
0.02229958859970793
0.029050559300230816
0.5189241327170748
0.2761867872031871
0.8981664078019094
0.0902274982072413
0.11165935709141195
0.07372186810243875
0.10816719726426527
0.08753516376600601
0.6146992718277033
0.32792051503201947
0.4767430965148378
0.7775611346878577
0.14271739547257312
0.7140760931943078
0.42839674433344044
0.857404525828315
0.21389309200458229
0.17824434267822653
0.23220623977249488
0.15150744540733285
0.7096811352821533
0.4354780567518901
0.8467829148285091
0.7056523675564677
0.9334632850950584
0.5998045646701939
0.8331708842597436
0.24975538672879338
0.12536645564250648
0.18780553864780813
0.15670806862181053
0.23463485090178438
0.6332018586399499
0.4495433848060202
0.79150231461972
0.6867690035142004
0.9696061683353037
0.5161753931315616
0.7742630896973424
0.645219241414452
0.46770655337604694
0.7984363551950082
0.6653668082435615
0.9980435366451275
0.002931833965703845
0.0024446254828944802
0.0036647924571298063
0.0020787422836292535
0.5031150735740084
0.2525971761497203
0.8788938419602346
0.064464105758816
0.09669328643940389
0.0805753591703251
0.12086279288632795
0.06849215776310302
0.5988298890588339
0.33561130421003327
0.4965792289294768
0.7522006337821949
0.12829808963579126
0.6902498385461513
0.4098843307874631
0.8617131137289107
0.6985725497361273
0.9208901991369203
0.6186646923306398
0.8176370101573411
0.2264555040455889
0.6446000682190061
0.9669001023285091
0.5479375238064677
0.7906410194700584
0.6848875724826939
0.9726362162909936
0.017608169931918383
0.02638269099406898
0.021995907300151885
0.02907211281126365
0.018705819529714063
0.5260784837009851
0.2733706514991354
0.9024401484057307
0.5801616855897009
0.8702357483562082
0.6939110496314242
0.911959907214623
0.616412070725346
0.32488592315348797
0.9794677443569526
0.5307821699534543
0.7658994542143773
0.14881913969293237
0.20735953538678586
0.1860238566296175
0.21998425450874493
0.14246481462032534
0.7119881837570574
0.4273485118173994
0.3587330243026372
0.9619004635023884
0.5512784841994289
0.2956674804154318
0.9312851264839992
0.5990740296547301
0.8357333745516371
0.24627405311912298
0.1271701161749661
0.19056920777074993
0.15890065638814121
0.2382115097134374
0.13487023350899108
0.7022356128145475
0.4146641363913659
0.871900270896731
0.19016592076513916
0.16006361873587593
0.23640603295643814
0.6358579765364993
0.45172678332892247
0.79086990506039
0.18477312600589357
0.7223501186235808
0.8930373220064212
0.08912778136436827
0.6161135470320005
0.3257647176797036
0.9798580140050035
0.03021271771285683
0.017120834381785244
0.02470422352780588
0.5214008139737416
0.2803919981524814
0.8911766747769434
0.08676459491834976
0.613970664649969
0.3270831889822148
0.4781249705993105
0.7786459392227698
0.1445310456037987
0.7128907952283043
0.4287111588346306
0.8559571760415565
0.2136232468765229
0.1793214656645432
0.23089620791142806
0.15066541990381666
0.7103731293755118
0.4344255239411723
0.8464014355558902
0.7069570085732266
0.9317428675130941
0.6006762358301785
0.3326282236375846
0.49884893218404613
0.7516913669533096
0.6263687822793145
0.4392918624507729
0.7824683966755401
0.17346512782387435
0.22796911711338907
0.15408662374829873
0.20622473050025292
0.6823534196300898
0.4764698705112096
0.7696091590332799
0.6544126618246082
0.4541681927803438
0.806250762543641
0.6614576972206123
0.9921865458309185
0.01172018120996654
0.009766817674972117
0.014650226512458175
0.0083017950237263
0.5124526925210375
0.2603772437723819
0.890565865644021
0.07034397544339299
0.10551596316508949
0.08792996930424124
0.11626995302503929
0.07474047390860505
0.6042963030340616
0.34342559237848036
0.9848616113886237
0.5080577139742672
0.7620865709614009
0.635072142467834
0.952607975283172
0.539811321097659
0.30922858117264695
0.9091391513647977
0.11285377290914766
0.5725404061377048
0.8588106092065573
0.7117692576721311
0.9264795701019466
0.6083241815213114
0.8375045753782615
0.7395922386203893
0.8906116420112085
0.07032108725979924
0.10548163088969886
0.08790135907474905
0.11622513033216819
0.0747161552135367
0.6042607786657754
0.3433951940096449
0.9848156562075019
0.5080957715399563
0.7621436573099345
0.6351044556358829
0.9525937409489416
0.5398517572612036
0.309240657632472
0.9091696684772614
0.11280799584346823
0.5725175185361877
0.8587762778042816
0.711740647937404
0.4264976897102315
0.8582998634374235
0.21248335632844828
0.677122637454886
0.9843156861315947
0.023469124105758965
0.019578686158638448
0.02933634552755393
0.5166605224076193
0.27493594435509294
0.39580025646137074
0.3436698522127699
0.9844952216371894
0.5078745190985501
0.7618117786478251
0.6348431488731876
0.9522647233097814
0.5396166765422095
0.3094249551941175
0.9088939373905305
0.11321873145061545
0.5723584039369598
0.8584765707491897
0.7115412778512109
0.426580037252279
0.8581308041757438
0.212788534903666
0.6768479750608094
0.9839952578477096
0.023751409258693457
0.02000211295671761
0.029567131656222045
0.01698954129824415
0.025235872337361798
0.5207399412174709
0.7808941169350874
0.1410672606434673
0.2112201499985531
0.17620498657925054
0.23275992684648372
0.6498596876335796
0.4587964093661867
0.3116832559753675
0.9069713299686555
0.11024326758342795
0.570870672003366
0.8563060080050491
0.7135878629342187
0.4296174899500329
0.8555735264963005
0.21297760083689354
0.6788241074536927
0.9810314168862533
0.02622509142383933
0.02316141244955361
0.02775740798097104
0.017922521627042443
0.026822747284313664
0.5222658229176886
0.778971539781196
0.1440426791086793
0.2136234468780458
0.17932164226658642
0.23089641972910613
0.1506655566045083
0.2103733339754399
0.6844256938784383
0.9714016565412749
0.01945715377223678
0.5254930669034366
0.2725514119665604
0.9029404587345198
0.5808805568958633
0.8708323155588005
0.19375152661814354
0.6614596055005677
0.9921855916909408
0.01172161241993308
0.009768010349944234
0.01465201552491635
0.008302808797452599
0.012454213196178898
0.5103785109822638
0.7655677664733957
0.13284493330866098
0.19926739996299148
0.16605616663582623
0.2490842480910942
0.12551892694318667
0.18827838948345743
0.6568986586644314
0.9853479843877722
0.008302808768348768
0.5124542131379712
0.26037851095316
0.8905677664151881
0.07034493339597248
0.6055174000211991
0.8379311667231377
0.24127174814930186
0.13723767691408284
0.6980440144252498
0.4215470961353276
0.8676722031959798
0.1916524181724526
0.1624786272586789
0.7395655227010138
0.8905982840515207
0.07032967451959848
0.10549451177939773
0.0879120931494981
0.11623932316433638
0.07472527917707339
0.1042735104856547
0.5934065989567898
0.8598290663503576
0.1956043849058915
0.6683760597661603
0.4945054811250884
0.7572649660578463
0.1296703266853001
0.694017089495901
0.9120879064721521
0.11623932275688276
0.07472527891513892
0.6042735110095236
0.3434065981709864
0.9848290668451227
0.5081043856625911
0.2621260594460182
0.3851304814743344
0.8275774656503927
0.22732657729648054
0.1530014640884474
0.20603321929229423
0.1831338544434402
0.7248717635811772
0.39589948701905087
0.34358970445464365
0.9846154432743788
0.5079365381971002
0.7619048072956502
0.6349206727463752
0.9523810091195628
0.5396825718344189
0.8095237385423388
0.15873025759356096
0.23809517777408473
0.6349206652957946
0.9523809979436919
0.5396825923235156
0.8095237525121775
0.15873025153996423
0.23809518964844756
0.634920677752234
0.9523810129030608
0.5396825699426699
0.3095237338275183
0.9087302570987958
0.11309517375775613
0.5724206708546262
0.3586309930542484
0.4615575940697454
0.3017112487286795
0.9204489996482152
0.11895456738420762
0.5675378602172714
0.35130679013673216
0.4574071815586649
0.3108665121544618
0.9076926597917918
0.11111153496312909
0.5714288438903168
0.8571432658354752
0.7142851011885796
0.4285709176620003
0.8571431466261856
0.7142852800025139
0.4285710666736122
0.8571433999459259
0.7142849000229035
0.42857075002393685
0.8571429286967032
0.71428513751016
0.4285711081174668
0.8571432260214351
0.7142851087555755
0.42857088361051865
0.8571431296004448
0.21428530555567704
0.6785710879485123
0.9821433680190239
0.02678494792780839
0.5223207899252884
0.7790179805888329
0.1439726714452263
0.7137274050037377
0.9294088924361859
0.10588666130206548
0.588238884403836
0.866664632136235
0.20000305175199173
0.6666692097787745
0.9999961852736305
5.7220458984375e-06
4.76837158203125e-06
7.152557373046875e-06
4.0531158447265625e-06
6.079673767089844e-06
5.066394805908203e-06
7.599592208862305e-06
3.829598426818848e-06
5.7443976402282715e-06
4.7869980335235596e-06
7.180497050285339e-06
4.068948328495026e-06
6.1034224927425385e-06
5.086185410618782e-06
7.629278115928173e-06
3.8147554732859135e-06
5.72213320992887e-06
0.5000047684297897
0.7500071526446845
0.1250040531740524
0.18750607976107858
0.6562550664530136
0.9843825996795204
0.00781632965663448
0.01172449448495172
0.5097704120562412
0.7646556180843618
0.13330485025653616
0.19995727538480423
0.6666310628061183
0.9999465942091774
3.4332275390625e-05
5.14984130859375e-05
4.291534423828125e-05
5.6743621826171875e-05
3.647804260253906e-05
5.0902366638183594e-05
4.559755325317383e-05
5.361437797546387e-05
3.446638584136963e-05
5.169957876205444e-05
4.3082982301712036e-05
5.696527659893036e-05
3.662053495645523e-05
5.0862785428762436e-05
4.577566869556904e-05
5.340657662600279e-05
3.433279925957322e-05
5.149919888935983e-05
0.5000429159845226
0.7500567444658373
0.12503647859557532
0.6875509031233378
0.9062955982226413
0.10942861519288272
0.07034696690971032
0.10552045036456548
0.587933708622586
0.86626790362061
0.19974365233792923
0.6667989094858058
0.9996795654005837
0.00048065185546875
0.000247955322265625
0.0003719329833984375
0.00030994415283203125
0.0004649162292480469
0.00026345252990722656
0.00039517879486083984
0.0003216862678527832
0.0004825294017791748
0.0002489238977432251
0.00037338584661483765
0.00030924752354621887
0.0004638712853193283
0.00026448164135217667
0.000396722462028265
0.00032043945975601673
0.0004806591896340251
0.0002479591057635844
0.00037193865864537656
0.5003099488676526
0.7504649233014788
0.12526345654623583
0.18789518481935374
0.6565716911572963
0.9848575367359444
0.5080614276812412
0.7620921415218618
0.13507486978778616
0.20261230468167923
0.6648152669076808
0.9967346191115212
0.0028839111328125
0.00347137451171875
0.002231597900390625
0.0033473968505859375
0.0027894973754882812
0.003627300262451172
0.002371072769165039
0.0032781362533569336
0.002895176410675049
0.0034696757793426514
0.002240315079689026
0.003352843225002289
0.00278322771191597
0.0036214422434568405
0.00238033477216959
0.003265430685132742
0.0028839551378041506
0.0034714274806901813
0.0022316319518722594
0.003347447927808389
0.5027895399252884
0.7536273555888329
0.1273711089452263
0.6907781862537377
0.9091452205611859
0.11284466911456548
0.572552849247586
0.85882161455811
0.21176757811917923
0.6764729817514308
0.9833374023146462
0.024993896484375
0.0208282470703125
0.03124237060546875
0.015628814697265625
0.023443222045898438
0.01953601837158203
0.029304027557373047
0.016605615615844727
0.02490842342376709
0.020757019519805908
0.031135529279708862
0.01568986475467682
0.02353479713201523
0.019612330943346024
0.029418496415019035
0.01666285190731287
0.024994277860969305
0.020828564884141088
0.03124284732621163
0.015629053174052387
0.02344357976107858
0.5195363164530136
0.7793044746795204
0.14160539215663448
0.21240808823495172
0.6770067401812412
0.9842601102718618
0.023502604162786156
0.019628906244179234
0.5293782551889308
0.7667236327833962
0.14996337890625
0.208343505859375
0.1874542236328125
0.21880340576171875
0.14065933227539062
0.21098899841308594
0.17582416534423828
0.23247861862182617
0.14945054054260254
0.20854699611663818
0.18681317567825317
0.21965810656547546
0.14120878279209137
0.21175213903188705
0.1765109784901142
0.23327992670238018
0.14996566716581583
0.20834668492898345
0.1874570839572698
0.21880674443673342
0.1406614785664715
0.2109884031524416
0.6758268481935374
0.9824754902219865
0.02444852943881415
0.5210477940854616
0.7805606617766898
0.14153645827900618
0.2115234374650754
0.1765950520930346
0.7331542968167923
0.9002685547166038
0.08306884768535383
0.6246032715134788
0.31282043459941633
0.9692306518845726
0.015872955351369455
0.5238094330125023
0.26984119418193586
0.9047617912583519
0.07936501505901106
0.6190475225739647
0.3174603581719566
0.976190537243383
0.019841209083097056
0.5297618136100937
0.26686503368546255
0.9002975505136419
0.08308537400444038
0.6246280609921087
0.3128099490713794
0.9692149235925172
0.015888456342509016
0.523832684441004
0.7698529410117771
0.15477941144490615
0.20435049044317566
0.6815257355920039
0.973697916866513
0.02304687528521754
0.527669270610204
0.2680664058425464
0.40161132844514214
0.8348388675949536
0.7476196291681845
0.3782653812377248
0.8153839114529546
0.22222137491917238
0.1428565981623251
0.7142848972289357
0.4285707476956304
0.8571429256699048
0.7142851355310995
0.42857110538170673
0.8571432236058172
0.21428510587429628
0.1785708817478735
0.7321431268064771
0.4017853032273706
0.8348210886470042
0.7477683660399634
0.3783474470546935
0.8152895412349608
0.2223773529403843
0.14299610708258115
0.7142156871850602
0.928676469164202
0.10698529621004127
0.5891544134938158
0.8661458323185798
0.2007812514784746
0.1673177095653955
0.749023435608251
0.3764648465439677
0.31372070545330644
0.47058105817995965
0.26666259963531047
0.3999938994529657
0.3333282495441381
0.9999923743016552
3.816559910774231e-06
5.7248398661613464e-06
4.770699888467789e-06
7.156049832701683e-06
4.05509490519762e-06
6.082642357796431e-06
5.0688686314970255e-06
0.5000076032883953
0.25000383146107197
0.37500574719160795
0.31250478932633996
0.46875718026421964
0.26562907092738897
0.3984436045284383
0.3320363386592362
0.9980545007565524
0.0009803791181184351
0.0014705686771776527
0.5012254738830961
0.7518382108246442
0.12604165280936286
0.18906247909762897
0.6575520659971517
0.4863280988065526
0.258789079322014
0.388183618983021
0.8234863491379656
0.7332763949816581
0.3999633967760019
0.3333435306849424
0.9999542459554505
5.3431838750839233e-05
3.434903919696808e-05
5.152355879545212e-05
4.29362989962101e-05
5.6771328672766685e-05
3.6495854146778584e-05
5.0927221309393644e-05
4.561981768347323e-05
0.500053640542319
0.250034453405533
0.3750516801082995
0.8125430667423643
0.7188069707190152
0.3906616067397408
0.3359883568773512
0.9883270046848338
0.013725307653658092
0.008823412063065916
0.013235118094598874
0.5110292641329579
0.7645831379632
0.13437487531336956
0.7005208976333961
0.9179685928975232
0.6230471105955075
0.313476684037596
0.470215026056394
0.2668458541156724
0.4002687811735086
0.33306897678994574
0.9996034651703667
0.0003205910325050354
0.0004808865487575531
0.000248076394200325
0.0003721145913004875
0.00031009549275040627
0.0004651432391256094
0.0002635811688378453
0.0003951333346776664
0.0003218433412257582
0.5004823477647733
0.2502490454353392
0.3753735681530088
0.31280939851421863
0.46921382582513615
0.2658896107750479
0.8988340408250224
0.08235184592194855
0.12352776143234223
0.06372464267769828
0.09558696029125713
0.5791675220825709
0.8687512766045984
0.19270743284141645
0.1640608993184287
0.7382826636603568
0.3886735691630747
0.8212901563965715
0.731935230869567
0.40161268709925935
0.33484063544892706
0.9976207911677193
0.0032669752836227417
0.0028853192925453186
0.00347306951880455
0.002232687547802925
0.0033490313217043877
0.002788952086120844
0.003626210382208228
0.002372230519540608
0.003277591138612479
0.0028940866759512573
0.5034713699424174
0.25223923340672627
0.37835121699026786
0.8152837820234708
0.7223706288787071
0.3930041854910087
0.8392044357024133
0.741166538791731
0.8882387027842924
0.5735217840992846
0.8583295176213142
0.21250572352437302
0.17708810293697752
0.7343668918765616
0.3984496621415019
0.33204138511791825
0.4980620776768774
0.2509842236759141
0.37647633551387116
0.31373027959489264
0.970595419377787
0.01667073369026184
0.02500610053539276
0.0208384171128273
0.03124236688017845
0.015636445954442024
0.023447039537131786
0.01954555744305253
0.029304984724149108
0.01661372382659465
0.024912479508202523
0.020767154783243313
0.5311355925805401
0.2656975258141756
0.39853862952440977
0.3321219072677195
0.4981541947927326
0.25104598805774003
0.37656847544712946
0.31380748507217504
0.9706950223480817
0.01661324704764411
0.02491224106051959
0.5207665587950032
0.28113648656290025
0.3906979729072191
0.3360393299662974
0.9883724661194719
0.513779131550109
0.25885801314143464
0.3882869879307691
0.8235725164122414
0.23339027166366577
0.14991453289985657
0.2082621306180954
0.1873931661248207
0.21881869062781334
0.14072801358997822
0.21102335583418608
0.17589475819841027
0.23249485879205167
0.1495158850448206
0.20858731371117756
0.18687482914538123
0.7196734511235263
0.3911556322709657
0.33672558059333824
0.988929221930448
0.5146377532219049
0.2592913435655646
0.3879489639366511
0.8241090981464367
0.23249390453565866
0.14951922342879698
0.20858135298476554
0.686879954620963
0.4696800680248998
0.26615202662651427
0.8992280399252195
0.0826745351369027
0.6240118026908021
0.31397453940007836
0.46998524660011753
0.26746428015758283
0.8994874358468223
0.08359768989612348
0.6243589371733833
0.31346146020223387
0.9692461453669239
0.016368987067835405
0.5240575699426699
0.2704612338275183
0.9048240070987958
0.07989204875775613
0.6183191083546262
0.3181036493042484
0.4759618909447454
0.2703391784161795
0.9050071051169652
0.07998362011858262
0.6182428162719589
0.3179892242187634
0.47589701920514926
0.27048221955192275
0.9048077949846629
0.07986105812597089
0.6183036054717377
0.8180804082076065
0.7260043876303826
0.3953682396968361
0.8424944558064453
0.7362583162321243
0.3838936489482876
0.8257708546589129
0.729849577328423
0.40522539647645317
0.8296312693855725
0.7434680762526114
0.38076941706822254
0.8194441575033125
0.22321489121532068
0.14732088361051865
0.7165181296004448
0.42522280555567704
0.8543523379485123
0.7184714930190239
0.4222927604278084
0.8519106336752884
0.7152972774638329
0.4241240386327263
0.8549017214099877
0.7176474178268109
0.423528873216128
0.8529407276655547
0.7166669209545944
0.42499961852445267
0.8541663487558253
0.718749523133738
0.4218757152557373
0.35156309604644775
0.46484464406967163
0.2988286316394806
0.4169929474592209
0.37353578954935074
0.4392099343240261
0.28234911151230335
0.42352366726845503
0.3529363893903792
0.4666604434605688
0.2999959309818223
0.41666870116023347
0.3749949137272779
0.9375076293654274
0.031253814697265625
0.04688072204589844
0.03906726837158203
0.05860090255737305
0.03320717811584473
0.04981076717376709
0.04150897264480591
0.06226345896720886
0.03137589991092682
0.04706384986639023
0.039219874888658524
0.058829812332987785
0.033336893655359745
0.04999771108850837
0.04167111706919968
0.062493324163369834
0.03125429159263149
0.046881437388947234
0.5390678644762374
0.8086008430400398
0.15820768481353298
0.23731105038314126
0.6352596060023643
0.9528875612595584
0.03918887866893783
0.05878331800340675
0.5333610983216204
0.8000406900828239
0.16663818358210847
0.2499491373600904
0.6250457763380837
0.43755340576171875
0.2812843322753906
0.42192649841308594
0.3516054153442383
0.46490049362182617
0.29886460304260254
0.4170430898666382
0.3735807538032532
0.43926259875297546
0.28238309919834137
0.42357464879751205
0.3529178388416767
0.46662495844066143
0.3000320428982377
0.4166501364670694
0.374959944980219
0.43756008229684085
0.28128099493915215
0.4219214924087282
0.8516012436593883
0.7149018653726671
0.4238610571192112
0.8545415856060572
0.7173253677028697
0.42364430136512965
0.35269224882358685
0.4665383732353803
0.80017903650878
0.6668212890217546
0.49973551437142305
0.7503967283992097
0.6253204346285202
0.9379806519427802
0.031497955380473286
0.04724693307070993
0.5393724442110397
0.8090586663165595
0.1584665775881149
0.23769986638217233
0.6355755925760604
0.9528751076140907
0.039433494268450886
0.05890610077767633
0.5336649604723789
0.8000701946148183
0.1668980876565911
0.24959182142629288
0.6253604938392527
0.9379339292354416
0.03152895346283913
0.04729343019425869
0.03941119182854891
0.059047169517725706
0.03349951305426657
0.05021446046885103
0.04186580824898556
0.062201287568314
0.5316521134227514
0.7972330721095204
0.6645019534043968
0.9963785803411156
0.5023803705116734
0.7532653816160746
0.6278839118022006
0.440971375326626
0.2834815984242596
0.42522239763638936
0.8543519980157726
0.7184710511064623
0.4222929483221378
0.8519109495100565
0.7152975208300631
0.4241239734692499
0.354901448416058
0.4676472776045557
0.7985290779615752
0.6654409010952804
0.4979171395243611
0.7531242867116816
0.6276035755581688
0.44140534847974777
0.2832036353647709
0.42480545304715633
0.3540045442059636
0.4685068088583648
0.2969975529704243
0.41424632573034614
0.37124694121303037
0.43968290483462624
0.7843098995508626
0.6745117206010036
0.9803873744385783
0.02941893829847686
0.5166626016143709
0.7749939024215564
0.6458282520179637
0.9687423780269455
0.04687881842255592
0.039068227633833885
0.058598523028194904
0.033210284542292356
0.04980874457396567
0.0415099918609485
0.062260930717457086
0.03137967732618563
0.5470619387924671
0.7892208378762007
0.6838274160400033
0.97084000101313
0.5187456805724651
0.7760433255461976
0.6484320909366943
0.9648508951941039
0.04883265873650089
0.04199851126759313
0.5610408234060742
0.782965696969768
0.172977973066736
0.22821692979778163
0.6537224587518722
0.9569010491250083
0.5568359112949111
0.7882486848102417
0.17651362979086116
0.23327642280492
0.6499634146457538
0.9583435555105098
0.5624542683071923
0.28130345791578293
0.4219093658030033
0.35161404870450497
0.46488670725375414
0.29888492403551936
0.417028701165691
0.3735861083259806
0.4392546264571138
0.2824022399436217
0.9235574492486194
0.6029264761018567
0.8416415687242988
0.23753710623714142
0.6353859299561009
0.953078598540742
0.5391015566128772
0.308651500265114
0.40823629923397675
0.3623539720138069
0.9477944203536026
0.546691204799572
0.3048409436305519
0.9103856959263794
0.6153648974432144
0.3253905278106686
0.9801434722612612
0.5297847915499005
0.2668460051936563
0.9002690077177249
0.5830691058945376
0.37460365882725455
0.9378207475820091
0.03173112130025402
0.047123197553446516
0.5394347962574102
0.8089039969199803
0.15866849530721083
0.23756792055792175
0.635648755764123
0.9527139824640471
0.03942253618151881
0.5590260225289967
0.28348532278323546
0.42522056432790123
0.8543530632159673
0.7184687296685297
0.42229232788668014
0.8519128163752612
0.2152948378934525
0.17412233355571516
0.7299029827408958
0.40514528754283674
0.8297781348519493
0.24356821182300337
0.6307260245375801
0.44453261050512083
0.7858058475248981
0.17870874892105348
0.7319368673779536
0.40161404621903785
0.8348424041469116
0.24762195270159282
0.6282685703772586
0.4403867282671854
0.2847247650497593
0.42410877798101865
0.8549093517358415
0.7176359723380301
0.4235460414492991
0.8529550345265307
0.7166578600590583
0.4250117793562822
0.35417719805263914
0.9687342028773855
0.04689869564026594
0.039082246366888285
0.058623250341042876
0.03321990941185504
0.04982884711353108
0.0415248867648188
0.562285423715366
0.28138780617155135
0.422081709257327
0.3517347577144392
0.4650716189935338
0.7989745440427214
0.6671956036007032
0.9987181800534017
0.5019227233424317
0.25099188298918307
0.3764878244837746
0.31373985373647884
0.47060978013905697
0.7666788756614551
0.6500183095340617
0.9583180769986939
0.06247710809111595
0.031269075348973274
0.04690361302345991
0.03907871479168534
0.058618072187528014
0.033223392558284104
0.049835088837426156
0.041519227117532864
0.5622788406617474
0.28139122016727924
0.42208683025091887
0.3517313660122454
0.4650665277149528
0.2989781714277342
0.4171943633700721
0.3737125423795078
0.9394292864890303
0.03224611497716978
0.04836917246575467
0.5403000141959637
0.8104490671539679
0.659261497145053
0.9869376898568589
0.011536340141901746
0.5138863619358744
0.258926943235565
0.38839041485334747
0.8236586491111666
0.7332600712543353
0.9001098771695979
0.5834248810715508
0.3748626485466957
0.43770601972937584
0.28142167814075947
0.4221019996330142
0.3517084331251681
0.46504738717339933
0.29901053302455693
0.41720666986657307
0.3736730440577958
0.9394158088543918
0.032276811136398464
0.048384579917183146
0.5403381460928358
0.8104603996907827
0.1592941118287854
0.2368889089266304
0.6365757190797012
0.4513845735928044
0.2902074016747065
0.43528058446827345
0.8470732168061659
0.7058896707021631
0.9333453642611858
0.09998158476082608
0.08331817170255817
0.6249769660353195
0.3125192697625607
0.46877878496889025
0.2656414270750247
0.39846195772406645
0.8320517241081689
0.24807719895034097
0.6259919778094627
0.938987966714194
0.032489897741470486
0.04873484661220573
0.5401164615177549
0.8101746922766324
0.1594899987685494
0.2372816346178297
0.6362497589725535
0.4514447719557211
0.2904216820024885
0.43538826316944323
0.8469137905049138
0.7057035166362766
0.4335404929879587
0.8496515307342634
0.7080632972647436
0.9370491248264443
0.09404434845782816
0.07853600138332695
0.11754756030859426
0.06683854220318608
0.5998916021781042
0.8334237045492046
0.7498608388996217
0.3752070596383419
0.8126731559750624
0.7189782622444909
0.3907708729384467
0.3361402145237662
0.48846319373114966
0.7638870932278223
0.6339278004306834
0.4508912832243368
0.2924090796732344
0.43638583630672656
0.8454212454962544
0.704517704580212
0.43150183159741573
0.8488400488859043
0.7106227104668505
0.9340659342415165
0.09597069583833218
0.08144078124314547
0.11996336979791522
0.07005494483746588
0.09803113562520593
0.08430250297533348
0.12253891953150742
0.5661916206590831
0.8458419183734804
0.7062619238859043
0.9323023979668505
0.6015464029915165
0.3320546802133322
0.49806675780564547
0.2510058502666652
0.3764819467905909
0.31374463660176843
0.47060163627611473
0.26669251450221054
0.9000100563280284
0.5833211282733828
0.8749816924100742
0.6875254337792285
0.9062728844291996
0.10940170846879482
0.07032967079430819
0.10549450619146228
0.08791208663024008
0.1162393152480945
0.07472527521895245
0.10427350547979586
0.5934065915644169
0.8598290588706732
