3.814697265625e-06
0.9999885558790993
2.47955322265625e-05
0.9999637603468727
8.869171142578125e-05
0.9997758865065407
0.0004296302795410156
0.9993824958510231
0.0010521411895751953
0.9968655109114479
0.006718277931213379
0.990953564614756
0.021631062030792236
0.9449132084555458
0.11403289437294006
0.830997019977076
0.2584180384874344
0.2249227314896416
0.6787474528246094
0.552634365769336
0.923040021356428
0.18431265981053002
0.5372593504143879
0.3980295366491191
0.4421421868901234
0.3622994754987303
0.08643379295244813
0.7797617544129025
0.45634969999082386
0.3234100502158981
0.03472895608865656
0.9012757372111082
0.7115782312466763
0.21687349869171157
0.7068015279073734
0.697732759086648
0.7200062688498292
0.6837312126590405
0.5386501340253744
0.8953026276140008
0.19031416196958162
0.7429111854871735
0.13881566695636138
0.6050481454876717
0.8464876069338061
0.8680937548633665
0.8268348820856772
0.7910668489639647
0.8768784664571285
0.7472512348904274
0.12943047663429752
0.6117112522770185
0.8373543269990478
0.2776924012287054
0.21006562968250364
0.6932196239649784
0.7356990028638393
0.15244965272722766
0.5857943889859598
0.7542468613246456
0.9874120038584806
0.5271896903868765
0.46315319318091497
0.33710768944001757
0.028049375949194655
0.9591619594430085
0.06986397906439379
0.8016412137367297
0.42454686379642226
0.429837787640281
0.421468520158669
0.3835463205759879
0.47558244070387445
0.30322933205752634
0.17821311936131679
0.553971290908521
0.9269533148617484
0.6725907342042774
0.06070947408443317
0.9096691648883279
0.15136359917232767
0.5864330788899679
0.7797742731927428
0.4563162563426886
0.32343408127781004
0.03488608400220983
0.901048844010802
0.21099255993613042
0.7186714704148471
0.20326002029469237
0.7027413980977144
0.7273993290145881
0.16294506285339594
0.5223228009126615
0.9441924900747836
0.6160638392320834
0.33482503081904724
0.006679792917566374
0.9909889110131189
0.5224053847487085
0.4439560195314698
0.3655677975330036
0.08498175223940052
0.7557995743118227
0.9854699503048323
0.5281444611609913
0.4597672044765204
0.31926236950675957
0.05339894679491408
0.9277790490305051
0.679575800371822
0.05099564912961796
0.9254749380343128
0.18216220280737616
0.5394522139104083
0.38229185674572363
0.4895818780933041
0.26563493243884295
0.2030957999813836
0.726620188128436
0.6639778833196033
0.5196735308563802
0.9409797067346517
0.11993231627275236
0.8212009369162843
0.787745252426248
0.8965692070196383
0.6950975439394824
0.23872599581955
0.6438685578468721
0.5732773138443008
0.2850520630017854
0.1505823077459354
0.5876221781363711
0.2789826210937463
0.2085488283482846
0.6893817271047737
0.7472387299058028
0.12945400434546173
0.6117277973971795
0.8373067663051188
0.77779622602975
0.9602902618353255
0.5674095489084721
0.29781331488629803
0.1861001943179872
0.5334965901856776
0.8995920990710147
0.7153702117502689
0.20935811469098553
0.6948129628726747
0.7395207600784488
0.1408182953018695
0.5778503755282145
0.789733785786666
0.880890081229154
0.7420956792775542
0.14473026915220544
0.5661144570622128
0.8073538817698136
0.9142171941348352
0.6323487178888172
0.11422514676814899
0.8306480686587747
0.25805817829677835
0.22582801783573814
0.677373195416294
0.04844685777788982
0.9353940154833253
0.1613928890437819
0.5158216411073226
0.952861533878604
0.10220589899108745
0.8496323445579037
0.8671567490673624
0.8321080061723478
0.753676681779325
0.9946071672602557
0.5090682032168843
0.47279570694081485
0.3003632267646026
0.1824088194698561
0.5399341288721189
0.3815432185656391
0.49046030765748583
0.273115780291846
0.19190414980403148
0.7367875616473611
0.6497168420464732
0.09000041685067117
0.7729675420268904
0.442332946928218
0.36191054826485924
0.08629628238850273
0.7803494376130402
0.9548728339723311
0.5755673882667907
0.2934490106999874
0.1399123891897034
0.6027249731414486
0.8483816272637341
0.36146386913605966
0.08750441065058112
0.7791480701125693
0.4583683805540204
0.3125703343830537
0.0622916207939852
0.9066317103570327
0.6557152210152708
0.07944644644157961
0.7618156513490248
0.48423943846137263
0.28939566493500024
0.13185511584742926
0.6151770039869007
0.8292181669385172
0.7625209798570722
0.9831893168739043
0.5418874559109099
0.37568048760294914
0.49826611575554125
0.25358698519994505
0.2446867598919198
0.6332149693917017
0.6009749803924933
0.3646889874362387
0.07847959574428387
0.7647345430450514
0.9782954655238427
0.5365872995462269
0.3909514522529207
0.4521552662772592
0.35350562920211814
0.09864993006340228
0.8603030166996177
0.34238898108014837
0.017927956563653424
0.946390910889022
0.5984810690279119
0.3621813954669051
0.08673304293188266
0.7800841635616962
0.4559763949655462
0.3209354466525838
0.037213036994216964
0.8982984737085644
0.1917530871287454
0.7373986596940085
0.15221442392794415
0.5882105349737685
0.7744535041274503
0.9657021570601501
0.5847052063327283
0.25600659189512953
0.24178416896029375
0.645291129447287
0.565390468633268
0.3052432506810874
0.17021763973752968
0.5109172971278895
0.9722183555422816
0.057543523056665435
0.9147272011032328
0.6309037361643277
0.11707539792405441
0.8322461629577447
0.2535973534977529
0.24466692155692726
0.6331981048861053
0.6010160742443986
0.36462016426958144
0.07819564567762427
0.7654130846785847
0.4769567302719224
0.28853272076230496
0.1458161149348598
0.5625564648362342
0.812419595225947
0.4063746872416232
0.4058762911008671
0.45393334011896513
0.3269432618690189
0.04187665422796272
0.8757236933743116
0.24819075531559065
0.6284855092235375
0.619925294915447
0.8212193424405996
0.2877718881063629
0.14653608936350793
0.5702435264538508
0.8009534362936392
0.9253410646342672
0.6825498717371374
0.03971517755417153
0.8808741473767441
0.24216582032386214
0.6445657737494912
0.5663029978168197
0.3068339054007083
0.1657409781764727
0.5055541839974467
0.9858703990757931
0.029205209022620693
0.9582064071437344
0.5631863078451715
0.31076866417424753
0.15982657580752857
0.5259009915171191
0.4613700184854679
0.34312625668826513
0.016690315824234858
0.9499710141681135
0.6083401869400404
0.35411895537981763
0.09406862853211351
0.8740652640117332
0.8143332998151891
0.8098078669863753
0.9107788798282854
0.642683804675471
0.07212334702489898
0.7864693735900801
0.3907457838067785
0.45294388392358087
0.3518617449735757
0.10075135561055504
0.8647578499221709
0.33006195147754624
0.012735252530546859
0.9813282341929153
0.545639663527254
0.3849163807462901
0.4702947279147338
0.31031272796099074
0.16159179841633886
0.5159265096008312
0.9523082536179572
0.6030471438425593
0.3495511856744997
0.11046651817741804
0.8406509218330029
0.2722582738206256
0.19421698607038707
0.7409622098493855
0.6466176436515525
0.06991828937316313
0.8016282103781123
0.4246366982406471
0.43045841774437577
0.42078312308876775
0.3854882790183183
0.46888874875730835
0.3120844541990664
0.15702743441215716
0.5301606378925499
0.9557854468584992
0.5704818188678473
0.2886332412599586
0.14542124661966227
0.5650793615204748
0.8047619155258872
0.9216727779712528
0.6331806904054247
0.10106829955475405
0.8645147225179244
0.32835052339942195
0.015303884749300778
0.9770594989822712
0.03757150314049795
0.897753040335374
0.19255936509580351
0.7349058334948495
0.15467674430692568
0.5815229767758865
0.7610205574019346
0.4718267437128816
0.30819104553665966
0.16677633809740655
0.5009360353287775
0.9985980867932085
0.0022554653987754136
0.9933213841868564
0.5122247568215244
0.4828570170211606
0.2923347537580412
0.12804193297051825
0.6209275424480438
0.32252281898399815
0.03245309003978036
0.9029978810285684
0.2089969667722471
0.6952940961637069
0.7383253368607257
0.6444203007558826
0.5724816476285923
0.782890750473598
0.4038537548913155
0.4588709803065285
0.31369483048911206
0.05925257064518519
0.9121635287301615
0.64836015884066
0.06653853761963546
0.8003847235522699
0.43249484756961465
0.41485662988270633
0.38165111214038916
0.49112293508369476
0.2721201661915984
0.1934433531423565
0.7419737957825419
0.6449738804367371
0.06574975582771003
0.8076561307243537
0.4178531230427325
0.37718867367948405
0.49379589341697283
0.26325077295769006
0.23223052974208258
0.6693621560407337
0.5121314703137614
0.48382468125782907
0.2904382669075858
0.12929570049163885
0.6127615683944896
0.33918933529639617
0.026379951072158292
0.9648251299513504
0.5879357370431535
0.2752773074316792
0.21603827897342853
0.7076896919461433
0.6895078886591364
0.7440609279146884
0.6378320876101498
0.6060575363517273
0.8577618435083423
0.3546021388901863
0.09749901609029621
0.8694111066579353
0.3214977488387376
0.03585127295809798
0.892790700920159
0.1969782957166899
0.7243120301282033
0.1735608274466358
0.5602309269306716
0.9116689675138332
0.6425111142452806
0.07536093186354265
0.7934699126926716
0.389142979925964
0.47977925909799524
0.2843141098273918
0.1519609491515439
0.5887244643236045
0.7742625470564235
0.46764832819462754
0.330878077656962
0.008597286505391821
0.9755159857159015
0.05339631187962368
0.927787560998695
0.17961544162244536
0.5509523098589852
0.42534930404508486
0.4325368756253738
0.4146751327207312
0.38097519843722694
0.49201618068036623
0.26982031122315675
0.1905611498223152
0.7457021347654518
0.6356049413443543
0.09457376296631992
0.8737949942878913
0.3153832615353167
0.05527596778119914
0.9202622690063436
0.13585155192413367
0.5974960778839886
0.3694152221432887
0.0714875788835343
0.7858424439036753
0.392800297413487
0.44693621460464783
0.3491423364030197
0.11127397100790404
0.8409325688553508
0.2703415817231871
0.19019865037989803
0.7431465549161658
0.13920361961936578
0.6038949930516537
0.8451970900059678
0.8713803037535399
0.8194725987850688
0.8023464014404453
0.9236798717174679
0.6849235400441103
0.035241577483247966
0.8943141053605359
0.1977149621816352
0.720036990562221
0.683641423296649
0.038998621283099055
0.8946885550103616
0.1909357071854174
0.7450641304894816
0.6333990909624845
0.09996581560699269
0.866288647725014
0.33375194494146854
0.0014488283486571163
0.9963776570220944
0.00696346239419654
0.989854513463797
0.017423185432562605
0.9504603376844898
0.6056530159548856
0.35912771872244775
0.10217876217211597
0.8497235488903243
0.3670241200888995
0.08227733476087451
0.7531680063984822
0.49574011797085404
0.26035761131788604
0.21909917824086733
0.6866260553942993
0.03305325336987153
0.903679715731414
0.20710643488564529
0.6912029054947197
0.2445077509037219
0.6342759796825703
0.597902585810516
0.3625423170160502
0.08948951863567345
0.775984200212406
0.4612840641348157
0.3428682977100834
0.01745160060818307
0.9505109901365358
0.10550306658842601
0.8592777638696134
0.8517702873214148
0.8512852052808739
0.8639723330270499
0.8302632187842391
0.7595155300223269
0.9742560295853764
0.5484431005897932
0.43540877633495256
0.41147779088350944
0.3907219447719399
0.45298918103799224
0.3518960494257044
0.10060643873293884
0.8651735828025267
0.8292229051585309
0.7625137792783789
0.9832130369613878
0.5419061339343898
0.37562699447153136
0.49811969298752956
0.25370702394866385
0.24451624602079391
0.6342519074387383
0.5979462042450905
0.3624876811518334
0.0893862136581447
0.7762752956186887
0.46162469155387953
0.3419936010905076
0.01926722831558436
0.9479099127638619
0.09377551649231464
0.8749627988727298
0.3125901416060515
0.06227344533544965
0.906686180154793
0.6556130188400857
0.07921198959229514
0.7625373617920559
0.48317861335817724
0.29195809885277413
0.12557147615007125
0.6232964073715266
0.815660078136716
0.8082559143658727
0.9165854402235709
0.6252443877165206
0.1242668367922306
0.8140885121829342
0.3101783338934183
0.1619319114543032
0.5168925570615102
0.949398622760782
0.10892328494810499
0.8524389434605837
0.8502864334150217
0.8654643046320416
0.835598812205717
0.7544773509143852
0.986578720214311
0.5246495681349188
0.4654756553354673
0.33405148025485687
0.007620887510711327
0.9886987335048616
0.5189680884941481
0.448665899282787
0.34708322284859605
0.1205040056956932
0.8236712019133847
0.28454336535651237
0.15143215618445538
0.5896490224113222
0.7758124459651299
0.9623195256572217
0.5902142756967805
0.2729363130056299
0.19265111003187485
0.7345848168479279
0.1559676868491806
0.5788002482440788
0.7639045055548195
0.4801274952769745
0.28377677348908037
0.14871023173327558
0.5929766029876191
0.7672738089750055
0.45092650831793435
0.35705777525436133
0.10704966701450758
0.8572518510336522
0.35673304231022485
0.10560388385783881
0.8589913553732913
0.352399526280351
0.10044625736190937
0.8660716068407055
0.334820949297864
0.006695478019537404
0.9910718974424526
0.5223195037688129
0.44418594817398116
0.366081408894388
0.08479266302310862
0.7566308248788118
0.9910952392383479
0.5222073020995595
0.443504226161167
0.3667642911605071
0.08281294492189772
0.7528634074842557
0.9928364748484455
0.5136787903611548
0.48045849427580833
0.283218987256987
0.15034304934670217
0.5909231490222737
0.27035737986443564
0.19030115168425255
0.7429930545913521
0.6394482008472551
0.6043814587465022
0.8444540027121548
0.3732240018725861
0.06596152333077043
0.8075080024718773
0.41477772896178067
0.381024415808497
0.4917115379648749
0.2704912447370589
0.18998157276655547
0.7425554537039716
0.6401341344753746
0.6027871412516106
0.8478885762451682
0.3629406331165228
0.08846357127185911
0.7737111667811405
0.4679742504376918
0.32978086193907075
0.013404071010882035
0.9821067159064114
0.5444811866036616
0.38860817562090233
0.4816023810126353
0.293474409612827
0.13910835442948155
0.6048331648635212
0.8467882923141588
0.37093852637917735
0.07252946228254586
0.7824116541014519
0.4030702135642059
0.4591193134256173
0.3199274659855291
0.05161975204828195
0.9246613179857377
0.18051672124420293
0.5457630137680098
0.38558674341766164
0.46950243480387144
0.3114648146147374
0.15880628256127238
0.5237572891346645
0.9678125684149563
0.5799607321969233
0.26292677532183006
0.23110217883368023
0.6700131631223485
0.011490518401842564
0.9711437613877933
0.056011085980571806
0.9180624350847211
0.14049687777878717
0.6018806298088748
0.8506295682454947
0.365125178854214
0.07932686887215823
0.7623741614806931
0.4824310560943559
0.29294359087361954
0.12700064279488288
0.6190770094690379
0.8253518455312587
0.7934757319744676
0.8891094703576528
0.7298286923323758
0.15930067468434572
0.5271633425436448
0.9631889001466334
0.5870809354237281
0.27784207585500553
0.20944252240587957
0.6946405990747735
0.23941165598807856
0.6411400322976988
0.5766219446668401
0.2923013344989158
0.1279788089741487
0.621027935645543
0.322426337224897
0.03272099359310232
0.9042886226379778
0.2080279549700208
0.6884163117792923
0.7486560653487686
0.6272610691667069
0.6182181447802577
0.8251172969175968
0.29554342236951925
0.13485969637986273
0.5955734993040096
0.8723905470687896
0.8164447585004382
0.8006663207779638
0.9318745384807698
0.6656648741918616
0.005447119183372706
0.9861228025692981
0.02869243745226413
0.9575116444320884
0.06569353007944301
0.8078022233967204
0.4177188565081451
0.377575951279141
0.49229121961980127
0.26548669472686015
0.22690825568861328
0.6631778954470064
0.5213617643457837
0.43878308893181384
0.3711513292219024
0.07022809670888819
0.8009235914796591
0.9253542348160408
0.6824337430880405
0.03994804969988763
0.8814986296638381
0.24031368759460747
0.6482043305586558
0.5668668631697074
0.30010273546213284
0.18278356667724438
0.5424912861781195
0.37790204730117694
0.49273295493912883
0.26407824212219566
0.22986016838694923
0.6596654497843701
0.5266152407566551
0.9640997392416466
0.08950267956242897
0.7759638665011153
0.9612090852460824
0.5929784395848401
0.2672792123630643
0.20091848165611736
0.7320777760178316
0.6694999061583076
0.5134753225429449
0.981869902840117
0.043369970662752166
0.8900319983949885
0.7279755924246274
0.1604973369394429
0.5186630050011445
0.9490640283620451
0.09596775347017683
0.8683474455028772
0.8249503392144106
0.7950454922975041
0.8863504573237151
0.7215016362606548
0.18046587012941018
0.5458369686093647
0.8854073389957193
0.21877929897163995
0.6874563050223514
0.031320132955443114
0.9060419855813961
0.20350765401963145
0.7025877429114189
0.7278881690581329
0.16025906149297953
0.5193809689662885
0.9476255313493311
0.5947994985035621
0.37187126401113346
0.06922259557177313
0.8034406526712701
0.9279043713468127
0.6792538051377051
0.05167832475854084
0.9244519101630431
0.1797902878606692
0.5467247521446552
0.8831723465700634
0.7256584567949176
0.1775358951999806
0.5482256357499864
0.9340587945771404
0.663380240323022
0.020677909429650754
0.9380427298310678
0.12345577834639698
0.8158101570734289
0.30808506516041234
0.1672671756532509
0.5030814345227554
0.49568350292975083
0.2605107261624653
0.21970761858392507
0.686080548533937
0.5335777949658222
0.39987833122722805
0.4651401405862998
0.33513536167447455
0.00542325375135988
0.9862577835738193
0.028495450736954808
0.9575696589599829
0.06486731732729822
0.8060847824381199
0.4183774276752956
0.39002843483467586
0.4780076256720349
0.28543380109476857
0.14370336537831463
0.5738165057264268
0.28396006481489167
0.14938134056865238
0.592366930883145
0.7678238216903992
0.9465309295337647
0.5982721661566757
0.3614361347281374
0.0877344517793972
0.7785870052175596
0.9572187117883004
0.5661490426864475
0.3072749948478304
0.1641507487220224
0.50758971562027
0.9887156000477262
0.5189107379410416
0.448318594309967
0.34742720119538717
0.11960629947134294
0.821570526342839
0.78529891645303
0.8941057851188816
0.6980565323028713
0.21963886468438432
0.6861761843028944
0.5332739303121343
0.4001785591826774
0.46621475348365493
0.33247934689279646
0.0032361331104766577
0.9951744184654672
0.011634799797320738
0.9708443242125213
0.5562171143828891
0.41973316721851006
0.38810121853020974
0.48084050707984716
0.2963727075548377
0.13406006511650048
0.597861767600989
0.8629808414843865
0.8386101748328656
0.7735829287557863
0.9683525697910227
0.578873852500692
0.2645994733902626
0.22910883717122488
0.6565970984811429
0.5303669642016757
0.9549501434958074
0.0755132908525411
0.7930111214518547
0.8905176370753907
0.7267850712523796
0.1637310755904764
0.5200379383459222
0.939891028450802
0.6185031488421373
0.3243359734187834
0.046700122504262254
0.8830929921532515
0.22573073164676316
0.677311220089905
0.04863274720264599
0.9349933771591168
0.16056331212166697
0.5189216179715004
0.9487295023282059
0.5969262355938554
0.3703541429131292
0.07386716324253939
0.7837915479613002
0.3987779534072615
0.46788265349459834
0.3299183262279257
0.012969371367944404
0.9806681343179662
0.04658203307189979
0.8835286353714764
0.7247721538296901
0.17919925163732842
0.5517577184655238
0.9243166110536549
0.18017550758668222
0.5461432575248182
0.3840315024717711
0.4732701378816273
0.2989451297034975
0.18146538626751862
0.5442272451182362
0.8868604831513949
0.7339499730151147
0.1648493212996982
0.5067566638754215
0.9908587916870601
0.5215855864807963
0.4451614580466412
0.3636453841754701
0.08112076096585952
0.7615205322799738
0.4711299725458957
0.3060615097929258
0.1683645196026191
0.5150933353870641
0.977852318668738
0.5351937293889932
0.39442938164575025
0.44744924709084444
0.345457434799755
0.12268400145694613
0.8179886350117158
0.2986557469703257
0.18484843007172458
0.5353037056338508
0.8941272014344577
0.19802765504573472
0.7196825825376436
0.1861088040168397
0.5334898738365155
0.8995495360577479
0.7154349578195252
0.20932214171625674
0.6944518622185569
0.74006454332266
0.14188875077525154
0.5743528416205663
0.7964919529913459
0.3836470780952368
0.47543699701782316
0.30358342776889913
0.17853654295322485
0.5535016992362216
0.42860637936973944
0.42841442933422513
0.427952551166527
0.4293698954570573
0.4263234903628472
0.42423845222219825
0.4310409780300688
0.41843001640518196
0.3899484247667715
0.47769967347267084
0.2856515852326993
0.14305634004995227
0.571548809268279
0.7853537374176085
0.8942658979794942
0.6979117163573392
0.21876554656773806
0.687453434773488
0.5313506708480418
0.40610304701840505
0.45347704863524996
0.32723673814325593
0.04079272583476268
0.8803169171733316
0.23473142372677103
0.6553513070393819
0.579846943175653
0.7631662128551397
0.4807562496571336
0.29603227169718593
0.13438320669229142
0.5994663092133123
0.860692053247476
0.339951471920358
0.02328355412464589
0.9416678372945171
0.11249650700483471
0.8395734858640935
0.2760489991051145
0.21099195096758194
0.718670719419606
0.2032612083130516
0.7027385665860493
0.7273873194644693
0.662962648581015
0.5222799134498928
0.9441466710122768
0.11613262261380441
0.8346073551801965
0.7559629866736941
0.9920483265887015
0.5198782036895864
0.44052354263840243
0.37096536878379993
0.07258271114551462
0.7822716403752565
0.9032070133253001
0.7096907841623761
0.19352929363958538
0.7417541136674117
0.645429524127394
0.06507601629709825
0.8047910624591168
0.4217360178590752
0.38315887449425645
0.47568105056416243
0.30260721847298555
0.1731643678213004
0.558631896506995
0.41395950404694304
0.39471816885634325
0.44115638951188885
0.36976050687371753
0.07040883306763135
0.788926108594751
0.3948655527201481
0.4404472119931597
0.37104177370201796
0.07236123338225298
0.7830688880349044
0.40365184799884446
0.4570566200418398
0.31636843711021356
0.05673133410164155
0.9157884935848415
0.6303226993768476
0.10972236335510388
0.8428799140092451
0.2674337319622282
0.2005369826219976
0.7305824290669989
0.6717126192525029
0.008058232197072357
0.9758277075306978
0.0523738659103401
0.9234476397105027
0.1853913337981794
0.5363986106822267
0.3908140119747259
0.45287298390758224
0.35219254007097334
0.09967238034005277
0.8669984892767388
0.3324407741019968
0.0033077034167945385
0.9955897284380626
0.011025675106793642
0.9718057871505152
0.05821578879840672
0.916834403964458
0.1257557129720226
0.6239923817047384
0.8150190448504873
0.8049434667918831
0.9211268063518219
0.6344388394500129
0.09912492911098525
0.8613166284922045
0.3408452166477218
0.02047141091316007
0.9400303455477115
0.11745092767523602
0.8273350447707344
0.29076629868359305
0.1305011810036376
0.6109384592564311
0.8416647471603937
0.7708285588305444
0.9375143451034091
0.6249789004796185
0.3125355227384716
0.06239378752070479
0.9064465720730368
0.1559866168827284
0.5787680450594053
0.26369586534565315
0.23043497031903826
0.6582853906729724
0.5251533834380098
0.4662987368647009
0.33229208664852194
0.0031261347758118063
0.9958315058611333
0.5104188452824019
0.4687639298499562
0.312479358894052
0.15628157451283187
0.5311554472136777
0.9533298910828307
0.5778263803222217
0.28978616069070995
0.1310032000474166
0.616766842576908
0.8328157890646253
0.2528592044545803
0.24285103508736938
0.6387218949093949
0.6053956591058522
0.3458815600606613
0.11869416080298834
0.8260520567710046
0.2941828607872594
0.1373412887332961
0.6075276930059772
0.8553262358764187
0.8460391145781614
0.8682853316422552
0.8250136621645652
0.7957133886520751
0.8856554888188839
0.7193763479008339
0.18562215944984928
0.5349527483631391
0.9007571585534606
0.21240141373709776
0.7150897647952661
0.2102022985345684
0.6929976989922579
0.7359495014534332
0.1541371641214937
0.5832809959247243
0.7502015375066549
0.999705352995079
0.5007056041504256
0.4982244839775376
0.2534576893958729
0.2450004496204201
0.6335313520394266
0.0997595209046267
0.8667796823137905
0.3327665969845839
0.0029256816778797656
0.9926857285900041
0.5141309934551828
0.47979391569970176
0.28433939974638633
0.15187579175108112
0.5888063064776361
0.2740473914309405
0.2171029570454266
0.7061143935134169
0.6991294462350197
0.220849136589095
0.6812408873520326
0.5446995482780039
0.3881290577701293
0.48082619285560213
0.29598132902174257
0.13452781722298823
0.5991116541845258
0.8596418863744475
0.8429607057478279
0.7673216624534689
0.9508321399916895
0.607019885443151
0.35720185370882973
0.10689938542782329
0.8557964422216173
0.35840305575402454
0.10350300630670972
0.8486566030187532
0.8603197100455873
0.8423637060332112
0.7678309303591959
0.9465072198654525
0.5983152260887437
0.3613820315222256
0.08781286861631088
0.7784531914221589
0.4576139464334119
0.3148155192611739
0.05573463925975375
0.9187335825117771
0.13955405171145685
0.6042069977847859
0.3439355587470345
0.12474849980208091
0.8131248035060707
0.3106475672975648
0.16000914748292416
0.5257430050696712
0.9620020432630554
0.5905983318225481
0.2724052907433361
0.193955985334469
0.740567941480549
0.6474813848326448
0.5682986933097709
0.7979727489000652
0.43438890637480654
0.41290035657584667
0.3973736352927517
0.4439881537400652
0.3653059321222827
0.08572759965318255
0.7542974545212928
0.48775643299450167
0.2767007293878123
0.21388782301801257
0.7147842465492431
0.7130106520198751
0.7127126268169377
0.716110320907319
0.7072142302349675
0.6909487973025534
0.7450247231463436
0.6335009453177918
0.5998051002679858
0.8669249223603401
0.3326854737533722
0.0019645647844299674
0.9941120254516136
0.012750598834827542
0.981366212683497
0.04554454574827105
0.8848711276368704
0.22056018590228632
0.6849077483930159
0.5352757367363665
0.8943520832399372
0.1975589846551884
0.7199047490721568
0.1841209115809761
0.5374822126177605
0.8979402511031367
0.6926482876297086
0.234564850514289
0.6559961152670439
0.5787519477889873
0.26374479359947145
0.23026973425294273
0.6585779667657334
0.5248765304277185
0.9651362109289039
0.08513641628087498
0.7554168632486835
0.986213697178755
0.5285415460821241
0.4576912246993743
0.3145026204583701
0.05657407277612947
0.9191071613167878
0.13721245928900316
0.6078965543129016
0.8547646067163441
0.3468833809311036
0.12079026689752936
0.8229956309951376
0.28137620259076357
0.15587139219860546
0.5789451585442293
0.7644290946482215
0.47945594173506834
0.28182698448654264
0.15456102738971822
0.581240215600701
0.7614673414791469
0.47132824690197594
0.30478789925109595
0.17172642864170484
0.5081669969076756
0.9756724420294631
0.052513311529764906
0.9233090585330501
0.6839148384169675
0.03809932223521173
0.8964652069553267
0.18850918975658715
0.7469727659772616
0.6315590959275141
0.11543816752964631
0.8356339803722221
0.25463643032708205
0.2364555266685784
0.6500108451291453
0.5916418500710279
0.27077137416927144
0.1876860416668933
0.7497518194431905
0.6256203460798133
0.6231396523362491
0.8162805071624462
0.3069530409120489
0.1650893873302266
0.5048093294899445
0.9869924500817433
0.5234817243763246
0.46863848506473005
0.32834224539692514
0.015314515942009166
0.977090275962837
0.5374797783442773
0.39793723984621465
0.44265305760200135
0.3595839182671625
0.0934713362948969
0.7663215953798499
0.45137921982677653
0.3551906354550738
0.09639692201744765
0.8673756147909444
0.3278658316703513
0.039703026035567746
0.8809362434258219
0.241957044985611
0.644999614713015
0.565708002919564
0.8077642979624216
0.41756557489861734
0.3777128680376336
0.4931240717123728
0.2642286304908339
0.2288097687996924
0.6573976655199658
0.5278886624146253
0.45939206070033833
0.3197052634495776
0.05224151737638749
0.922130327206105
0.686739596480038
0.03289034269982949
0.9038543387141544
0.2088700115273241
0.6886975872330368
0.246754142397549
0.6309083035157528
0.6171218588133343
0.332194815389812
0.003420803666813299
0.9951100889884401
0.008314529346534982
0.9750779914902523
0.5539889191859402
0.42690589861012995
0.422450262325583
0.43581743133836426
0.4093882762826979
0.40206163420225494
0.4635920964938123
0.33613670722115785
0.03095886539085768
0.9538366071355995
0.07632594654569402
0.7925090014759917
0.3778888125962112
0.4927373925456777
0.26397547134547494
0.22964775547734462
0.6596944931370672
0.5263312450260855
0.4615108089055866
0.3420682227879297
0.01875920992461033
0.9489205508725718
0.5964251119294204
0.3673257033806294
0.07771170229534619
0.7898350940376986
0.38171559796319343
0.4909642277052626
0.2716104206338059
0.19493438236531802
0.7391004349337891
0.1433339459472336
0.5712570122268517
0.7876772369781975
0.39673933808808215
0.4445525280898437
0.36492522942717187
0.07963016282883473
0.7635509587125853
0.9816862992593087
0.5435850487556309
0.3887859857059084
0.48030527340597473
0.28344941427349113
0.1496517619525548
0.5904661513341125
0.7715893695713021
0.945171233965084
0.613619155192282
0.33117013290757313
0.011547973641427234
0.9709917820291594
0.5557957194396295
0.41855041845701635
0.38903540137107484
0.479557547980221
0.2849601685302332
0.15081162340356968
0.5873225655814167
0.7777243785676546
0.9604280728381127
0.5676625174819492
0.297012448834721
0.18708765346673317
0.5320213466184214
0.4051578599610366
0.4558018844400067
0.32045614800881594
0.03864109396818094
0.8953169008309487
0.1903575002506841
0.7428466508863494
0.13872863090364262
0.6053876697260421
0.845825715106912
0.8687728751101531
0.8259920801501721
0.7942460113554262
0.8868819908821024
0.7338900661561638
0.16503426543204114
0.506355819030432
0.9906982538523152
0.5227579097845592
0.4425558492075652
0.35990940310875885
0.09222324987058528
0.7689531132346019
0.9486364903277718
0.5971263156388886
0.37042525690048933
0.07329931479762308
0.7850744370662142
0.4005143287649844
0.4625222358154133
0.34161921273334883
0.02079934100038372
0.9376809532695916
0.12454761267872527
0.8133712846611161
0.3112314743048046
0.15842947422061116
0.5250664931663778
0.9663236772757955
0.5839617794845253
0.25101391336647794
0.24696875057998113
0.6315326561743859
0.6154756783798803
0.835576025681803
0.2545038062671665
0.23665642784908414
0.6494438633963
0.590776088880375
0.27204668073682114
0.19364721674355678
0.7413456762733404
0.646099232166307
0.564315408380935
0.8099143655563239
0.4102544333145488
0.39440021745394915
0.44759211569908075
0.3447333482617978
0.12206061882898211
0.818864111759467
0.3031732910312712
0.1790615548088681
0.5518575602036435
0.9227049510518555
0.18639297460322268
0.5340173080330715
0.3991715120500885
0.46777105642831884
0.33057212372659706
0.00828648716560565
0.9758577070606407
0.051962428784463555
0.9225525080983061
0.18578280406654812
0.5348105231532827
0.40094020968535915
0.4612418709148187
0.34292753075715154
0.017118229967309162
0.951131322683068
0.10650661974796094
0.8562613907270133
0.858308385068085
0.8541543786996044
0.8438314481172711
0.8747562944772653
0.8129876364837401
0.8117685641045682
0.907467745419126
0.652960508770775
0.08409710292471573
0.7576519979338627
0.48852990160230547
0.2687856281118002
0.19887688042945229
0.7212810209894087
0.6799517439794727
0.04608227056451142
0.8845205122779589
0.22424559260252863
0.6734546502993908
0.5603785275598057
0.41141634341329336
0.3907510544813704
0.4527469137974549
0.35238164372276515
0.10036531716468744
0.866178533207858
0.3345527123019565
0.006113161216489971
0.9914263065147679
0.0211765841813758
0.9389993917138781
0.12294356973143294
0.8175759788427968
0.2975773149228189
0.1857294278452173
0.5346998070308473
0.9012722687912174
0.7116311166901141
0.21698490175185725
0.7067723457876127
0.697905013919808
0.21882948285201564
0.6872664687980432
0.5317113999335561
0.9055731887056027
0.20426288378075697
0.6997113492107019
0.23289724386995658
0.667260472982889
0.5031395406113006
0.49581140256486833
0.260440975864185
0.2189822488289792
0.6871594946132973
0.03182275273138657
0.9045699073758442
0.20625604238011874
0.6989246341399848
0.22140776639571413
0.6798637589381542
0.5464313387055881
0.38367738481611013
0.47531194050679915
0.3029157975979615
0.17923322028946131
0.5516610953200143
0.9245226440252736
0.6799003999331035
0.04658665205352008
0.8834968236915302
0.22483616368845105
0.6793646053120028
0.5512813434470445
0.4243006437900476
0.43094759780797176
0.41809479394578375
0.3902468681335449
0.47738170620868914
0.2878651619248558
0.14742898929398507
0.5689270498405676
0.8029892441118136
0.9289280181401409
0.6774240715894848
0.048378291714470834
0.9354315360251348
0.16136733687017113
0.51625168332248
0.9512449501198716
0.6052687766496092
0.34607988520292565
0.11862555306288414
0.8245183505641762
0.2960601649538148
0.13428282912354916
0.5995955441321712
0.8603785081068054
0.8407814372912981
0.7720390798058361
0.9436508095241152
0.6163919161190279
0.3335317997261882
0.0018466673500370234
0.9972677920304704
0.0046174841991160065
0.9864858660148457
0.5249180389218964
0.46675044507719576
0.3331080015923362
0.0008286653610412031
0.9988886248320341
0.5027695707394741
0.49295029236236587
0.2646030129690189
0.2290793185820803
0.6565339979424607
0.53040064801462
0.45469711086479947
0.3260186060506385
0.04420580170699395
0.8869138448499143
0.734113966987934
0.16471399465808645
0.5058627843682189
0.9921825368946884
0.01953972378396429
0.9413821399211884
0.6191923021688126
0.3221965134725906
0.036305337940575555
0.89116163586732
0.7015916848904453
0.2299039152567275
0.6595541574351955
0.5268306917569134
0.9641646837408189
0.08903893971000798
0.7769049386261031
0.9638007331523113
0.5865869975532405
0.2793015820789151
0.20701852787169628
0.6972885380091611
0.7206725701980758
0.6846466957649682
0.5359037072921637
0.8935322310135234
0.1958383106684778
0.7249957086751238
0.17913900880375877
0.5521229130972642
0.9219386618642602
0.18731020708219148
0.5316605822881684
0.40564962796634063
0.45456060333526693
0.3245201363170054
0.04605862111202441
0.884296501375502
0.22455193946370855
0.6729683548037428
0.5593961094564293
0.9128761353495065
0.1473579313897062
0.5690403206972405
0.3029498496907763
0.17937957096728496
0.5513046632113401
0.9242122397117782
0.18109986177296378
0.5433107168646529
0.3897612239816226
0.4783546708349604
0.2863823537481949
0.14085533350589685
0.577787345420802
0.789631954889046
0.38110430995584466
0.49145388847682625
0.2711210177221801
0.189079776260769
0.7478775757772382
0.6301682359189726
0.10950007080100477
0.843379558500601
0.2664287651423365
0.20193568544345908
0.7293993436323944
0.6569386138871778
0.5294893364480231
0.9567617524007801
0.07292212595348246
0.781310512102209
0.9061597394174896
0.7032738656853326
0.20272051822394133
0.7272990457422566
0.6630735713988543
0.021999264077749103
0.943811622535577
0.11654063017340377
0.8330361272965092
0.2509362631535623
0.24859775474760681
0.6272560154029634
0.6183222251129337
0.3247235987801105
0.04536062871920876
0.8860929493384901
0.22177928176824935
0.6834482330596074
0.04137171007459983
0.8760533233580645
0.24684073036769405
0.6318141965020914
0.6157576818077359
0.8343679079844151
0.2572722634358797
0.23959916864987463
0.6407328839122783
0.5779693734366447
0.2893283927696757
0.1320256364706438
0.6149813129159156
0.8297329563938547
0.2632520738116
0.23222772509325296
0.669360530184349
0.5121416880865581
0.4838059348985553
0.29040825736592524
0.1293903533660341
0.6125591489253566
0.33908156043617055
0.027037516905693337
0.9634120000118855
0.0863268184766639
0.7807308760238811
0.9544224968994968
0.5742325467872433
0.29685528919799253
0.13284588858368807
0.6014671029115561
0.8634892101690639
0.3317507811880205
0.01046481600496918
0.9689527322479989
0.06219697912456468
0.9069759596895892
0.15443103029974736
0.5816479320637882
0.2606009551673196
0.21957602965994738
0.6863952449930366
0.5340097034932114
0.3992132886778563
0.46766309716622345
0.33079450626973994
0.007974190986715257
0.9760798322677147
0.05174371902830899
0.9243437603290658
0.18013576755765826
0.5462111258821096
0.8838388848234899
0.7235599895939231
0.17449436517199501
0.5547259795421269
0.9217597104725428
0.6330469537060708
0.10121275758137926
0.8638421973155346
0.33036777965025976
0.008919409505324438
0.9732418562052771
0.5491866331431083
0.4307443468715064
0.41870454532909207
0.3896435719507281
0.47901219548657537
0.28171371153439395
0.15557064980384894
0.5792737865122035
0.2622549753286876
0.23284262864035554
0.6674010631395504
0.003309392079245299
0.9955860061745625
0.011019486584700644
0.9718255499319639
0.05819568067090586
0.9167655697383452
0.1259241717925761
0.6236312958644703
0.3148068530135788
0.05574859891203232
0.9187298502074555
0.6396062714629807
0.1040748527739197
0.8440260376955848
0.37417254282627255
0.06404791967361234
0.8103083016758319
0.411607054353226
0.390896040975349
0.45235413673799485
0.3532149737875443
0.09935201113694347
0.8609863272868097
0.8413981068297289
0.7712605866254307
0.9389038279186934
0.6214599040686153
0.3193970849388279
0.05255110401776619
0.9232485695974901
0.6839896473684348
0.03852998721413314
0.8958261692605447
0.1875431896187365
0.7498895139142405
0.6252284713555127
0.12467270082561299
0.812994883133797
0.31102627341169864
0.15944484210922383
0.5265578281541821
0.9645883672055788
0.5885197806637734
0.27350874518742785
0.2185365637706127
0.7035214662028011
0.7025915897102095
0.22785763978026807
0.6601981385319959
0.5194112623576075
0.44750360323814675
0.3453501665208023
0.12266272460692562
0.8182189441286027
0.798200732038822
0.9336963752866723
0.6639126210939139
0.01989056816091761
0.9405049743072595
0.12089025072054937
0.8226321554102469
0.28271389557630755
0.15258978412020952
0.5852022437320556
0.7554978936095722
0.9859491055831313
0.5291369463666342
0.45828168193111196
0.31269985137623735
0.062208092655055225
0.9069644424307626
0.15446144912857562
0.5815566103847232
0.7607223287341185
0.9692721839528531
0.5609387689619325
0.4096304611884989
0.4017009830859024
0.46388623223174363
0.3397923080192413
0.025484001584118232
0.962765834381571
0.09112984483363107
0.76957921803114
0.44133871435769834
0.3693051706068218
0.07179107234696858
0.7870897674292792
0.39163529165671207
0.45009906531777233
0.3581197648018133
0.10372388761606999
0.8454222559230402
0.8727686661877669
0.8180763374548405
0.7985283964662813
0.9352891133748926
0.6617714932654053
0.017171570274513215
0.9509293778974097
0.10693137545604259
0.8557181894720998
0.3586291501414962
0.10317720219609328
0.8492017799289897
0.8610862340428866
0.8413020155858248
0.7697876458405517
0.9406574876629747
0.6207683889660984
0.3227546281996183
0.031737318000523373
0.9055199787544552
0.20433850356494077
0.6998437474248931
0.23252211249200627
0.6678207933146041
0.5023068023147061
0.4932488012709655
0.26248058935743757
0.23335539631079882
0.6665733593690675
0.5002811347367242
0.4991673245676793
0.2515323141415138
0.24785435700323433
0.6303020571067464
0.6097916059661657
0.34318806341616437
0.017022085114149377
0.9496294093842153
0.10877452374552377
0.852997871930711
0.8479584387387149
0.8624637855100445
0.8393772055278532
0.7763127113576047
0.9615390227991156
0.5921231654356234
0.2685619375552051
0.19920811636256985
0.7207211178319994
0.6815880132198799
0.5440433047770057
0.8875646529777441
0.23323680125758983
0.6667542302748188
0.0009682564414106309
0.9985553066653665
0.002380955091211945
0.9935286899853963
0.011782670771935955
0.9841880438616499
0.5394688513479196
0.38220383907901123
0.4897436546452809
0.26587329886388034
0.20238026857259683
0.7281758954341058
0.6617073505476583
0.5173581595590804
0.9506493668595795
0.10579666172270663
0.8584025114541873
0.8535034129745327
0.8486592670087703
0.8603159338235855
0.8423691540374421
0.7678525820956565
0.9464877916034311
0.598342407902237
0.361550587520469
0.0875589354254771
0.7788274026243016
0.9589335268246941
0.5635681540588848
0.3094481282751076
0.16290305714937858
0.5222775020229165
0.9442449412599672
0.11587357698590495
0.8340637657092884
0.7575794500880875
0.9887415042612702
0.51885255536763
0.44840910722268745
0.34717746658134274
0.12009150502854027
0.82084732176736
0.7875355951837264
0.8978602227871306
0.692771952599287
0.23483265930553898
0.6555940882244613
0.5791165007394738
0.2626729200128466
0.2329468161042314
0.6664041240292136
0.5014086463779677
0.996445447584847
0.006926446600118652
0.9900080723455176
0.5170366283855401
0.4495618187938817
0.35850969798048027
0.10334969020914286
0.8488864774990361
0.35959341388661414
0.09343048892333172
0.7661729611863848
0.45157076307805255
0.3548824589524884
0.09713426313828677
0.8704433727252763
0.32324977417010814
0.03514487444772385
0.9004094953124877
0.2128395003383048
0.7159132473461796
0.7078822701296303
0.6902533547545318
0.7429712782904971
0.6395734445250127
0.6041832740011159
0.8437879160337616
0.37489745757193305
0.06268625345546752
0.8122512582631316
0.4068713735905476
0.4043912075285334
0.4569021527422592
0.3225842627871316
0.03226836599060334
0.9032003949396312
0.7097103492706083
0.19349350273841992
0.7418041902419645
0.6453664667496923
0.5652793846384156
0.8055357354751322
0.42072713110246696
0.38554293336346745
0.46961383751477115
0.3112539586436469
0.15837137040216476
0.5249627973826136
0.9667067311820574
0.5831568602006882
0.25057139148702845
0.24829632657929324
0.6281602888775524
0.6207556045264937
0.32283442257903516
0.031497405347181484
0.9055132235225756
0.20472279857494868
0.7007783851586282
0.23229545535286888
0.6692613336199429
0.5117521926877089
0.48427944141440094
0.28927081168512814
0.13253156704013236
0.6139797068899497
0.33028361335163936
0.009465512208407745
0.974350131204119
0.048491975117940456
0.9351357829582412
0.1618791782821063
0.5170691679231822
0.4494944111793302
0.35854809227748774
0.103110008261865
0.8493710002803709
0.36083210428478196
0.09010717764613219
0.7726475448580459
0.9431100483634509
0.6109699315857142
0.34140720864525065
0.02135224881931208
0.9387973028642591
0.12110809149453416
0.8202914202411193
0.30081671607331373
0.17567515035625547
0.5568372080742847
0.9157520432490855
0.6305263789254241
0.11086346179945394
0.8417653820652049
0.2705865261377767
0.1882404308707919
0.749000017385697
0.6274922963348217
0.117599569959566
0.8275754740170669
0.29043622547760606
0.12930233075167052
0.6127481826406438
0.839184661541367
0.27641171266441233
0.21473145333584398
0.7131058009981643
0.7125831798184663
0.21634466497926041
0.7088787888351362
0.6886712560663
0.24681051826337352
0.6310203371394891
0.6167058501450811
0.8329988265468273
0.2524626640661154
0.24262154509779066
0.6400047423958313
0.6026171103585511
0.3484013333800249
0.11228581864270382
0.836471284419531
0.2796713933639694
0.20651838171761483
0.6985394509683829
0.7218520190799609
0.18315336905652657
0.5419251083221752
0.8756537653098349
0.2480601719871629
0.6288882362423465
0.1191833887132816
0.8221576406795066
0.28635686833877116
0.1412664592207875
0.576200796145713
0.7929258768563159
0.8770254962146282
0.7439291327609681
0.13808599865296856
0.6059241367329378
0.8587245833186898
0.3525400342477951
0.09862990246620029
0.861822697770549
0.33641659771092236
0.030539582687197253
0.9542901848035399
0.07493724909727462
0.7950710881268606
0.8863137657172047
0.7214403313701041
0.18064970895648003
0.5454393475956749
0.8852103725075722
0.7200404181494378
0.18362890562275425
0.5389583891083021
0.8947227098105941
0.19113823902443983
0.7448030080413446
0.13286439276998863
0.6014932592806872
0.8634542823419906
0.8315891025122255
0.760680258681532
0.9693925970350392
0.5605749199166894
0.4101146729080938
0.40045495945378207
0.46270305509096943
0.34122758274315856
0.01990120657137595
0.9409124118683394
0.120370443968568
0.8234614504326601
0.28483690731809475
0.15093666629400104
0.5863402443646919
0.7806617424357682
0.9545340567710809
0.5745716054807417
0.2959871391649358
0.13454148193704896
0.5990625020640437
0.8597339694679249
0.3428491637168918
0.017373520298860967
0.9505656468390953
0.10594466631300747
0.8586691871460062
0.352747168042697
0.0983521589951124
0.8615395653469022
0.33760616095969453
0.028993325104238465
0.9587380414595827
0.5640923794708215
0.31016699905740097
0.161954411334591
0.5168666586978361
0.4494028563494794
0.3591279315005522
0.10217921403818764
0.8497219164855778
0.8670272589079104
0.8322792568360455
0.75316231418401
0.9957524993806146
0.5103393183671869
0.4690226635430008
0.31172671282547526
0.1578985123487655
0.5290510859340429
0.4586212112917565
0.31408284985809587
0.060373920801794156
0.9114075399411377
0.14077738026389852
0.577713397127809
0.7898096655553672
0.3818143072130624
0.49075703881680965
0.2718695923394989
0.19477288800408132
0.7395949846832082
0.14074509794590995
0.5779468209657352
0.7893528990680352
0.8820175990113057
0.7397797384764999
0.142482002673205
0.5754048231465276
0.793665646633599
0.8888779894914478
0.7301937317824923
0.15889054938452318
0.5236347196914721
0.9684857687971089
0.07876650444814004
0.763700486626476
0.9804267864092253
0.5332737016142346
0.40017889509908855
0.46621420883457176
0.3324784809083212
0.0032373148715123534
0.9951708684384357
0.011641641380265355
0.9708343150268774
0.056249439367093146
0.9197858875559177
0.13802757702069357
0.6054911194660235
0.8593190423271153
0.3516693433339242
0.1014098166488111
0.8635408561385702
0.3312527732923627
0.011452377744717523
0.9713499532372225
0.05471003279672004
0.9218183694174513
0.6329215284786187
0.10140328045235947
0.8635529363818932
0.33125946382642724
0.011419462622143328
0.9714274928846862
0.05482952279271558
0.9214502650138456
0.1335984237084631
0.6005095145665109
0.3658526706858538
0.0840826156490948
0.7576808751036879
0.48860268184216693
0.26856697609764524
0.19920227013062686
0.7207433569419663
0.6815200169803575
0.04418745037401095
0.8873340764839668
0.2325293621106539
0.6678144339239225
0.002216100168880075
0.9933573020098265
0.012420769839081913
0.9826048089016695
0.04251127355382778
0.8778373481472954
0.7428756313747726
0.13886825303779915
0.6052066115953494
0.8463560304662678
0.36720115892239846
0.07810500403866172
0.7890967409766745
0.38271542359143496
0.48848885387997143
0.26925444466178305
0.1979576371377334
0.7189346491068136
0.6872537846211344
0.03186540229944512
0.9044038147840183
0.20687827991787344
0.6975258454622235
0.719923822034616
0.18430592608638108
0.5372628571640234
0.897978424676694
0.6923392420285381
0.23688608244992793
0.6487168401654344
0.5929132957244292
0.2671585926436819
0.2009656655427534
0.7318310431437567
0.1683991714962758
0.5150098929007072
0.9776115244312678
0.03592113815830089
0.8934573078295216
0.6960117606795393
0.22481218382017687
0.6793842492916156
0.5515079013130162
0.9239626844937447
0.18125616901670583
0.5447834263322875
0.3880412999424152
0.48056114904466085
0.2967517209763173
0.13311974285170436
0.6006407765380573
0.8651561667211354
0.829236044024583
0.7623109624837525
0.982771429233253
0.5420936606242321
0.37875505728879943
0.4945033432741184
0.2588568007340655
0.2234401297464501
0.6747294098895509
0.5553558423707727
0.9199589896306861
0.13661825927556492
0.595892064855434
0.36888868926325813
0.0758250167418737
0.7944976113503799
0.8884845910943113
0.7318523640860803
0.1683357199653983
0.515135655150516
0.9777858005836606
0.5353929260163568
0.39417987928027287
0.4478539547708351
0.3440920348512009
0.12413605730398558
0.8142926901055034
0.30981869163224474
0.1603883409698028
0.5191908640554175
0.4478414174518548
0.34401939748204313
0.12423066151677631
0.8141747758199926
0.31026421749265864
0.16180881185573526
0.5173213769448921
0.450829463719856
0.3570237832318526
0.10719517586403526
0.856881279964
0.8558087967685424
0.8585074481670745
0.853356521576643
0.8489041476859711
0.859579540847335
0.8434517753776163
0.7663470697007142
0.9513097436283715
0.6050551487132907
0.34647671499988064
0.11804533199756406
0.8268995227699634
0.2911458139424212
0.12656257677008398
0.6229165046242997
0.31770814227638766
0.04687557343277149
0.9374984397145454
0.15625293742050417
0.5312459560809657
0.45313498860923573
0.3280957198876422
0.039119897555792704
0.8827281328849494
0.7384232533513568
0.14410658978158608
0.5730516596522648
0.7821499883721117
0.4049155223474372
0.45517561107408255
0.3221356204885524
0.03645758159109391
0.8906272756867111
0.703118774050381
0.2265742351883091
0.6640464498486836
0.5195708378741983
0.9412898752198089
0.11937051537097432
0.8219269892433658
0.7867037114338018
0.8923398179467767
0.7006758045754395
0.23073220561491325
0.6710846377827693
0.5095173231384251
0.9742532690579537
0.04843174808775075
0.9354239235399291
0.6614396992954426
0.0156835435773246
0.9530377222399693
0.10170296917203814
0.851145865948638
0.3640476393629797
0.08095820157905109
0.7585075291572139
0.9748219299945049
0.5544001913513057
0.426460413436871
0.42404897857340984
0.4313247303070966
0.41948220133781433
0.3886037468619179
0.48161163929034956
0.2934679089812562
0.13913293203222565
0.6047929075139109
0.8468428035557736
0.3706091702042613
0.07323669584002346
0.7817474803596269
0.40475994371809065
0.4563463322992902
0.32342282091849484
0.03470268612727523
0.901263674692018
0.21161967609077692
0.7170134158513974
0.706722176168114
0.19779410067712888
0.7191177078930195
0.6870096224010922
0.032475874526426196
0.9025730481080245
0.21060124272480607
0.6919721592857968
0.7365841560531408
0.14964230469195172
0.5904932140547317
0.771489126724191
0.9452996659674682
0.6133044983725995
0.3320002490072511
0.009843124629696831
0.9704706467164215
0.06004300812492147
0.9104390412394423
0.1436829184240196
0.5738442601868883
0.2840166595415212
0.14917080829036422
0.5927721749758348
0.26806836150353774
0.19579499526298605
0.725842635234585
0.6769833600264974
0.04752969206310809
0.9355576124216896
0.16012880636844784
0.525447534484556
0.9628091396880336
0.5909427825827152
0.2701410168665461
0.18975971612962894
0.7432215592416469
0.6376105603121687
0.6080528422317002
0.8535784074629191
0.3455174002156127
0.12247108935844153
0.8167911849159282
0.3002420422853902
0.18295323065831326
0.5421133831550833
0.8787248160806485
0.7444434098433703
0.13394571741810068
0.598162869544467
0.8617664876510389
0.8372521689161658
0.7774586248560809
0.9607690098346211
0.5666895329486579
0.29993142088642344
0.18321488294168375
0.5418321195465978
0.8757624915451743
0.7489785717334598
0.12751634180312976
0.6174719746632036
0.8272715947241522
0.7906461746897548
0.8806823244667612
0.735648259811569
0.15251716878265142
0.5854962039447855
0.7548181535676122
0.9869763673632406
0.5234572128974833
0.4686908817384392
0.32824131959932856
0.015454348787898198
0.9768494721502066
0.5382219775929116
0.3960972466156818
0.4393022542644758
0.3724340744083747
0.0664714961021673
0.8005861083802301
0.43206356759765185
0.41544654546305537
0.37927552589098923
0.4877888788760174
0.2766215488081798
0.2140810074924957
0.7145382867020089
0.7134101122210268
0.7113324958190788
0.7182193202024791
0.7044171101006214
0.699249981000321
0.7342816627642605
0.6642643158847932
0.5075176446989644
0.9889839048555586
0.017760173563146964
0.9468104359693825
0.5995104149333201
0.36056486825691536
0.09053087516804226
0.7716813049046323
0.9450485801207833
0.6139251903514378
0.33010452770395204
0.009729897341458127
0.9737171099113766
0.04763741561328061
0.9364789555547759
0.6587639871868305
0.023727279796730727
0.9679034782748204
0.07968817243818194
0.7635401213483419
0.48176705121295527
0.2929802676953841
0.1406095417914912
0.6016010094608646
0.8514475679257885
0.8635151666239835
0.8316804950591177
0.760329911892768
0.969032974273432
0.5616514049470425
0.40782884502550587
0.40413369619636796
0.4582545197044965
0.31273674438125454
0.06214869869290851
0.9068380341341253
0.15463863575132564
0.5811682574276347
0.7615564157313202
0.4709486539068166
0.30590469390153885
0.168585814506514
0.5137843080156017
0.980302039446542
0.033459419530117884
0.8996411650441587
0.7154956813319586
0.2089871029020287
0.6953056722704787
0.7382953380292747
0.6445111694338266
0.5722967293404508
0.7831099852046464
0.40352154165157117
0.4577140691690147
0.3146686805121135
0.056329690414713696
0.9194765969878063
0.6385619821376167
0.10667319159256294
0.856119724950986
0.35742222881526686
0.10546786535996944
0.8457048252166715
0.3691381493699737
0.0751995642494876
0.7939332128735259
0.8891859646537341
0.7289694852661341
0.15755668183555827
0.5273681456164923
0.960904844396282
0.5664877658709884
0.30053739802679047
0.1821281175070908
0.5402846903016325
0.8791484002140351
0.7379199478309602
0.15098626067629084
0.5862715752737131
0.7802917271037586
0.9550281083211303
0.575289657281246
0.2938162545324303
0.13947874007862993
0.6042899255407974
0.3446065398748033
0.1237731633882504
0.8145883601682726
0.30625670080189593
0.16978113574441522
0.513045722123934
0.9805692846421152
0.5467265985789709
0.38316676922841
0.47567299540969543
0.3025161192344967
0.1733051068149507
0.5589244793809485
0.9131096722558141
0.6464526475756429
0.06355492636794224
0.8093352413561661
0.4130611132422928
0.39701944263651967
0.4437836766883265
0.3666140057903249
0.08339506865013391
0.7504346823261585
0.4993786200066097
0.2510561077215243
0.2468370458809659
0.6318087225954514
0.6157792449230328
0.3343916214653291
0.007205923815490678
0.9897404325893149
0.5158784952363931
0.4523672231589444
0.35319556764443405
0.09918159327935427
0.861237882374553
0.3409691472770646
0.02010326980962418
0.9397014806454536
0.11839617538498715
0.8248553090088535
0.29500894239754416
0.13650048535782844
0.5961566936166491
0.8684948578593321
0.8242424305062741
0.796843298652675
0.8828916312777437
0.7263265161309391
0.17624514474300668
0.5501016878697556
0.932790206396021
0.6675266600796022
0.002868091454729438
0.9928296967118513
0.013699006522074342
0.980429991352139
0.033269026898778975
0.9001930706144776
0.21624647249700502
0.707430687994929
0.6908195206488017
0.7455739411816467
0.6360651207214687
0.5966876229795162
0.8710699435614515
0.3223170264682267
0.03312796738464385
0.903500306973001
0.20755591505439952
0.6898418299679179
0.7435958673304413
0.6370725209417287
0.6084829047613312
0.8533003701886628
0.3490783163870219
0.10969120590016246
0.8428066326014232
0.2674798150546849
0.20040763026918285
0.7311574139457662
0.670114358101273
0.5114490990818013
0.9713594898639712
0.05474818070069887
0.9217840390047058
0.632963489217218
0.10115340660559013
0.8640250219323207
0.33102628207416274
0.008355820667929947
0.975019180768868
0.054090229619760066
0.9272286494087894
0.17216271176584996
0.5616586203686893
0.40781939117005095
0.40415727961226366
0.45835668066865765
0.3126042420917656
0.06235901717445813
0.9066004891355988
0.1553735535708256
0.5799317665223498
0.7630523731058929
0.48055215427302755
0.2966359332203865
0.13328555968473665
0.6008604951493908
0.8644563592097256
0.3288114016468171
0.013893732335418463
0.9801388736523222
0.03371416125446558
0.8988688857934903
0.21812727162614465
0.7041892469569575
0.6999760784674436
0.23336203879443929
0.666592837049393
0.5002634507836774
0.49921000335598364
0.25170385351520963
0.24768859974574298
0.6304693582642358
0.6111964193405584
0.3411418866016902
0.019543398899259046
0.9413892206503078
0.6191821775282733
0.32214621285675094
0.03637018028530292
0.891249362990493
0.20127318988670595
0.7303177359281108
0.1585670385393314
0.5244806005794089
0.9656233211280778
0.584896439278964
0.25650699227117
0.24025515976245515
0.6483777875837404
0.566524966765428
0.8006050973490346
0.43193543507368304
0.41520749137271196
0.37945398371084593
0.486727735347813
0.2748069233202841
0.21529590137652121
0.7102907461521681
0.6924107187078334
0.2353098241146654
0.6548496861651074
0.5803780623245984
0.2589497465523891
0.22315146095934324
0.674306107830489
0.5559241581067909
0.9181653586274479
0.1403613320144359
0.6022061984986067
0.34963281819364056
0.11715532289235853
0.8321106153016444
0.2536732529406436
0.24460080641438253
0.6340869850246236
0.09782356972573325
0.8628018812451046
0.33884060161653906
0.02397519871010445
0.9672186838870402
0.08146017539547756
0.7611127235286403
0.47215499347657897
0.30788559664506465
0.167202325159451
0.5036231259291526
0.9948175598983653
0.5080426186323166
0.47622317069908604
0.3013530076423194
0.17407694444409572
0.5558955225569662
0.9186021825880744
0.6387631685938686
0.10524049907689914
0.846143737755483
0.3685111543745734
0.07431230859947391
0.7967470636358485
0.8831304166815244
0.7256279879366048
0.17762734089046717
0.5480732442520093
0.9342416361905634
0.6621295012882911
0.023377270728815347
0.9415272437327076
0.113100834103534
0.8381889351876453
0.7745808843174018
0.9653422187548131
0.5844421767978929
0.25714100018376485
0.23941062975791283
0.6411434627370909
0.0766149215050973
0.7923109995026607
0.37797087189392187
0.4959750514244661
0.2600048961758148
0.22034520961460657
0.6851560800569132
0.03697937313700095
0.8919263284478802
0.19922101582051255
0.7343687998363748
0.1640741844312288
0.5077965201635379
0.9883209591789637
0.01941452585742809
0.947496279492043
0.5953649072325788
0.3726387958158739
0.06811891778488643
0.7983344456879422
0.9338464980828576
0.6633042932371609
0.021166411868762225
0.93901850815746
0.1229698077077046
0.81751417889609
0.29746020381571725
0.18589936316129752
0.5342691802652553
0.4021198968985118
0.4633180543605704
0.3372800227953121
0.027405404223827645
0.9607525748724584
0.06680657298420556
0.800196121330373
0.9330686039174907
0.6673241836833768
0.0029524003039114177
0.9960368226456922
0.009875454124994576
0.970546252647182
0.059840191912371665
0.9103627379809041
0.1442551099753473
0.57295546552632
0.28144370584050193
0.15597899982822128
0.5787909071659669
0.2637112023658119
0.23035111589706503
0.6584339990222361
0.5250489970785566
0.4663977271411568
0.3337596293713432
0.0014066963049117476
0.9964561071246862
0.5069065763964318
0.49002246937016025
0.2669958358455915
0.19966548157390207
0.7337068705528509
0.6650956908706576
0.004802215087693185
0.9869416018191259
0.023555005551315844
0.9685780630388763
0.07840225083054975
0.7647935899731237
0.4781186125765089
0.2868811874650419
0.14204231460462324
0.5745654264756013
0.7959928036725614
0.3846365051867906
0.4739516768604517
0.29691609923611395
0.18738162241061218
0.531488721142523
0.40589241933776066
0.45370953550445847
0.3265253749268595
0.042076118756085634
0.8786926031752955
0.24458318133838475
0.6341094274248462
0.597694561467506
0.36316639004508033
0.08812418932211585
0.775042200810276
0.966377341595944
0.5837781692971475
0.25136228557676077
0.2465241606987547
0.632197425729828
0.6143302292621229
0.8288900020124856
0.26455070640076883
0.2292155696777627
0.65645324086654
0.5309456173563376
0.4538562396191992
0.3262967767950613
0.042595445294864476
0.8777603223861661
0.24296131526352838
0.6395296652626712
0.604243576672161
0.8438826198980678
0.37460699761868455
0.06334891787264496
0.8113494683930185
0.4089715572190471
0.39930865660426207
0.4674799890490249
0.3303062315972056
0.00943902213475667
0.9741267253120895
0.04881401621969417
0.9345976792101283
0.16109297322691418
0.5181347640464082
0.445606758876238
0.35075610110652633
0.11480085959192365
0.8299984219192993
0.2628321007359773
0.23105756493168883
0.6702617440896574
0.5108523317903746
0.9724991399853025
0.0569107303454075
0.9152485629310831
0.629602954199072
0.11153453524457291
0.837615401513176
0.27900829623104073
0.20869108161423355
0.6891930756100919
0.7477198166889139
0.130375791573897
0.6113154173071962
0.8408432562137023
0.7704772153520025
0.9400178196374327
0.6174465410294943
0.3273704663733952
0.040686426422325894
0.8803929441201035
0.23627342426334508
0.6534329185960814
0.08284739888040349
0.7526897310453933
0.4931521249236539
0.26418618447496556
0.2289687421580311
0.6575580768694635
0.5273693341878243
0.4609001080971211
0.3164967307529878
0.050554989400552586
0.9320756219094619
0.6653820215142332
0.004017662547994405
0.9881160697259475
0.02564323871047236
0.9621340978192165
0.590505764412228
0.2715373618993908
0.1952408880169969
0.738451625831658
0.6440964588255156
0.5731656778662
0.7818684274388943
0.4043954176886473
0.4568987007951364
0.3225869978487026
0.032240429223747924
0.9032996931346133
0.7095045927562751
0.19375255214981735
0.7416603201709222
0.6458184407092631
0.0625474028638564
0.8124367681739386
0.4064080454991199
0.4057785754848737
0.4540534563129768
0.32676497983629815
0.041363839322002605
0.8760801433818415
0.746931399742607
0.13169386493973434
0.6160621279559564
0.8348332331515849
0.7566621475270949
0.9910025087301619
0.5223544575273991
0.4440451748087071
0.36545738027780317
0.08560683749965392
0.7544099961814936
0.4867703505442478
0.27475804442656226
0.21494125796016306
0.7108074514835607
0.6917310694698244
0.23730694054393098
0.6523371596995275
0.5879028091439977
0.27537437534192577
0.21586093286168762
0.7078859958564863
0.19018478639191017
0.7423112181422766
0.6402565576718189
0.10236122063361108
0.8503894307359587
0.36614713189192116
0.084629889781354
0.7558773231285159
0.49213485841755755
0.269629406160675
0.1912752925127279
0.7444668228563387
0.6337965868005995
0.5986215859011281
0.8618351574114058
0.3363747756520752
0.03060955973342061
0.9542230204388034
0.07501326058991253
0.7957123249943834
0.38565718720201403
0.46938211712404154
0.31061437758035026
0.1599644712114241
0.5258090066199657
0.962331963062752
0.5902631096541882
0.2728773801936768
0.1927967146912124
0.7347965015505906
0.6556826125015505
0.07948009949177504
0.7621905170090031
0.4836826715618372
0.2901629227853846
0.129513976193266
0.6116377160651609
0.3369618530268781
0.02825339903938584
0.9596379098074976
0.06837101330165751
0.8046719565754756
0.9258200930780731
0.6756650538300164
0.05687668453902006
0.915669407666428
0.13043459691107273
0.611137652740581
0.8412315519526601
0.7699067191570066
0.9408928775810637
0.6204087662044913
0.32342304213671014
0.03470382999512367
0.9012621395813767
0.21162162863765843
0.7170220295665786
0.20671059674350545
0.6977619535464328
0.7192147952737287
0.18681818578625098
0.5323951791797299
0.9028920316195581
0.20938361310982145
0.6947251465171576
0.2397154196514748
0.6409456768014934
0.5771629696828313
0.290994310984388
0.1299186583783012
0.6102464465948287
0.8424810972355772
0.26780349752516486
0.1969442853005603
0.7241305593342986
0.6738025497761555
0.05961660365574062
0.91107023411314
0.14322232315316796
0.5703385085507762
0.789027399616316
0.8946187395486049
0.6911875164951198
0.24459083209512755
0.6341245581570547
0.5976718688616529
0.36323498940328136
0.08799101391923614
0.7752420682227239
0.9661747584468685
0.5821175773744471
0.2536854147911072
0.24459779259632342
0.6341105103783775
0.5976684688648675
0.8632649482751731
0.33793130473350175
0.025268630008213222
0.966064228414325
0.08264205802697688
0.7520745113433804
0.4939586201799102
0.2629972298454959
0.23062729847151786
0.6714088912995066
0.5087333925184794
0.47520601633004844
0.30306798496167175
0.17873125572805293
0.552673502243124
0.42297316662734374
0.4343881340173539
0.4129014565551188
0.3973716905748006
0.4439939282310661
0.36532258344232105
0.08571554426453076
0.7543384869059082
0.487656275567133
0.27645683361333795
0.21461868181359023
0.7133274103689473
0.7122516558738425
0.21496297378325835
0.710759141278686
0.6916985874122474
0.7374805423023645
0.6519007142924238
0.5887540503463242
0.774143297370756
0.46696830124710687
0.33159875392448157
0.010659464373020455
0.9693643806094769
0.060657195310341194
0.9099984661443159
0.6506580586428754
0.08712714182911441
0.7780317512515467
0.45917929022107273
0.32005259962170385
0.051430992636596784
0.9238321076554712
0.1816287516267039
0.5439709981728811
0.8876578010676894
0.23299980294541456
0.6662788357352838
0.0011692116386257112
0.9967975517211016
0.006039634405169636
0.9917344597924966
0.02040348239825107
0.9401324758073315
0.6174079081392847
0.3278101238538511
0.03959776370902546
0.8812830242095515
0.7416149724158458
0.1458935893024318
0.5629295839171391
0.8118833113694564
0.9072991335415281
0.653121821815148
0.08484680874971673
0.7565679938707035
0.49040782975498587
0.27299617379321717
0.19231858648709022
0.7369747956690844
0.6484601498232223
0.09369325614534318
0.7657349114015233
0.45296788145788014
0.3518329870130401
0.10079443143331446
0.8649523910135031
0.8298025652184151
0.7633837946341373
0.9821292643900961
0.544659192149993
0.3883499291841872
0.48194444554974325
0.2948946839896962
0.13775184212136082
0.6063644528912846
0.8580357707396615
0.35363264931947924
0.09552782878745347
0.8723523585067596
0.31654799572424963
0.05035602211137302
0.9324282015440986
0.6649601470562629
0.006481405987869948
0.9903408346872311
0.02329312975052744
0.9417479826079216
0.1124181768973358
0.8396816188760567
0.2756357313191984
0.21215532592032105
0.7154603396484163
0.7090972678852268
0.19515180331654847
0.7385304013441782
0.6437837962293997
0.07388272375101224
0.7837682592507917
0.39869525950052775
0.46799774607643485
0.32974596132407896
0.01320908687193878
0.9823838890297338
0.5440364020760171
0.38746736402390525
0.48335126202437095
0.2916053809749428
0.1253370842896402
0.6241419929719996
0.8142767520621419
0.809865866729524
0.9103251868509687
0.6441007333341986
0.07315663172630593
0.7818824255082291
0.4043632164830342
0.45683461203589104
0.3226904029434081
0.03262747949338518
0.9027285092452075
0.21039901656331494
0.6927214640018065
0.7344931132683996
0.6560767791524995
0.578400688158581
0.7647979382018093
0.47811029528384097
0.28687147644814104
0.14208067531581037
0.5744852752250154
0.7960866048524622
0.3845063853368629
0.4742732074810192
0.2984170845884364
0.1853165758366231
0.5366005706600845
0.39090088283410296
0.4522973528073635
0.3531108781171497
0.09936978211044334
0.8608273974095937
0.34011134720640257
0.022673004335956648
0.9430723906261846
0.6110341983730905
0.3415244912612252
0.021172972134081647
0.9390071012603585
0.12293926396523602
0.8176055121002719
0.7975215438636951
0.9355631886865012
0.6601074768113904
0.025496344722341746
0.9627483810472768
0.09115683299023658
0.7696522023470607
0.4412258051452227
0.3694390121672768
0.0714557085884735
0.7856542083609384
0.39303738449234515
0.44659214428975247
0.347814013104653
0.1128086325188633
0.8388208680262323
0.27402631827862933
0.21713675072533078
0.7061648078961298
0.19906169053865597
0.7209731659095269
0.6808734178775921
0.043665853852871805
0.8888784253795166
0.23019242417649366
0.6588928665732965
0.02363169885938987
0.9684778352675494
0.07878907030681148
0.7637167123903055
0.48035619445727207
0.2834215530892834
0.15007104488904588
0.5913683774706442
0.7713949672470335
0.4386230721429456
0.37167131702881306
0.0686243225063663
0.8038952803763095
0.4274865966581274
0.4234691000310704
0.43517007885384373
0.41194411521428265
0.3918535388074815
0.4494397248781752
0.35905903673847206
0.10209870047401637
0.8500305476773065
0.3666206506313756
0.08338721803738736
0.7504704043676611
0.4993097659316845
0.2511135570530314
0.24668177857529372
0.631201046257047
0.6163246111245826
0.3338219891884364
0.0012223020021338016
0.996335553820245
0.5074519446934573
0.48887745867250487
0.267910491413204
0.19631049284362234
0.7235787436366081
0.174428149999585
0.5550084189453628
0.9209122432512231
0.6347458849195391
0.09866635798243806
0.8602557738486212
0.34249393141362816
0.017784714786102995
0.9469891785120126
0.0993230941821821
0.8610327830829192
0.341523321258137
0.021175888483412564
0.9390015197859611
0.12294703937368467
0.8175707394548226
0.2975930393731687
0.1856981652090326
0.5347462688514497
0.9011324362945743
0.7118886683601886
0.21733099612174556
0.7055051808420103
0.6966862032422796
0.2230524197802879
0.6752485109318513
0.557934273412684
0.9170372666849289
0.1287929521931801
0.6193587513407692
0.3219472723430954
0.0366759703902062
0.8924998073780444
0.2003300150972791
0.7310606336977798
0.6702710102836136
0.5108450618863571
0.9725058734475169
0.057000211818376556
0.9151124259224162
0.6296831820509396
0.11219221289502457
0.836641223198967
0.2794772655761335
0.20657785853836685
0.6981375274190214
0.7194302005809732
0.18576492764987051
0.5348377853806596
0.900934036471881
0.711347023549024
0.21815145038999617
0.7045741073961835
0.6995022312039509
0.23352455865824595
0.6656376177270431
0.5057016475184355
0.9856189157871995
0.027556441171327606
0.9606494357576594
0.5670901392004453
0.2990539961610921
0.1813190141983796
0.5444440365536138
0.3886419373448007
0.481504777650116
0.2938567117380444
0.1393088079057634
0.6036017592705321
0.8454828718677163
0.8725251526921056
0.8167330385767855
0.7998104302678257
0.933586067694705
0.6660348080913536
0.0018957421998493373
0.9971869119617622
0.004708511405624449
0.987095517659327
0.024309171189088374
0.9674777810287196
0.08029655754216947
0.7594460393302143
0.9741809153347276
0.5487386347376741
0.43471672222949564
0.41073412375408225
0.3928424023615662
0.44647295912727714
0.3483874927915167
0.11145303866942413
0.8375173032982275
0.7791274922783487
0.95829341764329
0.5626252011279576
0.31212916754884645
0.15705450411769561
0.5300624385999981
0.9559564567462076
0.07101297928602435
0.7873101095901802
0.8981411723070778
0.6921121685300022
0.23649949504761025
0.6499583625409286
0.5917130872840062
0.27063710760558024
0.18809966536355205
0.7483700638404116
0.1279380139312707
0.6210691177693661
0.8223185623646714
0.7831315740477294
0.9034905908047222
0.7075733473175205
0.18986455933190882
0.7435392245824914
0.6371807787800208
0.1086915084742941
0.852717556321295
0.34818602274754085
0.11169718718156219
0.8373952079273295
0.2776016714051366
0.21018539086799137
0.6930266456038225
0.735866407310823
0.6542609645111952
0.5830928053765092
0.7507599065138493
0.4989841481728945
0.25250904296990484
0.24248379419441335
0.6398220372211654
0.6030806565249804
0.8495370964810718
0.36052293042303063
0.09038804715964943
0.7718888745584991
0.4447093902272172
0.3647353800770361
0.07838721491862088
0.7648397475422826
0.47824702208163217
0.28679572165128775
0.14214118954259902
0.576096795120975
0.7941247865674086
0.887244927464053
0.7328077786951326
0.16742142901057377
0.5032899549987633
0.995191046182299
0.011516903090523556
0.9710837475722656
0.5561312077916227
0.4182484413613565
0.3897859668650199
0.47810334514360875
0.28690408283728175
0.14197364138090052
0.574699005112052
0.29616237425943837
0.13397501790313981
0.5983815377985593
0.8614639735897072
0.8375047156587243
0.7791472644894384
0.9583700360381044
0.5625708608422428
0.31228750123409554
0.15664344068500213
0.5307220683025662
0.9544138289347757
0.07426968766958453
0.7967990796314552
0.8829950807266869
0.7261060310993344
0.17666254489449784
0.5495222543540876
0.9298747727880254
0.6716185287223198
0.008449353044852614
0.9746955823793542
0.05446762149222195
0.926235552149592
0.17513186822179705
0.5576227033452597
0.9179548251559027
0.6269802739843726
0.1191018390818499
0.825261128222337
0.293747884046752
0.13958601540070958
0.6041587692452595
0.34377428953303024
0.12496596408891492
0.8125831220822874
0.3122611292928923
0.1567248929059133
0.5305453235923778
0.9543044727761298
0.5748929494875483
0.295158967084717
0.13636622644844465
0.5962935445422772
0.867526880960213
0.327265103260288
0.040841105044819415
0.8801622317114379
0.23451472801389173
0.6558308380481321
0.5788948900590185
0.7645465336099733
0.47918754993588664
0.28149252862203866
0.15588680337532423
0.5787310771120246
0.7639874900341965
0.9795232757460326
0.5350631353794597
0.40059193276101723
0.4625966830935795
0.3415245591895655
0.021172832319280133
0.9390068378706928
0.12293996737571433
0.8176042724226136
0.2975232181197498
0.18556661217007786
0.5350973364838865
0.9005066676181741
0.712720442796126
0.21610825060633942
0.7071658929053228
0.6910214821109548
0.244978308735881
0.6336474416602869
0.6004364494292531
0.8660843366815243
0.3347889198048506
0.006624814472161233
0.9911120603501331
0.022185375215485692
0.9435595723043662
0.11689490044955164
0.8327451055811252
0.2521194501896389
0.24366326912422664
0.6386445275275037
0.10650161112425849
0.8563651086005848
0.3580343403154984
0.10363169535412453
0.8455330746655818
0.37235808122204617
0.06654131787945516
0.8003975040046498
0.9324777966248803
0.664899134717416
0.006695000163745135
0.9910733306023758
0.022316636168397963
0.9441893078328576
0.11608088557841256
0.8347974878561217
0.25659402846940793
0.24120428366586566
0.6469849990389775
0.5688310735858977
0.30399545322870836
0.17688086567795835
0.5474824468547013
0.9358583212015219
0.6592314678709954
0.027274261170532554
0.9630638068483677
0.08744990668492392
0.7792332796670962
0.4581642708799336
0.31300727475900203
0.06098377853049897
0.9095169285719749
0.15148717659758404
0.5896656960539985
0.7756807207188103
0.46209672107943334
0.34036341262981296
0.021879867621464655
0.9447805420786608
0.11457226649508812
0.8281609130790457
0.7655196454725228
0.9767589190159924
0.5388003038242459
0.3951843240647577
0.43946736920042895
0.3691202721965965
0.07522585344850086
0.7938537270238157
0.3893586013582535
0.4787137571547646
0.28293656453024596
0.1539681169379037
0.5835163054580335
0.7518927972123493
0.4971906141436193
0.25470310694072396
0.23711662748246454
0.6493310181831475
0.5924135523964651
0.2676907544955611
0.19710527916322462
0.7238810817070771
0.6721067548787687
0.5621604757907335
0.9068241510831285
0.15456569372327067
0.5812656852649525
0.2614332480006851
0.2213765255000908
0.6799257631646469
0.04652145184809342
0.8834039776411373
0.2249600357899908
0.6788108251057565
0.05258764507016167
0.9232097390049603
0.1836746156332083
0.5388211149547715
0.8950125974661205
0.19068732918822207
0.7453418057411909
0.13638587662717327
0.596214840275934
0.8676436262321658
0.8274718795437366
0.7900501081603579
0.8798549209604971
0.736870760738384
0.14884806441841647
0.593149639404146
0.767060567275621
0.9495202769176103
0.6085582317318767
0.35304729401832446
0.0995508547348436
0.860466106882086
0.3406523259473033
0.022255276591749862
0.9442206473322585
0.6159571107127704
0.33412291179411113
0.00739689075271599
0.9890591898292769
0.018440872809151188
0.9460201555630192
0.5997848077095114
0.3667488808860071
0.08293513863463886
0.7526191564975306
0.9922270525130443
0.5155070281471126
0.4767944199847989
0.2887225483718794
0.1451062212290708
0.5647208318114281
0.30587598675629124
0.16865892717032693
0.5138651876186486
0.9801943081547506
0.5338741904124618
0.3984685148461722
0.4686569581681397
0.3283265799691435
0.015330380614614114
0.977268031652784
0.037287167098838836
0.8979887280438561
0.1922649656480644
0.737048557610251
0.1485857274965383
0.593348912690999
0.7663835775165353
0.4521135570539627
0.3540911035379395
0.09402028794283979
0.8742326528590638
0.31417417075135745
0.06026769755408168
0.9118301598064136
0.1422993470914662
0.5758920148655307
0.7946399555075914
0.8883967131259851
0.7321332056890242
0.16962830227566883
0.5134119989525061
0.9820947643602267
0.5444397931569256
0.38866281346417964
0.481467488425551
0.2938892800884787
0.1392675735987723
0.6038495008542668
0.8447455160785466
0.8720191132160835
0.8189402191783302
0.803097641270142
0.9287783128092997
0.6775417967583053
0.04827098752139136
0.9340099633845966
0.16350118594709784
0.5209306605102029
0.9379076788318343
0.6243927900213748
0.3139602059382014
0.058848961925832555
0.9133022806199733
0.1461723801039625
0.5640095396665856
0.3104351350921206
0.16134715426596813
0.5162954280676786
0.9512047842436004
0.10537002226919867
0.8459160813363269
0.8688518289127387
0.8258786748629063
0.7946609639911912
0.8883470357977785
0.7319369225297123
0.16991736664203927
0.5127059870574158
0.9814183578127995
0.5454660929390229
0.385170062771067
0.4701001657813322
0.3090710605320055
0.16334844299126416
0.520701637113234
0.9382053779554553
0.6232248072046787
0.3159563952940516
0.057501926756231114
0.9147850057634059
0.13099846805562265
0.616773001733236
0.3328057119506411
0.002822641021339223
0.9928975055518094
0.013831384509103373
0.9800007118610665
0.5341192969935946
0.39904599235160276
0.4671058009553235
0.33111015721806325
0.011636264156550169
0.9708309070847463
0.05626012617722154
0.9197663743689191
0.13796100695617497
0.6056579251016956
0.8591223513940349
0.8521936070756055
0.8496718218084425
0.8670008503249846
0.8324347970192321
0.7533164881169796
0.9955461248173378
0.5111059584305622
0.47174488357268274
0.3083983310207259
0.1664388415229041
0.5013832711847499
0.49646123457932845
0.25732040850562043
0.23950957029592246
0.640857719554333
0.5777778310002759
0.2896214309730567
0.13113571217400022
0.6163611122174188
0.3335764991934411
0.0017119964759331197
0.997554326109821
0.004160848940955475
0.9875188673613593
0.5270369063946418
0.4634125201846473
0.336330061982153
0.030726067401701584
0.9544299435801804
0.5742483161739074
0.2968311247532256
0.132885944127338
0.6013612597016618
0.36366132664261386
0.08152235273155384
0.7610182656499092
0.47182871590484865
0.3081886264262721
0.16675350556033663
0.5009628987463657
0.9985633474134374
0.0024012661597225815
0.9934703354956582
0.5117765307077207
0.48428943543694913
0.2892067036300432
0.13239067819085903
0.614061116357334
0.33099138882244006
0.008458731492282823
0.9746263673296198
0.5546391461393796
0.42588442499982193
0.4256434748240281
0.43198480911087245
0.4151370140898507
0.37975138999172486
0.48714422388002276
0.2741743521473836
0.21776014802162535
0.7055910158669576
0.19576780445640907
0.7259105530974921
0.676761124341283
0.04784708074294031
0.9360458203300368
0.15866426494903862
0.5247143546293955
0.9650046710157767
0.5854550847434439
0.25487478845752776
0.23683622406679206
0.6488675639557187
0.5931325680867303
0.7666762302687857
0.44999231133260764
0.35827980609610677
0.10424314296687953
0.8438805148762185
0.3746098011324648
0.06334578571841121
0.8113620979420375
0.4089420144446194
0.3994053885980975
0.46730681069311686
0.3305112823145464
0.009147379169007763
0.9727370094915386
0.05053905473323539
0.9321230713103432
0.16529583084047772
0.5041319342562929
0.48795897333184257
0.27589016387355514
0.2113975774263963
0.7180723431229126
0.7042660072911531
0.19972173421410844
0.7328885828319471
0.66727113223169
0.003070123551879078
0.995677210186841
0.010532070329645649
0.969629812403582
0.5612415628856979
0.40841619233833626
0.4001020221330691
0.46650361630599946
0.33372426984715275
0.0016262248682323843
0.9975630617700517
0.5058460588916205
0.48537625471362844
0.27828712461632676
0.20955346419941634
0.6936055819678586
0.7414488793583587
0.14613151509547606
0.564068794978084
0.8104066838568542
0.4114823366107885
0.39072655886411667
0.45297361907432787
0.3519251123361755
0.10065428155940026
0.8650403211067896
0.3295158777618781
0.01213967296644114
0.9838066774827894
0.04042033018777147
0.8793720209796447
0.23758643996552564
0.6515096392249689
0.08941657043760642
0.7761838932929095
0.4618229121551849
0.3424372074950952
0.017655760399065912
0.9470333154022228
0.09910531458444893
0.8596585506747942
0.34289936686400324
0.01720035876496695
0.9510137795878109
0.10671394231030717
0.8556800389487762
0.35909073185757734
0.1022350158309564
0.8498502145230304
0.3668273885268718
0.08263343592989258
0.752278685249621
0.4931641225994099
0.2626951321726665
0.23291054691071622
0.6665033356111962
0.5012220993230585
0.9963343995914329
0.007452989841112867
0.9888820281485096
0.5178996008471586
0.44630124024115503
0.3486165501817595
0.11185702800867148
0.8363040649564937
0.7807608317234553
0.9543474211823195
0.5744604346691631
0.2965130140655674
0.13341085452702828
0.5999406679766253
0.36623713705921546
0.08394938221317716
0.7510635041398928
0.9968524041469209
0.5068006424116902
0.49080707848770544
0.271757547481684
0.19453750751563348
0.7399397729896009
0.1423070709570311
0.5758614140504505
0.7944729931768961
0.8885536778252572
0.731677922361996
0.16860403917962685
0.5137573166575748
0.9802529990265612
0.0336508262262214
0.8997195687843487
0.7149039438809268
0.2108476890134625
0.6915562560025137
0.7378731990465894
0.15112649655202404
0.586909130011918
0.7797935385315213
0.4555424520804081
0.3215854068985209
0.03532995327259414
0.8940959715109784
0.19817046183743514
0.7194088739342988
0.18560098338639364
0.5350781915185507
0.9005237483070232
0.7124965412076563
0.2166680734953843
0.7083269239810761
0.6875403775484301
0.24987890920601785
0.6252412446483504
0.6246400710660964
0.3131010794895701
0.06087418619426899
0.9091851158591453
0.152330147131579
0.5879189016995952
0.27535018062917516
0.2158830358821433
0.7078222652489785
0.6903423010662664
0.742816043930361
0.6387441578845028
0.6052574036002625
0.8460936382471118
0.368618290318409
0.07454598264303058
0.7959037976979744
0.38475210522301495
0.4736607402737718
0.29780974579625763
0.18609961355105042
0.5335033167793881
0.8995752029586583
0.7153383057448082
0.2094633697415702
0.6946022344927769
0.7394463230157271
0.1413435959839262
0.5763225483533461
0.7925615451822523
0.3776864796236623
0.4931626672623679
0.26416243726271205
0.22899765954934992
0.6574824880808592
0.02757177868625149
0.9606111963221338
0.06689965148689225
0.7993012194347102
0.43093852340825833
0.41816748632118106
0.39033458472113125
0.4772732616693247
0.2872659176355228
0.14796788195963018
0.5673320789646823
0.7994088382984046
0.43005245880340226
0.42096141062211245
0.38457670688512735
0.4740421345049981
0.29725331952795386
0.18699476678739302
0.5325123528309632
0.9024682612216566
0.21056405329727568
0.6922143902629614
0.23710007214685902
0.6492961534240749
0.59251697716536
0.26772666932083666
0.19686362260836177
0.7243893711420242
0.6733056661032606
0.5589213593921158
0.9130906501377467
0.14647160799358971
0.5634997737361118
0.30953886423958465
0.1626758260827046
0.5217409913020674
0.9445617297024
0.1149129573313985
0.8295999163528904
0.7636417461908422
0.9815057779778726
0.543855152092874
0.38930923299631104
0.478598640387645
0.2829646438767668
0.15379444402060471
0.5823025916179176
0.7531341973808594
0.9957955989520997
0.5104876374243759
0.4688880504691042
0.3120870499697048
0.1570229745702818
0.5301517896295991
0.9558099376154132
0.5704356108326465
0.28869320842204615
0.1453313266101759
0.5652376363577787
0.8055937961034942
0.42058471581549384
0.3848170229466632
0.47062796688987873
0.30975031372508965
0.160680898319697
0.5179668430646416
0.9467209491995163
0.598009905545041
0.3623893325566314
0.08962916451855563
0.7758355348778423
0.46222729148576036
0.33988129140925594
0.02333553263451904
0.9415900823369157
0.11303614010103047
0.8385033991362434
0.2735523028532043
0.21858166353194974
0.7034085037594195
0.7022745286230929
0.22813769057393074
0.6619517244107556
0.5168688241392374
0.44943202467402443
0.35908565399586223
0.10224758167169057
0.8498335767944809
0.36685540043981746
0.08254475219291635
0.7524045471800491
0.9934960516984574
0.511741480033379
0.484318025119137
0.289172400458483
0.13265575669356622
0.613550731446594
0.331260954902973
0.011443273251643404
0.9713912725856062
0.05488376208813861
0.9216131072316784
0.13346526111126877
0.5996239768574014
0.3671657164231874
0.08206608312320895
0.7538017904153094
0.9943326305947267
0.5094947845791467
0.47429275047034025
0.2983951680071186
0.18546483109821565
0.536259705084376
0.3912209693226032
0.45150626890244894
0.3545094562286977
0.09760461328551173
0.8692372766963672
0.32212840812280774
0.036468340520514175
0.8906405375164468
0.20307839210727252
0.7266632276587188
0.16391546552767977
0.5198834245966282
0.9405175729771145
0.6208720980212092
0.32269741216441616
0.03258034781902097
0.9024282040481921
0.210722369432915
0.6918519847386051
0.737620815547416
0.6514008419180755
0.5897475551173557
0.7756000653898809
0.4626110369863454
0.34151531010866165
0.021208740741712973
0.9391656406514812
0.12274973458261229
0.8180918042780831
0.7985128551372327
0.935104733100161
0.6620478494442068
0.0167553688515909
0.9497339343943167
0.10787171675474383
0.8548018793808296
0.8467275170260109
0.8710265962872654
0.8224313326063566
0.7827277087490074
0.904278056405019
0.7080528267542832
0.1883637734572403
0.7487541862938087
0.6271224148804322
0.11871145438635722
0.8260851332743187
0.2940834885521326
0.13728211482521147
0.6077062333642971
0.8546156969387084
0.8472881058114581
0.8699388985405676
0.821091587364208
0.7880236284690909
0.8971271586488001
0.6933841599966399
0.2421541383373551
0.644612261763541
0.5661645882064477
0.30712162103736773
0.1652975955803413
0.50412919127848
0.4879507426521741
0.2758945220557507
0.21137911183177494
0.7181184858491179
0.7041982773807831
0.20005836221389472
0.7332453196577262
0.6667646081186831
0.0009270519367419183
0.9986417361942586
0.0022969144047237933
0.9932625450019259
0.012562944466480985
0.9832312861690298
0.5417615473852493
0.3759570417460054
0.4985684905841481
0.2523427747946698
0.24362019554246217
0.6370421690808143
0.6084095112164505
0.35348781291395426
0.09868696049670689
0.8602742762595881
0.3424173057137523
0.01766996772494167
0.9471427700191271
0.09893946372903883
0.8594340674753767
0.34366336616221815
0.015762833500048146
0.9527115429227706
0.10233622911619022
0.8504667841189075
0.3659629001340363
0.08411612000782043
0.7574172649474349
0.489133651193697
0.26837674601119943
0.19609106227289885
0.7255244168627542
0.6783764568390325
0.05276126373792067
0.9296491041604895
0.1758467135077808
0.5505848607281223
0.43206194607773796
0.4154485685576219
0.37928432633634657
0.48777710224385373
0.2766505137842614
0.21399381302762777
0.7144651073904242
0.7137075316277333
0.211698793573305
0.717730729811592
0.7056386047042906
0.19558972906088457
0.7257311114517506
0.6773373382748105
0.048599765403196216
0.9350113263062667
0.16050282353535295
0.5186494816734921
0.9490923576522619
0.5960191052290611
0.3681974529172294
0.07509992850827985
0.7956180979090277
0.3849734091490973
0.47042583709117025
0.31026138315792195
0.16180620461818762
0.5173281171591952
0.4508184078731574
0.35703667512279935
0.10728433064650744
0.856789081095485
0.3555672933580354
0.10924244820489548
0.8518838638847228
0.35059981170343235
0.11521380770136602
0.8291334285167977
0.7626003214973025
0.9831156168947928
0.5412038515205495
0.37669379281578586
0.4977109802130144
0.2554477645608131
0.23609870858490467
0.653787011251552
0.5823097946122289
0.2530706347315572
0.24567641186877154
0.6355299747956451
0.5946314642787911
0.3737403422128409
0.0646415566734504
0.8063829005986918
0.41958378851995803
0.3882639625808224
0.4821807793050539
0.29442952599492855
0.13697305240202695
0.6086121365369763
0.853210223664064
0.8491520707029849
0.861235898162704
0.8410197642515413
0.7702146551455371
0.9396804330754094
0.6188155335257761
0.32568724890006706
0.044916393439052626
0.8877041280793492
0.23141921826754697
0.6704579422948882
0.010187012318056077
0.9701360284525435
0.058971507591195405
0.9135588217468467
0.14579043054254726
0.5626288585190196
0.8121240873879287
0.4070599476399366
0.4050408601760864
0.456039071053965
0.32083970311214216
0.037482082727365196
0.897940546477912
0.1926485594594851
0.7345639025734272
0.655998004891444
0.07875488232821226
0.7637360430962872
0.48028101958334446
0.28361090456019156
0.1497829230793286
0.5903253153664991
0.2727189685101621
0.19260626306640916
0.7350169864075724
0.6543240626633633
0.581991648679832
0.7598336258961353
0.47050969806150533
0.30998282169457525
0.1605820054828655
0.5189546656620223
0.9486345314944629
0.09713312194799073
0.8704484150512144
0.823267983912956
0.785121850844007
0.9004766193102114
0.7126708111609332
0.21627614478347823
0.7073565048340242
0.6904305709758773
0.24609248532215133
0.6347675861616153
0.5956973260326777
0.8720828410296235
0.31736431960598566
0.04936061182525009
0.9300642949237954
0.17135988478548825
0.5090888396080118
0.9728174466872588
0.5502977022551931
0.4326043950859457
0.4145739369268995
0.38131638025515713
0.4915329939685762
0.2705209087289404
0.18845908067305572
0.7485785604221746
0.12733267125440761
0.6186342632572632
0.8245056882733479
0.7960345722385682
0.8843785577919334
0.7244583232677542
0.17321571364300326
0.5586598133959342
0.9138643200567458
0.14495824385085143
0.5658270386047661
0.30801208916818723
0.16743827550089918
0.5032448667043354
0.9951489128288813
0.5116235751193017
0.4709088606177829
0.30633989031775855
0.16966441119438969
0.5133304177725222
0.9820223560673185
0.5446975550148636
0.388125323865097
0.48082801394048147
0.2959730235452298
0.1345631550066173
0.599001635768218
0.8598557882942259
0.8430324275395833
0.7668235668097623
0.9498661952093244
0.6074435123591684
0.35541367396945134
0.09581721041467972
0.8689771826611832
0.8254416701965965
0.7932062579784542
0.890271078038495
0.7271563743124716
0.1624547789688222
0.5225539582024794
0.9432352852309123
0.6106617344194092
0.33989013941027224
0.023374625685391948
0.9415624483081046
0.11281813870300539
0.838830420630984
0.7740138519438915
0.96706305508269
0.5812433643150143
0.2614605610142462
0.22134036823990755
0.6797711552644614
0.5466353292868007
0.8832874604559038
0.2258547829987947
0.6769687701016665
0.04756612511118874
0.9357321011775639
0.15990607516141608
0.5260139096353669
0.9610423174744938
0.09360995204770006
0.7659727018326521
0.9522535986616276
0.6033737157122232
0.34897205396555364
0.10949200156028382
0.8435745577153284
0.26590718622901477
0.20228977082297206
0.728091928147478
0.6619211961515248
0.01700596365844831
0.9495924816874322
0.10887548612663522
0.8528019746590871
0.3478494085429702
0.11300695070531219
0.838561531592859
0.2734692164231092
0.21865486094611697
0.7033306515368167
0.7028241884254385
0.7272818497440312
0.662255408387864
0.5230375468090642
0.9421599636843894
0.11225037011899985
0.8365382072515786
0.7796184853068553
0.9560667679761536
0.5742015866562724
0.2832450828864239
0.15027047143667005
0.5910587029939052
0.7701540564303286
0.9395569898188114
0.6190020031644963
0.32554061157861724
0.043062003125669435
0.8905004536500201
0.7268719267449342
0.16313487599836662
0.5214186264493037
0.9386405161640141
0.12158405981608666
0.8188415705226362
0.8039682637318037
0.9269841136992909
0.6725274443160743
0.06056176027050242
0.9101341763453092
0.1504276695777662
0.587790369085269
0.7785099166503642
0.45775490734376945
0.31459704460576177
0.05621971419895999
0.9197293010365684
0.1381147244537715
0.605884927790612
0.3588137132464908
0.10296186860068701
0.848063586599892
0.3626745371730067
0.08935004079830833
0.7766200698679313
0.964085103420075
0.5895256961812265
0.2759335106238723
0.2113459016836714
0.7181545654602814
0.7045675040280912
0.6994994121196214
0.7335425708733965
0.665593715297291
0.5056627962330822
0.9857762498140801
0.02774434015736915
0.9603461561491713
0.5678197559318505
0.29721213813172653
0.1866435790725518
0.533024822245352
0.40361108136130497
0.4572131114255171
0.315950609423453
0.05751960398629308
0.9147620671137702
0.13106339541263878
0.616883438284276
0.8327603485668078
0.7520813723676838
0.9937661050353199
0.5135089374962263
0.4816899948637001
0.29321126799914055
0.14026182671659626
0.6021685949526727
0.3499249386950396
0.11624212292372249
0.8338911354949232
0.2511784274247475
0.24677516033989377
0.6310734458966181
0.11688166734529659
0.8325511535804253
0.25234653952065855
0.2436127342225518
0.6370309198682662
0.6084489834611304
0.3534402810037136
0.09881449487875216
0.859896171867149
0.34218718475312926
0.01900882471818477
0.9485699847282376
0.09668415581109002
0.87108043328044
0.32229031636961736
0.033169939648360014
0.9034011149487924
0.20776573428884149
0.6904235095425975
0.7426890798378736
0.1391421455773525
0.6047790802258532
0.8468158376635984
0.8707074928679504
0.8230901088099927
0.7821029656915925
0.9050936387502588
0.7058671286795288
0.19620800873963162
0.7252235158521216
0.6778507699491456
0.05451386567438021
0.9260608384211082
0.17494250592426397
0.5581803139066324
0.4167893374687992
0.3758574811217841
0.4987750985601451
0.25208555519930087
0.24374469587928616
0.6385486359649803
0.6067533165332861
0.3555227133911103
0.10929704361478798
0.8516952903300989
0.3511692494212184
0.11413056345190853
0.8308794996410143
0.2585822793189436
0.22548443006235175
0.6784075812029187
0.5529758013144601
0.9293256606033538
0.17637848961749114
0.5491573777981102
0.4306913674226962
0.41890536932623945
0.3892286616319325
0.47880959589383565
0.2823975075443741
0.1528888967295643
0.5843912296404596
0.7572024602559395
0.9897451798897237
0.5158709296374582
0.4523899541818537
0.353153826930793
0.09922992542851716
0.8611696479783859
0.3410923912306316
0.019733558438019827
0.9411045050946996
0.619868153880816
0.32044298358960077
0.0386722439143341
0.895377056353027
0.19026823111926205
0.7429258654592559
0.13964049256173894
0.6040234684187453
0.84417961363215
0.8743832517066039
0.8135491635184735
0.8093715840368532
0.9129722850047983
0.6471927559468895
0.06853377929655835
0.804251429362921
0.42668736551422626
0.4244915168674197
0.4297378853370901
0.4218013313075062
0.382988923083758
0.47611857843003236
0.30164573606452905
0.17453125197789632
0.5548669387062546
0.9214244660106488
0.633686789078638
0.10028359940042719
0.8654714139120188
0.3355850487132557
0.004496983281569555
0.9866670871851966
0.5245317678782158
0.46564811159623787
0.3347505686979275
0.006739996053511277
0.990931932348758
0.5216935746720992
0.4450331566040404
0.3639791272871662
0.08028646546881646
0.7594845930289011
0.4743309501791373
0.2985457727627363
0.1852456706983503
0.5368533200526144
0.8922376537811942
0.7007680099923164
0.2322067731874995
0.6693910208705347
0.5120345136383548
0.4834326264099218
0.2909187001932878
0.1300898384070024
0.6100738080858719
0.8420019105542451
0.7692322835209779
0.9479889606009237
0.59389429789735
0.37457767891464755
0.06327868226799183
0.8114609612675849
0.4088471103750635
0.3984634372172877
0.46871540436404757
0.32821147204958834
0.015403805300593376
0.9770201779610943
0.03840651549398899
0.8955226782418322
0.18845441658049822
0.7485723094723653
0.6273408555425704
0.11859732161974534
0.824576541170245
0.29597998509416357
0.13452336637419648
0.5991182801080868
0.35962384258164093
0.09300486577558331
0.7672348131018225
0.4507751190394629
0.35719304566737264
0.10688774238224141
0.8558122006070334
0.35849723606952466
0.1033829334191978
0.8489559543959331
0.35938336746767163
0.09372612691367976
0.7656770528119523
0.4530546769092325
0.35173723427578807
0.10112541445414536
0.8641829868138302
0.3307474911271129
0.007848016335628927
0.9764563045173418
0.05097776674665511
0.9255178563471418
0.18228379043284804
0.5390867270471063
0.8827786052715965
0.7383645188529044
0.1442919338005595
0.5727395189169329
0.782499928609468
0.9025440831319429
0.7106416763272136
0.19211332261329517
0.7364963408035692
0.6499628862948157
0.091706553241238
0.7706567099958193
0.43807183229364455
0.37329563425737433
0.06566120838397183
0.8082513338886201
0.9165941308601759
0.6252616467536427
0.12421522731892765
0.8141831000975799
0.3102291622199118
0.16167530461098067
0.5175007575016934
0.9503276954928879
0.1060493556142319
0.8577870487933978
0.8545557478792034
0.8474655796890147
0.869552418589592
0.821663320006337
0.7856210768804885
0.8938497600611299
0.6984104667208157
0.2222283625160344
0.6825266266532708
0.5397003934776876
0.8809420938196126
0.2419492230110336
0.6450115143088624
0.0656936319428496
0.8078031090262812
0.4177175542572513
0.3775771615037229
0.49228965476504527
0.2654760669392999
0.22692323019145988
0.6631557902728673
0.5212751723011024
0.43886002991348505
0.37153041080455296
0.06967670333688147
0.8018646746641025
0.9226989070302807
0.6862947245244868
0.03413347899913788
0.899025857419474
0.21713891625404358
0.7061672508425545
0.6990584880113602
0.22095115476986393
0.6808965579548385
0.5436042619985528
0.3887572179082781
0.4802515685732942
0.28365249527269043
0.14972469443455338
0.5898911286785733
0.7733741246629506
0.94156444928376
0.6128093941952102
0.33881823922274634
0.02403073917957954
0.9671439357625786
0.08114827939425595
0.7615905831335112
0.9710215154918842
0.5557073174859397
0.41883478889940307
0.389388899988262
0.4786761725845281
0.2827216312289238
0.15428717431495897
0.5830243006639648
0.7509270980081055
0.4986415991152171
0.25229724077507854
0.24326206275145523
0.6375646298110951
0.6082368478237186
0.854254159523407
0.3447183625830803
0.12355562613811344
0.8148806946992408
0.30602934514172375
0.16803165824967436
0.5154391188698355
0.97696378317778
0.03847023137495853
0.89594325365033
0.6878416700637899
0.24913711502449587
0.6267907461442519
0.6223160418740008
0.816648011241341
0.30042074670200236
0.1822366997366771
0.5393952908634674
0.8818574652541429
0.7401793330791406
0.14171519473893568
0.5750327955174726
0.7956559882732108
0.885739773104433
0.7192424095701426
0.18602277239551768
0.5344505110697355
0.9015751185943373
0.7145632794126868
0.2135898637934588
0.7111403468006756
0.71844695211621
0.20385138574056327
0.701306830131216
0.7300853435881436
0.15903955552494153
0.524273786082631
0.9676348223001696
0.5809117218013853
0.2586381681612693
0.2254614470002707
0.6785319709160831
0.5535154564422555
0.42864603199996054
0.42838488818961196
0.42773612929158844
0.4296849020756781
0.4257852662994992
0.42576953701791354
0.4316660921322182
0.41597766857012175
0.3799741103721317
0.48512331684469245
0.28022575736395083
0.20566939780837856
0.6956501091772225
0.7257022604462691
0.17756371456198394
0.5481385523162317
0.9337298111058772
0.6636753179482184
0.020357103378046304
0.9403048120730091
0.11798564335913397
0.8269525953801349
0.7919235858717002
0.8756559442263097
0.7480549001484178
0.1288827718817629
0.6191916375246365
0.822189591039205
0.2863151482597459
0.14114545460324734
0.576566365751205
0.7924400164047256
0.8782365341321565
0.7451758326496929
0.13663126289611682
0.5958435352367815
0.8687245092005469
0.8259606452193111
0.7943348637199961
0.8871758434106596
0.7337200036272407
0.16505101503571495
0.5048660310858395
0.98685785086127
0.5238068725448102
