0.37416388938436285
0.06403657494229265
0.8103367899311706
0.9115244808490388
0.6410753635573201
0.07748379529220983
0.7900548621255439
0.37983541388530284
0.48691862224950455
0.2737765739148017
0.21789063265896402
0.7049033456423786
0.7004758564871736
0.2306132393423468
0.6714524991984945
0.5085931323701516
0.4755176767357625
0.30338996442151256
0.17774335050489753
0.5546611700847279
0.9258303188253194
0.6757157828542404
0.0568037970806472
0.9155310264031868
0.13085397484246641
0.6103601731301751
0.8407945240032859
0.7720208775717765
0.9437792861717753
0.6166221273015253
0.3333831026102416
0.00046342817950062454
0.9993144214677159
0.0011566407338250428
0.9966190288541839
0.5062474135193042
0.4916446029092185
0.27086464894819073
0.1875834573584143
0.7497606002725661
0.12547545920824632
0.6242908680287655
0.8136895979405381
0.809281800640747
0.9123042104183696
0.6481773187988438
0.06705622212029994
0.798833738284884
0.43162653187755495
0.41897266599698924
0.38765529575175606
0.4829787081980612
0.29130958564928733
0.12614788240171038
0.6216378920653369
0.818764015857596
0.8040839510504156
0.9272361762705259
0.6721361779491417
0.0617192552308552
0.9079399236652534
0.1539764233166352
0.5835037656070199
0.7519301304710098
0.997120124520734
0.5048100167769007
0.48699428112013265
0.27347610212746076
0.21863487936207093
0.7033587913028896
0.2027745888917707
0.7271254533843603
0.6623946952749975
0.02258638944476843
0.9429882857657503
0.11115333903580904
0.8411008575640153
0.26967578986659646
0.19098368517006747
0.7449213501822669
0.6337204837764148
0.6002652864262927
0.8652424261963461
0.3359140033426229
0.003956876695156097
0.9882057010836434
0.025572732090950012
0.9624353199906182
0.09169796854257584
0.7707206085033249
0.43818818405270576
0.373243171692593
0.06614423732389696
0.8072931485949084
0.9140774581464939
0.6327901228214614
0.11331786419032142
0.831931540480582
0.2599538319045678
0.2204438313783612
0.6852110306208488
0.536697645962704
0.3923484683036804
0.45066237446735613
0.3557487726502586
0.10853731620591134
0.8531015517364722
0.3494084473932162
0.11072936709388159
0.8403163238835987
0.27274413692066446
0.1925111522723455
0.7349760852521285
0.1546241281903349
0.5810600187105592
0.7617051816196181
0.970731204142794
0.5565990073955618
0.4190092946519144
0.3875081753649283
0.4833168442128226
0.29162727409857325
0.12511834190809168
0.6248243059962988
0.3127941563143395
0.06169449174194597
0.9077711886202451
0.15421653754310682
0.583132238156395
0.7506039709842298
0.4983636500837747
0.25297500751912594
0.24598021057317965
0.6349855549924541
0.5953887290379498
0.8726110552961472
0.31828877472435124
0.04802042047958821
0.9341401208366733
0.162512437091209
0.5228482020029332
0.9428174903732724
0.6097301265690476
0.3428530629607849
0.017344725056318566
0.9506561589951161
0.10576979399775155
0.8585610416484997
0.8530278137768619
0.8496086729574017
0.8603527356754057
0.8408171261544339
0.7719784008222632
0.9438399967621081
0.6164742267574184
0.33319450746057555
0.0007271577778737992
0.9981777990760747
0.003513477771775797
0.9949832855490968
0.508631482894998
0.47536559373838827
0.30367908693733625
0.17830119110294618
0.5529872099868953
0.4289291696040891
0.42741656544967555
0.4233941960555967
0.435469164600363
0.41126487575820647
0.3912060608563479
0.4515344054379966
0.35456044957390986
0.09746245326823555
0.8695553607249167
0.3217093849671073
0.03556646525976248
0.8939319365890697
0.6987026180722751
0.22197807650081813
0.6827838187746238
0.5424901754595339
0.37790065113222227
0.4927348413912114
0.26407354054390453
0.2298741795530077
0.6596207011898514
0.5267137613263912
0.4639619819354266
0.3397173573903274
0.025706606480525807
0.9619474489009008
0.5907249221927486
0.2721806069021113
0.19356720152427442
0.7419101594714448
0.1452222170191817
0.5646385249856394
0.8063902413705364
0.9195674192742445
0.6382894923444837
0.10727870691334829
0.8567860064504202
0.3555761688039638
0.10922060886514373
0.8518255728995427
0.850778914464172
0.8649607797269709
0.8297699242830276
0.7632205634727143
0.9823217169032432
0.544134653871879
0.3874420117936097
0.48256630016840063
0.2925466253363993
0.12773139387718402
0.6181028209102806
0.8268131251097657
0.791045632911846
0.8769086216925643
0.7471427978598513
0.1296844391617924
0.6121902682061773
0.836646979325451
0.779468642140273
0.9565924087073654
0.5731756886816584
0.2818996313144453
0.15430140405078419
0.5820180195150897
0.25979006028501317
0.22067052565398626
0.6846516599471215
0.5358888446644414
0.8935542534163687
0.19580162796773948
0.7250964459963143
0.17895714793121442
0.5519957648066338
0.9224986760527827
0.6856508811470121
0.03501598018920049
0.9007402670977172
0.21201526751974598
0.7156694603909273
0.7098362933902536
0.6941568138136063
0.7410159664286766
0.6473950551880989
0.5690084727539215
0.8027402119769249
0.42967970241443254
0.4258005948504433
0.42572322065825574
0.43175848879036494
0.4158427967922762
0.3801583904714789
0.48452624198398553
0.2808401816000696
0.20386621248326264
0.7021224078198429
0.7290517769870348
0.15667126211337745
0.5306832110218238
0.9544806987978518
0.5746897966018878
0.29618566419230774
0.13392310313065536
0.5982498385710642
0.361674724787008
0.08700886575388722
0.7781938553380314
0.4597887671843637
0.3191254938719794
0.05361461752909236
0.9284324614854995
0.17794228161801584
0.5544071121839806
0.42648031207500026
0.4240312014881056
0.43133794763707556
0.4196704104542732
0.38832000640104525
0.48203458267380483
0.29477423790376633
0.13804697451996617
0.6055585235881153
0.8591495505825151
0.3520001041761134
0.10092243284452707
0.8643787098990288
0.3289212606032379
0.014458292193012312
0.9794142962200567
0.5318708854611032
0.4043921327101998
0.45690366785856895
0.3225800373184029
0.03226236021146178
0.9032153058506083
0.20966835040599108
0.6935851396701764
0.741865320596844
0.14503050822531804
0.5649137211439665
0.8059621416614391
0.9181350839789957
0.6401475858292542
0.10251182626234367
0.8501542760350276
0.36564166462630965
0.08533075649756938
0.7553657531680074
0.48462816869141534
0.28049119308707304
0.20476055156905204
0.7007408138306346
0.7323398597654887
0.1690692889969796
0.5123262433044147
0.9827318121679127
0.5420403614989482
0.3788380430196412
0.49430778904934414
0.259286071988754
0.22458323297905736
0.6728995085286442
0.5595028079405893
0.9127623642852996
0.14649790633120574
0.5702931848354638
0.30081427696859464
0.17568217901862226
0.5568540888780262
0.9157259471830912
0.630568741587922
0.11106264864793047
0.841466539161047
0.27101309440331534
0.18940476610441692
0.7471734321443364
0.12974512035725638
0.6121605129155796
0.8367679469520226
0.7801426812657155
0.9558932313229889
0.5710508650518022
0.2880779917468317
0.14699222057242878
0.568788984674029
0.3040707457694225
0.17683042652788572
0.5476527941937093
0.9364097523794044
0.15891158851445653
0.5236117771128193
0.4683133494690992
0.3290325214911718
0.014332624501548707
0.9785641370981466
0.03313524671830237
0.9034870110626798
0.2075299114221707
0.6899115793348756
0.7434674965334125
0.13687473279424012
0.6089123824785929
0.852501529850997
0.8501873710774817
0.865497380727902
0.8351539663854055
0.7555861041764729
0.986019445292186
0.52884582959814
0.4588831790606491
0.3136608430359047
0.059322995744878426
0.9122371799312532
0.6480636428459547
0.06721882248530164
0.7995642542664427
0.4306585629528854
0.42041937506292015
0.3852286339679267
0.47001838669530116
0.3087739947659429
0.16360950385569595
0.5204033868794795
0.94013261544751
0.6174080409109592
0.3278095609857701
0.039597177965333685
0.8812847974186298
0.2416112695937045
0.6458992548577953
0.5629513896128628
0.8118553703243379
0.4072493701532949
0.4032632167218253
0.45958291107672267
0.31869014786207117
0.053734561428427696
0.9277028515643906
0.17293034866452217
0.5593341178901028
0.9130621049553156
0.647024126665201
0.06877237284788862
0.8041352376167197
0.4271608767157886
0.4222622594097629
0.4369581100472715
0.4075817091797944
0.4024233262462076
0.46070419540046714
0.31686696023098193
0.05010583469993435
0.9327797527366783
0.16748174728127196
0.5029258940194268
0.992683357471833
0.01414882266544737
0.9797552432864904
0.5343725755228661
0.4020702727721073
0.4635588114906568
0.3359738088911399
0.031150610622717068
0.9533123041328508
0.07786890040733851
0.789698903914541
0.880946205870714
0.7419699999154545
0.14498344506137073
0.5657591996423434
0.8076457460410893
0.9179278374067508
0.627014986530412
0.11895640660077333
0.8255946645222139
0.2933588013984263
0.140104772959603
0.60286187499878
0.8476650828088168
0.3632547702000011
0.08793989650439471
0.7753243508923333
0.46598099742550403
0.33252646736218594
0.002431099157547578
0.9934241649170872
0.011915349226910621
0.9841113973234314
0.039706009352812544
0.8808831652859226
0.7421556469635107
0.14460980123840272
0.5661707711115014
0.8071029216516763
0.9153318360331468
0.6290822137962095
0.11283728730631992
0.8387558983813506
0.2741424288833514
0.21697569693787955
0.7065839528513607
0.6981206453056075
0.21948092221282423
0.6856722100346815
0.5347856844309717
0.4011949665728025
0.46170367833110504
0.3426775351690594
0.018275616224855185
0.9455214198387694
0.10128383431583643
0.8639778466604184
0.33028546581044793
0.009487530653132126
0.9743265577417333
0.048528065119171515
0.9352875505574048
0.6617734566680156
0.01716659526573494
0.9509423105337191
0.1069118044397328
0.8557477836729959
0.8585379361757077
0.8530971684958786
0.8494002422667108
0.8607351186801679
0.8402802934870124
0.7728019970818423
0.9424911710084416
0.6101968928705901
0.3425496098934673
0.018493824260076508
0.9459224178863224
0.09991539554903284
0.8662707542825956
0.3338949032186065
0.001122990041039884
0.9966715615883004
0.0061237693298608065
0.9913946643646341
0.021238412358798087
0.9390905151085462
0.12267538189189509
0.8181851795234252
0.2981300520768855
0.18373484641779214
0.5386448917852249
0.8952959611197002
0.6903356118127704
0.24287805327912793
0.6388586704561021
0.6052191944909282
0.34632209432311356
0.11728371700155549
0.8279902484791819
0.2893907805264462
0.13186613318976015
0.6151890973269474
0.8291763712186366
0.7624925227719359
0.9832793173263781
0.5417440093006007
0.3751320375013165
0.4996045638981741
0.2508507693710271
0.2488478347659111
0.6277354508347344
0.6180906668305397
0.32683933520456776
0.04105590665130876
0.8768326228891965
0.2473121381481178
0.6295221159525681
0.6114362747466657
0.8377346607448999
0.2785866912745405
0.2072191758779809
0.691147733683465
0.7447802309179679
0.1328907558345236
0.601327814423712
0.8637439079175238
0.33134519078885205
0.010923700290732086
0.9722013596619945
0.05752180202398449
0.9147587251791265
0.13106716779293492
0.6169101915147621
0.8327223594824318
0.2521381792903412
0.24389065650757402
0.6383182811259758
0.6070372194517404
0.3572826638701372
0.10679241616162471
0.85556229451322
0.3592469916038681
0.10188052046578377
0.8506282122980338
0.3651266243541613
0.07932470049127005
0.762364423222607
0.48243798973271623
0.29292172731948085
0.1270544392755255
0.6189896133437287
0.8255592205096036
0.7930352736148052
0.8904280519927852
0.7269861979293637
0.16348953888518736
0.5208947162318509
0.9379288853378966
0.6243874426581897
0.31354287336580455
0.059373765223426744
0.9130222373933066
0.14712972231791355
0.568376756622456
0.3046356937265955
0.17587809296674095
0.5506457677984145
0.9319736080360599
0.6650586400646716
0.004824120725970715
0.9869321023288649
0.023754174471832812
0.9678191319981124
0.07996381056727841
0.7629161963996012
0.4811294853279833
0.2949702846817672
0.13665101208607666
0.5958695938170422
0.8686622813402209
0.3261426793469582
0.04400298313703388
0.8876107292890083
0.23305241321213543
0.6660771399911027
0.5017685849452391
0.497470150294248
0.25429841902223416
0.23775833763647825
0.6516976669372525
0.5888904610765167
0.27731271577067673
0.2129681708465796
0.7126579877512995
0.7162932460487355
0.7073136851249728
0.6905589880479965
0.7457168208493385
0.6355771752132569
0.5944905834330712
0.8739990400208626
0.3149942191375885
0.05510472820606083
0.9213106739043724
0.13421556656248868
0.5980545833881479
0.8626990724587813
0.8393152976059355
0.7766735481563956
0.9639250181498937
0.589758017740678
0.27553543978137895
0.21246753793093376
0.7166014589893166
0.7084310255304445
0.6879066842666361
0.7493909570912365
0.6264610928774346
0.6213453285454307
0.8195690451248083
0.30238668285892345
0.1734117412706837
0.5603365688293707
0.9115250448230654
0.6410781323793344
0.07747990981442854
0.7900646056223195
0.3798455224605277
0.4869067367108073
0.27369900126359425
0.21796579551300965
0.7048089307209011
0.7008530207094736
0.23199227335862815
0.6698360023729037
0.5128336627967656
0.48103026155149564
0.2952107408491429
0.13587445495068096
0.5972597457875963
0.8699947882560082
0.8211065109353513
0.7879011714248918
0.8973724605166353
0.6939961223397404
0.24032073392299935
0.648216655215947
0.56686346384231
0.30012649070704356
0.18262902440619655
0.5429529113462195
0.3769926544628106
0.49402271150029264
0.26292715323506854
0.23110565994284116
0.6700080510636326
0.5114985339459963
0.47115781786851585
0.30599113085190766
0.16797501643304713
0.5156157374149188
0.47658457554643974
0.28900677463389
0.14463977524428628
0.5662512181734201
0.8069042268325575
0.9152254154905677
0.6296343374415301
0.11146099591860548
0.8374967992131133
0.27917088466347195
0.20832274353597313
0.687532097188523
0.7499060927075334
0.125204041833058
0.6246958516712766
0.8132293611997738
0.8106755070039071
0.9097812043037266
0.6512052094913088
0.08667715295450762
0.780262711487012
0.45558452224940993
0.3207478617550805
0.038427801424404606
0.8956215957587119
0.18831363815115765
0.7487797886424232
0.6279282121977303
0.6176789776945952
0.8266554842994083
0.2922476426756475
0.12814553326461464
0.6207819060364272
0.8227967990678735
0.7816300878766924
0.905741143214982
0.7043775875936262
0.19936792057706043
0.7339700462471228
0.6648001667344943
0.00682091765338555
0.990752456971677
0.021928432543063536
0.9446541029028594
0.614301512890961
0.3289921586983837
0.014385370799573138
0.9786830722587183
0.5327231991686858
0.40427300590090454
0.45805984080652706
0.31340639156405814
0.06121004594024271
0.9082541181414854
0.15031462558545172
0.5910026200290304
0.7700514994794503
0.9398478880175389
0.6186114528682083
0.3245247057056986
0.04595832558698021
0.8846768728399184
0.22377839853288606
0.6724529539060313
0.560810048278654
0.9093723926052917
0.15207081558764912
0.588559546158649
0.2734721955494024
0.2186465186823625
0.703318853280507
0.2028533848351799
0.7272298292664345
0.6621500356704928
0.023315522586926818
0.9416502662643325
0.11291534570045769
0.8385000566195231
0.2737444821977988
0.21783180031343363
0.7049910727364477
0.7003347268910147
0.23102715774439275
0.670202163484646
0.5108806679490954
0.4722411066177301
0.307417150324909
0.1649280885758344
0.5065637528896332
0.49041020864387974
0.27299410113482736
0.19227009997121058
0.7370351854187902
0.6486057332367636
0.09332223399542272
0.7665112740069162
0.4518089706543833
0.35359944330411963
0.09546301668160595
0.872546826954931
0.8166756796999834
0.8000111105502583
0.9333184778224677
0.666703327500727
0.00019536406034603715
0.9997394981619436
0.0006512395630124956
0.9980476512573659
0.5039051155908965
0.4941434013308026
0.25975860728067346
0.22364623739849776
0.672832290380029
0.5610679389210418
0.40859365422511473
0.39986825062078424
0.46517109766136855
0.33496630445006303
0.0058456586266402155
0.9853800083510578
0.5282795810489915
0.45953381672734395
0.3186641841020901
0.05386432178784162
0.9272754244448151
0.1737851964426227
0.5596394811582286
0.9109253475035075
0.14345485300873406
0.5709887099219486
0.2873391291941516
0.1481005011301022
0.5669728439825121
0.7990816426754463
0.4308826945780311
0.41862511017825454
0.3887325641408097
0.48037777774152346
0.28335414186585695
0.14998159240349196
0.5915640465391334
0.7709678048850037
0.9377985268365592
0.6241883849143051
0.31397873774403706
0.06052618313697167
0.9111644543008879
0.641506721789483
0.07686464651487768
0.791205821064068
0.3766988853458315
0.4976962983782869
0.2554468621092383
0.23612341517582536
0.653690450330032
0.5825079225469381
0.2531989004346542
0.2453242584306281
0.6364408602530602
0.5963958143547643
0.8673773090413306
0.3278712827304844
0.03968912409618497
0.8809326276823413
0.2419880956877023
0.6449076190765481
0.5658875365043059
0.3079221496009268
0.1671452152368147
0.5034478596644476
0.4950723811634816
0.25837416740250774
0.2248979633441195
0.6788428839936387
0.5523387037683278
0.423703053209465
0.4348820193845313
0.4102085699851159
0.39446147670969367
0.44743993689189665
0.34526725581963547
0.12297684035729617
0.8175566780555528
0.29741588432807475
0.18596413134946488
0.5345935503428336
0.9017916520242579
0.7142684459686279
0.21425151819130406
0.714302539912751
0.7142090795678087
0.2139809133950621
0.7146809093828779
0.7131353631848469
0.21215641271555796
0.7154577428300399
0.7091010076983366
0.6951381530670915
0.738560236437479
0.6436943015141878
0.5738005045859609
0.7839702362252865
0.39931017291382886
0.4674795236205682
0.33029404978151433
0.00945415094611235
0.9741634727688506
0.5487207170226611
0.43479257891885936
0.4108017077378463
0.3925961577624548
0.44721283798571676
0.3487301761924755
0.11022164046880789
0.8426098340423778
0.768313750217203
0.9462843916844577
0.6001089577912353
0.36569439485901967
0.08525951791671105
0.7550475663738325
0.9848775766440667
0.529764668783173
0.4563297754502855
0.3233941610378679
0.03474531983374618
0.9011353047972079
0.21189770597266033
0.7173260301642586
0.705445140512893
0.6967761667037848
0.7229032065079082
0.6750417732691858
0.5582412245275918
0.9166060593270231
0.1253393515071366
0.6241400280268863
0.31427882943535224
0.05984940638882108
0.9102955692214891
0.6441133308107965
0.07303376699564978
0.7821200580510776
0.40498260187450796
0.45530118196620606
0.32193489171913825
0.03663705041981302
0.892530601558974
0.20029784721555188
0.7312955635425169
0.6707692510972265
0.5105728111520875
0.9695238488784526
0.0614045831898693
0.9089308422990143
0.6485708229593001
0.09335558983730152
0.7664732151024509
0.45197714856476523
0.35429332416970283
0.09461335054947995
0.8737527326156851
0.31462437176378444
0.05620842499774881
0.9198388297809288
0.6378237108583562
0.10606965440092608
0.8577498194936197
0.3544963008025661
0.09764391006319784
0.8691672420536634
0.32222952909069136
0.03621824926813133
0.8913858205778524
0.7021078678662889
0.2290652451920323
0.6565542739990633
0.5304278625408188
0.4546176661388017
0.32613044398021884
0.04400865489151329
0.8875059005513322
0.23331879009492695
0.6666405584837776
0.5001002593198791
0.49985180987278
0.2503531815309543
0.24910834187176079
0.62673660038854
0.6225190788973123
0.3167174413683824
0.049857299512950704
0.9335227037372533
0.16618537160684355
0.5015230326680467
0.4979600684600882
0.255022562778322
0.23493232266628183
0.6545786280184984
0.08119713695487007
0.7612915757053997
0.4714963853475638
0.30557288115960546
0.1705622476292774
0.5098431415099185
0.970470575732179
0.5600429359474219
0.41043926286511123
0.3936834046326112
0.4488435373932589
0.3465179525082931
0.11792697894270532
0.8271383906539995
0.29151948462822475
0.12544155633077025
0.6243686545349192
0.8135729106143117
0.8094338969676755
0.9129319810890593
0.6472342538181692
0.0692836485686712
0.8033185095700901
0.4280876867705956
0.4287960991205182
0.4275171140616294
0.42330125471926294
0.43390358993201517
0.4131342916225549
0.3964159268361982
0.43864408796071075
0.37159015782526694
0.06882327920175157
0.8040078842022922
0.4269304944318719
0.42240982156363316
0.43597309582401067
0.40957897491171025
0.4017563265224453
0.46432483274838887
0.3391878594120499
0.02638209130964242
0.9648214511980768
0.08792717644246295
0.7752905290399212
0.46600902164936997
0.33274960389826447
0.0021024961897637695
0.9937344732170459
0.013435197353828698
0.9819224290840793
0.04323114446015097
0.8898426071973518
0.7282436858513393
0.16179739381186664
0.5171345052949619
0.9510600646026433
0.6066598654142581
0.3561387577210553
0.10745470694382675
0.8553709246916696
0.8459133493597619
0.8688577731954865
0.8258718491415493
0.7946629204670899
0.8883355461875908
0.7320108429412358
0.16969012998742983
0.5131669097754639
0.9807534083956853
0.5460217274376191
0.3843957984354347
0.4744336022704374
0.2981460059818346
0.1837636298732832
0.5386291645409074
0.8954294489813037
0.6900761250872165
0.24229071679292247
0.640487357712118
0.6019063076237217
0.35068366496125236
0.11510401198756881
0.8294269334292039
0.7617192747420631
0.984373505518306
0.5390657586976886
0.38280809292336926
0.4882922117540147
0.2695038410311099
0.1973221053776797
0.7206227035203483
0.6846948264283128
0.035759359830990434
0.8928979925985914
0.19632859679404646
0.7235148675681558
0.6745481917751022
0.05483616632409394
0.921472769434331
0.13356940413359553
0.6005530437396374
0.8658046483178623
0.834229520522058
0.7570771481259726
0.98987452784786
0.5172024338971823
0.45101157476892695
0.3566934080736246
0.10570103520876728
0.859034351160517
0.35213558917166665
0.09988276779768057
0.8664112651022151
0.8336886535980739
0.75168337370269
0.9977269796072505
0.5054305126541294
0.48623959557153285
0.2784686193044763
0.20760628921561874
0.6897206851281226
0.24337617348646745
0.6374086209980305
0.607615937537048
0.35519720683805645
0.09636993610183708
0.8672292032570112
0.32800546326325275
0.03929904045071453
0.882461504515959
0.23886878439225256
0.642921253311215
0.5714000553125516
0.28596827905857936
0.1433213220734615
0.5712615823140368
0.2876544338068925
0.14689149273908697
0.5697028144204523
0.8022443985682912
0.9221226519439369
0.6867623712751083
0.03284490545047447
0.9039072862069588
0.2088520765537396
0.6887972034455743
0.7461087310803123
0.132790268631652
0.613317724521039
0.8319317173445597
0.7599531305604614
0.9704459479544312
0.5602045144769363
0.41170976002467796
0.3923554888169747
0.4506286919640843
0.35582677787169814
0.1084798704541754
0.8532719435461331
0.34912042031646706
0.10962022712919861
0.843014339072397
0.26721796562196687
0.20079719767090864
0.7322595753939822
0.16919069323921576
0.511959249881329
0.9840159797167871
0.03966224813484587
0.8811824228614569
0.7412187083973549
0.14646107336739078
0.5635269170452375
0.8094968147634063
0.41277376693324186
0.39652824809309095
0.44520186210866086
0.3634968058031518
0.08172031783033162
0.7602969068975653
0.4691283952561207
0.31199546976131387
0.15751132264267653
0.5274660761642735
0.9605705217691138
0.5672013532021083
0.29961936618201435
0.1805778024427127
0.5455493261397351
0.8848392203508411
0.2205014335049782
0.6849503250559792
0.0356247978634201
0.8938323663023766
0.19839048670837656
0.7222547491837759
0.6823964215873275
0.5400070859177504
0.8814271058945451
0.24048916195170023
0.6476779183140025
0.06804937164997682
0.7983785861579236
0.43543082574615255
0.4113684266631026
0.3912562493933365
0.4512340041983407
0.35528237200924195
0.09610586566850543
0.8685523764870595
0.32465128833428025
0.0462512303784024
0.8838779174548108
0.22340823072590865
0.6747460109181702
0.055291461234446615
0.9202386674878653
0.13578752806643024
0.5975426582444925
0.8693606633751187
0.3219510683848057
0.03667404258158058
0.8925065402581822
0.20036566187627614
0.731010736169992
0.6703329650918022
0.011117851419840008
0.9721423609007616
0.05790764503763057
0.9171736718853936
0.6284515219158493
0.12002138356911018
0.821009519539075
0.28731608009547926
0.1481610630871728
0.5670963242591824
0.7990215996396728
0.9313667465467006
0.6696155520039611
0.013216912455391139
0.982323319389252
0.04415705625433475
0.887409168848535
0.23261458688648418
0.6676957912568469
0.5026220371073578
0.9922222668828908
0.015521355002420023
0.9767561330227181
0.5387915560859255
0.3951970969210379
0.4394929359841626
0.36902392670162953
0.07542572123929858
0.7936075823090505
0.38875325256958604
0.48022461726213805
0.2836913832288701
0.14965825260151178
0.5900878166721668
0.7730714663048275
0.9420161573216319
0.6116341612651013
0.3369738702313043
0.028230869938852265
0.9596192514291033
0.5684487413964234
0.3044640452717431
0.17621016039629467
0.5501686445204541
0.43268355930922553
0.41777216803166084
0.37737782081239857
0.49356464808806777
0.2621039282239508
0.23383544108946808
0.6653763473732397
0.004025949805509299
0.9881038462917786
0.025681526982225478
0.9620942152978387
0.09036894683958963
0.7718717467796523
0.444770570989931
0.3646131823770702
0.07820331022958271
0.7653902345628012
0.4770252782909665
0.2883760699769482
0.14569061013753526
0.5630193206307013
0.8109421126137022
0.40962544226204045
0.40168323914986104
0.4639010030950885
0.3397477275284473
0.025599537417292595
0.9626120663888287
0.09151663817465305
0.7712036017037462
0.43917634803801775
0.3727621631405782
0.06805449959938414
0.7985830832039937
0.9351824963814579
0.6617404309217818
0.01739940419793129
0.9504874832637142
0.10564526356756687
0.8589294198609423
0.352431264705956
0.10032137201051228
0.8653872036666144
0.3354790140001569
0.004838600172661245
0.9868904142349493
0.02372536459006369
0.9679082513030153
0.07969292590860277
0.7635343322472181
0.4817890751291998
0.29306730537791736
0.14049245591741055
0.6018838409509044
0.8505998669425026
0.865213735087309
0.8291331341024488
0.7626007520011626
0.9831150707905181
0.5412052385509014
0.37670020753284916
0.4977024869003799
0.2554385437106248
0.2361356507462915
0.6537394999468233
0.5824479421717115
0.25334421754814684
0.24553680533426814
0.6361541716905776
0.5970535334490705
0.8705825730285142
0.32353593796142377
0.03435129253193736
0.9019108963839244
0.21378500061109662
0.7115528941794764
0.7169038273859769
0.20687824970809743
0.6975257850426715
0.7199239117326215
0.18430582020664588
0.5372619878326077
0.8979796999192331
0.19233712428831495
0.7368924785405397
0.14872021408518776
0.5929025161021855
0.7672015287098475
0.9510048318188637
0.6067035374580882
0.35569281183416024
0.10903987873462029
0.852079740841873
0.8500548205920495
0.8665273205842823
0.8330407118774019
0.7508785764803179
0.998745190910995
0.5021587870432995
0.4938398246304132
0.26341464536380954
0.2320797120919451
0.6695220065012109
0.5134488970506936
0.48187994508771226
0.2933241238060873
0.13972673067473806
0.6032808944582939
0.34909565740963444
0.10966495433240198
0.8429564310645219
0.2671205888618715
0.2010799823619891
0.731644224259071
0.1686537584173493
0.5138961316260975
0.9801364816958085
0.5337169371196069
0.3988885299768299
0.4681078171997797
0.32911903064814396
0.012642908026464283
0.9830064136476722
0.04136912041576579
0.8760604865674395
0.24685668843449093
0.6317901635775343
0.11579894280293956
0.8342666772950906
0.25696561523363926
0.2398567566415295
0.6424139938026201
0.575449168914929
0.2931840412202291
0.1403175608429592
0.6020866610633675
0.849992578412639
0.3666508662572596
0.0833551260875538
0.7501063687668648
0.49985589302377775
0.25034207946737297
0.2491361842257902
0.6267925973224919
0.6223187969299033
0.3166374411084689
0.05043924672645517
0.9322170977247879
0.6643288644845597
0.007023981015663594
0.9899755043152254
0.01724093093071133
0.9507631529995706
0.10718863626243547
0.8569063369941432
0.35576952635892667
0.10856197727844119
0.85303048134665
0.34960473189130425
0.11036264008725993
0.8407924988132436
0.2720267820695881
0.1937703941948712
0.741587190394057
0.645966011332348
0.06280453054932877
0.8116770123306196
0.4077424058923498
0.40425749876885675
0.458074778172886
0.3132855448347982
0.061451627960195765
0.9088613780622836
0.14849249023245648
0.5936713367991615
0.7657603769621346
0.4527407662535552
0.35239873034879565
0.10044752524117939
0.8660686784714926
0.3348090726940427
0.006712890579365194
0.9910302660136949
0.022270605200901628
0.9442591063852888
0.11585369857493788
0.8340801276208367
0.2576784694683738
0.2386124742042739
0.6435804927023128
0.07418433536076918
0.7832890942518134
0.40017086538136937
0.4662759831408039
0.3323568534979131
0.0029300561582203954
0.9960932455433067
0.009766870236489922
0.970699471217813
0.059577478939900175
0.9111223021754995
0.6430840790853836
0.07074776268564165
0.7884287391498219
0.39561970462091267
0.4383087542082649
0.3737944407912437
0.06540702469646931
0.8052135947800707
0.42030772287398577
0.38617159888963215
0.47203940388862975
0.30769037490244955
0.16776861200924031
0.5023304012429435
0.9936245420540217
0.012017119239317253
0.983565176720731
0.5405376187409274
0.38082977960584685
0.4854112451139372
0.2782309154572431
0.20961877703666687
0.6934477686590981
0.7419643700122833
0.14496603602310643
0.5657846481481101
0.8076970128458925
0.9177348392549902
0.6274110443773679
0.11846878164215013
0.8243722335610073
0.2964159228140488
0.13374549671425484
0.6001673208957072
0.8655137394671328
0.8351008035242558
0.7554397768690251
0.9861220811144449
0.5287056879606098
0.457462189195212
0.3157904784602579
0.05768685330986045
0.9177598318492528
0.1273371375282295
0.6185989389487077
0.824562069872627
0.296009069919819
0.13460158370435238
0.598886512190802
0.8595904745161533
0.8434420711710118
0.7661484126583673
0.9515559913124889
0.6049279844737612
0.3470216582645662
0.1202299623109866
0.8240578136174008
0.7834526395308785
0.8996444658259861
0.7154825904290192
0.20906574063701555
0.6950684056791943
0.7387694694334641
0.14379898231709376
0.5734858678479213
0.7847909456177149
0.40099964701221325
0.46124492527451366
0.34282789516146295
0.017498825007351115
0.9503315567271784
0.6060589212574996
0.3577583085279912
0.10461326778749935
0.8474756167561281
0.369438426947454
0.07145614305045456
0.7856538039341103
0.39304130082018673
0.4465804651554208
0.3478373695688788
0.11282837623730302
0.8387609650089871
0.2741225503850728
0.21702102685230784
0.7066992564650718
0.6977789271913934
0.7192017081251834
0.6868568334321026
0.5322473240375984
0.9032606504915748
0.2095912633521948
0.6936712976312265
0.24126224167412147
0.6464094010589179
0.5636563040898181
0.3091195111628622
0.16249578676070087
0.5228886988770682
0.9427474775875453
0.10943936140392907
0.8435623896075413
0.7660324207390659
0.952518193225842
0.6030222956906073
0.3479082087869756
0.11252567192423157
0.8395277854579035
0.2759266202629078
0.21135893312748522
0.718182760727359
0.7044798836577684
0.1996900766971521
0.7336842377844732
0.6651635566959158
0.004509329854045063
0.9866480825294275
0.024453401943901554
0.9657022947212681
0.5847049964941107
0.2560068334569223
0.24178344666142948
0.6452932859538123
0.0653857450815849
0.8052493899303954
0.42020848963875324
0.38587798885419033
0.4722704336454626
0.30746780600748025
0.16491230655810796
0.5066640664299484
0.9909996565547772
0.5223630152177066
0.4440575008629821
0.3654402704851236
0.08563632363802753
0.7546269810700323
0.486475607205648
0.2749863278877456
0.2165830695303157
0.7084507118852343
0.6878198579070158
0.24906295794062316
0.6268352204642724
0.6223021284677088
0.31704310554778203
0.048914314567809924
0.9314207994320896
0.1693995071691461
0.51204608779517
0.9834038197586779
0.04100186706637032
0.8799112167907879
0.7353109351242892
0.15484663675306365
0.5803826634946745
0.7589426139602438
0.973172158061061
0.5492768881376833
0.4309753481647931
0.41802158890641294
0.3905539075785782
0.4767306566645857
0.28863434385857545
0.14541805800399743
0.5650913425197359
0.8047682631877251
0.9216327990870923
0.6332949632196687
0.1008426831685938
0.8644835523155052
0.32877940792241134
0.013683055061846972
0.9804407828196418
0.03325658407993615
0.900314253027318
0.21595014596823603
0.7076183339522686
0.6898087023873813
0.243243089877069
0.6374595965899061
0.6083743581548333
0.35405635548522696
0.09416819232865237
0.8744416146946605
0.3138954854221083
0.05901068987441249
0.9134986264398322
0.6459332969388925
0.06290014769183472
0.8119151639111806
0.40767763639451005
0.40267804136965424
0.4599785377213266
0.3183072301035281
0.04794696471071802
0.9344366938748863
0.1629278211039491
0.5222413318988401
0.9443031914124731
0.11580421545659192
0.8342303651152179
0.7570773336919956
0.9898727579857223
0.5171993246185593
0.45101254590554163
0.3567187019798439
0.10566903432481922
0.8590793437324464
0.8522692154510878
0.8497780683101155
0.8667590438853949
0.8329183300375007
0.752587805094663
0.9922771158162504
0.5154009453835897
0.4769906119327061
0.2884508648130577
0.1455708347784821
0.5632874979637563
0.3114447574480437
0.15882516381680034
0.5235435821523424
0.9686066199210472
0.5784660156350583
0.2647569262771867
0.22836062926216982
0.6613963156414684
0.515811136981938
0.45287661789916456
0.35218326884205453
0.0997015799221117
0.8670635587768629
0.8323401413508691
0.7529851810541004
0.9960114932036959
0.5098930637468584
0.4703231928870082
0.3103922269947361
0.1613972429477144
0.5158083083806559
0.45288058853475377
0.3521735265094321
0.09972971878596582
0.8670079647563398
0.8323313127621077
0.7530900063575245
0.9956129610072821
0.5107310851453803
0.4692565003060736
0.3109854164358694
0.1595176450209692
0.5264826431812253
0.9646728614461608
0.5881795038003474
0.274546280677896
0.2154236582282465
0.7093503853830043
0.6943973359011579
0.7400507851561997
0.6419995018804912
0.5746118459210265
0.7963483286148403
0.3840986570867244
0.4727040287107229
0.3007143661088776
0.18180592733551748
0.5405387914506719
0.38084411079762504
0.4853897185239475
0.2782058470475022
0.20970539888367057
0.6935004573024344
0.7417699443176389
0.14529563573887572
0.5653361814038362
0.8053790128906257
0.920105786062777
0.6364735336392187
0.09631616488331929
0.8673027067270596
0.3279561318049673
0.03934734081849456
0.8819580543495249
0.2398681016638875
0.642395173170371
0.5755000286735594
0.29312223981833085
0.1401659020630177
0.6024955409520771
0.8501673497376032
0.8655135768931359
0.83510110800853
0.7554402654641308
0.9861206097994
0.5287088930490427
0.4574635733733885
0.31578067198279314
0.05770864352234639
0.9177400763146579
0.6273953476338647
0.11850805446738377
0.8243162429716904
0.2967449735442642
0.1331372526474297
0.6005882830068003
0.8652280040550977
0.8291130561265163
0.7626799798454158
0.9829484803485684
0.5413890217314474
0.3764542589779012
0.49635573496925645
0.25702688065939583
0.23996706353500485
0.6422621742531192
0.575731496559456
0.294854792940896
0.1378608008089941
0.6059703479113523
0.8578921184234787
0.3547790347656701
0.09681601834017783
0.8707071091921534
0.3230898760375567
0.032103664038004354
0.9050918732536957
0.7058695169980638
0.19620252231834456
0.7252352160576265
0.677810330525972
0.05448204471031204
0.92615347521496
0.17528454717830755
0.5578818436479196
0.41717718489235267
0.3786592868564185
0.49475562953739427
0.25792192280641757
0.22640242645866238
0.6760555143409874
0.5500037938472815
0.4333028409164399
0.41672760897199623
0.37515287709538825
0.49954145250376314
0.25093226830358617
0.24860947325942107
0.6272403449984267
0.11829811293864623
0.8248123235825915
0.29526844518841244
0.1358370358357206
0.5975297168770339
0.8694563282770105
0.8213232944253832
0.7860357195022516
0.8932740648160689
0.6955238680238836
0.22627791779814288
0.6764544245961588
0.5490697032073513
0.4312782865599729
0.41954413408529945
0.388513708836399
0.48171385514433496
0.29318025361862965
0.1403402901487425
0.6022341899515595
0.8498526083421893
0.866823134245351
0.832638893451076
0.752262610651087
0.9932121734018438
0.5126279296237044
0.4830743071506731
0.2910307056445163
0.12693053312250413
0.6221076580695808
0.3172812712728046
0.04950138236745261
0.9299288674665149
0.1715133367688395
0.508410405163886
0.9749380074499641
0.053739899216452613
0.9276915307855234
0.6729238475090824
0.05935896310256794
0.9129881598346401
0.14718275135965087
0.5685645883204415
0.30438760813558474
0.1765002066094894
0.5489780766656622
0.4312330749235116
0.41967972306883894
0.3881776380294468
0.4807257511129137
0.29612377178273164
0.13444443311891519
0.5991303407063242
0.861303067591507
0.8408676895778626
0.7704444443224929
0.9400996477925219
0.6172038821969181
0.32807593717006966
0.039167811832157895
0.8826708064007107
0.23862021931563504
0.6436723823426291
0.07404650858370587
0.7834810733038466
0.3995622229995206
0.46541891581728123
0.334255072142696
0.00704418946406804
0.9899531145056244
0.017300407227594405
0.9508885152463336
0.10712313550175168
0.8571683192858472
0.8570781872258522
0.8569992331322283
0.8572261710069142
0.8568657704745419
0.8558795349672437
0.8587743201642297
0.8529983298503794
0.8479593193624169
0.8624624024960212
0.8393712012912147
0.7763207016396336
0.9615261477301829
0.5921369983698241
0.2686634680139832
0.19906025539967231
0.7209753223287407
0.6808666116849054
0.5436434577277396
0.8889115277270321
0.23011316035990603
0.6587863996392116
0.023798804206307977
0.9678429098275956
0.07987105386564508
0.7630832901049871
0.4809024654387031
0.2962559697916731
0.133871760655893
0.5983945944171865
0.8622967648843769
0.33644555558566935
0.029726175940595567
0.9564147772907745
0.07331634615547955
0.7849554747517686
0.4007685739779845
0.46238629016443156
0.340127468429273
0.022588729014387354
0.9429788606648799
0.11117267358349636
0.8410859145515133
0.26972054308862425
0.1911537890555337
0.744771206373116
0.6328742185723968
0.10137768578715622
0.8636814953933936
0.3314464088762179
0.01119244153960608
0.9720150216890033
0.057633224001619965
0.9179218372155447
0.12705508843646385
0.6189886344363913
0.32555973198032007
0.043033427878981456
0.8904364603513386
0.22696797625394538
0.6634564984415192
0.5209831324464176
0.937768363073701
0.12423369105090387
0.8141702002612874
0.8102464770781808
0.9118509010295384
0.6422410585801117
0.0757621877710335
0.7946866915735882
0.38815732079092413
0.48076186850084923
0.296076876897132
0.13431916883564554
0.5994895511248615
0.8605891315382905
0.8404663580004126
0.7715900905313902
0.9451702737133019
0.6136177346925251
0.33117557846708223
0.011538488528458402
0.9710011907445733
0.05583037206088193
0.918467981624417
0.6391327801975422
0.10479272593511268
0.8468433452944737
0.3706081915879622
0.07323536518379115
0.7817524600250181
0.4047649643034674
0.4563300998706836
0.3233937075128779
0.03474687083507888
0.9011308246117551
0.21189077306189574
0.7173354742117226
0.205492956971284
0.6967091964033898
0.7230666904360987
0.17518186173401773
0.5580780603631865
0.9172928046900779
0.6280934179085307
0.1206078898976557
0.823234935029177
0.28175300557632
0.15476357340230606
0.5813332328980323
0.7608831350808032
0.9722389094531536
0.5574049800052308
0.4149439707980491
0.3815528226841707
0.49042283406015486
0.27317984725232236
0.19204450704273768
0.7364084451692179
0.15014999691629782
0.5913033883844037
0.769783378491411
0.44065046185278334
0.3707783240824938
0.07279991541872732
0.7816769006021786
0.40567074427963234
0.4544967251131311
0.3246642147132661
0.046214910078560933
0.8838218425808009
0.2235346474335529
0.6745269780803937
0.5548924751637969
0.9215761808736715
0.13353538923547603
0.5997543217381462
0.36676409415667877
0.08281322880066
0.7528630151355173
0.49283769336761907
0.2636770850804169
0.23045381263364106
0.6582327155338135
0.5253467171569355
0.4658938115462661
0.3328063990629744
0.0028218487568665296
0.9928995937807485
0.5138244989211671
0.4800108877825551
0.28413409713539295
0.14900182621204294
0.5920797754079103
0.2686825487180613
0.1988447057956364
0.7215160288324114
0.6804232139256783
0.04589400696568191
0.8852644869766664
0.2192114577628672
0.686823191557778
0.53238778677769
0.40283672156510875
0.4594599154952448
0.31960306377732195
0.05197129212319851
0.9225619956559967
0.18574436381459236
0.5348908938176464
0.9010367337614298
0.7109530064626597
0.21870348328957334
0.7032257772807498
0.7029777159041259
0.7269152725639287
0.663174770801561
0.521259874018142
0.9389059694076423
0.12145347849582322
0.8194091104669496
0.8025342586333863
0.9232287613558583
0.6840543222497217
0.03838406939757988
0.8956740668218117
0.18799878063146025
0.7485084287764039
0.6282291876268573
0.1202792499680072
0.8237353900622111
0.28416492382530123
0.14895481857820414
0.5922425690514501
0.7688704720349051
0.9482763425912708
0.5975592708564363
0.3693477253546007
0.07198764666100033
0.7868256083456799
0.8922799548017792
0.7009173572878353
0.23207171045942232
0.669508738181321
0.513468635850586
0.48181222152197734
0.29345528574776836
0.13989592844154686
0.6027784165635239
0.8482747517991811
0.8614257659646682
0.8377604230190627
0.7786458006012253
0.9570314229349606
0.5664058157126419
0.3066414722125046
0.16601441588136367
0.5048848815786187
0.985345376218902
0.029798490839311853
0.9555483284639195
0.5715760109596886
0.2852923704776913
0.14414421768742613
0.5730910335259978
0.7821025797456969
0.4050951082317624
0.4558572539826855
0.3212266466289293
0.03775255408254452
0.8965086332755163
0.6952785566099919
0.2383646050002426
0.644292314973427
0.572738945716992
0.2825003258767538
0.15254393380018882
0.5856448688136879
0.754620154883014
0.48649430452496745
0.27491306990850717
0.21676981876953505
0.7080637089384254
0.6883929605246522
0.24866392905823886
0.6270656203560065
0.6189737976528704
0.32545166317140684
0.04319661049521528
0.8902994888776448
0.22705082671018317
0.6625975955103058
0.5227052298432682
0.942626499250764
0.1099862736009527
0.8419175929157063
0.7693502997863106
0.9475643352488987
0.594891247979831
0.3715954177896492
0.0688284800562542
0.803987694584066
0.42690442272578366
0.42245261173229665
0.435811531933723
0.40936468230211176
0.4020967911928892
0.46350563687155955
0.3360469062172342
0.031089955824427307
0.9533992234792095
0.07734764798078686
0.7907244992384221
0.3805944135528989
0.48599386427667923
0.2788371975766495
0.2089433787332382
0.6885385348869022
0.7468858166248538
0.13174665323458612
0.6158690401061904
0.8340723600704223
0.7575905064004473
0.9887139086495154
0.5189071248169057
0.4483317511039786
0.3474322629335802
0.1195684565755073
0.8216536808758974
0.7852201554342173
0.8943443047464825
0.6976719356607646
0.2200946201919578
0.6840793216542806
0.5383343923022039
0.39573904778808355
0.43813450817833655
0.3731346251734067
0.06618497974704951
0.8070717293012422
0.41539371956605464
0.37899229078902863
0.4880616048758384
0.2758460392651614
0.21224011489539407
0.7148448972438928
0.7109343784977682
0.1914121275767684
0.7382731642283034
0.6504105934873223
0.08783209038665518
0.7784350575821009
0.4578390627284534
0.31522553323884495
0.05554692994337529
0.9206395607616287
0.13491671963129193
0.5952943918236997
0.8728136045974679
0.8178438583854586
0.7971757531049661
0.936686601198744
0.6577184448833577
0.029291592712979764
0.9580167231324594
0.06344987510237843
0.8110847008356359
0.40862474945606664
0.39982018087175675
0.465215080534108
0.33543403129442595
0.005157275445526466
0.984573732217541
0.030959579918999225
0.9538357800629456
0.07632843512692489
0.7924990695901215
0.877879130130168
0.7427678343956359
0.1390366218984127
0.6045564040250611
0.8474683798849583
0.8695487863733433
0.8216572050587274
0.7856387735810131
0.8938113129115663
0.698467988811899
0.22233480494469404
0.6821390352852177
0.5395205710083246
0.38214019121369347
0.4894122156256344
0.266141136031365
0.20161885287961923
0.7297995023836847
0.6592346567776985
0.027265171287581325
0.9630258986435365
0.08750665048137307
0.7791557931050193
0.4583585795480758
0.312599580938695
0.062354460038477555
0.9066061754710972
0.6553500056616031
0.07984843041049317
0.7631622003682423
0.480748937377939
0.2960371362278238
0.13435021237819456
0.5994104387646075
0.860726801038254
0.840305645018816
0.7727537191822194
0.9425620977417566
0.6099033446516842
0.3421649685478769
0.019040152750676498
0.9484910360479262
0.09691110422136262
0.8707504545163829
0.32284541815170087
0.03150946227833629
0.9054716182581615
0.20481149153783917
0.7008432210132014
0.7319540895987302
0.16986109799472615
0.512816608621506
0.9812638742150739
0.5457130703725852
0.38565599429421127
0.4693773472390603
0.31062058222596534
0.15995421109255403
0.5257716844498646
0.9623802204150707
0.5901250095921569
0.27260464400751516
0.19293788142385893
0.7361372990126256
0.6537363115057815
0.5824467641359661
0.7533518976124469
0.49552172239054926
0.2611155844060704
0.22215738354134373
0.6828791738080326
0.5421831286803354
0.8786389435699675
0.24480122435488738
0.6328604188747704
0.10149539116537198
0.863446823641425
0.3315561609924771
0.010724306834163144
0.9692804802907631
0.5609279896016233
0.4096456693368964
0.40164788041147403
0.46401123018586077
0.33942211233079433
0.02617000785539858
0.9618498273484875
0.09244352942914702
0.7676008288981393
0.9472088008769788
0.5987428480293602
0.3601946695125662
0.0925553108972963
0.768519601871958
0.44588822667719796
0.3498790127050597
0.11641707655508071
0.8337093215377536
0.2516639277455397
0.2477559920225758
0.6305947535438463
0.11099287745309994
0.8413384726445656
0.2714395612711087
0.18854997082962655
0.7468705641513225
0.6317238186602481
0.11593762412667274
0.8341640419967007
0.257361838594079
0.23915609900723211
0.6432496281631757
0.5705564663803671
0.7886965746583883
0.39514081928064115
0.43975977587979287
0.36822307875263505
0.07510874388390221
0.7955481302924454
0.884840058570262
0.7205008802120574
0.18493859097361565
0.5356383472390007
0.8938121572136879
0.6984682455076836
0.22233285388210788
0.6821429168630857
0.5395300336240325
0.8821121541841421
0.23940810971544124
0.6411951662739739
0.07641729287570342
0.792232538893586
0.37854763405630365
0.4947396179486532
0.25813653541263193
0.2255959151952993
0.6777051354583818
0.5479088045249227
0.9344863347068895
0.16273890613229014
0.5215490731643513
0.4451239300542511
0.3636867425229866
0.08142542198766023
0.7612172482477035
0.47194824955658987
0.3078287644602824
0.16768393281381577
0.5026246255438309
0.9924314707750455
0.5152590624638833
0.47717203362844884
0.2874160534411203
0.14751986812916584
0.5682729623513296
0.29798934754217044
0.18415764512610622
0.5373927516629919
0.3975873705348931
0.44298009513295256
0.36116898906766437
0.09109172676107846
0.769735681678867
0.441107832652051
0.36986330038052984
0.07045121758710593
0.7886470041412394
0.39530853007454425
0.4403170566947665
0.3678943559934851
0.07634042468271218
0.792539738904452
0.377841560926754
0.49282337984186597
0.26375670067500323
0.2302537921059411
0.6586478856916074
0.5247279028699268
0.9648788021004293
0.08583353707217611
0.7540974840521812
0.9880127608194016
0.5260537416324951
0.4609880594071001
0.3436746378138196
0.015806711540790275
0.9526695209788159
0.6024412518017925
0.3503078205976635
0.11543947758036666
0.8356378634052817
0.2546247639984358
0.236477256170474
0.6499857897579204
0.5915577423293144
0.2709810698288493
0.18777430776390247
0.7492223872395698
0.6266616154753137
0.6227827164402697
0.8180274713377003
0.29836468448047526
0.1855105742579326
0.5362216564535629
0.8913769975770265
0.7020897522452287
0.22911962465150282
0.6565666447568219
0.5303191767306998
0.4549637730815448
0.3254163421515841
0.04362912371288985
0.8887208501982968
0.23040303599555045
0.6583670373947825
0.5249045498785563
0.4667902577202767
0.33302012362401
0.0009600152552593499
0.998575298464857
0.5023210229701363
0.49364991049515083
0.26196703597088344
0.23363029572647065
0.6656759476463776
0.5054571941727772
0.4861079729744233
0.2787748182017822
0.20735764631535858
0.6904365983500611
0.746083862381056
0.13478242343990132
0.5956552780407947
0.8721745145739987
0.8172418880858459
0.7996670331340283
0.9305196040659212
0.670752017351333
0.010611849138513207
0.9695634927775245
0.061280225054360926
0.9091783036419656
0.1489281000685878
0.5922788803291041
0.7688106411660556
0.44847057716106065
0.347329416195862
0.11963284641387872
0.8207889703626279
0.288355670432793
0.1457145259482786
0.5632009382534306
0.8107476459117606
0.9098591502406634
0.6510995186399668
0.08611012896290049
0.78080842885538
0.4540391269256361
0.3268150380172301
0.041039900737814605
0.8769191030587535
0.24715332372579724
0.6296442878374364
0.6122906020027585
0.3364531120751053
0.029745125415502116
0.956367459759349
0.07329185868729837
0.7850835396675393
0.9005684742587619
0.712441701150965
0.21667880815220997
0.7082402410160284
0.6881358023965731
0.24813082866603509
0.6286925359454472
0.6195833265373949
0.8216092097864021
0.2851950851327274
0.14441507367882878
0.5725017023214605
0.7828568330151029
0.9038722238037735
0.708793812606018
0.18888811458600685
0.746468438039301
0.6323001194978133
0.11455360293621197
0.8283000218507368
0.2651872329006437
0.22746522864326835
0.6627733837522101
0.5215294184163213
0.4451996506541036
0.36350013184710406
0.0817127026093658
0.7603121112042572
0.46915140451164916
0.31190749144298024
0.15766162320505828
0.5276868256914895
0.9600721803726628
0.5681935023167171
0.29810505057685077
0.18381254651467316
0.5387424757063854
0.8950800135789905
0.18985117544070818
0.7435574264964089
0.13716822437709197
0.6087085412291344
0.8525853185565211
0.8485703428741544
0.8619721033028327
0.8359634590451606
0.7812153659760952
0.9532113447203301
0.5779041238711216
0.2895197307225317
0.13215767822111957
0.6142693248402793
0.8290860989654902
0.26419867904041894
0.22888893901836127
0.6577046818274539
0.5276032668771222
0.46015912626171485
0.31809263935429044
0.04849926463793963
0.9350791040051263
0.1620502379955724
0.5167207937629428
0.9500169202801771
0.608202564297244
0.35442384419729933
0.09440520274802111
0.8730563692224678
0.31638056883821264
0.05668715087813325
0.9159535345388576
0.6300379714812152
0.1098863838124089
0.842254332936136
0.2688756479183212
0.19825594322173856
0.7226366343384143
0.681674403429497
0.040919672697782516
0.8800921290821861
0.23507241159677505
0.6545058563060593
0.5817524082958698
0.2604626006796025
0.2189567183086183
0.6872243600373622
0.5319390867953189
0.4044880010187626
0.45676364374230616
0.32292694787611254
0.03129610593896359
0.9061881277884822
0.2032793207326904
0.7026646603771951
0.727497273881454
0.16266207140870392
0.5217846745799761
0.9444968547904864
0.6147519727819599
0.33007002458907664
0.012715331482468173
0.9813866816984955
0.04552501582656987
0.8850854615448043
0.7197657275828533
0.18445281748427078
0.5378293378453236
0.8966299627209082
0.6949138888739981
0.23903270834125578
0.6435032777662855
0.5708940193289891
0.2874731547781266
0.14752612801385112
0.5681639736285433
0.29827485646819696
0.18400035737431608
0.5384531999879982
0.8959930881974287
0.6877506847959012
0.24925883946707472
0.6266086386458483
0.6226262620766647
0.3181672776117921
0.04826954469899647
0.9340125494927634
0.1635032374470029
0.5209215054055676
0.4379247626638971
0.3744243982655462
0.06386125003336929
0.8090315478330012
0.4134252642397769
0.39562455195118673
0.4383024162380025
0.3738140558998566
0.065326066367561
0.8053694940172136
0.9201391394599341
0.6364081362844445
0.09623068268410861
0.8675580387644004
0.3276237458921969
0.04030746823991649
0.8791164078575093
0.23799808803596534
0.6510674958117306
0.08616781089222059
0.7809107334760483
0.45369648473570123
0.32642139101517387
0.04222259146627039
0.8785685240000021
0.24471027799881995
0.6330566846008878
0.6008299678796902
0.36486837785923854
0.07971160279703327
0.7634893035283312
0.9817489724955522
0.5431245745276101
0.3901628954336047
0.4775041080720257
0.2876845542632509
0.14675504888873547
0.5695441115822177
0.8024531757691875
0.9235502016381361
0.6852629592176527
0.03681099641835317
0.8923240838048514
0.20082266262033954
0.7320073095906992
0.6697198230831418
0.5130764016939793
0.9809349676652346
0.04617960788891651
0.8839328432222828
0.7232122211134993
0.17412427469389513
0.5558380065776873
0.9185099116584752
0.1390889605099801
0.6049042879603803
0.34710676776012406
0.12051419643103145
0.8236380935122725
0.2846237260964699
0.15168557575088926
0.5889104314846918
0.27723324176622555
0.21311933008837514
0.7125628531503025
0.7163154310837854
0.7089743743708823
0.6884937110880855
0.7470217165828217
0.6314515009580646
0.6155841158761177
0.8350621791614685
0.2557082431449089
0.2357158319791779
0.6524096387147438
0.585739876376465
0.2543325081351213
0.2377038856211584
0.6517565498652402
0.5893241986923385
0.7766892611107323
0.46388025596388616
0.3398263002745807
0.02543423415045254
0.962781584385084
0.09104683101759292
0.7701854178449139
0.9394656321383081
0.6191223415662535
0.3252399107441306
0.04383371208678
0.8893742906220723
0.22869719649315812
0.6577486532041803
0.02920089109102264
0.9582167582411785
0.0631979679747019
0.8107550780987367
0.9098749639815651
0.6510896043037064
0.0861422223970294
0.7809505499608349
0.4538497868925333
0.32631302808295004
0.04254529348690994
0.8777409055037424
0.7430819856817834
0.1392871459829621
0.6036229373130482
0.8455490745836869
0.8723328910418786
0.816599847516045
0.8005104041076265
0.9323062936891802
0.6641025422140956
0.00769522407790646
0.9885110502073076
0.019194209773559123
0.9478323732328136
0.09400292127975263
0.8742415341548622
0.8141348314820789
0.8101135572069325
0.9120307920966297
0.64173685683636
0.0748112999717705
0.7952690140518826
0.3858489968115464
0.4725112967134919
0.30698393456987105
0.16514971604919992
0.5047187396266963
0.9870701467734762
0.5243852681014687
0.467343726370018
0.3304790302354377
0.00917385719367303
0.9730942486785352
0.5501434485777281
0.4327351647079922
0.41779583765310235
0.3772280205739662
0.4933162952947896
0.2622839139366988
0.23267967952415347
0.6672163391194772
0.5035742581821978
0.49465393129503354
0.25826420573866926
0.22591931102215312
0.6767786004056688
0.5477918971446343
0.4361538018565625
0.40851535738329403
0.3994650529057253
0.4657443336909637
0.3346548168628942
0.005891774111660197
0.9920931338565424
0.5197343188920058
0.44110361742787063
0.3698654183826875
0.07044982773368247
0.7886734030907974
0.8953628478921019
0.6902961845626123
0.24300001468509436
0.6394138727046084
0.6044634627178311
0.3442966797738336
0.1234480427519884
0.8158131412637886
0.3080537403584458
0.1673331007186789
0.5030367848230526
0.4959403804386966
0.26002649797010235
0.2199229110556189
0.6843082630075514
0.037274055590387434
0.8979626142827328
0.19236362824449316
0.7368490442459006
0.6488281962519977
0.5932288697513286
0.7669276427768636
0.44921983397216536
0.3593717535259202
0.10156857370748185
0.851553989428794
0.363302034616936
0.08197153735090978
0.7598843424348161
0.9705269710975699
0.5598651242326014
0.41032468219054863
0.3941024115483742
0.44815350478165783
0.34438702976331115
0.12313275222550146
0.8161868425377179
0.3070956812298391
0.16536380595061928
0.5039085821190383
0.988274909381289
0.5254021773580462
0.4628752052667551
0.3408587088051718
0.020392628997797146
0.9401757046580315
0.617326304258313
0.3277109936461784
0.03983805308234878
0.8817259561037645
0.7409496786422096
0.14664834301220253
0.5698262853838969
0.8017516172549222
0.4243297522480134
0.43015767028555274
0.4211854692257475
0.3839250067539979
0.47324603504966944
0.299165165721206
0.18078269637771882
0.5437693069688976
0.3894551889388822
0.4794159704761114
0.28192115607089363
0.15432784621953033
0.5819390321557876
0.7599651080672629
0.9704099260270596
0.5602859630598687
0.4117845483706333
0.39209312552702613
0.45116745901759714
0.3564558713405859
0.10641840499010868
0.8579658447997645
0.8539213645854034
0.845096918521449
0.8715697461157106
0.81960661575431
0.8019659912679344
0.9225703488918953
0.6857572763110511
0.034872358839493245
0.9010687393310945
0.21117203368339688
0.7184001673886087
0.7036862911772914
0.20146028441376984
0.7296251172374468
0.6597628440940753
0.026240625011269003
0.9617415725078899
0.09256326328613795
0.768458207603544
0.9460074919625185
0.5998220416367985
0.36689997161738575
0.08271073081414215
0.7521736850321759
0.4938251659332309
0.2632300438126549
0.2323591219901573
0.6691014499228913
0.5122324779222254
0.9828720498189796
0.04232776435674168
0.8779451778391376
0.7460476291016676
0.13486538431607187
0.5955565892800223
0.8724280532915145
0.8164880985277705
0.8005383458803408
0.9321252188528888
0.6652904508518986
0.004139773256611079
0.987932999356417
0.025948288035579026
0.9612188279570546
0.0929169783485122
0.7671570603561122
0.4509804660046939
0.356862201821059
0.10588131190161221
0.858824110153364
0.3529387623129878
0.09804900677409023
0.862756972637726
0.3391964288894087
0.026394515502033755
0.9648037717270199
0.08795906373416074
0.7751965353963897
0.9662354413303547
0.5824538587476127
0.25333748589036986
0.2454861213627737
0.6362236464919988
0.5969380066089798
0.8703411369642708
0.32388380929478444
0.03372085792943835
0.8988826172135305
0.21808637911453843
0.7041393001272809
0.7000930674839765
0.23309602326480672
0.6662527925509494
0.501600502175279
0.4976612362661399
0.2557092856441159
0.23571045033168048
0.652419126330642
0.5857333150925115
0.25427741516614333
0.23777841476839967
0.6516400751424953
0.08906895731342956
0.777048861811636
0.4635933857643977
0.3361193580494728
0.030794369376963004
0.9540039534622338
0.07687148154946044
0.7912194941018242
0.37664932655752636
0.4977992685744539
0.25549991996376775
0.23595214620581828
0.6541304479760583
0.5832636533887126
0.25022811791859567
0.24967357746209018
0.625493699015351
0.6235213690961245
0.8157023336098064
0.3078205370402429
0.1676642062375322
0.5026836601027753
0.9923133326810785
0.5152531752828509
0.47736533283023164
0.28787733215722255
0.1473543370666448
0.569045715034008
0.3029561489238404
0.17935789385228418
0.5512919200991746
0.9242604266037233
0.6810151813551784
0.04305988171836361
0.890396991831949
0.2270036952686496
0.6634312842797954
0.5206010976398829
0.9383519175753463
0.12384432079852559
0.8152346989372745
0.8055981454090215
0.9205710811074823
0.6347714852890931
0.09569508145796135
0.8720901562192012
0.31732456004829146
0.049431445193476975
0.930006140464684
0.1709402332198806
0.5096457426261622
0.9738704079354648
0.04749737636302598
0.9356521152658388
0.6600142481620423
0.02573000470874831
0.9620307308796328
0.09064579440746456
0.7722520698735025
0.4442315342021175
0.3659138356160838
0.08420499053318053
0.75749683714821
0.48881625646026805
0.26800394876045175
0.19668815180193633
0.7230465921747964
0.6752588060917333
0.0579448263742961
0.9169968858186621
0.12889354201615788
0.6191635659197345
0.32223503111163154
0.03620923662674613
0.8913722954457626
0.7021263776696287
0.22904093220131472
0.6566379508294631
0.5307072493305895
0.9544589269498829
0.07430093039874919
0.7966380700236186
0.8832902046269737
0.7258478657458909
0.17694863211363554
0.5475843213207554
0.9357189778238535
0.6597169283195399
0.026301411038730294
0.9615897729818244
0.09179884465993382
0.7695253422716632
0.947278423293028
0.5956844200845808
0.3721155844978057
0.06726961708045565
0.799534004268935
0.42985869926633313
0.42144296344486065
0.3837056524353102
0.47522582634701394
0.30284828119329177
0.1795247768459376
0.5510254540422466
0.9250486379605718
0.6832279509399086
0.04162541887490079
0.8753064914781135
0.24908112187404186
0.6268685102404561
0.6222126165521331
0.31695624184794724
0.04913157245027833
0.9308202263491694
0.16848242332343943
0.5141221269732341
0.479827705246862
0.28419523997581564
0.15229717930196784
0.587991241220152
0.7752437538583763
0.9661722267046571
0.5821199165075086
0.2536836141371168
0.24457400318351574
0.6341470918850973
0.0977376788505353
0.8630375617940444
0.33837823700741865
0.0246593322372064
0.9650845895230304
0.0855773885268718
0.7545084359298926
0.4866536852205172
0.27441412265761755
0.21582013214356266
0.7094730465614703
0.6938470861059614
0.24145647347904742
0.6457484599377494
0.5631170539418235
0.31065936951199546
0.15998942384612747
0.525646973750554
0.4621419193572365
0.34049480719841085
0.0214844151341822
0.9453123843704816
0.11328148312168196
0.8320309007831383
0.25976619581342675
0.2207015628227964
0.6845732555666473
0.5361287890118547
0.3930763753596693
0.4457715295429807
0.3508873373793904
0.11441791569814086
0.8286325800872874
0.26410260517150164
0.22985323236207478
0.6592485928267706
0.5271370340196881
0.9632774734927807
0.08734283727244474
0.7777079086517915
0.9600270869559608
0.5681610957835801
0.2982785953208804
0.1839909217960667
0.5384820346080232
0.8959512951842044
0.18781754109659232
0.7490678620524704
0.12684083211934194
0.6222851214406546
0.8170744293020107
0.7988644686993212
0.931541301717516
0.6691325673018582
0.012438883073627949
0.982570485182805
0.042566551361232996
0.8777096070989501
0.24313035723753273
0.6392421985219698
0.6037673574173823
0.34495932288700715
0.12172298345831223
0.8184303577290848
0.8044752297573723
0.9261745347175747
0.6752543255570345
0.057927403307985514
0.9170381079602521
0.12884482007939368
0.6192939575703349
0.8218068637070246
0.7870660561602563
0.8916705054580234
0.6999884849064983
0.23329698876477778
0.666688743251143
0.5002415735507384
0.49963776260847226
0.2505984308954794
0.24837779917288572
0.6279530540050473
0.6210617998731323
0.32234502327628434
0.03296969851362519
0.9037815627234522
0.20733125557308085
0.6905901565914974
0.2456123637384735
0.6357323260453995
0.5942549957544543
0.37348743877373636
0.06577786288107745
0.807720923126908
0.41783043384202756
0.37729891343042254
0.49325585828046314
0.26257251438801177
0.23321690445300192
0.666806786757661
0.5008905094582587
0.4986738676088862
0.25202594671281986
0.2439414045365993
0.6380709167569876
0.10593163216253743
0.8586884328105953
0.3527219331008382
0.09817552033928223
0.8617241467582062
0.8373577339225449
0.777661012718454
0.9600048597785644
0.5682486711884849
0.2980672253179364
0.18425903815659694
0.5371530974807683
0.8983281776600052
0.19163139155716635
0.7379606143804267
0.15088690031552687
0.5864024057809729
0.7805683788901661
0.45426959605538286
0.32476780377328396
0.0453192516870331
0.8861370571248699
0.22212593621225096
0.6829320733668283
0.04202417429769412
0.8788126760919113
0.2443439824564848
0.6344610716914758
0.0993634084588848
0.8609654953179415
0.34142540401080623
0.021310120617272332
0.9387552294647321
0.6212346101528965
0.31989548477577046
0.05154434221913107
0.924712676438503
0.6803750490653329
0.0451188997249119
0.8864539840433281
0.22134501265827566
0.6797149643243756
0.5468358377111144
0.3828798879403621
0.47636987289297394
0.30120082167559303
0.17522058682516217
0.5580328465148341
0.9174140610266477
0.6283350784215145
0.1204879290307872
0.8237180693249684
0.2844471965217963
0.15157937500043772
0.5895569402200636
0.7760727173299529
0.9611546301748604
0.5934396250522695
0.2661518420209177
0.20154515563626774
0.7299703563330695
0.15943950525252149
0.5265649526554625
0.9645777401747182
0.5885360758402385
0.273455549729988
0.21869723775307648
0.7032223274291027
0.7029952243028674
0.7268868790997658
0.6630893679393921
0.5214794831408653
0.9384849773778114
0.12204626519815065
0.8189000146230683
0.8031527655548416
0.9291288511012681
0.6771771563217044
0.04729148367187008
0.9369375352689531
0.15764781256439164
0.52775355920312
0.9603402206266765
0.06785363287781365
0.7971627664519474
0.9366585097159259
0.6578193662571721
0.029157511598896235
0.9583562209445518
0.06260299880523235
0.8123626649321523
0.4065933356177993
0.4053726021957118
0.45494465169031173
0.32551945708109997
0.042978503595804796
0.8905960683187004
0.22662117221625522
0.6639766160224099
0.5196696435159538
0.940991243958706
0.11991763676633127
0.8211774750379845
0.7878117749351077
0.8966659937868826
0.6948579500312917
0.23916155862389132
0.6432760131719988
0.5705207778373733
0.2887815852300264
0.14522969143581577
0.5646582370391116
0.30634097423171625
0.1696638011781033
0.5133328224474099
0.9820168361184187
0.5446826394181699
0.388168879726436
0.4807417752163019
0.29609980279929005
0.13447148268460296
0.599337389547145
0.8610162002150901
0.8413531146943569
0.7713718786253594
0.9386919923708774
0.6217624580021948
0.3183944173506461
0.05458272373653017
0.9259735085943248
0.17551218328299
0.5572980291035492
0.9141197438875679
0.13272854362730868
0.6134224742418155
0.33160758711164817
0.01055382689810358
0.9696438462415244
0.06116123480023816
0.9083134907123167
0.15023294757702388
0.5910873613320291
0.2697448152466677
0.19111644951044582
0.7448270962049719
0.6330340381828137
0.1012336544226855
0.8637900789908599
0.3305071690119803
0.009152621467364952
0.97272175483522
0.05058482396998443
0.9320620563812554
0.6654483884922229
0.004284567490685731
0.9877760308154393
0.0266529479122255
0.9639917152235284
0.5894701872603036
0.27619850798510015
0.21170961621101014
0.7176569144066889
0.7057965278218035
0.695461447845446
0.7261577052122448
0.6765183216484729
0.5497920494817663
0.9301987922808621
0.17037927560159005
0.511063405778259
0.47169378952821717
0.3085736195498612
0.16604681019089185
0.5018598873575684
0.9972721736994572
0.5045876509975642
0.48654222389450297
0.2750847363786306
0.21634029629058205
0.7088896176719572
0.6886807473492809
0.24677262199111283
0.6310924144636374
0.6168394979322329
0.3325917875044979
0.002230121084721759
0.9933103128569201
0.5122948620119132
0.4826887797098607
0.29217941404203884
0.12864974749390967
0.6197775810724124
0.32039851642912254
0.038842906564241275
0.8949867636838462
0.19075544161023572
0.7451188939448912
0.6367162532696966
0.5957074067846406
0.8691284823289607
0.3252212527731899
0.04391072364524007
0.8892466262623202
0.22878266428597271
0.6574401587422471
0.528030451037921
0.45918265968794003
0.3200455906626303
0.051429390092380345
0.9238479748310056
0.18158227001549676
0.5440606226038653
0.8875261695648078
0.23319442526553757
0.666871824185364
0.0007299247081391513
0.9981732277374249
0.0035279017174616456
0.9949600143299904
0.008571373589802533
0.9755503172345925
0.0533066661155317
0.9280088158557191
0.678909724636469
0.052443854277953506
0.9235621285333764
0.1852157146204263
0.5366392091091257
0.8925252069020644
0.7002930367016234
0.23131494992412627
0.6707355223770719
0.510498532676138
0.4697251073666848
0.31103830205393024
0.15868681424763054
0.5246692043438088
0.9650601327884942
0.5856253608944826
0.2544386123190634
0.23670547708752565
0.6498742477560882
0.5901416610286105
0.7726282970106695
0.44287993261241354
0.36130160838365555
0.0908696427650284
0.770441699802177
0.44010167187661864
0.36719506431836635
0.07811371385469101
0.7890811020915862
0.38276194158243015
0.4883733056776691
0.2694077118067071
0.1975739637564402
0.7197828773932997
0.6844901391596068
0.5377217907516751
0.8966002533270512
0.19514273610548116
0.7385683212196454
0.14368911035126075
0.5738359478709754
0.7840369679615833
0.8992625360842794
0.717648351972457
0.2058780429069884
0.6960973404638935
0.7255159243068192
0.6783964672649745
0.5527870538935531
0.9296165955311153
0.17595060975872912
0.5503518860787153
0.4325308389379643
0.4146884177753236
0.3809347467904445
0.4919833218154963
0.26990242683677934
0.19090336919180118
0.745390171505278
0.6359440172673203
0.09736118162982166
0.8698428747884464
0.32049473421648145
0.038606433634413406
0.8954138339322526
0.19014389361836948
0.7423734995536506
0.14037695055594668
0.602182590024313
0.8497025652904995
0.8670632420107722
0.8323418609215878
0.7529771049157716
0.9960305036511272
0.5099235004163347
0.47023190214531496
0.31049846022506244
0.16123644437175244
0.5164623309101444
0.9520072793820873
0.6043415349558927
0.34459872893057764
0.12385279915179126
0.8152282547962386
0.3055562043155078
0.1706339935772121
0.5099183963320684
0.9702451103366911
0.5605017174384557
0.4112072878633626
0.3913991609879304
0.4520287037594244
0.35424171268823557
0.09388361327000894
0.8746183826588094
0.8133319597109221
0.8113775896490552
0.9090478874277323
0.6492475857376121
0.09254113078350201
0.768538855278166
0.44584032814600505
0.34997971495613456
0.11668683399329893
0.8332786383398343
0.25020794282318093
0.24971951416227967
0.6256992612907197
0.6232496814918704
0.3161030088085681
0.05736728405463509
0.9141970310884062
0.13242798534338363
0.6141194481169805
0.33091223932569847
0.008636583894258365
0.9754637033620384
0.05352808517636731
0.9285270946857054
0.17862097095348872
0.5533728799782693
0.42781633319100365
0.4294444295519497
0.4262664959242102
0.4250553127785679
0.4328526787867304
0.41762415957055055
0.3775081735511776
0.4924850173701998
0.2648201574047562
0.22807684805593453
0.6620427601446863
0.5167632985976525
0.4497125323396176
0.3578962767205667
0.1047633649141062
0.8468848377233371
0.870794139278587
0.8229839851264842
0.7813989967107773
0.9058453142060898
0.7038617879734375
0.20213533914647996
0.7290279646113049
0.6567045815754682
0.030599613848607987
0.9541091329592746
0.07518398587126285
0.7954290542693343
0.3852027010289021
0.4700633667234797
0.3087124888552353
0.163885584770469
0.5198281017655972
0.940602488379227
0.12065195004106499
0.8231793815502897
0.7818942741141655
0.9043224228080362
0.7069939565262757
0.19735592912184075
0.7204763843037654
0.6850067487976048
0.5354972799832467
0.8936632811382879
0.1990636120608542
0.7209663811372593
0.18085087515646592
0.5436956717458088
0.8888031646201853
0.23007726998184808
0.6590442609740421
0.024258621677290648
0.9675493000249844
0.08099608833435923
0.7584156287775841
0.4749292603810318
0.3037504488893319
0.1776165188057348
0.5480836766946595
0.9342303072335199
0.662196429038886
0.023219255497679114
0.9418598017364275
0.11263537430204451
0.8388910286303144
0.2773118034237996
0.21296930089010857
0.712655311304843
0.7162821156089194
0.20732465013861656
0.6906076296872925
0.7456438578665257
0.1356270200922154
0.5944725518056657
0.8731857182574458
0.8159921441692859
0.8074163982528262
0.9149287377367727
0.6315756390686147
0.11539641785202548
0.8354541135195177
0.25486813916359097
0.2368453313538339
0.6488828750734683
0.5930900325183757
0.2666340321302414
0.20009797808597796
0.7331210673146416
0.6662183105072472
0.5016502888465766
0.9977963711426128
0.005504646251210943
0.98594654223416
0.5291521456674673
0.45835079974494874
0.31261116682435386
0.062334346846910194
0.9065028979675844
0.6554913926520385
0.07975995796732605
0.7632384234748315
0.4823420182801783
0.294081906293286
0.13730779409524985
0.6077628397615626
0.3546008687117137
0.09750086514395662
0.8694046017481014
0.8214749625767581
0.7858816815423779
0.8927135576377623
0.6968803132767789
0.22445874678669497
0.6732119766238611
0.55866731016431
0.41386089293519035
0.39491116235149093
0.4408980201696977
0.3703954252123367
0.07338952578720637
0.7847530945437029
0.9011499616899528
0.7118756126146764
0.21735052106669173
0.7053703131095972
0.6964659600635059
0.2231867527589202
0.674208825425012
0.5561311105266213
0.4182487995713018
0.3897872777597513
0.47810149783617817
0.2869086182618048
0.14197947629145347
0.5746909988520201
0.7961823903606273
0.8839165044482797
0.7232528817257844
0.17416175018297508
0.5556843383528758
0.9188844895979855
0.13928192309685983
0.603821316268295
0.3447860534652136
0.1219820837432053
0.8189957410504576
0.30282135942252353
0.1794697705481667
0.5512339983833954
0.4251328918035142
0.43264729363727383
0.41792374072247185
0.3770283949561417
0.493937181745423
0.2630615767848212
0.23095695313531905
0.671142711857101
0.5090328239020891
0.47326741251163185
0.29894911401788704
0.18146022272412665
0.5442435800796375
0.38688563503092155
0.48389675220823847
0.2900089622416999
0.1314080952142831
0.6156321171147283
0.8353546253056265
0.7553319053258747
0.9846865212894045
0.5303250144352205
0.4550092248246074
0.3253674469597172
0.0435059164010454
0.8890945630846545
0.7299000594648533
0.15954831679118797
0.5268482139508706
0.9641260594362393
0.5890897266217507
0.2770119772758335
0.21339782836730592
0.7113745401438791
0.7181102662871126
0.7042205292091239
0.7000180584436748
0.7332073158177081
0.6669205408834387
0.5006588137766812
0.9981010501796845
0.00382892185007222
0.9942728335736319
0.5093690018984489
0.47448715259088203
0.29815699739265256
0.18365401742630638
0.5389726054854691
0.3946815900853835
0.4409995762107428
0.3698747494199779
0.07128657758585177
0.7876018978131469
0.3969605872989632
0.444605943543138
0.36446744843851775
0.0788214716303628
0.7638789919728879
0.4801908056542743
0.2838958994252607
0.14862768605235033
0.5934957788849715
0.7662510122463573
0.4512475811934564
0.35526416322682053
0.09607343943207525
0.8686401172017213
0.32448916538851336
0.046107220492558554
0.8844839892117307
0.7243328487384133
0.17354190506739542
0.5602514722559135
0.9118362717563286
0.6422706707962789
0.0757196822669357
0.7948162755637895
0.38789004110731184
0.48118567393976264
0.295082689874107
0.13623630767688155
0.596671884850366
0.8676951387897134
0.8266021580784582
0.792354142817203
0.8780011145863682
0.7458807892980985
0.13516067498130724
0.5951725409540813
0.8714090116554871
0.8193667359300889
0.8026420006062835
0.9230514591909014
0.684278350614477
0.037335737608373165
0.898113349423511
0.19190964568406343
0.7367938616953325
0.6496954844333231
0.0899865799001418
0.7730116335151251
0.4421962239430286
0.3622199183155317
0.08656867814715952
0.7793591259687673
0.45684453495778143
0.3226697065110784
0.03261250784271397
0.9027731283567846
0.7103210966452025
0.192456801480148
0.7351510532025713
0.6551642407721374
0.5807917142810766
0.7579796240024734
0.4760834126791451
0.3017326371045783
0.17436394802643918
0.555112232308602
0.9212990578380413
0.6341741166543216
0.09809348633280024
0.8626416237966623
0.33898561290698126
0.02716784834046848
0.9631852413294837
0.5870844583841972
0.2778854935313575
0.2093962786893826
0.6947099190729205
0.7397227925539482
0.640919493889669
0.5773190794570837
0.7905813869147096
0.3807811880542431
0.4854850558331236
0.27792552529717796
0.2093447626393754
0.6944095595972613
0.24003288481617346
0.6419812988315243
0.5746875190234277
0.7961758437159006
0.38393472696770914
0.4732343180803582
0.2990909258078318
0.1808574680762831
0.5436715432442725
0.38885370682692155
0.48001290051615797
0.28408240256248973
0.1491365589608904
0.5919999618490692
0.7692285578814335
0.947990746004507
0.5938864936470054
0.37461263180011883
0.06332903381553479
0.8113862714963034
0.9090266316779889
0.6491861098911613
0.09272627666359767
0.7681679095549043
0.44564954104134813
0.35070457102847286
0.11505836376454681
0.8293966022029053
0.26188666303642094
0.23394756505149417
0.6649479127081577
0.5064997058652807
0.9903120136877988
0.02320518545457162
0.9418787597678602
0.6125882546766661
0.33899309212574735
0.02696603609365411
0.9637089957250282
0.5866945410962217
0.28024034964619204
0.20564667854341678
0.6955599865468685
0.7258252855681349
0.6773763223609421
0.5484375247324351
0.9354166272387374
0.1614584279304836
0.5156253954628482
0.45312440959969535
0.3515639228571672
0.10155894269701093
0.8632881077646744
0.3320214704144746
0.009782443958101794
0.9706550572591368
0.05967509237234481
0.9109929281985387
0.6434135804302059
0.07115163403796032
0.7879411578469444
0.39731574049801566
0.4442030192585662
0.36604511699988507
0.08472615559003316
0.7568104852398392
0.4907685842481442
0.27191116733592935
0.19473358883988112
0.7396531875419896
0.6410696582170203
0.07746241200948134
0.790074039978208
0.3797779557353351
0.4870089819887653
0.2736560535558965
0.21843005329719745
0.7036728582752403
0.7015717561007477
0.22988430853001773
0.659633173578186
0.5266980924643576
0.46389058273052797
0.3398117118922528
0.025470213120570406
0.9626572847773787
0.09128098079236224
0.7698325019155163
0.44059202159405686
0.3706070767948404
0.07323983506648801
0.7817439081554767
0.4047710572485812
0.4563262053125072
0.32344645622652024
0.034858459810493514
0.9011122078227345
0.21107683100854047
0.7183321582851931
0.20389303303090855
0.7020416452724021
0.7292022128822282
0.15647136565530673
0.5309217700560112
0.9536326354427729
0.07660211288020946
0.7923542106291279
0.8780010728514753
0.7458809356321581
0.13516126852482557
0.5951717756397557
0.8714072946459055
0.8193730953498743
0.8026338490308262
0.923040647758171
0.6843177703558467
0.03725218080217019
0.8980118169274647
0.19219742264249362
0.7372187110595405
0.14906441693892702
0.591869421856245
0.7693326830049045
0.9476398443803191
0.5951914246543311
0.3713887790800072
0.06950387058896013
0.8023069117916748
0.9237369957263581
0.6847222952055745
0.03572186053497717
0.8928344293672126
0.19651697773952037
0.7233071565569844
0.6738285699975677
0.05663998913951218
0.9189462663780432
0.13769245112780482
0.6079163556860294
0.8539948447723873
0.8449928788468242
0.8712818584754132
0.8200537060038187
0.8014203028287739
0.9239081120467745
0.6814063231577165
0.04440407734364271
0.8870210013992619
0.23355738259851933
0.6655483264185023
0.5058059664443135
0.48546219331910834
0.27815626803203486
0.209726356290048
0.6943072966241743
0.7407809065771289
0.14688564580865204
0.569720249826787
0.8021932091796771
0.9222167810075916
0.6866373775992543
0.03304033650783822
0.9035646223637741
0.20727496000472456
0.6910409308911767
0.7447497004759498
0.13311959919519722
0.6006412023853045
0.8651553239906207
0.8292358895414509
0.7623127459082752
0.9827679313602857
0.5420845352928154
0.37878298916621134
0.4944486596796196
0.25884295036667027
0.22355507453903556
0.674449233309133
0.5547821121290326
0.4217488178401254
0.383127926470479
0.47561657647020184
0.3026424582058098
0.1730507135798689
0.5592792470415588
0.9123333793249913
0.6481024927925318
0.06692331930389628
0.7992739999608602
0.430979632132221
0.4179999521293212
0.39053173537831753
0.47676439324277453
0.2887675582023803
0.14523331634700298
0.5646357647783589
0.8061837870627642
0.9198289457126521
0.6378959837020375
0.10614908928982913
0.8576397737197112
0.35515145445242524
0.09624779268051498
0.8675953143101651
0.3275173317233566
0.04052048595622182
0.8791646123572718
0.23752846498973668
0.6520081211056095
0.5884092306951061
0.27388042031088844
0.21809330934775062
0.7041410453384742
0.20007749780779704
0.7331422235292848
0.6661634659976698
0.0015525275375694036
0.997827635583235
0.005334701621904969
0.9847080923791509
0.030292695038951933
0.9550206527055707
0.07531228457810357
0.7937699158501346
0.3894422055745963
0.47938966704532504
0.28192448706249706
0.15453648430411704
0.5816761277383193
0.26034795626765117
0.21910889106220566
0.6865988216304686
0.5329989286256023
0.40369150531478226
0.45750491341459565
0.31570249763899483
0.05781927751377225
0.9176732585474383
0.12765653734095395
0.6173684701498132
0.8276724551105872
0.7899325439357199
0.8815452235285193
0.7404570646467619
0.1481075190822594
0.5669107602152508
0.7992677219444886
0.9310136861749925
0.6680701801087707
0.015473467705305666
0.9769257123989519
0.038153513392899185
0.8962925465602893
0.18889508154825307
0.7465122792636976
0.13225445098942146
0.6146762532589491
0.8285436146543361
0.7650667277630419
0.9779571075341664
0.5355750092421658
0.39397226739674807
0.4486554423056077
0.34710313242976554
0.12052152527030557
0.8236275030940305
0.2846106553915888
0.15172787682968192
0.5889374666439835
0.7771355971053708
0.4632736722996924
0.33735426247585565
0.027692556934198365
0.9600653632951435
0.06821847247192636
0.7982017954636831
0.43369449154124595
0.41391524800565094
0.3948839869990479
0.44051868401584215
0.3708687323378399
0.07269661183818243
0.7825872286630329
0.40241387771675363
0.46072950566303916
0.31678887677844614
0.05024405705626123
0.9329664374527056
0.16709490786888637
0.5037562302313745
0.49449943186482415
0.25886502591311
0.22342737470171414
0.6746885803004261
0.5554115705308504
0.42006458225660026
0.38629303404013626
0.47149452616577037
0.3055776342516765
0.17054754818673246
0.5098417357366998
0.9704975291679148
0.05994356007431634
0.9106345128966495
0.6438143334235065
0.07343981246231124
0.7848908228043001
0.4010367883602157
0.460954593581846
0.343701535690343
0.01572851589298807
0.9529861324408557
0.1019091455382295
0.8506806271907408
0.3651076621899847
0.07941781496629119
0.7617519665218424
0.4842765452340245
0.28927515164832585
0.13252501052920707
0.6139606334036216
0.33029887214070186
0.009450253419345245
0.974167025735369
0.048766633321065456
0.9347237956535537
0.1606737339461688
0.5180228422395885
0.44660287065198645
0.347691463859519
0.11317699434584938
0.8380814037227537
0.27512348612071946
0.21648046866175719
0.7085453720064834
0.18938690383220091
0.747230917942943
0.6294015933817718
0.6118063504400197
0.8371737674169708
0.2775411977490876
0.21067227807361633
0.6920520696730819
0.736344094213564
0.15034306864254177
0.590922928386135
0.7703579575754702
0.9403007835499011
0.6179950305377133
0.32694529462605715
0.04187060982803814
0.8757309452921618
0.24817214385257103
0.6285353613784537
0.11994540359592065
0.8210776516643818
0.28798775846371427
0.14718334449571557
0.5685641159070656
0.30438807856990024
0.1765059458266478
0.5489694770949427
0.9312169109762181
0.16973371655330993
0.5130998896202073
0.48084226570790634
0.296375776961213
0.13405081172822975
0.5978482624923345
0.8630104309995659
0.8385505313053727
0.7734928996651433
0.9686677666031756
0.5782522617373616
0.26524387969402596
0.22738560076686554
0.6628587261366192
0.5224127746478189
0.9439508969953749
0.11558459806838073
0.8350616958923638
0.7557121128193103
0.9857041903887875
0.5274329083040357
0.46071268705418333
0.31683654952212237
0.05016682515270077
0.9326883862668183
0.16775515378685668
0.5023498151276726
0.9936066334194038
0.012038997054332867
0.9834369923919439
0.54090064013144
0.3801168688223697
0.4850010162044782
0.27937262726482004
0.20682660627062432
0.697636012249859
0.7202029108593706
0.6838639038905967
0.5382949960476253
0.8962056270393077
0.18917342837085016
0.7477647847263142
0.13058442826149985
0.6110388950619381
0.8415052272612229
0.7712207190343179
0.9391201899852604
0.6225821500993334
0.3183271701564081
0.04793135731597431
0.9343361946521327
0.6630558717879467
0.022033021494280547
0.9437572343449574
0.1166043613338843
0.8334564218239393
0.25031229137675837
0.24907430916209705
0.6268768477020785
0.12225337064592168
0.8169251500803512
0.29922471765894443
0.18110690600587986
0.5432883229514118
0.8896883659181185
0.7283986348193139
0.16136173432460055
0.5162657504843082
0.9512484057922848
0.6052395133301616
0.34616911032935604
0.11844475017278455
0.8243627863412257
0.29645338404225186
0.13359184938599356
0.6005217469064519
0.3658811991917901
0.08400691460701637
0.7577558510529343
0.48839031302486546
0.26937207381706685
0.19753720352309756
0.719931543484563
0.6842714529775549
0.5373442805430386
0.8980932777340058
0.19196120792184956
0.7366191203473136
0.1495939355227165
0.5903685956436675
0.7718725410522893
0.9447688530781306
0.6146098270546645
0.3282135305344127
0.015402563469251618
0.97699639791972
0.038443139812443405
0.8955902362067718
0.18823950123623945
0.7490133609389886
0.1274570593959652
0.617629428714281
0.8274931312189437
0.7901347873266786
0.8797484044334851
0.7371481054578908
0.14919510576874018
0.5927366288087796
0.7681545824743807
0.9455788791528903
0.6007738628541119
0.3649758594110608
0.07974116594414227
0.7632618532807101
0.48218718395219184
0.2944079873850569
0.13700922994758002
0.60857989572105
0.8530609059671406
0.3495137547433842
0.11056008783634752
0.8405381026386749
0.27169777010567486
0.19502303304034285
0.7389672358112875
0.6428004899353255
0.5719342235533986
0.7866387361718807
0.39252591264084913
0.4502909149741754
0.35631144742364995
0.10824071362731047
0.8542712480993941
0.8446951057412662
0.8736133358906955
0.814709699654486
0.8058899851166643
0.9186236320529133
0.638681641954463
0.1054398023406975
0.8457618371758144
0.369054613285698
0.0753339879156556
0.7935298847442027
0.3889612679486163
0.47962317991186865
0.28476344037335366
0.1512335317383986
0.5867560875194613
0.7800532472610939
0.4560211472271476
0.3208835212280974
0.03736016570474021
0.8976960659783799
0.19301455761888064
0.7359079527668655
0.15410363947739825
0.5834202697442379
0.750426544167567
0.9994213385507464
0.5013701058342122
0.49654200120130554
0.2571487070817966
0.23930749052669853
0.641528863896383
0.5768379599321634
0.2910550787928514
0.12683493990334682
0.622302802890772
0.8170417771034408
0.2989134489616845
0.18142350029665977
0.5443945076258387
0.8870296262321062
0.7334452036302537
0.16595163097372279
0.5050417842285242
0.9848844914813526
0.5297314142808318
0.4564099963172339
0.32332067293464206
0.034920868318295106
0.9008527163823601
0.2122062657144852
0.7150206032965798
0.7104915295785759
0.692275128007168
0.7370393332384992
0.6485953255614731
0.5932772347296122
0.7665550145611633
0.4517610025650356
0.353856690810062
0.09483489961712621
0.8719156904553529
0.3191121409763582
0.053649905166821554
0.9283447227207944
0.6780395602690987
0.05377194442553446
0.9276428797456902
0.17300406622234732
0.5591584607900586
0.9123683700454421
0.6476829473394901
0.06803024950204417
0.7983615246776026
0.4354917189339176
0.4112467822560575
0.3914384765957948
0.45190670000738464
0.3544849782192614
0.0942529401218053
0.8735132909787353
0.31570890644798055
0.05775728521985002
0.9175498102558777
0.6277219715411775
0.11806463281391189
0.8268476945522707
0.291246478096582
0.12661151782958768
0.6226476969604846
0.8181347076897509
0.7982820384204388
0.9339556544437073
0.6631577388034202
0.021273739403113723
0.9388691079511773
0.1215465844143182
0.8196647271688562
0.30178734997753054
0.17280822488828562
0.561104216001695
0.9084848231286742
0.6495566272642463
0.0903933210647665
0.771788787416881
0.4444901785464026
0.36477438526344486
0.08003759884741157
0.7627582405402791
0.48125937511213124
0.29581160956877284
0.13539369092904963
0.5938189458101988
0.37479318300029263
0.06288680629222654
0.8119524659996387
0.40759022283600643
0.40240864086081274
0.46074284601490945
0.3168279903184157
0.05021063206368126
0.932988662738353
0.6674670599750243
0.0032015976612456143
0.9953201525204349
0.011416241439292207
0.9714287595124915
0.5548236142494716
0.4214879765640944
0.3836379525891971
0.47546189327840693
0.303532762802206
0.17851306076045148
0.5536484450858552
0.9283783986757044
0.17776028395746835
0.5546526935650036
0.42586802755249664
0.4255604876379948
0.43209693921380676
0.41536262864246964
0.37891688241506927
0.4882541590195615
0.27544666931498796
0.21280760745867155
0.715948684461182
0.7076324029476382
0.18978032818995416
0.7431696601852309
0.6376813140232116
0.10793689283309504
0.8539656584325712
0.3450357416877523
0.12114307293086313
0.8202463983034249
0.30094149737851694
0.17530050783534534
0.5576059388695285
0.4145695689949207
0.381296855135588
0.49154679305502214
0.2706294166855514
0.1882943836681079
0.7488389541686047
0.6278404429613147
0.6178220616711769
0.8262600632442627
0.29274683762923814
0.12738529907073826
0.6185154947161209
0.8243088677991182
0.7966492280247621
0.8832504485617392
0.7259251425857656
0.17687467503128573
0.547676451242296
0.9363169564167038
0.6590778995887376
0.02410907461307943
0.9670407524972688
0.08166568004526198
0.7603741280909162
0.46905890258494765
0.31157889738096856
0.15812071211985312
0.528447867691284
0.9576277696178295
0.5647852492984384
0.3056862246594392
0.16888965977705084
0.5142684682214167
0.9788492059451528
0.5322469717357308
0.4032597180339508
0.45959409765782766
0.3186655250901822
0.053769059013575315
0.927649130084319
0.17299492890015244
0.5591497500136029
0.9124049909878522
0.6476297873887233
0.06792919401777908
0.7987429483036976
0.43471339682582766
0.4107131013588514
0.3928720581752714
0.44646045481204055
0.3482005166297313
0.11173267415142618
0.8372876458743121
0.2778212277335115
0.21022225197521038
0.692575431545265
0.23508172255242243
0.6544656025071163
0.5816027497930918
0.7606525760202203
0.4693850459589157
0.3106357561191544
0.15993187154526822
0.5258199528616387
0.9622741147468332
0.08991802067612298
0.7732365083647892
0.9417845091666095
0.6127758977818303
0.3391531628440134
0.026491482480196282
0.9644708653504495
0.08869647377287038
0.7742142806528136
0.9676613632473163
0.5807812630082481
0.25799192319391295
0.22611198920640163
0.6766556228103582
0.5495022461109329
0.9299248009047005
0.17152289315708913
0.5084027121774852
0.4749457733123563
0.30383123698993586
0.17755467476672493
0.5481517678999808
0.9337548220646568
0.6635805976111442
0.020498510624747723
0.9399639439943712
0.11761914624366909
0.827501611871412
0.2901239486527629
0.12966630354640074
0.612265154835768
0.33649295527720824
0.029593855870189145
0.9562276889337227
0.5737766797537915
0.28411800431786105
0.14907935980590992
0.5918244315835182
0.7694918532215524
0.4473326149454806
0.3455120447324589
0.12248669247492217
0.8168204858375248
0.3002253575832583
0.18302616829168983
0.5423725791042671
0.37839777156477794
0.4953925948066171
0.26089372028945945
0.22224683672538958
0.6823808870685752
0.540015869832132
0.38139776582829654
0.49064864122192375
0.27288196471636184
0.19279125367756933
0.7347556645690929
0.65574033674784
0.07938171568093821
0.7618574944499414
0.48395947425160557
0.2898398694524076
0.13172303870669566
0.6159418414754327
0.8341534166247584
0.7573816736694425
0.989173541252967
0.5182081175153144
0.44537579640746117
0.3513727858371567
0.11369018632103689
0.8314351326553151
0.7612101381528191
0.9719543845276348
0.5577696614782326
0.41755698778433725
0.3777004757139366
0.49314173092716374
0.2641966356895864
0.22890400697360747
0.6576591776974965
0.5276962378120515
0.9600504326226655
0.0681355167471338
0.7982789966044948
0.9339596975478344
0.6631476140464656
0.021299420099239796
0.9388770197692793
0.12148490047547966
0.8197875843325164
0.3020913897198625
0.17189545955625363
0.5624392769532278
0.4063711553462781
0.4060686880548019
0.45342753955628723
0.3273054626479279
0.04054459117469378
0.8808076429413632
0.735448346065823
0.15318324998952448
0.5848075926478487
0.7566086758160964
0.9911629879497923
0.5220772551838309
0.4437079869094305
0.3663157315168064
0.08384439875953831
0.7513243420980871
0.9961987118585967
0.5076712715090252
0.4886189855169505
0.2686706324748229
0.19904879716341384
0.7209905389463529
0.18079805321758613
0.5435631287691649
0.8890163861797191
0.7295881581958383
0.1600209366879426
0.5257204355148133
0.9619419677765109
0.5907785629387945
0.2720372028998099
0.19365934407687746
0.7413715162256267
0.6460032349568792
0.06444289744831622
0.809585773589788
0.4110867647686973
0.3931662646064069
0.4456541015242692
0.3507001291436609
0.11507095684646629
0.8293476811086293
0.2619569621165283
0.23402156776865013
0.6646542222006246
0.006209692626725882
0.9913110790948849
0.02133654768113047
0.9388299180136528
0.12117809272604063
0.820098274416523
0.30122478018165566
0.17512206605169922
0.5576619003841188
0.9178569035721011
0.6271669242996722
0.11883500608382747
0.8257149641576689
0.29482908046338707
0.13789579281001352
0.606149375293171
0.8576407733489759
0.8551501324400306
0.8462497759028338
0.8675887110293843
0.8275320350658149
0.7904755314229988
0.8792471984052099
0.7374133768025786
0.15218835993437096
0.588154704979388
0.7745996989542618
0.9655686221667565
0.5841214673127979
0.25742387532955036
0.23911214279360138
0.6434223531687167
0.5711218377691694
0.28785523236729205
0.14744164908188395
0.5688805250974838
0.8031247463368345
0.4291648938378785
0.4270858654053882
0.4218788329453673
0.4374885064025875
0.40627488572499715
0.4062136400898453
0.45321399238309823
0.3278999858011957
0.03949348520836793
0.8821965556999203
0.23932799772592261
0.6413935411546845
0.577042880380759
0.7916985085757915
0.3752288054965902
0.4996720663039014
0.2504955252807122
0.2485245407151524
0.6281917816959321
0.12030868040164933
0.8239506605023053
0.28386567236157134
0.14848916119080968
0.5936808687401935
0.2657975858892314
0.20268493724870495
0.727470788784558
0.6627649315923918
0.5214933980314527
0.9452861243917141
0.11332990360097028
0.8319663520669565
0.7599278534180485
0.9702166107599624
0.5605443455278873
0.4111367351724766
0.39158996389596723
0.45168521426967345
0.3539669190940913
0.09505911552696489
0.8711149132286664
0.320258850522805
0.05089248067815788
0.92561540461611
0.6818941707606427
0.04025777446804568
0.8795624074700754
0.23638911603484303
0.6502991449960973
0.5909727027756162
0.27009618491865695
0.1897120412613731
0.7433865188213531
0.6373636555217672
0.6074406317493413
0.8554177304322366
0.3457951485470403
0.11901785235386342
0.8255016628827434
0.293026608065702
0.14053918243735097
0.6017074397241231
0.8511391005595215
0.8640631670132279
0.8309881360619329
0.7584626288735308
0.9746148048434407
0.554673901933711
0.42580952279968187
0.4257407800469082
0.4317033865081612
0.415830051060766
0.3802837300754618
0.48475976011832245
0.2807115138275549
0.20444021999719553
0.6993368660623673
0.734201760526048
0.6643382291367743
0.5069854903558735
0.9898288701951969
0.017340599006274715
0.9506746859988198
0.6057338970131241
0.3585891381953843
0.10326012506266125
0.8492620250908658
0.8609108572709374
0.8415845275740139
0.7709007539669983
0.9379500948707573
0.6243324891547672
0.31352597259683535
0.059503948054043576
0.9127592012810055
0.14648861953173764
0.5703004429815337
0.3008071008953266
0.17574678055825643
0.556726796698058
0.9157954263791908
0.13033756884397008
0.6097019842127338
0.3427799475030042
0.017569344287039712
0.9502171300118789
0.6063907085335813
0.3580228204955347
0.10384331553359516
0.8447311910567805
0.8720577705535106
0.8188713646377437
0.8031910342979245
0.9290340130100958
0.6767663459177129
0.047827333386521786
0.9360870120290201
0.15862184821162373
0.524831591261318
0.9652570819598623
0.5853847509715706
0.2552866574260406
0.2347615628677886
0.6557007042283658
0.5794677208468784
0.7617798940336797
0.48419173309230246
0.2894594743847847
0.13223192837904207
0.6147019155614544
0.8284430987259839
0.2646922414714936
0.22840611031278968
0.6613583620346617
0.5162796834483743
0.4511826307862066
0.35544129330082797
0.09576005334383808
0.8690593159699347
0.3253175223362632
0.04357868552324362
0.8889778220327571
0.7295521866180934
0.160067219985649
0.5255356458656024
0.9624937106855214
0.5915683940402232
0.27094973187195137
0.18784472628613003
0.7491190991131589
0.12681881542084739
0.6224017159256618
0.8164319969946519
0.8007435850449838
0.9317307339515537
0.6657898700213991
0.005320746742654592
0.9847142128564883
0.030390497209737077
0.9549027775647119
0.5754772141226567
0.2931107261683792
0.14020044120843522
0.6023490878578741
0.8505086294899229
0.3658548905805219
0.08407595555763692
0.7576903898443561
0.4885864859679714
0.268615542066982
0.1991275882755872
0.7208551413787063
0.6812300319434144
0.04468950326554477
0.8881674026779365
0.23075289139524102
0.6710253865167033
0.5093849517870694
0.47445559984771535
0.2981138087052386
0.18378498978563584
0.5387939992360771
0.3951943618594669
0.4395037000940647
0.36906519377953373
0.07537718405365013
0.7934896460210439
0.3890626154025085
0.4799477393098641
0.28450540907215327
0.1513689893472474
0.5898411070520524
0.7753950669721235
0.46287730141193606
0.3408450681017712
0.020474494056543335
0.9400222882104572
0.11743441509315744
0.8273855706502218
0.2906628497003112
0.1304738757899031
0.6111778882041108
0.8411801673937589
0.7696037340792827
0.9412078714813106
0.6195144934463315
0.32175441429717466
0.03545005127671175
0.8937261404062156
0.19878616885398515
0.7215971507830545
0.18030197796178982
0.5450315868656617
0.886562229716219
0.7209722973057069
0.18087161122821271
0.5436683757870924
0.8888758087996393
0.7301647879066877
0.15893191628856584
0.5235669479880016
0.9683729686075822
0.5789357028552331
0.26441359682939947
0.22946691277320497
0.6567843000229914
0.5297233938763384
0.9564529913768638
0.07363661649287678
0.7846276989439502
0.9016737621859647
0.7139247243758291
0.21475888270651922
0.7130336475966033
0.7124643885181285
0.21661082631908357
0.7084108781709801
0.6878872544039041
0.24945812969235703
0.6263317276898306
0.6211732650408521
0.32007931923726574
0.0512421278108377
0.9251053113257512
0.6827808985835873
0.04248287278460339
0.877922475367086
0.24269044390530325
0.6391382814617828
0.10477143485331908
0.8468197889451403
0.3706747581309173
0.07303436344955117
0.7821271494904067
0.40497253072680905
0.4553101549681742
0.32192533009219915
0.03670841045095585
0.892359654273605
0.2006460435804911
0.7308026540849824
0.67091733487905
0.5097144177707378
0.9737254809879232
0.04772616541595198
0.9363465030910447
0.6589882909902371
0.02434269874356687
0.9674534923105966
0.08013771125115454
0.7596772156830411
0.4737807601923123
0.297450637066504
0.18581663243821822
0.5343864833412226
0.9020679183886386
0.7135800754185766
0.21112882572924718
0.7184813705680426
0.7037878372357227
0.20122327259741724
0.7303935982927214
0.6583831023890525
0.024938758637290448
0.9666972530249041
0.08319558633957058
0.7507197280356195
0.4981920661521144
0.2535091762256343
0.24488888320047408
0.6337417211325374
0.6001997970161028
0.36557374033145607
0.08507763498346321
0.7556849331886042
0.4856307566224132
0.2774839320918545
0.21051838013227098
0.6921753289934713
0.7372049085388426
0.6491137161210645
0.5920265297463629
0.7691945183614735
0.4478327189863194
0.34400184301193804
0.12424449200625531
0.814136865810724
0.3101077034662012
0.16204382060095668
0.5167648521892261
