0.23796462709189137
0.5442292252959519
0.36995516654807925
0.6039200385961945
0.625720304108054
0.06552885923981311
0.013167991554874137
0.83746908209646
0.25935401432800764
0.23433096104669637
0.9956448355104628
0.47026350752244794
0.8364614512743888
0.47635320869933495
0.6390681405441619
0.15061642402352393
0.6348606582851885
0.8680453071432968
0.5231812103833013
0.7412518562014903
0.6714114753695926
0.0640314382269973
0.7582302462868173
0.5910995829313176
0.3012676595157123
0.031011751469749993
0.8655272369789456
0.47274908866546683
0.7188239240658031
0.8788128002554817
0.7141294836112025
0.9210986675838745
0.3949634040007439
0.8009087709852283
0.44462105605076063
0.9355867217045211
0.8788666603380416
0.09745430973087721
0.1359688602006689
0.21698694123313733
0.9654801388982029
0.4361618666274293
0.626648290866804
0.3010261984255054
0.5072429838290595
0.38586625884490255
0.35091048877018005
0.5850741074053635
0.5842517929701989
0.9042017708477751
0.6819821366349667
0.928945601200017
0.8564005663967557
0.9909896448688151
0.6712735421625182
0.16309962197106975
0.8606375331162682
0.9646329473090614
0.9046959845122367
0.5691075034743235
0.7138170201741992
0.2111249836755983
0.8316079302733542
0.5735323523512847
0.2849574619862052
0.06346057714522935
0.8539424884226802
0.9898060149215813
0.08851809310972836
0.8005953212575019
0.41046182734590886
0.15076537445280958
0.2938912468190622
0.7687918872773446
0.8727670246282013
0.04419006112954338
0.6145325285318086
0.0449402434960362
0.7184404774485162
0.3309541460190075
0.880905307247358
0.9806357568433396
0.505420373648044
0.9985089453757765
0.309670053476339
0.0769707047054119
0.5997628087966007
0.031377762175317736
0.1973848564284194
0.4079361356169908
0.6104671229673415
0.15619899101356471
0.04243582472120422
0.8677790339277224
0.3138305199160917
0.958659426408455
0.8966596414276016
0.3777892394121827
0.46040963284590475
0.5200729845925639
0.6438887183877269
0.5956502384019705
0.5592610620153905
0.620126135445262
0.9406212554239632
0.5070268159456598
0.43119155343093274
0.7203112521441384
0.23763561946478406
0.3010868611741494
0.9777973164486353
0.521127293281206
0.5484304676868622
0.01145748636421906
0.415210343803882
0.5799652137970656
0.020052890304599336
0.6157979413062568
0.6321805352961154
0.060080510627723016
0.627341109010956
0.4662504296967078
0.6792813980381086
0.35257698304104734
0.706950249365899
0.7380342892520343
0.02218246899080989
0.06057680364579732
0.6760203094873768
0.9633055803862574
0.2511222781834702
0.45631212963637924
0.5926718756664892
0.32002538574800654
0.3639550893399569
0.3126706611969108
0.36915397527695404
0.5956215058575365
0.3004039733655893
0.37716034132891685
0.772273412444121
0.02692120500933004
0.5692580020705822
0.7351731816785095
0.310016695410093
0.222537842793191
0.8038076703949133
0.23869517689784192
0.18739434091794194
0.43523432053282096
0.6980664066748499
0.10184169263187148
0.32196598462126447
0.33375365044867533
0.8335388915573088
0.438430732561387
0.8555351939848865
0.169284232556435
0.33671023504488073
0.6502323762924949
0.8848982719212887
0.45110218428522253
0.22502784272288479
0.12091932471028644
0.5296276283083933
0.19080380585149592
0.8067772376254574
0.8384763790282256
0.18358631330525577
0.2785921420165126
0.8072264181669536
0.6419372564966531
0.806257841135055
0.3452828048875983
0.1296891377961068
0.29194289087055336
0.7938619244841648
0.2711744939142524
0.3463542806668535
0.4169056958734896
0.4197711837912519
0.4095221164490599
0.9206123829876306
0.15599785893835916
0.00466179458314564
0.9432678359191088
0.879978251626048
0.9869136550287957
0.4343523126756511
0.9501611663830228
0.9273772144113385
0.22209073627232123
0.7455230091264191
0.8366986792786453
0.6629872005284907
0.5190149766457534
0.2890418361415047
0.341068714035333
0.2274663363511199
0.06806762410686229
0.5886777190190862
0.2870111772417747
0.8101918790082182
0.0450768100853598
0.9036092818003421
0.6937056072972548
0.923854799557242
0.8965671649840485
0.899674836023798
0.5769534040194515
0.013144496687112928
0.7452982673109616
0.17182159053673707
0.29988806872849316
0.6628961043048281
0.5249641354158249
0.41375044772957725
0.9390424632510898
0.6121639096259125
0.34135265741799514
0.25247484424703104
0.861664716459667
0.4771974966790632
0.7823251117867837
0.351841630196595
0.1973336720632093
0.534637040552777
0.8168108472169229
0.17130226075244392
0.7916719188821228
0.921766511273632
0.8060510391629137
0.8234987625535808
0.0075047201477090875
0.6286072103000827
0.8625545680543598
0.049931852195329474
0.27139703369333323
0.26858611120349984
0.5272661784266831
0.42298400440046824
0.4729000130527925
0.7764976607227775
0.0018086497263791745
0.054833589309793096
0.12686328624326626
0.12462623454506172
0.06841668846318827
0.974692531175994
0.8544489347392265
0.08612800773534579
0.5021200067549313
0.31589624402703087
0.31457980030607535
0.35128955830482467
0.646913613301784
0.5866131209143863
0.3608345856139843
0.19108200064318437
0.32877630314752204
0.12375502383418446
0.5555259436628887
0.7160428220260103
0.3802380621082537
0.0799012300873857
0.17855614455760682
0.3732745756269831
0.6044348675777851
0.7826218347350036
0.3802646818509431
0.8011609095591257
0.6229265100250914
0.4315935973306355
0.37242014428559156
0.49615160197052066
0.7028806605558738
0.42051389776385595
0.6941232116393216
0.4608399124288942
0.2450832964379267
0.5358373840905037
0.6951691477738473
0.0715809971327881
0.42488854545683374
0.4258550564226946
0.8796692865199924
0.9364840710577734
0.37423569685825275
0.8978541982105016
0.7909168963905508
0.26217972577699244
0.46414321430441274
0.12314604922430183
0.8132217059398255
0.662289603425501
0.8873435000343588
0.7924693850906904
0.6675615765797305
0.7337351763128489
0.5638439545927295
0.10313324489907016
0.5877587699635476
0.004901278566923906
0.14351836022712494
0.7743040203204269
0.04431286101942056
0.09179887596012393
0.09929959222083495
0.8804679168444925
0.17915360495035693
0.023487369280188686
0.8415355745874389
0.12128347177406729
0.84394325401706
0.6735347694301688
0.8361819512870103
0.9524113184548528
0.5790764190210559
0.7987472496091215
0.03626926985565859
0.7674185377630393
0.5113257432655011
0.7151579278581234
0.1067436974828122
0.748964921384405
0.9345623445013135
0.061139498279377924
0.32424686751829557
0.5639773471684917
0.8280593311588299
0.24212606250010182
0.17977244143167792
0.24996608089015693
0.6159809805461269
0.753543309439895
0.39372994939160366
0.3674713492352778
0.39663965954456315
0.3502844837057494
0.41821765129502386
0.0832604868361696
0.5003096106295591
0.9730564574114194
0.41283137234749434
0.7474090007475857
0.160620491320424
0.6908381102115281
0.7561160220192747
0.673855810790748
0.5170920765814139
0.4837208923412458
0.6429530039508039
0.8974012947645423
0.14932739855783705
0.09586073084144553
0.7481548077128919
0.9166143812137764
0.5172538828156293
0.4430535255854443
0.7189106409110518
0.18611103397819984
0.2673573624495591
0.1991798367094635
0.5856173151405027
0.3148475284486203
0.2323051754496318
0.691132407918829
0.9534255547786893
0.2958636333896594
0.7053332914061407
0.4132006808759646
0.8536394729060973
0.5846483110171118
0.2671735203967178
0.21760487785359706
0.023124756426316728
0.4794896155901014
0.3827501028822675
0.17224774189210634
0.36047035633642477
0.32204215588119356
0.7742045511588622
0.14361013038767068
0.9912179313417658
0.4795898623875432
0.599000641746499
0.46805295780686296
0.8346117355060187
0.821615119668816
0.5571212472600505
0.4812993183194805
0.7207090189484845
0.8566489439275509
0.4002623094850414
0.7335884413261041
0.9602588716584917
0.467395208112097
0.2296015090569007
0.23477872199006267
0.717688357661163
0.6753508155738137
0.95871469540426
0.8538815100056858
0.24209180392453322
0.1896231679305499
0.2586230273357015
0.18718574659457865
0.7047343155379818
0.8585955652353132
0.8997599999142923
0.25500793136439803
0.8650989386813506
0.3134167580549946
0.42329528995572097
0.7289684325374479
0.08592541603719839
0.09264233160149904
0.8339291432034306
0.2917633878896052
0.3566610846844087
0.5803000460125052
0.6755073617148551
0.006883695940555379
0.3348019371291221
0.4362213416373407
0.48590052930985606
0.21009626719581698
0.585105394887695
0.9553373045473024
0.39091999922264664
0.5443565347702323
0.11917669984214596
0.2747612452227174
0.6654330524247978
0.11252900539650945
0.8871890122255965
0.9087620023707178
0.09690565263992934
0.941287545119989
0.37422340868732573
0.7724192467960191
0.7573233280361573
0.2955340270914266
0.6758871947971482
0.6540783714072388
0.8060550005536549
0.2655917414066633
0.7541896920237626
0.9613263632247624
0.6728250501010368
0.536167305154208
0.11329605182172608
0.4938807227364401
0.35215777203085374
0.7180933080198142
0.6785438413016048
0.5663914214243244
0.1819797876911936
0.6456678042575676
0.6308844398673021
0.17910442032500606
0.8899192506073605
0.6553713117110562
0.12313082149785626
0.9318440821750561
0.1413842508257216
0.33152991268767196
0.7204773697971466
0.5974327953170054
0.5549238272053473
0.6474868073083678
0.4577038547573423
0.3124427257643002
0.17638122815986812
0.06859627446100802
0.7158354385289319
0.7544804405698937
0.5431351257552048
0.7396387114513981
0.3592223457981246
0.26584606819483014
0.38337968329692496
0.8725401843825266
0.04211082666143018
0.5047117938940827
0.24719629209820937
0.7689013817513077
0.35410936828887674
0.3328626375276099
0.4033388603346948
0.5414981231775567
0.7717103814276176
0.3528845645338724
0.8468836769136345
0.11213088148521311
0.27048751406460114
0.0996487042418257
0.11268477562336998
0.7789830633248863
0.7272893273241281
0.18484592957923918
0.18916952287474098
0.4166553368430522
0.7433174505173024
0.8157481773451711
0.7487004185354426
0.5919162974349711
0.14647115662338162
0.39841942338791214
0.19363844800531782
0.5276012135321744
0.5683682052708332
0.20207673213309496
0.25015059388875827
0.7816629431621529
0.030087454932161806
0.8031564611556872
0.8912001133503552
0.9493227959760396
0.3831463032658956
0.5526064031285332
0.5830566906154528
0.6336419023410741
0.9769766742667433
0.6866301350812817
0.2994035251118393
0.8600107928189751
0.48407217137645075
0.6013639732486404
0.7268343838605282
0.002372891511639441
0.770456483632056
0.6619375663533508
0.4918725428961803
0.523639691062421
0.4605334490456211
0.1934364198308579
0.52954791644134
0.03706226358356157
0.5004470417354104
0.6459583487118076
0.444222242471379
0.566004546606936
0.9590218786709817
0.892050364260444
0.13558778514892045
0.7923756620938723
0.6232778945828132
0.050606988560535804
0.3599010155971557
0.23341378946567992
0.07783631606845709
0.5388800279714177
0.9298225741061329
0.32311751938124933
0.8705107595309866
0.6946597150967815
0.13435667068149715
0.8582912149957836
0.6011259241055478
0.9269757571366751
0.7159521213171821
0.7397196515957757
0.343592867239238
0.8066803083202468
0.9317399640630004
0.8614599943159422
0.43702471777075746
0.7568494246966349
0.485001760093943
0.10912214060789349
0.04270156032201755
0.07794231061080958
0.20030276258167412
0.1608222603164179
0.4971400385594327
0.6992779751716912
0.5374356944247016
0.42211117005637844
0.64924227065607
0.30464991199500346
0.46440530909286115
0.7570987544304725
0.40145783452967065
0.18058906089794613
0.8994112837108978
0.7196920160698008
0.3669327709733545
0.37097318804074364
0.5293311503643464
0.5964741811291071
0.22384698666428604
0.0027005508854507365
0.20899506105984256
0.7831802619221067
0.14347717058214893
0.4599877486662678
0.19529953717509585
0.2092874200808037
0.1707639141718199
0.40374725687244983
0.16827581552205806
0.027482637310466407
0.1100693539431793
0.16823292108431875
0.49027514595390176
0.059717743408587265
0.022428664588240554
0.44802301613879536
0.4077429699364221
0.7034432643204898
0.05111609577567855
0.4033032286102771
0.39660883317322315
0.02666318348760488
0.9655266693463845
0.21891048730584062
0.09427085808727598
0.4745859964984993
0.16475913921727214
0.6224516266297508
0.3463590883663883
0.12394559081207679
0.051891213711062756
0.7276762522071927
0.27508883909350257
0.7878393004982515
0.46540390543092125
0.9329188612227477
0.3005481547755733
0.24997277230860593
0.2658141555645557
0.814669276304247
0.6291039660036514
0.3447391414422116
0.09371587676346804
0.6823986354126962
0.9692673615320359
0.5922577203633888
0.003656253999381409
0.030301702624801474
0.0905344338646138
0.17033394800896273
0.03660599501316042
0.05394364289272591
0.6543117427060607
0.9003008479717652
0.2006885178377079
0.9738472085998244
0.4768778930603198
0.8035886919396744
0.9173756193484481
0.9400898416238018
0.0342118098014057
0.30472301506683275
0.6069324957691097
0.9465394571002984
0.08777946939552494
0.2934335334905279
0.8499056206126745
0.11467367043702636
0.38986340572881006
0.3341820354500151
0.6800477637226573
0.9285194009751482
0.1746309983541544
0.7397944619097108
0.733951109542429
0.8356572757486259
0.5533365485015243
0.9235030947918336
0.36282545180388404
0.41472280352151714
0.22940481785296707
0.7794651664997558
0.48061499256763074
0.2694574655661808
0.16974314679987923
0.7206290569360773
0.6057046421994137
0.7106269351909337
0.3867995511699919
0.4871139231527861
0.15388942637798064
0.7106972616289918
0.02295364307460368
0.46692801335451095
0.758451444595003
0.6773309756860224
0.097087422907989
0.2371709391525738
0.8436549514632237
0.6423798282179413
0.8785337851360124
0.8722580153359387
0.4499043335500984
0.8968943273184334
0.7328577834858824
0.3337115943204053
0.3700930699830244
0.07205680902929257
0.399333028397552
0.9556910314836116
0.10499657942705087
0.5688945078203309
0.1101319003874569
0.08088908956892693
0.6491389364778911
0.24068698799754196
0.048820011151171294
0.15267306518144252
0.6445567693046647
0.5855573116639089
0.011657693327284613
0.22992465859280575
0.9672487542685885
0.2200816262569537
0.5624504276779785
0.4196215533088272
0.7811481796741506
0.6043531769433338
0.7886411911464313
0.5352199061376762
0.18815992375824486
0.17760979847902114
0.0791280794241882
0.8255133986942014
0.11253212837987048
0.02399452670576596
0.966415234665604
0.19925680714234062
0.8932838160919792
0.08577235869356414
0.4652346998388167
0.22275262941017993
0.8294718688774682
0.6154214077356693
0.6418054512559143
0.7614015465118643
0.8717002548238517
0.3460485965226583
0.6031066228529431
0.4455965517298156
0.11094445207615511
0.8353788699587615
0.5943961772598659
0.8148015989318974
0.20598751393644021
0.539182052072547
0.4641741163975044
0.7280087146361
0.07723850266312171
0.3461492746469014
0.4845412876725472
0.07152706327983449
0.5527024618264023
0.7353178513396377
0.4228516428478706
0.6484101419672689
0.6058693045280353
0.21416703052731056
0.35054610548888776
0.9957439010031132
0.3352033364485244
0.4308296698257891
0.08418726362988915
0.21788672598622705
0.16528304479670652
0.9309335366408057
0.7263629378284097
0.874721280302824
0.9865748639041815
0.6121432070699588
0.9313455426041871
0.535716614518804
0.41873990273308204
0.9480541064675448
0.903092113314354
0.9496040970777925
0.48419070909701833
0.7734583764006464
0.4069813077851562
0.9973018734721234
0.9203048723560984
0.29204370049745665
0.9341953770676175
0.18458540657482436
0.09586730620466477
0.7223587941429438
0.2942974008882182
0.5194567670029878
0.639251250565777
0.04056193824719667
0.7451850265811202
0.27598330744917876
0.4323944899262846
0.34478851756596596
0.7420890569443837
0.7467917485684545
0.2873031060617959
0.10336165460995217
0.2993333705400607
0.41108052018170826
0.07755763236885971
0.15321155255518004
0.7627303735165747
0.7004239803876297
0.976403291337237
0.9796508387179207
0.876143795507063
0.37258076625180436
0.16134569370220575
0.31193992450841446
0.4631537234343711
0.5259404554857073
0.542073929478328
0.35971428421535445
0.8526939547687973
0.2851868646548187
0.4631580291203391
0.8868112739868407
0.8071380170499853
0.2973986249231626
0.24260325677789885
0.806670170423149
0.010058075296037416
0.13147961071933167
0.5308632116698714
0.5358362199429954
0.16572940312408424
0.05025977642786461
0.20393928128238403
0.7699973269786086
0.46574771668683457
0.9792896506610064
0.7855357480259465
0.9792357053804376
0.03512364246085742
0.18503931342617141
0.013187976753802011
0.4323571987780902
0.3382689791584961
0.05126266631101639
0.5460156784297958
0.09381763227297912
0.31161519335002985
0.24723275506477205
0.8021270073846666
0.41821862550745503
0.26035497590551726
0.044007510165451125
0.42956307558205065
0.6274841725526001
0.6752264362990579
0.9125522506339817
0.8085652184764885
0.2473734688276722
0.13566542970879647
0.7583102274043946
0.7895071313710972
0.5088301878465372
0.830996791552341
0.5518577183315405
0.27959335607750957
0.1687379408282208
0.017046708507992392
0.6430932585926761
0.8969743387125526
0.9061612819140963
0.4674869367564919
0.6654866170484767
0.9286193315700291
0.814009442757525
0.6026477628591912
0.4144275737632417
0.5184095474492791
0.1707908905576534
0.18294937963584712
0.6837882484463385
0.9921131494059027
0.5470665179309748
0.4081456197364173
0.3519012588568887
0.454891698646831
0.8029462043611253
0.45251607360718427
0.9592624048128686
0.1553048981519185
0.3149067173872221
0.5219984206390252
0.41187647346833334
0.851067731011687
0.8276009370306416
0.9313258795850202
0.6124635955198678
0.030596057448557312
0.5745086937973595
0.5497480490509635
0.48758721444923403
0.2798494978660362
0.7093958240281814
0.9116238450083326
0.10245747443427511
0.6686923136997897
0.37130245591439837
0.5147929823920347
0.8957009744088935
0.9603205161287037
0.6435541543948969
0.1950870626522323
0.9207090612188134
0.18112947533929225
0.3833032246047664
0.8281766354782608
0.3161961886979576
0.27088757763966664
0.9499136882862831
0.9438038044925102
0.31739442505363635
0.39253503497822007
0.2819476055767497
0.13151459706844304
0.2502239377301051
0.9801710538519083
0.07926159721019232
0.22975203362694752
0.19999464405676515
0.07953201754532813
0.5262497299547035
0.7430190416595807
0.8382837856085354
0.6311168658631093
0.817808850710061
0.005365870461830569
0.2821955902454194
0.9611702761952091
0.06937939249910752
0.267622925221762
0.4828427766395039
0.26786315656753135
0.5461286497081915
0.04713710527610748
0.2359438127769965
0.9575665531161668
0.14421674720855404
0.9054920353407162
0.1779116667063172
0.9928165485511329
0.6745974749148405
0.6469309181610333
0.14221259498439565
0.05457642063719714
0.7594671296075394
0.17615204536163231
0.18959837890153597
0.8226931179371308
0.8748187657203174
0.04879989120395545
0.9607655640842063
0.5347166971435385
0.382385311862687
0.10706056977270517
0.3898651315404429
0.9875173198155641
0.2807676874434898
0.131313347183873
0.1452528707312899
0.12690731423785606
0.3524186383030665
0.9149640694534399
0.07696364771238984
0.19197768723536013
0.9393081767178628
0.9968988906033817
0.9799236467360455
0.24594712305286803
0.35437153686609957
0.9508376113698151
0.4850761600122324
0.703411719552221
0.3132718017154925
0.0213423649925224
0.3453707809066626
0.748175985023838
0.781936738211226
0.5688693106725811
0.4640681709198229
0.5381312616568444
0.44228724501364414
0.5344359238166306
0.8329763143056964
0.2004568931207058
0.5943108372060824
0.9327918719473288
0.8483439516095506
0.17945703343105002
0.9634503860680288
0.8400425982403082
0.167918304479878
0.2658915284272012
0.20235759117000895
0.05306406023790511
0.978372067637305
0.4092917786122061
0.8726820139429228
0.11456869969815553
0.01392309485345311
0.8697787681408903
0.794008049394172
0.9915602547596322
0.6854720367059045
0.5252321861462058
0.7660367956394932
0.09252874898476948
0.5403813017971225
0.4411909902532002
0.1463379903917461
0.600385257739825
0.32316442173895166
0.5063878265297653
0.3735096502059675
0.31812820278893983
0.3584398232587168
0.6010367853268477
0.9804997945066054
0.9361511121989349
0.8621861017528146
0.8352260317008726
0.2867938203820377
0.9767182864069627
0.2697542025324974
0.12317917944542711
0.5008068399228497
0.7322153225201151
0.34101331777014443
0.6452775318072835
0.2823924082123497
0.9669323285435206
0.45290301836931623
0.47786050539109304
0.5314306973565034
0.8749008638850044
0.9865309791290969
0.5284793862785214
0.44155535842900484
0.6178003702429865
0.06927870524999513
0.4254795055826409
0.8474792362044978
0.7774092725754389
0.05935275730770584
0.8544820203013861
0.38402456202526414
0.9812723701806126
0.3666156494170305
0.2146502886365942
0.5487045608019355
0.88384815393113
0.4310942123251523
0.8674726962267233
0.7113640052109604
0.36151988813189895
0.30060437598876355
0.5053321299781219
0.39901256143490793
0.3725423358967379
0.6517197391789492
0.8751287170068903
0.5844157598548008
0.14619796964054443
0.2199125289919336
0.3709214036487216
0.6146809235231072
0.13951819304520519
0.08154957152251452
0.3206444489595893
0.28297950474068
0.029490478548410803
0.5387947315962944
0.921315508438823
0.5343612167570312
0.7374133941828113
0.8284115994057343
0.8376968637182919
0.9130469427483352
0.4413979302289045
0.6824348612443774
0.12072771422181106
0.8799786413296934
0.37823818046492874
0.4753524894931702
0.8902986817558748
0.2867567803913995
0.18991108326115247
0.8235897881811023
0.5988491466831125
0.08483771555677577
0.028049750596126133
0.35127098398513656
0.007484380082901421
0.8324303625945387
0.18365968370932495
0.2741719494757666
0.3887744412097869
0.5117145973129736
0.43234882195342383
0.628659352285357
0.6598426200294377
0.4362092784563516
0.09703842282599384
0.9791119154219007
0.6912145978041486
0.08354303288735399
0.44168416319167036
0.7535723428878396
0.9917778471195944
0.06600721813678334
0.009492213460639332
0.47993978047869745
0.4221028136563262
0.89440830122064
0.8264867563548934
0.3315744597030835
0.41876195282911144
0.5828565226942852
0.8841647008262403
0.20193419343550134
0.39187139986472397
0.08845800945083204
0.6412793660017405
0.026558301619333036
0.93504557392681
0.5237259510115932
0.573903276242509
0.0852831242977613
0.2322351323131976
0.46877831834787465
0.8573652946815586
0.5390512823762936
0.2846189986457063
0.9820751209256933
0.6614492458150223
0.528380693693377
0.20237052867618743
0.2985584463382871
0.8998513861598609
0.13289543674831616
0.5315816429586998
0.6199640372251373
0.3548593395564721
0.7687056352205682
0.9099568023137456
0.8575403595151123
0.7379966491890321
0.20358029340998351
0.059876082251464346
0.4328282762894149
0.3120900960984325
0.19390906016173792
0.8713758278919369
0.216070861993108
0.822767772552296
0.9376412738621457
0.11973052418370922
0.9135774709377097
0.3971479895876566
0.2119511389390374
0.18646986599842363
0.0377121070547175
0.49875711088550856
0.38432605475237747
0.8514438396758527
0.8330120722146263
0.056992510235110094
0.4013154310503494
0.38919244873110526
0.17763232652071825
0.25070519257806434
0.26335158983507867
0.6941248697469063
0.3402071277219051
0.1111549079986599
0.22041600423891305
0.4421760378250639
0.5648380008958033
0.2454914561135857
0.699620188840623
0.21541811384857146
0.6708072600123643
0.6093582379246396
0.17576060208656763
0.7510551328263154
0.3942340806010829
0.5395350934903018
0.5977707145902543
0.6281341038779766
0.4423406226516341
0.05598459451356308
0.786697026612793
0.8596325252736037
0.49016384793804446
0.5789928151403846
0.26847246676474557
0.8986742900282301
0.6856663561977449
0.22188506565356658
0.8174620606052692
0.9861203915276663
0.3459553972345395
0.9955272869698087
0.4831280168750226
0.1787221067757
0.7168799744485254
0.3388720517184315
0.7323334302324497
0.5834459537367421
0.10765147469206393
0.5280764039351128
0.8508374936724399
0.477798541108551
0.5393212001915052
0.8631386825584603
0.4466541735442261
0.49268934906912776
0.5828099574693226
0.8238569694362355
0.20311802345024133
0.09355805592240873
0.7611925749141003
0.5525851293868146
0.30274799901354565
0.8921540281025877
0.8846021018069079
0.541473227168932
0.9884330884379069
0.8359632933412916
0.7480496216653506
0.2912820422927942
0.010819915108138622
0.6785933118958584
0.7351163757143658
0.3506668763068854
0.478761057332452
0.5671720816305664
0.24983276646846342
0.6976187690278328
0.562509513155105
0.38552814508273325
0.10960397365722019
0.5539471370137161
0.31967645075309536
0.7248793653095867
0.1725358705310005
0.3943939616187514
0.19621610572975412
0.4082735222042737
0.5763780129381806
0.10690520498052158
0.05480254893384695
0.4822680108386963
0.20154465858501813
0.5050972004645714
0.16717501818504454
0.1007903259396713
0.5375156411326693
0.923187288546492
0.8685398143295837
0.5155260884431379
0.39730958844865405
0.06607770531994395
0.27635675433395823
0.31424420498649075
0.9415404518012241
0.11720293918064606
0.9479683496808716
0.4767324654120373
0.43404643347464245
0.2622705874541672
0.9625423303368432
0.18608324426928458
0.571343479903286
0.510755866373313
0.1995105048040996
0.22295782154020605
0.9854216520366308
0.7907978396686597
0.7334444771946186
0.9028962635024046
0.09855489334843459
0.703544662411609
0.7505178979292803
0.2253695427205431
0.45705671112223056
0.97441759046048
0.32676830014954694
0.7623486454926863
0.16527916522791608
0.6671800277448112
0.2694445848110114
0.5087992186323983
0.3723788924506787
0.8703243169271798
0.7448560776423018
0.504151452822573
0.6872381089195667
0.42766295357051043
0.8042795168605902
0.2574591956685067
0.5441487824344085
0.5856419049277907
0.38807685787841606
0.04659113311376162
0.16995784216666954
0.6404702216496623
0.21134921752589986
0.7581460858219877
0.5049018169110864
0.9531328097540117
0.8478299952913613
0.7273707661348875
0.372507156856676
0.04351305684625384
0.5566440937196554
0.7456712943722382
0.9210665029144224
0.20267368195938917
0.1584545241106231
0.980475768113432
0.7394566243424846
0.48460765501667447
0.7384823209694978
0.1494312369580021
0.5440452570975142
0.6686356202885024
0.6037836352792453
0.16116298928181982
0.13678600703760502
0.6248297697299412
0.8843506699844249
0.13811640512468448
0.007100125386372058
0.08280884198101934
0.7852133029592052
0.39078026792427556
0.45578170979682664
0.9940244753900569
0.6111454400621537
0.2633192328818589
0.7009629296271276
0.001979038640575137
0.28153296323453536
0.698630432898508
0.1708301082761795
0.03267529112531964
0.5182393619891258
0.3278141158390715
0.9712006029621438
0.10161230001056776
0.8021761567250434
0.38847851016831314
0.8054176832408594
0.4451006124582577
0.6674166300988853
0.32662129124438255
0.2245855215274074
0.4524247663959887
0.8002058342528836
0.34530610006213014
0.22990208981718896
0.41586497718288595
0.09589205976918347
0.31572943911834805
0.5728398719032455
0.5455206235234549
0.5974503028673294
0.290017218117237
0.024794641182336763
0.026496854338314835
0.33900064396338736
0.19646083901913114
0.5689697676195375
0.26535877317272083
0.761919170513752
0.6013719691432919
0.6623317293680221
0.7355266974056349
0.5216117917464669
0.4265717538954006
0.30842388272288024
0.06292680038326415
0.7944288138451335
0.5001034925167838
0.09972442153178152
0.926626391255746
0.5820023710925061
0.6235576432049836
0.43865140169444883
0.12612195542821325
0.9995322787903187
0.16817652602449862
0.3662461752155134
0.9993350527826991
0.1221031850064267
0.4994935472918073
0.47965792419354014
0.24763954982468006
0.9246167895943446
0.4141896219577419
0.011587858371625015
0.47355021999401437
0.004708432094732484
0.7084973492339469
0.8690361192826421
0.9056756124897973
0.04793264973490152
0.6752250738169314
0.30472621185137616
0.4726388342039247
0.3004456742012438
0.3050124481453633
0.13273903957760835
0.6257271138072289
0.08856773678790097
0.9641904879337676
0.043824628842422775
0.9640747731991979
0.19155465988417086
0.0834694963584467
0.7448061957320778
0.5308846961591173
0.7689277434542054
0.508457579753513
0.630541057620284
0.08268064232083838
0.6738512612948936
0.5124495689153958
0.9622252696081137
0.006193008243294829
0.0683020529322147
0.6762533746643663
0.9261623180345083
0.42171146472376075
0.7109375099298272
0.5605351238154672
0.39090019787807884
0.46541619556674185
0.6016340027601136
0.028883735261047483
0.30561864734582056
0.7380634444590869
0.25812289704916447
0.47314902207081044
0.25672342781410495
0.35761255098458966
0.6505436693261817
0.7436978331125583
0.9568249540088473
0.47680848653020247
0.20276149153524003
0.33692423701283214
0.05849373834786187
0.23955848066495466
0.5845434818312052
0.6110956847822738
0.24147838641282016
0.1815935397088525
0.09805352728150507
0.17864222760178172
0.5014106143429023
0.255175698037142
0.8837033318089749
0.5648490009975257
0.34016777856003577
0.4310758547411221
0.039993817840038415
0.7328876541297196
0.7510878249578159
0.36363398212290243
0.7254899769382289
0.27247955296895143
0.21949994666916084
0.22823520659678864
0.19668362860132604
0.6058615373893338
0.6421102241672513
0.7277376342194678
0.10376699719148075
0.7662661478003396
0.4782734250879017
0.3784793205771405
0.5030752462039717
0.4327662409304067
0.20008771474900222
0.39501760943443753
0.6460711625207214
0.7152230081073805
0.9150165917123873
0.19438409482245023
0.8909985474024501
0.8003483635366768
0.7129683874352871
0.9795019836465889
0.13788102862330076
0.7765959688479905
0.89940361019884
0.12203629392528448
0.5946692989352084
0.9470055097240824
0.29301855377330177
0.8552690381456255
0.9063176320651954
0.43510075652541846
0.14519358543790906
0.21554697819404778
0.829828237195759
0.4221617169513071
0.3156728344126737
0.44291089113026794
0.9281879814639986
0.25398085676042725
0.01828881793217918
0.949201154284101
0.31691577697087414
0.38548410098431607
0.9758699247337507
0.2819006010797682
0.08573937570141832
0.887717614989698
0.24386963139892137
0.2215829631090258
0.937658982976584
0.2293482179872739
0.9011290601784333
0.33311223654839384
0.3032438514671765
0.2158274489125096
0.5423049420670439
0.5601308400138322
0.39834216983364734
0.5074282113051359
0.29809935999013115
0.8376607316735787
0.9338697950936996
0.7530756389933492
0.8197735889666709
0.07073502832065093
0.2503480191819665
0.2037039867843622
0.15482683736469738
0.9684375764150922
0.9052638053892367
0.9141591461406208
0.5578321351205136
0.11650492589373351
0.42703520693688213
0.05622525910517673
0.9046426668398113
0.26550657733026284
0.28814181557405416
0.9457688221777028
0.20050713755973448
0.9225918889349113
0.31114714107925845
0.6648260063577569
0.10670385078953182
0.898370793262139
0.39862847116191125
0.34504876878079715
0.6543706489997654
0.5933921801888666
0.25097580065779124
0.124180001079231
0.5754727804826038
0.02467242757404209
0.8714591065060402
0.34375250786990785
0.1695897968378688
0.32789045607698064
0.11380889102244907
0.31664319788959105
0.5432174359865737
0.4069100461294304
0.334215481251563
0.29079034194370823
0.4865044984397565
0.7786936589120285
0.4377247616518105
0.7679067937165684
0.4826691374244757
0.1203374399454612
0.17023644126528403
0.8476418916443123
0.47929092703814913
0.3824319828117251
0.5156484931545697
0.8462230746508165
0.3753287603944143
0.3615907482579538
0.3659690449512484
0.010805062457605263
0.5448369035864821
0.4791617808070767
0.4957873786646253
0.45159310855201484
0.47246688659576586
0.7154656894871749
0.18613990570375238
0.9813856969141147
0.114663866606456
0.8663367120431443
0.17505734962894204
0.7952038791948475
0.260519663347911
0.07823228361241352
0.5406784639091897
0.8389790968689053
0.8454866136102728
0.8769788668656562
0.9797079534142112
0.0531569420075918
0.37903723988734206
0.10691605985758235
0.7551682256310812
0.4515011560061096
0.7440725228543258
0.7957253084225576
0.9989846308540288
0.6768525200650183
0.8752084199484726
0.5484865810057558
0.08067975274457506
0.8910932970297667
0.0910630946289519
0.08576751650548065
0.8303270124219467
0.28056111248755833
0.6624010006545329
0.028619138892615692
0.21079435236309974
0.715681615771861
0.03765598031336448
0.5106176651212906
0.9374954679862694
0.214317652033728
0.7047819602867611
0.7438476531156849
0.6199773423652519
0.7663238743073596
0.6981816809979554
0.014273061304357015
0.1918198146081148
0.536411223157352
0.9698602036773476
0.21695838685794133
0.5868575083839515
0.1283273823660528
0.8468323003399395
0.4451438450772185
0.5219682485626856
0.6693427448846223
0.13652611985650498
0.7288057052680518
0.7998945214076528
0.8595668645897419
0.2814251860828809
0.2343203407417298
0.16495652157669793
0.8993798742721336
0.4380314410218372
0.38982659013134213
0.5204607986470414
0.698522810157904
0.31808497974114647
0.33630662668354316
0.7662168871682941
0.7766857160010094
0.29595849195698487
0.07365785676398184
0.9280691101147569
0.729704039568052
0.5942211334077068
0.4046500918686158
0.9588206224905867
0.43062879011677646
0.21654465736032724
0.10034843255490622
0.35104603325998285
0.6007642204627098
0.3645335021666347
0.9471040074133076
0.6498152810385592
0.4581873232853796
0.6602980332462128
0.6017515901608088
0.6175951204401304
0.49521622460297643
0.523026635828713
0.4912462292393641
0.8313522766688075
0.19187515115269316
0.7854640781766513
0.29831056361835095
0.8487744680862711
0.07279676059654627
0.4849941863328012
0.44292770620993216
0.7115608838527808
0.20240601043672868
0.26244433756592345
0.13295060366095535
0.5614503764148384
0.5765467007600955
0.000518798764062578
0.17787609947272776
0.19963255990373685
0.9572165700629143
0.4550146361816021
0.5655426764390423
0.2896438864449823
0.6596941068171868
0.8129765429860559
0.6712043814442109
0.0014533201246056393
0.43950271086118053
0.4888299077676427
0.0445526310234714
0.7899516495808199
0.31884939806882895
0.29336316271559526
0.6252514605203998
0.5847992492067757
0.496435577502199
0.8592999203776257
0.5188636368220743
0.34317416131954326
0.06438855232088148
0.5528820606711864
0.3634802541124589
0.5365929013053771
0.34742133931706
0.006882855140369348
0.03779804314545121
0.15789319818220338
0.09394598879518001
0.8514038053496866
0.5807455019962169
0.23851048556371546
0.7106804513100042
0.6344671885518198
0.06201674797658485
0.7512636225324356
0.22884677111246188
0.9973397353206034
0.14187910087986189
0.2858398225877099
0.24912268183772668
0.8621915041253428
0.8185911428113892
0.5793969882773953
0.14898591082008228
0.4286593844743525
0.7019964412228741
0.05790835964318075
0.9209361031873456
0.8413553016060082
0.9317017841857349
0.6985919235140851
0.6176392963575638
0.975057191538416
0.2669097812406921
0.30554973606014124
0.12317894405142638
0.1803875786302387
0.7984673216783833
0.0952310070934771
0.7441282201109566
0.39626672632534743
0.8776155294722289
0.7596325371411888
0.68682817427389
0.8450081827809374
0.04253208598546421
0.26543230520040184
0.3685919581629117
0.42932970007932536
0.6703302737191426
0.8791929439693981
0.7400445343589294
0.9286977666171756
0.6959710463757097
0.35648211068407387
0.5078335421733775
0.7485323172123487
0.8149023233594743
0.3699009023161206
0.3553609571446512
0.6145021182227999
0.22837972166702558
0.8829688186677795
7.38668800442932e-05
0.6487020638370663
0.48562737005259005
0.19500581277486184
0.5701886033465345
0.4741528256222366
0.9621146154347489
0.8846271002970099
0.5865761177445395
0.8713929164598958
0.8836642793309215
0.16517381929765418
0.8273831263537036
0.8333482463347023
0.9908401472983372
0.7596375612387319
0.39204794237203366
0.2063831268073698
0.6528436176923784
0.2107122456482483
0.7572886769622921
0.574343065634844
0.8257741465594666
0.356496045435332
0.3029955688163273
0.9044250525464494
0.6625054079800081
0.3782347712322376
0.5606502873716236
0.43553242202007947
0.6429453815821523
0.5167806750196621
0.2855720444444636
0.9796676063700461
0.8852796003358694
0.7586741581386317
0.278217932040033
0.19424194241482273
0.7310658745046577
0.8223469287028606
0.6527308808273801
0.21349883565070515
0.7203820289376268
0.5232205408316587
0.3733494570164094
0.5889513437710012
0.4487715381872627
0.6487830124949542
0.7516362079846651
0.982744676957618
0.11115527535538072
0.5710865330466517
0.9453999848614064
0.6570123350423783
0.5796519995707546
0.8529763210424406
0.03133023496140541
0.7926820578264985
0.6232145022356842
0.5842407713699463
0.31068665021538433
0.619231249069735
0.12536934571864045
0.5254966253936435
0.2577635564812961
0.9316439194439613
0.8046705498648431
0.47283973372847
0.7549841305061291
0.3848018889209667
0.5236056092387308
0.1614985739907142
0.8578803732014999
0.7640543489411243
0.7600025942941168
0.08326509739351351
0.8194389965753998
0.012034840793711421
0.5651390230080302
0.4878070866400569
0.0592399206648625
0.42173450017614267
0.8871150323448276
0.6242683111986945
0.3144830719452141
0.8143512033016659
0.3554152670209064
0.8970643027557264
0.40086851906518284
0.07760238248263751
0.9717226638980855
0.07106498391680838
0.2530658948256287
0.7710512260429415
0.11517443705397601
0.5441360553226211
0.8590553792923313
0.5899600575867017
0.34812597392462585
0.7580167698809517
0.8255924079401491
0.5793702354975208
0.6269123771225797
0.3223610510282343
0.4074596021249892
0.9918628862150933
0.9718342242673997
0.0017043959164706468
0.19626969564551322
0.2252734426724573
0.7928888656660856
0.20060709383209396
0.1693705434603312
0.7658843851543226
0.16887466903589954
0.9773764200755629
0.45537462102851944
0.89858207929253
0.8197174319910232
0.20716568367168509
0.7856399782097151
0.414929246756356
0.2221578293216936
0.046051100553914814
0.703202061860256
0.5610446611148165
0.3031707605226521
0.8328034791934597
0.19703991102447993
0.44474517691159987
0.08726355201917768
0.3503972073826571
0.8846845216010101
0.5000754122385868
0.1535676802832755
0.2365513833275611
0.6443464121590807
0.2777314067218335
0.8871707370301131
0.06056596252373292
0.8689004423531337
0.6219408609013299
0.8222335329199564
0.3542168653002775
0.06913197517834202
0.17216054468953024
0.6268142433511324
0.025909531479518355
0.11018485404496758
0.782287815484242
0.8780266799649262
0.8561176000044336
0.8374298746437496
0.555037505596337
0.875267828377903
0.6975843400621337
0.5573966709964152
0.4256893466165246
0.02434876035611211
0.08962773857928952
0.2496636100275198
0.46090531525286904
0.12103975866529293
0.970467931429382
0.5764960320718451
0.740392316918151
0.8927083474419318
0.22623575226417358
0.8861503592249306
0.9580470362857209
0.26746567411525934
0.1254760061841238
0.8000304092806141
0.8897668413297031
0.7985018415937625
0.40831471254452634
0.6021463974261567
0.11387675130572128
0.23449993538839087
0.4188700457420268
0.7447284472346655
0.08878638652340642
0.9282865559569283
0.029820522747768807
0.9696722043735432
0.23695402088462503
0.818857689254979
0.8180474110529857
0.9544202114059792
0.4701915525994359
0.6987952922221745
0.292037167225903
0.8328580029804865
0.10885541737538162
0.8837420296605202
0.5923192022185813
0.061909690653129346
0.9413193192987529
0.31600781556404045
0.0681391297247248
0.25904136240093445
0.027308947309046983
0.2813064283649711
0.7099328087334962
0.9885189195705479
0.6313608438285624
0.8540055970236802
0.8222897829213105
0.714717886571454
0.3843799758712133
0.2517860706419788
0.1560321513125812
0.5469684552553612
0.20416652150192882
0.7399235596319497
0.3204880638592067
0.579262780393994
0.5464539583546042
0.6279235584967594
0.15531227282869942
0.25625811578755675
0.6886526762307302
0.21314668275155468
0.6714917012234981
0.9650433964272284
0.3891303934621563
0.9616583069528518
0.6142709841858889
0.9443955550263982
0.5262321423525198
0.7527961679931489
0.6825484130291714
0.19523293689703525
0.5179071107758572
0.58091090912755
0.46364111419082443
0.6599664213821684
0.9091083801577612
0.794966524052826
0.8122414123164635
0.14344935233234613
0.7031485414850273
0.6273844514900372
0.9383383509810499
0.002549583026621449
0.1724250652352246
0.9756362620985185
0.37246063901350923
0.705631214487011
0.5917595088986878
0.39798720734452
0.43862277651747483
0.5621533043808252
0.9852053329745694
0.5333787678217172
0.7902228903724737
0.3034602782013748
0.7117329003158155
0.6046416507426513
0.7434370541243053
0.8795160137567115
0.07981473890326674
0.9670632659255592
0.6101841883566068
0.2597955965048715
0.46435593289928934
0.09684965013453617
0.23112329433854117
0.8377794889348363
0.7111377463512528
0.8663049450772081
0.16236473521120742
0.10817701804687241
0.37936191793965646
0.4957556144260409
0.7108229207807417
0.2983167471045546
0.7372785871965167
0.5842192246285205
0.2886577746172051
0.78775269010516
0.07368081165342277
0.5922049871798207
0.18779713454048252
0.04260257662872757
0.47834701397453205
0.5198389842256413
0.6125359967628733
0.3752400045210854
0.9295043679355204
0.7841485888841182
0.15395887013444187
0.004760908907651906
0.9605856975057775
0.41107949204873107
0.10494581792014979
0.17770959314394585
0.7001677653422066
0.17660873118257692
0.37307546371874867
0.676850881949333
0.352296843442262
0.6535264544956078
0.9483612844232109
0.7929389680661373
0.6282171930909363
0.625625267809482
0.30957357856004897
0.6404111389038714
0.6491115156071902
0.5870258679923822
0.49072132504990973
0.7515120804516434
0.20446674807903797
0.7134386056309859
0.9784902997227017
0.0358981630205093
0.25209052072504334
0.9857571200109398
0.08245897478624353
0.8177942955618016
0.5809650456555812
0.0695489084601778
0.629649440930876
0.0076428605361161805
0.8493134604323409
0.30236622282858017
0.9239529592411982
0.8976331841705419
0.13656687487918218
0.4029737058846977
0.1524989190327456
0.7578082047406262
0.09535923650986511
0.07373013992920985
0.11610453760058903
0.858751915533896
0.24707367041023165
0.3230180391142061
0.4461896552840039
0.5518193546419861
0.4131886230894607
0.9471196388837804
0.34062272393270865
0.47594012807516095
0.862143357863651
0.24359310702626857
0.17397757498216704
0.8362738030271631
0.3159480033171025
0.891931660095237
0.8221103948260171
0.37292013732556895
0.3328814349986674
0.101366400028582
0.873472922881861
0.4425211480606628
0.34217493114877484
0.17655895911914787
0.22591463546157897
0.8738783669327513
0.1306392808978586
0.5545835443179875
0.6247081493134976
0.5203945211353608
0.5023642413259481
0.39748804320499687
0.19162547665701057
0.8210104932879155
0.8968357732345881
0.563940586456203
0.2516680681430511
0.9122649777134115
0.20173849294519441
0.17093694936792703
0.6258647123963746
0.8314456774830729
0.5722747260729653
0.10969472455325568
0.978953867130741
0.15618003306180095
0.3436422395334825
0.9882815355244964
0.7921585584325702
0.7557491081715643
0.07575759043768693
0.8517782552049782
0.40008075325521286
0.010712305053135363
0.7891036292994259
0.9302960880756388
0.04758583286728724
0.4541633948378
0.901496249216967
0.3324695493083929
0.3029444391770104
0.7789362264784085
0.4412131351799514
0.9980808489075362
0.8559929661381
0.8585636938957408
0.7069813513550903
0.19482321812248082
0.6870144923059266
0.578581213466743
0.48279500175970447
0.5664737332366188
0.3052659311222776
0.19781966278373986
0.9121884254265001
0.36687434323666956
0.10581053403234097
0.976427429294527
0.5107903219584989
0.6758372797246477
0.33919194090009086
0.1489114541590869
0.33243684516341565
0.8334681362708097
0.27389673890863697
0.9122339802614329
0.30440937258063205
0.896974841210371
0.1789944067758742
0.4436705162910918
0.12885108584001725
0.14850192006778795
0.5225259735151544
0.36503614183719724
0.5375118815580848
0.21642154231070032
0.3104610955433629
0.32184290457221365
0.8983012341711938
0.08088745020832733
0.41625964070171917
0.8544252662312426
0.5721277454807117
0.2557040346329178
0.9972237555761995
0.10837525014198313
0.1369585656765282
0.016999404787337746
0.4391535837866679
0.8587283739534641
0.2823422417705822
0.28555202781659716
0.7981371189667235
0.0775341086096557
0.017355174709861698
0.6634810226154483
0.08817140600514983
0.5273443084044109
0.14474716575494817
0.6017276805691493
0.8513082303549919
0.45304064632001995
0.2733152309731426
0.6233363481487297
0.7001624924394775
0.05691457833241431
0.23986917742075164
0.37666400396321464
0.505811695419466
0.2736027708862323
0.6582114320369679
0.2554489609383024
0.904789632832751
0.3517309205069826
0.2215698863516833
0.07844493667107066
0.12657137057482049
0.21555099344083728
0.8826834565023637
0.4165961221496892
0.4430281028843762
0.9597079581680051
0.9666052052485358
0.7657006343655934
0.24019557306281691
0.32735538309527434
0.5051034512982552
0.25811411823876096
0.34708955903299454
0.21255587477428695
0.24117517143729494
0.7494700611615152
0.6033683090916377
0.4455437183499261
0.4716697308916735
0.6134245294203537
0.6846603807746351
0.022856159101062867
0.8433601297286947
0.46265130254665854
0.3419773144076744
0.958538348507748
0.7566404423655944
0.3504426987767406
0.02450583317320032
0.43720818707642384
0.4397446983525174
0.37480380828640236
0.09776386640491352
0.5767463486605928
0.25471600996907184
0.7618770595261469
0.5285396433996089
0.2927884641639402
0.8260639555299967
0.4476499891928507
0.08439869816464263
0.27987652492676063
0.052677663845070555
0.42960362342760894
0.9087398143434374
0.940356217253792
0.6520002062821998
0.15431972501674573
0.23965467122411277
0.20325924126199868
0.3727663238559451
0.6381900833192752
0.022225547991571393
0.489452865703065
0.4256088456658289
0.6612799956064569
0.8264995792479188
0.3968551285456353
0.6027587307743774
0.2719546881935365
0.4543686785614901
0.6350272416287721
0.05229251709914773
0.5139519827363177
0.502210304881913
0.18354706902364948
0.24876246714587025
0.8241656967514145
0.3493342925883023
0.19247872380793907
0.2846156768668793
0.5211950523067131
0.3987994287806972
0.3510639067840613
0.3225934334401189
0.2165917754686847
0.5045535118759173
0.5999004948959242
0.08908486601975174
0.5905938420403901
0.3076438816645841
0.9785947161363218
0.9380142026347442
0.13124238386778841
0.6962560424482899
0.3452192382854046
0.11122944336787166
0.8756378973222135
0.908319224525123
0.7867196330955272
0.6366252048591754
0.9780221670208809
0.5556620969523828
0.6759160567803434
0.6527012351085464
0.8592142087220495
0.8560020587414733
0.3042655058578986
0.20784312239800384
0.5458711409376815
0.589706572191619
0.3531965735280116
0.8606825082303816
0.8487029847051933
0.6868115035864384
0.5353048864067175
0.6953183468424472
0.19519614707163357
0.807672622519768
0.1272394231468792
0.9034933962510929
0.6255447038584746
0.27729314366730096
0.19048237367541987
0.5997599464692122
0.46389827788329885
0.6966510821793576
0.0978365472075412
0.8752970324049647
0.42899383359959053
0.4398003254247399
0.7385328475424946
0.6063105503114213
0.4449263465162725
0.29274367485018526
0.46587387740088226
0.03129737635955421
0.2559107032341881
0.8257929303455785
0.12014471776732538
0.08598374610810167
0.8481483182632084
0.3737810138689678
0.5298894976269074
0.587483375652259
0.7178720513811951
0.31867072734486657
0.770048848063701
0.0005929012577998716
0.8474483430716035
0.3098885981746212
0.6253126893482241
0.3036623889000406
0.7493371260409218
0.376282678783724
0.6023423060978521
0.320740814495602
0.8324819978958425
0.776940478446995
0.20117287068388567
0.7563593275513476
0.9424311494853002
0.23715740332438084
0.19048842417378942
0.9310722111845515
0.9629317388821345
0.1297737583407068
0.7755430345751112
0.9300467276322177
0.26342277775154177
0.7806526829060071
0.2973193724256583
0.7872398580089709
0.5084148483265132
0.472454331039057
0.12471526429492152
0.6524694739145862
0.7004272749097579
0.29061936018284495
0.04497400288382225
0.090544655106504
0.25946178342955384
0.9966283681932974
0.7438274053871636
0.8959932999534991
0.7497058096814536
0.13361062727383266
0.38592275936443055
0.9499514078427221
0.8515789859607759
0.9914079312292218
0.8198930778473134
0.7109195627126271
0.7632543405333235
0.9149925010644436
0.42922000834541096
0.03337637035428398
0.31246414870629224
0.013280634631559596
0.2726761969052033
0.5899035882792614
0.27521080474560655
0.2480920082366308
0.09470645010341205
0.35820203919159044
0.5160095148532488
0.5909449522836978
0.942991546369851
0.0704103222144492
0.25515585805389607
0.07688083779995647
0.9301523978743973
0.6319309580569754
0.656534024251346
0.8136673641756679
0.0024960213131811626
0.9033692279609501
0.3323649009052756
0.6286403932744368
0.40391439644709626
0.7456876645830044
0.3019007620656682
0.27761774219277147
0.24974901855826603
0.7247313374905934
0.4559941374657691
0.1553196572545723
0.35533631454500714
0.5679758135009563
0.37244084346482154
0.5924992120678316
0.842994940036959
0.6401671048932179
0.8013068154944479
0.30336122018207556
0.8695242760472142
0.9407536103405117
0.5297963779729766
0.02302534093201214
0.08593126210677104
0.7573106104631943
0.8674090410218274
0.7243787017620845
0.5078903540359141
0.5402192891239163
0.11566807297713244
0.5984311852995017
0.9999610609740491
0.20555582311666643
0.6104312724802519
0.8506545902503264
0.6500847384321551
0.3506207046245523
0.23773412952622752
0.7326837245844646
0.9275107301166635
0.8777423394607005
0.40070220883921304
0.7447436895577024
0.8113900080893431
0.37538048027065374
0.7555646689096484
0.3859018346244405
0.20049858658375153
0.00041216143891065204
0.7245587212637683
0.7525385754953425
0.04277270868258487
0.06202283011219101
0.31871713778690125
0.20831885579394704
0.7317246158804083
0.18995004347079014
0.5849379623118283
0.5508879301053206
0.34881446081526823
0.8547415358774884
0.4373807509533252
0.5119976021796065
0.6661704301590281
0.4044584480188915
0.1859303070273135
0.9528938253069847
0.7517641614759155
0.5454866021483401
0.49604093804245564
0.6172404729625383
0.2950802670365489
0.07277649224320448
0.5450287576490753
0.8999477706926146
0.0988552057224672
0.9810955363669561
0.3736567012233484
0.9983687121932154
0.7694790258420738
0.27219451077911605
0.21289257380431548
0.8882953382820774
0.9795519521686404
0.8050760984369746
0.5843431836527367
0.5433352496325821
0.782275981971837
0.8226125873837073
0.8343304888331107
0.2884398826664256
0.8271455354425207
0.9535437067332155
0.5744722859689176
0.009335777777800924
0.1884373667812429
0.651038206689263
0.4250590008919666
0.9177458109415717
0.6416904885022748
0.6994591770928718
0.15145894374574564
0.5247880167374759
0.7103897882497925
0.9166773348839161
0.9017901432985659
0.2639075219653697
0.5017642185896689
0.9788872883700321
0.09007796522100653
0.07072636937541199
0.18162051878036134
0.7314694657890887
0.3250847922652935
0.7076033860377565
0.8272858664029197
0.8083731758440602
0.039886834167440766
0.6884620465038603
0.7982205692123819
0.7027133605791975
0.8640214101329923
0.8176798600337714
0.6137459302959379
0.8659782899571563
0.544543444364169
0.10817960705744123
0.2850749016278009
0.9325892235622305
0.33638834366806547
0.47144885334395525
0.8730939394436843
0.6853958301679253
0.7907178170614868
0.4702263643562937
0.5078325104341355
0.07709973933235181
0.19956488936897543
0.15830367219616348
0.5372134566428941
0.526281277816967
0.07222034776226682
0.6348287809023486
0.10159067087406493
0.38576305238940467
0.026479581547977138
0.4750122444668762
0.14482041178462912
0.9404463168209415
0.3619886611808103
0.8291978078999872
0.4422519778685272
0.3271340314755409
0.839940471438922
0.27470075943499783
0.5150165845718965
0.6393199962924899
0.9940258071299121
0.7037265851513959
0.05137320906133691
0.45592647470372283
0.9521914429737715
0.8546945643360182
0.36890964920633473
0.1284159721596001
0.2692396850435068
0.7570511415808063
0.18042607670380262
0.8918414258146136
0.2656034824512836
0.6894024695418972
0.693764660382435
0.24226890492026032
0.5187357931498914
0.6283726887084262
0.2691625887496176
0.5320422995740435
0.6275133279570029
0.9574014903291311
0.2840091035894693
0.17380925143048964
0.5070765392575344
0.5967500082755315
0.48714781464561674
0.9128507788958933
0.20174551303076427
0.5083690436239625
0.47140025905263205
0.19812200411623848
0.45471399335554186
0.45252902059101885
0.3753768898249781
0.7732491593145259
0.9863799176504215
0.9691502044220934
0.21812560206303455
0.37197133986029507
0.9494211392669031
0.08302794194949314
0.0895533003866481
0.06482023898815392
0.9599595136337962
0.505477529789774
0.433104022768352
0.09839581858319268
0.884130047553559
0.9929583714944628
0.6878067044875268
0.912254809204535
0.5679587734410364
0.3110230645123706
0.17936071963376043
0.30379102350246723
0.1499500233834773
0.36842760399757224
0.04737401743138625
0.040726961111866244
0.8973626771693572
0.8481131340598307
0.8147688106733496
0.3518877742250539
0.4505565862059282
0.5429643605047598
0.7873189123008503
0.3035653261579797
0.5123375060920002
0.5492398863770173
0.8410164492089084
0.349326541039201
0.003267969180865804
0.4039175049239977
0.8838395705973229
0.1748700303392301
0.6263288866164625
0.13242242756476952
0.27109783202693827
0.6247151936539601
0.10262905937092681
0.45410930540086114
0.5867826788880601
0.38810302393234775
0.75607212518102
0.8463178503458983
0.2791718259620939
0.760786741842314
0.7556850868687334
0.595931751354072
0.5912738241184657
0.5677507340838608
0.739771813471147
0.690776022110645
0.2710195680490314
0.6500010245565107
0.7109667245924969
0.4623188582743305
0.896041893779648
0.3144909206848461
0.5514137609175985
0.5685801147791143
0.6033558800855834
0.18402396460833526
0.6682198473537726
0.1161415018471269
0.5333049634620963
0.4510922827293735
0.6953184914499106
0.8577639814635702
0.9844122023899953
0.22966535351610773
0.9100145766541249
0.4721078345984612
0.5043442189865204
0.04080532182044927
0.859491319842841
0.2284760281768844
0.27748207993336993
0.3051921672590734
0.2340048031964297
0.28898310808864514
0.28816174488280644
0.5328896180903364
0.35989716287115237
0.7564521918622029
0.9327684409434821
0.9318612621892556
0.3752298395787841
0.6827702769444209
0.7325387390616583
0.7247099090346579
0.3992069039098525
0.1924723711557268
0.757868317529624
0.6562581595413375
0.3513565663215562
0.6665203071943336
0.06717778933482166
0.7836952650236949
0.8984186907472318
0.970397024571963
0.11412866497257801
0.6912165506705618
0.7817120568204287
0.14126381000267652
0.6100578109749948
0.18949689605327769
0.2182047793501729
0.02807838201414936
0.2810619049318879
0.8494999914982174
0.5865934506773941
0.7970662416613945
0.9704832761687388
0.15149052475849878
0.8472982782372857
0.8959397214282111
0.649133744137928
0.3337979863766799
0.17556958457170302
0.4391173939941013
0.3724445440323706
0.2604959360036597
0.674347394860682
0.6351505829941405
0.25838084612034096
0.17260774190683292
0.49904086705579853
0.7109009740124657
0.6654689212379025
0.640902991363234
0.8969449078171147
0.7577242734825412
0.4421846616903924
0.7457464961730408
0.6647702408258983
0.3411051549506319
0.16728366195392552
0.3774329980557718
0.7180332084120143
0.7507557487865388
0.30401921560513634
0.5415617129329466
0.07484395928105125
0.5980051973525713
0.4489956552995483
0.7678369410612903
0.8609557788763568
0.05256947128366074
0.9651374524411084
0.17160966071619643
0.963893845626623
0.9853177092519101
0.22190285579912594
0.29165766954732764
0.14525770624433088
0.9103589220807705
0.7566474720826475
0.9662202245238926
0.8068984868328737
0.3597448602393417
0.7740455044223089
0.3562456523248889
0.32951797669422
0.42592508952064945
0.7001919809883581
0.3163710513393948
0.560184328462933
0.567556174687245
0.79447443063999
0.47012867021313176
0.42049740862536067
0.5554804696887425
0.4608308843978688
0.7315086936784705
0.10737516637616473
0.17775291918007474
0.03841614534060189
0.4130382236636796
0.8486223232942883
0.5997162497572825
0.6362903331471317
0.9355209500008483
0.8214431833776674
0.29302796064485226
0.2221518167939862
0.5375718452696102
0.22921138973571697
0.5962549994760019
0.07924979660295672
0.3908295811351079
0.7219371346274744
0.25490797223825323
0.1492233035264544
0.7485077569469085
0.1935556012555344
0.9013791277954187
0.6130739397628615
0.8888829164064979
0.5323060982561493
0.4889705967042475
0.257871305878983
0.05808791410815706
0.9534273187742012
0.21895245567974508
0.0810875738583432
0.9325030776005448
0.5369671138541385
0.5811326416720749
0.9189937613537773
0.7320711559821947
0.2591912944045901
0.2831630493682348
0.6563587212311096
0.6804832892288027
0.22525445472818584
0.249713588469617
0.509000513227561
0.05947117168592175
0.8046144388672504
0.6576361208907002
0.1509499427120694
0.579627459413233
0.5921804492225049
0.08896694142922368
0.4298067144317286
0.7919233820892322
0.45498034086371864
0.7270047012666139
0.2335185428790585
0.998243247648547
0.6683019340966525
0.5583270646311053
0.011071660849070963
0.3558261995862323
0.0020776191357754215
0.43902584983076653
0.17705001048547864
0.2444270248094278
0.3057525073915225
0.14451430272529553
0.2834391412507328
0.5037917360863328
0.13431842316560028
0.5604156866339056
0.9491309203244684
0.7212086473551307
0.9541509063311561
0.1087339700215465
0.6608456501089832
0.24092317778753725
0.9348547016426085
0.4958377268310764
0.722099752970155
0.7761094752725473
0.13256169679383023
0.10050462585230835
0.8106444626780895
0.8190018259273538
0.4340499717399673
0.024606217195223268
0.024227582266718728
0.8010279288039627
0.6951729300839031
0.3736181410397651
0.6776659433473088
0.8079080201229087
0.0071453498088248635
0.7455536582920409
0.9780527276674056
0.8691855035293103
0.8840862421694454
0.43997090238307446
0.6065301790529936
0.11409494171607015
0.7925375271291583
0.659915616228738
0.40518104784582853
0.049551395980203305
0.17916103221711144
0.4017143446427275
0.920848124387343
0.47153275089365
0.8657846454551495
0.18721928253017917
0.25326217164402465
0.23646523561654176
0.28747889391418124
0.795162316208637
0.36861553482198905
0.32003541886956255
0.6812243289196054
0.4466299009759346
0.8787944596264633
0.6957599784658229
0.8321870716197787
0.427341650966623
0.3947760431923658
0.4522139095297447
0.987649102642297
0.9440521222411633
0.5672834727797078
0.49349466191403035
0.07224843409340564
0.8579090041577252
0.6099979812808924
0.41201928402252097
0.1675972562113377
0.47075498057561893
0.7086878774625939
0.2687036064588306
0.2653737622392083
0.5113336247590409
0.4959502177586863
0.0069939048894951394
0.06280608620669481
0.3741620298691498
0.7092102513097527
0.3817963015286733
0.015836160906462338
0.24347700299004404
0.1951918426153002
0.7642606207699074
0.2278193294195734
0.9809768933382838
0.288553808530545
0.18014483044379326
0.018970339397319846
0.49145406989106655
0.5157283535631991
0.7810703534329568
0.6687097781253021
0.5429178096988353
0.053035347791612786
0.9271960668585119
0.24789590832375696
0.23453927906375038
0.17357517513307186
0.5878693747946332
0.6549034042791932
0.3158028089217685
0.2570357755692442
0.010965019047075586
0.5938187220330906
0.7117158032295705
0.11973994455264736
0.24098850354315993
0.751618150665755
0.7100761331376112
0.1367419008782399
0.9879395999980165
0.716646481057007
0.7155455866310061
0.3209771394401135
0.9665152627274057
0.44179500726455545
0.6368297876340481
0.9825988070824195
0.8347645925705148
0.17581779563363398
0.13003632784972097
0.20936155825167446
0.1195068024475322
0.8852666028117958
0.5428960356339009
0.476308979749545
0.36887164195806743
0.4966896104896851
0.4370755484078158
0.7253370000241535
0.41563376062958823
0.8669166801761661
0.8459688828403097
0.8681353431781781
0.7498540482845367
0.17238782404692155
0.42152311205956094
0.840504475526786
0.356380064826055
0.5723907154122653
0.21132935235325134
0.8246777454648322
0.33359244838237756
0.36167963912786305
0.8173633726202568
0.08909273681710494
0.006772795214637917
0.4247074213663654
0.444868880845394
0.11273320507256024
0.3923854317127642
0.7692240801228485
0.8833621409355304
0.9221260014711123
0.7948970114140532
0.07404268875441955
0.3655957946300362
0.44810625387316383
0.028124446421269877
0.7806285212669416
0.2783159828537951
0.7799654434885807
0.6756238511804826
0.2668131175030274
0.342132464690895
0.44993299214084415
0.1949823234086514
0.01155079971789763
0.42165024835393883
0.22797840461262997
0.2545611858899802
0.7869870831873115
0.7424878941081119
0.41089836425727133
0.024788143622416436
0.7635142688082364
0.26318137202765135
0.10042085230605236
0.7525391769985768
0.9054392965206307
0.255946687527288
0.5450079536962261
0.8876199724090841
0.5197250404923934
0.34889455647030854
0.1560933691982751
0.027637379496554204
0.8917807391447669
0.8117182417726175
0.18166477964194128
0.6454903258593729
0.19229812196534357
0.747156974622361
0.37644642359914604
0.696157858083303
0.5344178875218385
0.08232254781573134
0.569254045473646
0.6541893341370014
0.046300149292832216
0.03667050094175717
0.2698593043380625
0.721877810794404
0.9770588240119834
0.44685174591321675
0.8589726329360456
0.710476656655805
0.2729960864043629
0.44590383906730724
0.8451878153112311
0.4825702956631487
0.506184584804257
0.7218269422976341
0.14815891829311656
0.4599426362945257
0.5201087302392308
0.5675950932871273
0.6925663489538217
0.27107500898106796
0.47386459916229884
0.4606200267492899
0.10332719337484253
0.786831430180842
0.9592874776645732
0.559785504315816
0.410700548140262
0.3693979377774854
0.4532901465635377
0.37026941300071403
0.2715780779545033
0.9484426843585553
0.36631181241456723
0.2130261153724805
0.6589341348115679
0.005323690927798941
0.35331664211200653
0.5607854836317587
0.8192619173563871
0.3029911218687007
0.05213537992655348
0.9676568436211652
0.011544444344648186
0.4183777969384278
0.5114247037865733
0.9873709432820134
0.35624623745602657
0.2418085284522694
0.28503442879184293
0.37520634191843993
0.14533482371280537
0.8995943752572462
0.5133310764135394
0.7342174097485578
0.27654171610704603
0.6664774940501834
0.912477133008471
0.2305304887197731
0.9558473424799256
0.2848946826907298
0.717718330570414
0.9418741425051799
0.46378713332512433
0.9313141186815956
0.3954813224745013
0.43702440378358975
0.9244343392733206
0.602265612561865
0.05314722997314958
0.14976466805020272
0.5349679625723406
0.33971186476282933
0.05762107811980721
0.8144398521902074
0.32611262887244785
0.9039822203640456
0.3662753163684779
0.18350034764058976
0.42338741508804734
0.8264971319582818
0.9045847506910305
0.5626638873954461
0.25170082000903315
0.5277228894701749
0.2623645321198155
0.36122096416948146
0.0073161590115254915
0.018393387852428056
0.9325604840981232
0.7672568397145941
0.24377763393230745
0.6155717429230569
0.04084411644677688
0.8284832329567868
0.6128272260828483
0.7202431720773987
0.4297203215754083
0.43463285140764485
0.8158548441072999
0.3181019348886198
0.07747530193288421
0.11521231551659028
0.9172799491990418
0.2777793872787654
0.06371045709947432
0.5655113645013834
0.12951115564325444
0.4265628272231874
0.7735019266418521
0.23353717742242663
0.42182542425813985
0.932035595183213
0.8691856940599078
0.8685639742088098
0.0366512319055855
0.9727692715789976
0.5603704127882358
0.15002436792948903
0.9857705702937769
0.12295363407443272
0.9848992786973836
0.03088262943407949
0.07817809698952971
0.4728719822517963
0.6086893195143271
0.5853448570329837
0.8172352523801755
0.10825152931597071
0.7255488336652358
0.320845245051376
0.9545651798947333
0.6258203470000987
0.6900527055912932
0.13233134307027394
0.9140909821974881
0.28951852993224136
0.2085676989897668
0.42052644736155165
0.7819368715285426
0.32270845402738435
0.4709607943156202
0.6043692431721142
0.24707733803985343
0.1185630198998634
0.40641309094725486
0.7127450487112037
0.6782041186236778
0.2121095610380882
0.657546890130908
0.8362350242691435
0.7034550590472733
0.18300251073736618
0.04235592664725363
0.9856873293457131
0.7095385176456181
0.2733837492673976
0.7414724239994767
0.5802576253469731
0.6300637734879841
0.3589411781342019
0.6682012909766882
0.3823860097415107
0.3842841007520046
0.3243898127227348
0.7365992067229957
0.8602438265635106
0.2915161996019764
0.07471759219399698
0.25220667514037876
0.7559923727672297
0.35604797174201464
0.010577647101583598
0.8435499381223815
0.43430599407823867
0.06747161568001603
0.7472199397005668
0.5077666797231453
0.8476562699418169
0.8348365774562745
0.8236474925104211
0.8821264524537963
0.3840796972256528
0.8089176335010188
0.4950783178113042
0.6518716952318554
0.21712467687289527
0.6252761545484894
0.07376581467207566
0.8605833949391044
0.17837538592928892
0.5693892439131798
0.8421385012171291
0.8272277649876393
0.8554876974387439
0.4254061697343674
0.07029402861091572
0.9852446008800579
0.3052848689925882
0.8645639174008515
0.40984775549416563
0.4410952664838662
0.5418042787615571
0.5454395416589484
0.7798509705648166
0.5873429872263809
0.1674309672751223
0.532187201363336
0.09426253500410431
0.8538730399172975
0.1759409396385193
0.3643942091511607
0.5903402549412367
0.34187342445265956
0.89451192134882
0.7926255625235601
0.33270019700597364
0.4289844509496742
0.7380772093099884
0.5108048505208582
0.6362892995923964
0.33653006453941403
0.5692725998919925
0.5922278536168759
0.8996695876564468
0.35140572851260266
0.8004555925477921
0.21403408556089076
0.29047640727234514
0.23215386609204103
0.9288323161669686
0.09539394712411553
0.2876029126512756
0.4684639582452088
0.7102093377704618
0.6614614721236107
0.12158573268474582
0.3904979526880107
0.7200908217366114
0.1430696726330608
0.12197553709510045
0.8238487397998319
0.0003338968352959437
0.0795600513190372
0.18767866534869448
0.8351009808279114
0.3484314410096685
0.4294384376770962
0.5408185280638008
0.891174898379688
0.040517172727736805
0.19337549048714575
0.40197213531472376
0.6420793927130055
0.13300579542148883
0.4350673652626904
0.568840713367447
0.06495115343864177
0.3317500813118931
0.06083364058968799
0.9107596962927963
0.011130778835088728
0.15934483898684193
0.6133358880442604
0.2300384515894891
0.5746619314958165
0.341268910716062
0.9904808620832181
0.5684640863688146
0.35304319320567135
0.1804615484933324
0.4809731423756275
0.7733482632690237
0.7159775225647181
0.705340724392461
0.5162491281559036
0.9346380554922633
0.39966186376144186
0.5469764923900053
0.9553906982948892
0.7899722988156873
0.4737369330518283
0.7953777363901549
0.7710533444242457
0.2936375589891831
0.3999248364301772
0.7572331227919857
0.373923000357958
0.35061715748682687
0.536956842403011
0.07617061945251735
0.2614725429393774
0.9867893552508322
0.2487353446641133
0.806722542500113
0.005807666171849912
0.3074019536069795
0.5155244437271738
0.3129795616493197
0.9434719573090056
0.9579860950114615
0.2976200669880572
0.1372982833089723
0.9203468589160824
0.7947784626847804
0.5189437315072603
0.05866956156850356
0.009762554497039777
0.6886918449931267
0.6851069995379456
0.46604917773303733
0.33321723621823973
0.2758069984107866
0.3711175054773259
0.4182462439647693
0.6122528451485694
0.4142476800929803
0.3380057916662146
0.22491709962919026
0.6606523460217908
0.9367103158395252
0.18410743422927556
0.7720327260925907
0.646229799968704
0.23170028483848926
0.13555008569645377
0.8362009466889841
0.14849120002164784
0.11875283592871577
0.09036475786597808
0.8143850695483414
0.3786838171993445
0.0011551417709796397
0.280768838929211
0.5189376490418179
0.47482374064147514
0.1473186759650108
0.8485315065144148
0.6961605059154691
0.273580356676038
0.318603449742792
0.2548377598875867
0.021477429251590685
0.6098197841678409
0.2740426902641595
0.660896421348992
0.8379413651714076
0.3204625312566677
0.28585751287170436
0.36541590674992763
0.4757208320204245
0.0469031794973952
0.38967126067463254
0.3127954451689172
0.11106576129280021
0.833879981791854
0.6961882001066539
0.4881682904991399
0.07334322478757926
0.7274837031796286
0.3795280783670544
0.8816813787536134
0.6469407574969259
0.23978053887920314
0.7520269542936594
0.5916655923878781
0.35439694092470575
0.7953185764861564
0.32979408547625144
0.14360015589974895
0.043434562616705974
0.6132705043940501
0.2735385386881948
0.15786795979881263
0.047753609779127126
0.7734091192505899
0.27915132688047195
0.858922148666697
0.8932379807673324
0.8181336059250612
0.22424275591494214
0.9431671409091856
0.6229862725364668
0.8465751028618087
0.9079840230443929
0.31813306598234803
0.37519861330254334
0.8968296041257697
0.29028570748078464
0.0992362898922452
0.03807351650732438
0.5561778546652681
0.3070002339489918
0.9464223332882283
0.010464969578268923
0.39779269916393123
0.7119089764825326
0.6073569174738913
0.8332112149935093
0.6499919572790304
0.8724769831229575
0.9679117475238265
0.8621716293687834
0.6026634481641294
0.3986980038233069
0.5304587008531466
0.22011240253032993
0.2546989449134339
0.5194758372362913
0.43823985984365366
0.3880076091231244
0.08519254040911517
0.9810090853497465
0.3321000562137981
0.4799691502117851
0.34869208647774685
0.5555509578246687
0.7802169043430868
0.9381154494871351
0.6032479873820381
0.9376143593743445
0.3666144539785062
0.47301088975799344
0.33796153366454507
0.9655123603534571
0.1286409951722578
0.22498151341016104
0.7678623531764328
0.2383442916381593
0.06548020531715348
0.36852733011847727
0.46428548320565843
0.454722603260889
0.2329045425727302
0.3477788345715477
0.2873628852451624
0.1753192809684393
0.506917618803279
0.22792507960471875
0.1919730621572423
0.9292527030282866
0.8865016103037042
0.37980490327273975
0.5295103398250249
0.09726084623931408
0.01911785896698115
0.5131949727247993
0.9450457186594388
0.07850985025497725
0.45487144470643925
0.7933135854926411
0.010544949214524868
0.5865760354369939
0.2619006209938276
0.7541834127701866
0.8229513824603111
0.8828587039000004
0.7807817411024368
0.08725439245421873
0.6572296822936202
0.559514133216153
0.301176407975436
0.20094773314405545
0.4723915126221595
0.422355546137417
0.40690348089761774
0.9531244143916001
0.23050790938002363
0.8558201422233115
0.1451660222933917
0.6899265558593621
0.4431698622509155
0.39406700544683537
0.4774801310536483
0.13312646074944656
0.22015556411029047
0.4118514516998738
0.19215129553558674
0.8452762517748593
0.6908698053136979
0.6292882512066057
0.6950912972765371
0.16259415616893114
0.010405404330572021
0.07954902394486363
0.8837354524179132
0.48757193103082497
0.9735092135192391
0.3240128150563387
0.38515303742277296
0.648828949508551
0.846980657506136
0.4275950562166141
0.4832939304746212
0.35560934126019605
0.23818989983210936
0.9061242704669955
0.9048754803485288
0.4364501652670145
0.13909706948771916
0.8705384468056452
0.46429482302036373
0.7471202457562518
0.4168639983072592
0.0804750494458849
0.7459506636083115
0.10587705067768005
0.9373015036586306
0.16930050761529714
0.34214487905486424
0.003511201924228935
0.21965227033406554
0.6499719631177528
0.09184336952799277
0.11370168738589059
0.06059834637892758
0.0135551412179995
0.5149530072462734
0.22550162383391825
0.7527098574583615
0.6785493183812991
0.5049729123490688
0.9281721192596157
0.9699934189395465
0.30751414074268213
0.7747470032410394
0.6938731133967267
0.1870239987967256
0.7844972641083283
0.03533889713556948
0.6731912167588132
0.9055982278539267
0.6511605407948569
0.6973939090960479
0.658966565426353
0.410767628262245
0.11069509806794064
0.3778879052113159
0.31132208006200845
0.8123669268381248
0.8795695658379822
0.9693188511979199
0.33286807395741436
0.8938755683644736
0.9031366954468288
0.020445169113211925
0.5471941585982201
0.0954085018349341
0.07976584484940885
0.4429362702405867
0.7054866005107905
0.17912102394988227
0.3214530048226304
0.48371420273861654
0.5445304895577352
0.12343950556300332
0.17333125953945694
0.01355359045465554
0.32156352199467064
0.9878249828883214
0.1861309358452723
0.7550695792770044
0.648348230255917
0.8600346240759109
0.80366928814861
0.06185681354060035
0.32973152006124273
0.8335808348930919
0.6459031861432807
0.8550761463821644
0.032198592763607925
0.8388857234361105
0.3959253963188487
0.7877716646111169
0.5830219942542307
0.35573780838382507
0.5256369768284765
0.025536126947553694
0.9355277859575761
0.8739367839367898
0.6487639738688358
0.6469663847177834
0.7361602022603125
0.4394075680997198
0.242974714073681
0.6489418739759131
0.9838632946957264
0.8681909964401606
0.798010320920954
0.16466056059744083
0.3114584403345748
0.2805507678204181
0.5643349838697467
0.9007756631776956
0.6207771999487224
0.5841593212527291
0.4271394003371468
0.17588997315819044
0.26501642694105587
0.9822924356740133
0.9079444032533787
0.6520627339911804
0.6866797802923655
0.22579829935635853
0.023091036274907717
0.02458003217463811
0.017832716406851357
0.2031425855640916
0.9811224059769347
0.5772066608731149
0.220260592978464
0.09141666812418847
0.017263383086179585
0.013232814648893476
0.13544948949199365
0.3362673735639772
0.15583826550677304
0.2286035384792423
0.6251532388443665
0.12839131169467355
0.13588268074692222
0.7721744520923866
0.28059475312306514
0.6290779824169358
0.28493934667559706
0.6968193554249473
0.00995222624331149
0.2703731594968596
0.8642609665429153
0.2926373705444415
0.6365524136774479
0.21108849190721146
0.10683972485016424
0.4244372301073288
0.4577902066316908
0.03508002301774138
0.528135247426512
0.4232037455623764
0.3591006697789306
0.7584232699132363
0.8882807515641558
0.40759472382455386
0.30460241663201093
0.7706049975690442
0.758503913000785
0.5121011603945563
0.6138469394584741
0.3415133917305535
0.7247718990538173
0.5782473273532289
0.8589194545050673
0.3001823953005667
0.06668682499728273
0.8656419946839027
0.5858707600976505
0.801683155061487
0.7464337185362636
0.7714084477129965
0.3606426104424214
0.8647146066649968
0.6170142818212572
0.40724096614431615
0.16782537952169818
0.09543028698538047
0.23032091351339412
0.32018751869469364
0.330788509754652
0.6205543341264302
0.9599137767930295
0.5635198929873858
0.6644752457683066
0.010396663573419063
0.6960418747076833
0.5343221397326675
0.7776333909644014
0.3495150174104963
0.6439458634329603
0.5115957512167069
0.7813710204567607
0.43415307992032737
0.8249682352912606
0.8689603514816114
0.5292967487806411
0.5016167257322934
0.7058463299113006
0.5191772667617716
0.9701004284107081
0.9341077506941882
0.497614166452239
0.6876719200789769
0.10577963897673759
0.9043017799890636
0.6188871230249474
0.025905312143033155
0.010233319336482638
0.8454711987766318
0.7816185404599248
0.6172948483774938
0.40468659405923335
0.243207706621135
0.483671450135129
0.9072006008176037
0.630293730380269
0.04412469623508264
0.20666731730480148
0.08482036703105456
0.8652548371842036
0.8468116160757834
0.9258708185296161
0.4304386819893472
0.3160385595749592
0.061196698713056
0.2549784251311078
0.3440280870207124
0.38905028278026
0.33923463541919097
0.7281034229628662
0.858474652916869
0.3791468193491695
0.8173003597969263
0.2921667567913019
0.26617294780469836
0.7967380704360125
0.08929741293276827
0.07530366532695643
0.9925945133650094
0.47113635868752
0.4094855568529133
0.7719336737440338
0.8905957827838098
0.3707565470236288
0.8059946585836698
0.129008217265713
0.8885564345451009
0.41381682751754023
0.38551158613743186
0.015136483304525106
0.06859589248748366
0.3908122695841971
0.11492064941466806
0.6606010778093682
0.9966296950184121
0.2890021069909856
0.7533266548024861
0.5845214463174373
0.6186332409602203
0.7771434739498608
0.4845888711197045
0.8287490384913948
0.15905093770487788
0.6819640190875685
0.5289817560984437
0.19785702449912512
0.22883808521737237
0.9478856933079626
0.636515243592544
0.4969239411809302
0.500966039253298
0.8488998083780304
0.633133423095397
0.22184299889466064
0.938346062870052
0.849233935618751
0.780913542107726
0.7095348073005986
0.6728372201767665
0.32359994623727306
0.9773046756320741
0.712413701427584
0.1638570354380886
0.8098926578131519
0.4271228226126613
0.06087291817755125
0.8824724624584435
0.22554915039262657
0.42105589729639215
0.09458405313350293
0.5221347220244407
0.5382397438953151
0.8218466752078294
0.9535524869649243
0.8855588008454575
0.6691429548877542
0.40110950006166946
0.9386728012185486
0.22842618936524262
0.31607726893562593
0.5647458960178948
0.36784625319435027
0.567647558701706
0.11682810882531558
0.24505771527440845
0.020629517583341306
0.42998756239382496
0.24007571957948226
0.8154134541363933
0.25565813190554854
0.19168507353887088
0.7169243017733723
0.19405741278953592
0.8388036127838937
0.5299069904353518
0.14365433235878378
0.7010083911125583
0.997256073054226
0.307621283133687
0.5551531855706724
0.5462334764408738
0.9503862070776048
0.9875142898548445
0.061413459050030705
0.3818909140935002
0.8074927921746485
0.41864966490920374
0.5095231374260899
0.5662758004350767
0.012109809822315243
0.03804683282809307
0.8970873141923399
0.39594039282583693
0.44409006989536615
0.5586551149161824
0.7514679844848552
0.8920212606776449
0.08355471122453506
0.6317455403646699
0.0036326983856266315
0.5454845226326763
0.8159311007574761
0.4782735437595709
0.36871622911955704
0.8557869138685148
0.6928876316398013
0.914860786286872
0.5414569144566083
0.30881181027817983
0.6929708964986601
0.4877334397663776
0.0011314223047814709
0.12947842979633495
0.9589761604141603
0.6454471484148522
0.032875748262804705
0.7522024106104744
0.7568207164632377
0.04723090092223703
0.989351570729226
0.1738674778556928
0.5070650177336905
0.7117515185355584
0.48838868492205056
0.3481044947013766
0.4776420589942558
0.6308193575198066
0.9524487711332401
0.8807905390249184
0.9892410535891314
0.804955467136002
0.4772686431349047
0.35486666413684986
0.9100219261418506
0.9216568277926612
0.30132475569981465
0.7857619338749903
0.34841525895678727
0.05527495641714153
0.4724722609180233
0.8988940060992393
0.5339358043857976
0.8145675164757468
0.8415782778937795
0.7973106540966742
0.29821994129273666
0.910787304062317
0.08491030572250291
0.5050090303312602
0.08343780675522983
0.3830256528135526
0.8861700592107314
0.8129038454668899
0.9926300507762348
0.560647095976231
0.5202313399208179
0.16509252279723652
0.4850842373878169
0.9068354194656552
0.34002137071064076
0.8542027187897485
0.30381616948859713
0.8016624266955447
0.1909260958353719
0.9635369355941868
0.11731343172129127
0.0805349992122183
0.5731384942592754
0.7772046266989248
0.7108782823764516
0.4055698323155076
0.7141053893420964
0.20392068571929745
0.32773130089074176
0.2887036019103564
0.2262430045655236
0.042651101101911615
0.21352351653940793
0.5417256255478484
0.6075628046689736
0.33477542950847683
0.6109911006981137
0.33082246104010715
0.808951245655351
0.013430708616347542
0.7721228515254913
0.8996184279606697
0.5794156363200598
0.6372995406682354
0.9820721067438551
0.14461242427893817
0.09499035119721155
0.5073173373576744
0.7233889695803332
0.5358849086972455
0.48493879120507544
0.4323692180986858
0.460236473851799
0.876651844254438
0.0690670216699919
0.6559176834677942
0.09235221402406857
0.8431556598718175
0.26215625177971247
0.7989781972979123
0.31950520810516947
0.6338904062589794
0.5090879395002325
0.9559366386177816
0.472478594560102
0.512043523462465
0.501793859739456
0.2502954729927339
0.9410853276682575
0.34239248660550703
0.15093940438951658
0.20813176458174798
0.7190941593278226
0.9029367959839059
0.5924911508363374
0.9562605064864037
0.224191696529649
0.885875954285787
0.7681641940775542
0.21388055667378403
0.09231991964569652
0.423099658414564
0.4185455266858161
0.4897568199587081
0.7212804700046339
0.22862232865033416
0.2547387597865294
0.3323300572034661
0.16127510754631635
0.4410758444874434
0.5992981759358963
0.2723862357849758
0.13634931881373735
0.7299696339194095
0.08685530941817199
0.8582421633727311
0.6146946267139903
0.2268067689708657
0.00919441319777825
0.844590155706555
0.022182293749511417
0.7540086874055705
0.5338211942475113
0.6903708711428248
0.20085155810909927
0.7307249336844801
0.25544631208554947
0.5901102450650535
0.9648423661199612
0.5961773308945967
0.1599442955908572
0.2423375833562048
0.40796808695692655
0.8298659466707139
0.7977998250096767
0.39151170037337535
0.5869122717469271
0.35420457023301843
0.4905926910193451
0.3165042834370636
0.945234655763154
0.37272370439530966
0.3169597475817397
0.6224336461862551
0.21980301376721112
0.11212907111392312
0.4449767477003366
0.8267426303058041
0.367043354836859
0.2827808636213036
0.2901205693297061
0.6032707926597858
0.26930942066783925
0.5332048586330731
0.5112878705387445
0.03933057627597181
0.3220986097078684
0.820990120620262
0.2107310427885838
0.750032382681337
0.07568387943173516
0.4885475359605367
0.42252711136606613
0.6503554311222247
0.00452979617531879
0.12228130186041797
0.40376192051129844
0.9181118312216897
0.5019985477755696
0.8611789989951768
0.5316432851658479
0.9864275891148407
0.07778646171274417
0.8689999214432673
0.25604531392170615
0.21900510719992394
0.5264533741782869
0.41811481248567495
0.995154148871622
0.9356594197587459
0.7239896208896557
0.2462424006178766
0.23323874799302635
0.4407990930268497
0.32106243034008697
0.21926918548227115
0.20561816878751504
0.26386784802368946
0.2984552638044232
0.11025117847727339
0.3092772801447391
0.9517181722424953
0.8371060417367395
0.6173645923790686
0.9569597914048343
0.9387660217598134
0.09250057447566107
0.0471080019222615
0.33332997909766815
0.5323480403248957
0.9975906945554548
0.026946193880123648
0.69986122357168
0.792593420100067
0.26249873513763977
0.7670874082425334
0.8676677552930703
0.09314409835885062
0.6579672851475866
0.47287418567325123
0.771189630447755
0.1493492823273076
0.6627848201050962
0.011669236247888737
0.03305077033580994
0.43182134244895176
0.3467652700631708
0.43214618999102417
0.21005814002814305
0.9951912054991989
0.41458242331046224
0.49766887229559686
0.3580260105841585
0.8808845985849749
0.16554260691710254
0.9312507970007188
0.1915479906732217
0.8755585010358268
0.4272698774105297
0.5993307672922252
0.23578657908286949
0.8179732734916614
0.22117239737900551
0.7860369798473218
0.6587538801314797
0.8982873253991877
0.9888818696888009
0.8016792119408545
0.1728472747756925
0.8159572010330697
0.10191136180435756
0.8106850087756293
0.9222461988627082
0.13746413462483575
0.04011604109067235
0.8104591956044563
0.3502950417315496
0.6789256401627438
0.8189305075118085
0.9416517618534964
0.518515864026932
0.842305638971034
0.9111435327434786
0.7711395709469077
0.3698728070808066
0.9163760434387609
0.4208100969113586
0.9012953752852485
0.3833258626036784
0.48545905654204113
0.03544118073375768
0.10569941064933586
0.9282974013322551
0.4558044892762563
0.7299839342240821
0.4740717644489675
0.7257556806399059
0.523457915876711
0.1435820192761882
0.3154884530752097
0.6348128881930267
0.15676605983843783
0.942429412817095
0.06065964942009605
0.5640709669064069
0.8709810740990948
0.7314361124890311
0.14543878918402264
0.10579082118453775
0.7067964473953403
0.4092075513919565
0.09785218638114312
0.1255418174607783
0.6654985660653688
0.025258937989046992
0.2889705648094799
0.9411903717633672
0.2519831384207347
0.8509486883830863
0.025987669701489136
0.20040950352786402
0.049616958042794757
0.7308094393648442
0.567250300533306
0.7677812093355824
0.8145606762100321
0.7223659164718683
0.10778604410049808
0.4580965976288973
0.033324391436211354
0.7972393460814285
0.3758162682589359
0.46333100394047166
0.8919953612950811
0.9910890095555583
0.6044856268392369
0.38694989734215135
0.8728616215529755
0.8443668009513208
0.21466533980664593
0.45406701598642085
0.9480116616907931
0.9842264707851595
0.9141692022734349
0.48670260887186
0.16330953922327696
0.8911212432305502
0.20524729880051762
0.6024720447265235
0.38882916453941974
0.8472181922852626
0.36685678022169776
0.3773556268531555
0.8482124259401566
0.7261652725980213
0.9983784891861701
0.11942329412130825
0.1313403755828203
0.6767107598805213
0.4970955250202955
0.8935743254716549
0.4639728135068726
0.04745325660086985
0.47592236350899253
0.24856318002667377
0.7998918694726345
0.8085226368233964
0.8638629158448429
0.10894660097140263
0.5633363505143447
0.19841966568945213
0.9780363690048839
0.14949403583596566
0.6507858958161319
0.7174856236898581
0.20094628538836157
0.5831672061373994
0.12148621867237008
0.05312953073589055
0.28354326090288673
0.07808697081282079
0.4398728692440004
0.6787411308417567
0.9250023330794676
0.26126165412623437
0.47606232533062065
0.6894466265398306
0.31535856009471597
0.3096156189272464
0.3701021181994797
0.8341079456895316
0.36174486530007355
0.7684849178084034
0.1467413562819181
0.30847480105368486
0.2908586335455664
0.22831245983724757
0.15765500234681262
0.39550862988392255
0.8140975468766821
0.6598774540417316
0.9925689322230433
0.3158204215360374
0.3043309530849869
0.24188453050489933
0.4929238868093081
0.12372515440233123
0.8037608825470519
0.4233105814333902
0.041795665228166246
0.5057140313804857
0.42931934830620155
0.1935247637948052
0.30290656021960183
0.669868202800641
0.9984007057728292
0.6039453178493687
0.2571452550768305
0.0324103069455447
0.3248051178936643
0.24016753016353287
0.42303909609585233
0.4496999333163114
0.28009279379207774
0.16405908797073332
0.9300843741474472
0.9482020682867477
0.7244000349252347
0.9283562946873162
0.5679346802752181
0.7411700952225019
0.4411693194830748
0.6626268425969821
0.8475614274102948
0.7066193607636038
0.7968462148797721
0.6124183883468772
0.34472566583859754
0.802544428136515
0.8966543322848619
0.2343894656917358
0.16584987167581788
0.007484766296512624
0.24457113167557432
0.18065013667432428
0.20150565959600686
0.16600684797716636
0.31688085975826974
0.16893763483241542
0.9607580420766851
0.0702308412272512
0.012999764661032032
0.9215854867319123
0.3823587610801046
0.7482011899911127
0.31910574785602186
0.013622921033861646
0.03791304574208065
0.922615428658636
0.04961974508441436
0.4446284509044609
0.2625259485452326
0.6442165737608092
0.37675712615127654
0.8081773157648716
0.2141638457812317
0.5386938975995184
0.9798742896315202
0.5317858160396783
0.9533106532044112
0.04905247058863005
0.8803321861553813
0.3906098212582111
0.9969575641488182
0.7005632005452029
0.2558997945938565
0.7690226704222112
0.16745325235408726
0.5277021279869395
0.7404723804218173
0.16706441569269892
0.057832233114601284
0.8406025506207097
0.18867407931265312
0.7602755430483187
0.471170166522638
0.19423236435682067
0.8600356584568596
0.3721804535221028
0.2625299055133692
0.8982421120096115
0.9888382547679802
0.33118856026402965
0.9746515440799023
0.10881888015931684
0.7928801749938644
0.5849861003780843
0.24405006637484006
0.39737604374500946
0.31930996516257026
0.67408456783265
0.42221028796881566
0.4282589264496869
0.6668720778128275
0.34781715384592893
0.08278029443450152
0.49331845291080556
0.8658017334578573
0.23913627778472402
0.2697634579336635
0.9135917576608883
0.1625989245219308
0.9595702035581558
0.3032095937778171
0.2088505459446075
0.7231787349131991
0.8904946531318502
0.4667720615462989
0.2704921568807164
0.1286426608474961
0.007358221880009341
0.7044101336335306
0.7405444189671617
0.3148677134963048
0.47359308424147073
0.7648756110536553
0.6970684443076967
0.6808298639481898
0.9179374899157208
0.24310635030584493
0.9730808124776207
0.6265722832235664
0.3190887721484368
0.6813704604979522
0.3050378413773127
0.41118198072113243
0.8229710363807813
0.806682878350815
0.5976728368844417
0.8067340961886309
0.8657128923281848
0.3892878378903307
0.07551796410840639
0.9404224133951705
0.059878562764372756
0.44484568827851645
0.10182346808107512
0.5379923996599268
0.7801799487794302
0.0350804124692069
0.49646939756065733
0.40310555540465154
0.669410769298566
0.8986326082555026
0.6729080764494949
0.06019809166560186
0.3529552395110611
0.4645999423041387
0.16224251306455018
0.8590392191023527
0.3598311101631787
0.35944818650609267
0.21333676997122075
0.537018878990241
0.8070329976590473
0.11126809179309616
0.499287939770129
0.2969879731276398
0.0624145610501593
0.39773274902746136
0.6368460089802436
0.6141843512507791
0.9954816715313122
0.7027327150200147
0.9298906170842208
0.7271913012794687
0.6847493264816156
0.8988110734869201
0.8649715329932952
0.7548724613763231
0.3269455411521681
0.28220422088082553
0.8653962047343806
0.025365964993925738
0.3897987908805379
0.8377052636197097
0.29326584344482587
0.49787723655150284
0.3475287843072242
0.6398940833903435
0.8291997429859682
0.05963575396136367
0.40966188342394183
0.8559024685577717
0.41284357111675907
0.9768663278094574
0.2712837644702507
0.5044818919248231
0.17314437417259065
0.8681719547198296
0.4798682684955661
0.8247654582364266
0.6882731919365764
0.26307557199525167
0.8531397667782322
0.06762944754266198
0.9255595767193356
0.7843520424505122
0.24525694895190686
0.575280124647057
0.3489143228953836
0.46830684345197404
0.9480279399215783
0.45343172718333913
0.5811703022461832
0.04495110683594783
0.05692425835553183
0.4764337187395574
0.42128887808549154
0.9339335949685069
0.570437176823802
0.8886410027447101
0.5742686558646632
0.9314057437456096
0.3197427386973747
0.02605752413505691
0.7518260933999951
0.6551352981159788
0.19601057329980642
0.2161134502701102
0.47162457641816036
0.899213664948367
0.6693887190301921
0.4319416519686481
0.5723613690635684
0.3479905835722612
0.39419613948162013
0.18304760933602982
0.695522097605522
0.024007563887163408
0.5244398499377257
0.0883719164377973
0.14236905240599096
0.7594037142127779
0.86302077124897
0.5096701364640773
0.9625516536054779
0.7089488667304834
0.5390143577978057
0.6065466267679106
0.008540226364338044
0.09687055651678966
0.7489743550930463
0.37449708917339875
0.9656429023876586
0.2573752948478767
0.28280804957314487
0.2117659328384499
0.9308151098577443
0.5461496282291168
0.25645939754553915
0.06478425341603544
0.5827926051648405
0.015486652351065833
0.862177153750927
0.15847572358259043
0.762225042458541
0.8626733787614599
0.28929527729534377
0.5849748302376024
0.6873551677111538
0.4562109345618821
0.4121313419895849
0.883866388884501
0.2563787881880307
0.565951958197889
0.00718458325155491
0.5691566854846694
0.9704801009746138
0.39563618745508555
0.7352778117371545
0.3266822570287903
0.3772716261788749
0.3933133954402791
0.8802780891303686
0.326037437065283
0.04508943714490288
0.5465764891237087
0.5828060831293715
0.6058552146668466
0.4686440228018154
0.29676716692215666
0.715989185454947
0.24906401160455371
0.26127374640825296
0.17824785112563446
0.058435567531789245
0.20671835719941112
0.6751280260820701
0.3966863146319526
0.4573506714517014
0.23099080435868913
0.2578452828301745
0.6864731223430475
0.9386755697681877
0.14022126371355048
0.6899283122311883
0.9603010236269306
0.5450526645569455
0.8943651466669006
0.18092114246710578
0.7845903317557876
0.10975286043174837
0.21619420631386121
0.0964837318364129
0.00331193950190678
0.7583697808378785
0.3495217466970184
0.3630622861994357
0.7327876291408978
0.2523012458044642
0.858462773482344
0.18500371932513104
0.9757238516491499
0.8720787444477768
0.5000476069044774
0.935923205642312
0.8450442918315147
0.9515923786437548
0.29553601543327
0.414326238421862
0.3023250822219453
0.4447093509434177
0.5552427084371665
0.8587341711121447
0.32836391356765915
0.5557062266601397
0.2763759733890181
0.4451268903186446
0.05120837479663298
0.5417841462020577
0.6160871608321566
0.5916404512182404
0.8685306159530924
0.5202475700861683
0.27597469088602056
0.9499988605619784
0.4025819770541791
0.19440130173789905
0.5086011303782423
0.7014104677737666
0.26680979330735566
0.23307018523947298
0.08432000265538953
0.5565758896127684
0.3753188044165954
0.7959697986257105
0.1598028073161254
0.6113651932179416
0.1500347593190794
0.198085954932538
0.11330350163440317
0.6452271197273298
0.7313881597167237
0.4350964525300345
0.8253092900847077
0.801722907494916
0.8656860814138482
0.6440852724488529
0.44823251588410695
0.41599584684657454
0.7961532396166165
0.2947195580772065
0.24364461858631703
0.9979739099807514
0.9351296500490502
0.65414698049943
0.8323156115966339
0.0537087373707823
0.7731581179181004
0.5929610854793185
0.2953511150485859
0.2782995053331836
0.6773329004682421
0.913422938686487
0.7458908143844752
0.04369827732946996
0.5846655872853183
0.3361332276160346
0.22675327935203582
0.055583923591418505
0.5789790048777783
0.26876450311732314
0.3357649167408384
0.5003115943928061
0.8970621106034166
0.2758244511859679
0.5755666211728547
0.6465833207964725
0.753381366121138
0.8480768642372993
0.22707546588658056
0.8638977939585548
0.07512722182580955
0.45893722064146025
0.735444293867122
0.8993543676668802
0.3473133608188712
0.6785673202052673
0.6990564091203973
0.04738442001661747
0.7503460649651564
0.8368878435058003
0.1397000785044319
0.3201446507346334
0.433286364469029
0.9376365237929548
0.9572303195773717
0.18321424567770228
0.39534691608860584
0.12278166004376256
0.05311885155855467
0.21405051696629906
0.9356325046576855
0.9052208650301989
0.19971924740377112
0.6232476335259025
0.637291358296028
0.44753749518461305
0.8466995263102935
0.09002781029544038
0.27250986938572075
0.115103451877141
0.9101930625615778
0.7982965432018897
0.4507523725044805
0.08865233076075796
0.8529833224088903
0.780266725443929
0.8690108134929917
0.9422731548653246
0.6643562278799804
0.49094358412190353
0.8016363143654034
0.13796531378352406
0.8383989764096439
0.3070954956489038
0.43926357479608535
0.8729143382876612
0.006548439823362839
0.3375765843849411
0.8138660236282776
0.4019596599452122
0.9033535372771505
0.716633883770295
0.22806842254824344
0.49278488116768726
0.3547697223072437
0.661730662001629
0.7125603461830718
0.502060961110519
0.07546738175762868
0.8610278596122761
0.1789992952299524
0.6330783288972129
0.8240076740440557
0.4581896325709204
0.050130777278075356
0.5492494128165982
0.09876954993549869
0.17188881378787646
0.20762267317275396
0.17163680114561708
0.5773943534610141
0.7500184140595881
0.4414531284497939
0.9526423879067176
0.07269881959919
0.329655465506015
0.3226947964954906
0.5377823152815875
0.6693570590508087
0.2761152972559797
0.4256503004363251
0.38162862011581866
0.34038354906531254
0.05643788710077868
0.7477069677056533
0.0279451754385579
0.42213144476876574
0.22579320204646935
0.41853619773643524
0.7041670828706874
0.7978026921554348
0.8689230254250988
0.6251635364305274
0.2838934231415563
0.009851787165001236
0.14893933799507975
0.8847078557566255
0.3807967913304515
0.37896037301084273
0.35307089239942524
0.3359269661390213
0.1928431906188678
0.2807567714398066
0.4706837665622914
0.45619846709659606
0.060158546058149076
0.11172547566291813
0.02599196767930645
0.4684520652312498
0.6465117366916925
0.8808044606093703
0.3996637927192215
0.6057801669205419
0.785658882493956
0.5354609170791558
0.5396372760767234
0.14876881827614874
0.6817827332964306
0.727100496185981
0.30286490286629175
0.6613621899764209
0.20888556829847948
0.1084446473776648
0.3307110747203178
0.5469917920380826
0.38806969186902707
0.2509341769781587
0.9641178710888642
0.6998417338540623
0.2807493579822954
0.07097624045334916
0.7152436710876269
0.9222168655876143
0.7195223664007426
0.6854115795435559
0.9675146415972663
0.6950931088131661
0.12315629538779926
0.4714482596407821
0.3953378332639448
0.5780875302407098
0.15759955355345567
0.6273617210906015
0.7051161121381737
0.27231737013301094
0.6241784274221264
0.34426240319534385
0.6735482402331392
0.46794597020677375
0.9601312015892023
0.46549427291840884
0.04252616362886619
0.06844360523301496
0.6899450213949905
0.09358215698552463
0.7641367336805326
0.4949629251225045
0.34544198806322657
0.40850406024062447
0.8436928720976447
0.5395467543574477
0.41705529947509423
0.4710813894172192
0.5789358721744241
0.45503711736623265
0.709832568810621
0.40847610689745995
0.28422405608832146
0.12001312359024097
0.45447609460845717
0.18181651192254877
0.19555027703863936
0.17356530877044785
0.35660352171927656
0.909908317952039
0.51157728939825
0.2768494506670929
0.4739118893133022
0.45841760750504934
0.052097615101844186
0.8084512699030869
0.507453982707471
0.9908690680734146
0.6332020905649623
0.24393034275547332
0.9825968332202377
0.11123974040039453
0.16590324249666577
0.14449794953879203
0.1555015694705647
0.13374569379049206
0.9007246627120231
0.143435617642241
0.4875788309243597
0.14396546575865532
0.31168414688112556
0.0908582956616123
0.36861482477166685
0.28207348892567863
0.7261261456769157
0.9903160902774962
0.19065733258196726
0.4657618442720436
0.6173451716163911
0.9867901501163499
0.06529531049701376
0.6555156727303058
0.40367959205128956
0.502025244498483
0.7008622398855351
0.6946600499313992
0.38628550657949845
0.8141402443869341
0.5805682914029526
0.23126189893124494
0.1942279501486991
0.19898037347580222
0.8119256507020792
0.8627850231213071
0.16205307039581174
0.5910364060504449
0.07473560148829395
0.062465031923058856
0.6807010905576624
0.5563936220107288
0.4295168595572273
0.43515090577086835
0.4540566106011201
0.3770670217222408
0.28468990825876483
0.9347927670917991
0.0699873198815818
0.5901906353878702
0.1769397448659077
0.36425735228319744
0.04272515073324612
0.1435071836022792
0.6108338798955856
0.03189068263769501
0.41572740532222086
0.6118674252824783
0.5710453070620745
0.10245545935097244
0.4216176744328962
0.32641450053682675
0.80330366070539
0.8653089120445084
0.5924697451036054
0.7844830494779336
0.4139907664827731
0.9780001010612811
0.7167944577459894
0.890630514404464
0.16410846784004152
0.6946014114431412
0.669266745833695
0.6950608619742317
0.8938070333891545
0.22790838013272086
0.11933165647834931
0.5609458808663259
0.22173666160961336
0.9686261449932942
0.9121274970357248
