0.9560342718892494
0.9478274870593494
0.05655136772680869
0.08487199515892163
0.8354988781294496
0.7359699890685233
0.6697304014402209
0.3081364575891442
0.6059441656784624
0.6068017336408379
0.5812040171120031
0.15838287025480557
0.43066964029126864
0.39353182020537136
0.7230120812374659
0.9948195629497427
0.9493954730932436
0.5441770474293208
0.4448541887258536
0.2682407416493281
0.03592432939285761
0.027444857090819008
0.4648938620973121
0.3184651278536774
0.3800149219007116
0.8917894578282874
0.5257527691460283
0.5605103610264989
0.23612340711506208
0.023858079140782196
0.32514292876116
0.13669739298646666
0.5102238458372012
0.998683568192552
0.6744796973458701
0.18184349682314438
0.8935715365829885
0.7967599214216395
0.7344016918939777
0.906593649897561
0.762885483833071
0.7897476374617632
0.3537869778416035
0.9809765730721266
0.9619009378982257
0.16118465330401888
0.7540040716518721
0.7151508982374535
0.4614066977419776
0.530355716123445
0.4900139218501913
0.9248320720945703
0.5008410626306549
0.8315244897918123
0.3539242048687159
0.8828509185812531
0.8997005887566257
0.46101216488163765
0.5677050704202443
0.9203304391919288
0.7237729538720183
0.48660855486158505
0.22181101099101086
0.324667243768898
0.6995716380702436
0.16606968549412615
0.9079404966260946
0.26813751289981635
0.9113778358680468
0.3095631249494607
0.957361711556158
0.7062058063676047
0.5042488169833176
0.5177477561485521
0.6514143989667908
0.5879447117944846
0.3118443245510002
0.20781847453792723
0.5118916583552825
0.9341543591337786
0.6232650867258723
0.0753753690740454
0.8203999947120169
0.7259492874772981
0.9076536209513208
0.1914027333041175
0.7447827242773541
0.058758896398655724
0.6529099274345497
0.27309973233714935
0.22661652924476305
0.8754911714482378
0.10626598264552489
0.52236266535893
0.853943007184872
0.2448319779690169
0.2104789386956465
0.8805817593662799
0.42291764838969603
0.7169610989049753
0.03187307012674512
0.36235691130324066
0.17188099212573238
0.6727654414135418
0.08290317740457553
0.9545621653457477
0.025344714826901038
0.7294235074418041
0.02114486972315066
0.2556900540574426
0.8133543874022758
0.1571182886867749
0.1837388092509762
0.6914954260135907
0.38556588135256054
0.043160995797499324
0.9900015462028011
0.15142010875655154
0.03626899424341401
0.34420100553679467
0.6152394833248576
0.7424596231257796
0.11311490301807692
0.33721377319664525
0.03081085762668856
0.448653262492294
0.7659699365880781
0.7399466637207005
0.9020201583500368
0.7556621536750643
0.8624457763254278
0.7053451400507655
0.4727795120983127
0.22552757034788762
0.6608284986570139
0.3163059267282592
0.10204910504969822
0.44782186141915115
0.8747630413479673
0.12753646461878787
0.5849556981106074
0.3929525501051674
0.5148026967641771
0.14382946397694396
0.9597311864871608
0.2590964232522055
0.6060779390535027
0.4197555456557469
0.018033219124926614
0.5579501238390799
0.14056937896133426
0.0567809958231964
0.03355624624864695
0.16116501518123416
0.09587194363318319
0.6350756975386669
0.5082591840356436
0.9834660940475277
0.9341303186968067
0.9945252332595031
0.23247384066781007
0.4446974551196967
0.25078076184115716
0.591237345547998
0.6241640507547823
0.8002074556343963
0.7094983038293496
0.256609288488035
0.42301692276252156
0.5261899437805846
0.00482478105362838
0.035499411707764605
0.4087264177220743
0.111174967229976
0.7237696728693049
0.24086551444166326
0.09977308675499097
0.1817600783004253
0.23152542937714082
0.21735363471835922
0.5207363640478975
0.46440311114384025
0.309726070877413
0.6417587576806747
0.21244974199448974
0.9065626767316824
0.9631166548292377
0.7289310455775243
0.433733868789665
0.5115013422170477
0.5810763060401595
0.051234743605830024
0.41801638848245637
0.5250645323197618
0.18122506082517154
0.09378678845831834
0.8026552087053861
0.3661839665433979
0.5192096900989855
0.9214503475918693
0.6105103371030303
0.28958076753016326
0.9835210735533187
0.3722267099341341
0.019055104809604595
0.6853106723148695
0.10116187561315682
0.3059223607062649
0.8406116871188408
0.672571754644766
0.01572207221433819
0.45142345920198235
0.41067437557350694
0.48586294400200114
0.20824689335779767
0.5887450621542083
0.07378931347525297
0.2843593509803859
0.37290210504696797
0.9352704340485111
0.07654822036002029
0.7549841142478987
0.19235912796682386
0.5715527413293309
0.39178097036424775
0.4632243822490074
0.7535805057357183
0.3950425601578629
0.12172948013366958
0.12177009972153996
0.08051071775362983
0.8500708739048479
0.6409915938310651
0.9596685633958122
0.6926525466546496
0.024668772654101057
0.6591596638439184
0.7772119346497987
0.7235182799831297
0.4979495204296175
0.35758461773097183
0.457035713951785
0.7987220836796798
0.26894249382765256
0.5263037448063002
0.47755954205652185
0.9546968469613308
0.8043499769193377
0.9320538602182384
0.836005573572394
0.2967636689146743
0.23162736115157245
0.48878947344836343
0.2594053413611732
0.42765383195592854
0.6791402153611489
0.9185802272283352
0.5859005803451007
0.81785325389915
0.09594731085866581
0.3560572279701708
0.9977480213736307
0.14650104795623142
0.4167680434748887
0.06683939545281614
0.08614935659889933
0.8955003520947303
0.9886370287076425
0.6480820777831361
0.12851500491734336
0.2963825195326958
0.2316996433466908
0.6707323259499417
0.681099007497837
0.43884583691157797
0.5239947683139765
0.1120702635945241
0.5408932491145007
0.9499387217228025
0.7557773025610289
0.09615446127089577
0.5165013614937735
0.7153648176354613
0.2572605175492607
0.8948966499977645
0.4609409641279719
0.7032312097731758
0.40416338946274066
0.9951330375563592
0.7828157377566226
0.5734404007265305
0.1447650228936911
0.4411832594787216
0.029384909642724777
0.5951641752068053
0.8818175177034232
0.18042449200791488
0.510171503227743
0.4824583252813677
0.40491467903346945
0.7104600796941479
0.9366699189852588
0.7053925368780529
0.47249917954286
0.9619774114160085
0.33072750056728395
0.7456127547619384
0.6584850257740427
0.7616088749444486
0.8520732278063091
0.22499888042252136
0.6212490289500034
0.40272388470389164
0.6669718800675543
0.9772340646455944
0.6348308467490217
0.011605794079109666
0.4645488077668345
0.7115764834486933
0.8832209368520051
0.6500850333077371
0.8160699016930899
0.017137396357369994
0.9432295651475131
0.7294636336659455
0.6064439519180778
0.9053230301700473
0.884679727052069
0.10045738063740839
0.8156212162801871
0.767000740778386
0.19953804667599317
0.7442456925018666
0.5862274436669251
0.1914944238201054
0.8041893959933957
0.13787312811973906
0.6123237064383619
0.43439798416239184
0.2536911108601183
0.5660946233091266
0.4670868792587053
0.20499749461103856
0.9667807874095398
0.07282536737797862
0.003037288082221923
0.4854231292990312
0.8371914973042014
0.6584020634401193
0.7546695887413734
0.4850004533300901
0.6748023548889873
0.33489063724358137
0.26694526432098364
0.5029007081711343
0.027527816497436852
0.07980858991655548
0.7539597403081971
0.17369963794666654
0.7502557258197498
0.7843759804794883
0.40449094962546883
0.6749931843961182
0.7874222906934997
0.8640241005984215
0.13487025390624585
0.16257014497729083
0.3816634192488769
0.46465669330714277
0.29481887188440636
0.010400237758866115
0.5574216728463172
0.9669137597219639
0.36645968283725705
0.5379994202407739
0.38232915523876443
0.44280047867011374
0.8704937076301693
0.3084304444363558
0.6490652422114037
0.48378653593083976
0.5385691725545184
0.9147031255268172
0.07671401096867558
0.8243704312524108
0.3041693071552146
0.6463082726925741
0.795840980948305
0.6534094411341129
0.3929665648794525
0.8407047683037558
0.0929487981532473
0.6333144024805164
0.3911258101179621
0.5304659891736057
0.8509410854394608
0.7978648804476137
0.6288401714648099
0.3080792802644603
0.23291382156000595
0.4575382140375891
0.23210957290703327
0.27748653338305496
0.9577546426051324
0.11196606364382466
0.8186163737430314
0.37921409947124973
0.36460337947097876
0.318391512007135
0.07738556217188763
0.45738020064458473
0.16649718208300812
0.44200897119496496
0.29198716179327344
0.8945732052166709
0.9217424520737358
0.441996484925797
0.6396202237598902
0.9296422099548148
0.32622664540249724
0.09955438887862345
0.23784187785454225
0.18954620325809202
0.6784706551299812
0.37378832835953246
0.3560979153234104
0.7950976352049486
0.23317208341237605
0.8085363697305306
0.6329066632539507
0.4002601192034273
0.8235191162632183
0.34225324750501185
0.8785813131933597
0.9259259223572726
0.5026063217286582
0.6899833063193817
0.9487821111119297
0.7425599053459221
0.7510070481436011
0.8693101533093157
0.9355708929311053
0.7535343167895415
0.9790691861239429
0.29160596826627416
0.6224862012043099
0.6706579332997581
0.3674342729790927
0.39517778518795865
0.17477422399760756
0.9577122993866662
0.3540035221035386
0.4766340113259664
0.8935650655889159
0.18645008888005643
0.960669497989223
0.12705573415748728
0.028029524566749897
0.3507800040176928
0.3591747960227504
0.9176443210125241
0.8831942508543364
0.7615609366577561
0.436427898767486
0.5426864051848086
0.23676974941097817
0.8335296928483622
0.3899111117508093
0.284653324402105
0.6378060124866672
0.15057859092817838
0.3163505211631158
0.9261775351945414
0.0950454098784631
0.14219995427041976
0.20434561618664504
0.25098002807324715
0.42039755255290867
0.25017622924701477
0.34268990298744595
0.2464813940773698
0.24008843100098187
0.6106047559295025
0.3364580865211495
0.3727890301344866
0.7678165630359295
0.06168834017438374
0.14404238892699173
0.850823604040306
0.42977737965883234
0.778803499578774
0.1327934438063063
0.5229900894820038
0.8453739890189084
0.3380417350545395
0.768178617288107
0.6103760671420815
0.3945736007970223
0.9973512295942069
0.3923027870548892
0.4737933761614642
0.6194857051325665
0.31683879751437305
0.837638978820522
0.5975360579084418
0.5880005919220117
0.5385863979509292
0.9849336035230016
0.9889301017023259
0.8407913572456609
0.4545762029990773
0.4117897777706089
0.5247667912590958
0.046157359174276436
0.10825433173277454
0.9952576502512345
0.12821051566639985
0.9373844260074753
0.6797291450202806
0.9150902790955766
0.07733650053007779
0.3058103431589373
0.7979277425060437
0.008845450378555664
0.10595997921149858
0.3506412075503881
0.1731382312248656
0.14686021527130066
0.6697643621515051
0.0919229264260174
0.9715043441930749
0.6493614574181116
0.04976662887799366
0.8987203350279238
0.24152652967438815
0.4814640144966359
0.5587665813444036
0.13863354694658891
0.5021589066248724
0.06030882185953945
0.19960704107698468
0.9185735360251787
0.8220485882031889
0.522884907853504
0.6818457210695401
0.8755031469351428
0.13996620007992855
0.49210291356971725
0.13176352188090934
0.11652048861011899
0.10823545207358609
0.21178588120597475
0.05315657418993336
0.21521699895245017
0.3791316772754565
0.6226878885001401
0.8586057155865208
0.9041848326844553
0.7175847927070963
0.5070876909863035
0.9169873645560649
0.16299675040670736
0.10544544334198991
0.8178088527276283
0.6271317821530589
0.21031452844642562
0.37730017454841935
0.29739380881665856
0.4308633218983051
0.42772971935869497
0.39815583313770664
0.7977398879773576
0.8115048564919413
0.562462755292335
0.4727798869637524
0.28445924466388006
0.7653544879624326
0.9868864512433171
0.2291029797544577
0.7030890296221823
0.6990559663402486
0.6582295678852678
0.03061509580877053
0.5517247524243978
0.2020134718145441
0.19434377842749007
0.579782903485771
0.6450915272392206
0.625432454224778
0.742198715079656
0.702643623365602
0.4751504923379397
0.04779154611019165
0.7722226221952915
0.8230818154255415
0.8354757215415436
0.5980977439324205
0.0381693295317429
0.19588468966739225
0.10834369913054964
0.6358384765227896
0.5442814373744396
0.186476511976715
0.9558230794391178
0.9779762155321453
0.8992739608002379
0.4638814824043075
0.29179488094821937
0.20886588959061936
0.8241168508255798
0.7009354443848415
0.27734194584041605
0.9024580159663323
0.5689328243399342
0.41268673463199623
0.41545651605552036
0.7204603853352404
0.45535961015088644
0.6592549820399763
0.12203408506851332
0.7023150975575135
0.2722408171317072
0.910483829794438
0.21439408077736977
0.33322046146896545
0.5380118692509301
0.39240228826949686
0.5254566799678791
0.9238066516206488
0.2011570962497543
0.7721813926752829
0.6932982070059481
0.7862366950099818
0.44767036938253546
0.4545146895236639
0.3458498446856394
0.47324254075203875
0.25457890790073157
0.190847095704198
0.47610558155880545
0.19213033285216286
0.46934854872549014
0.5733080531489558
0.30946163140808325
0.1704248291959488
0.6050733300021625
0.8601778110216847
0.2222520244757804
0.6156887162777093
0.6586846379704415
0.8848443115360117
0.6821525911546779
0.30782074383762925
0.20730614315937046
0.8368627564852223
0.299172208444086
0.012625610746104243
0.8704517560381315
0.19790653132846492
0.31308298601630347
0.31893603901088374
0.25590101474814697
0.7241433610360848
0.34283972399413354
0.44056982600686245
0.41935193889319666
0.8334915094948178
0.018256070335403107
0.5797966165410933
0.13185428241072128
0.15053162099627704
0.6068707240461291
0.3757015818438899
0.06485195184620862
0.5881913561165838
0.9143706208406354
0.6451082831789662
0.49552742748559586
0.8007872759436383
0.91587798474412
0.15127132508836305
0.2993148107007787
0.9647883687633607
0.9259622784490766
0.2029133261613011
0.703642337939193
0.8743062863864448
0.5913228512985242
0.702227029144034
0.5239835411813897
0.2346808436817821
0.21305876643332544
0.06189467952754979
0.6656423304186556
0.13835612642182593
0.621451480181312
0.3912383528388118
0.43611613750010736
0.9704453085048914
0.39180939938882886
0.4747633409578357
0.37992811415215466
0.21511261344409716
0.2240779254955122
0.53260290268721
0.8174176282147076
0.09050227405806721
0.9456404860580907
0.6745213419465925
0.0538240178468985
0.7070551174179186
0.4015274884657275
0.5146803131161238
0.10097806427221279
0.5102930319399986
0.5199253554794395
0.7824537641761061
0.58088142477192
0.704822119028835
0.7345369510542991
0.22113672107205506
0.02476395688483124
0.4785362410675672
0.12932670599894536
0.14178118263552142
0.3216793629619539
0.5376941490812788
0.6157451953355798
0.6463632531114818
0.9426475000532337
0.10208496929322575
0.5579551424151222
0.08660104631125587
0.670020484450388
0.43739001979871905
0.14016408498504118
0.3105331026872258
0.6605258156978157
0.4732189405488716
0.944403995247895
0.35517722192229184
0.34006753330179784
0.9225809134343481
0.6059735369649402
0.10704354650586445
0.784205662817573
0.3634126171098261
0.9474829430917493
0.6358697136904345
0.8049024453622954
0.8959513029680779
0.5093338087216869
0.9672544088200168
0.025577672156036346
0.3403923171315887
0.8377837511392343
0.008218164365246028
0.6724631411952251
0.9991843442209525
0.7153358761273029
0.8621565078367597
0.07672834910750082
0.5403186567621009
0.6096180585778762
0.43554332426647535
0.41941106498143466
0.7905822335322829
0.16259558211053038
0.044984467446049226
0.5930740368358351
0.9664702916105689
0.8271307151992943
0.673161269585832
0.2947622464588423
0.9043505629117216
0.04021149850171213
0.2466295180165856
0.7880726228185919
0.8946981446414178
0.40284206765373753
0.9091767248523157
0.11085996724186775
0.5969494872739954
0.06759861292420499
0.23335604779539
0.1899199418943025
0.006280218751452127
0.40530806094403415
0.5001998830801689
0.2810186563581565
0.6516438515577534
0.05242873374799761
0.5174387395105554
0.5277410143686301
0.4031426044335624
0.9148135094554218
0.12663070972854285
0.4268904561521276
0.45980598580248355
0.3728036735415179
0.9736923870306325
0.5718565000795023
0.5164054991159571
0.4399844478519337
0.43746793716582366
0.9509974555770022
0.7991590490080079
0.6475640419567436
0.1623927317231908
0.5945199205784771
0.1278362412207511
0.35095469017052505
0.023032793784982353
0.7051773010728054
0.9774567198078701
0.6378377632214752
0.5697748484477806
0.2504103778366278
0.44238109491790756
0.4644265114376729
0.42298900660400673
0.2694151682766086
0.21936547274301543
0.7506735893522437
0.9524565788463519
0.8212603956063385
0.6215408506672343
0.027905795175778847
0.30224727042962607
0.8399953843959486
0.9727167778464195
0.5478511413728764
0.5689194668955196
0.686375552941587
0.24712768544509311
0.7121260945277742
0.3650406786945122
0.8470596866209635
0.4617241316095889
0.6633961740601364
0.5560949433415722
0.5346914541685975
0.46087192213608286
0.952204517542569
0.7548022297147202
0.4198204659650966
0.5053767165880478
0.8978462237543561
0.7470187468095937
0.6530698288985713
0.9588396876069631
0.117168452088941
0.597999330322902
0.624226641068499
0.45462035454924343
0.963197348579058
0.9674721273260328
0.390562530253429
0.6162923197558965
0.7657232859086746
0.6961133088105991
0.36274410719628414
0.7982155573145993
0.3487986413059472
0.14690558041204793
0.664569682600623
0.6492423875175228
0.4085017699834037
0.49884655109271303
0.9879276359233344
0.8080668983805169
0.40699962723236016
0.911710041110168
0.5703422793481673
0.4049219511389045
0.6468435877143219
0.7835780603414892
0.8962834124604983
0.6703047477717768
0.6674109325671178
0.40083144301413376
0.04027375732406391
0.4547273151676602
0.11430798478934945
0.9422752696057238
0.36245078833786026
0.6050128066303246
0.7331606030912649
0.1786309834394687
0.8335126781822814
0.3256493716156673
0.08044880276085109
0.5997712051883839
0.4023420484365501
0.9191124009740113
0.44467900607791266
0.09444898071329944
0.018440174643468255
0.030379118792678184
0.4934655587374951
0.7141637929317431
0.05125051743842379
0.3298218951061124
0.4784061957252759
0.8975805983946068
0.9705874696744737
0.8750996998113961
0.6388803489994201
0.575093226161381
0.22295138791866642
0.6122681224911701
0.1659392813889522
0.30319953546651446
0.8301951094815732
0.5681256100390577
0.7262021488381087
0.4653795269331018
0.2793880409440953
0.5036939323959332
0.573179478697296
0.24174122036759804
0.8454272849244967
0.9811507895687213
0.18120672475340494
0.24216375156581516
0.8113667789759307
0.7218400435491829
0.2249619380348825
0.5859675069781638
0.2381449073399139
0.8628290091886132
0.5874414682651452
0.5108197097715662
0.16162978113858673
0.405739618592872
0.4729487131516379
0.36178387440281157
0.17988172677824554
0.19816677813702155
0.7002211481866312
0.9249531565770435
0.843955647084766
0.6152023226516944
0.7910003791321755
0.13359764156991716
0.2099780216311926
0.703733199963809
0.0014495150831908
0.0839209516083873
0.7788148420942345
0.19693051085741475
0.18488583172097262
0.3954463125530082
0.8368226291370008
0.01040118455575989
0.8774791741060513
0.3048514800941551
0.5710285556692384
0.4725998593899712
0.12170165088868312
0.9583266262915974
0.17584847020279448
0.8049394777403103
0.8789564875537538
0.4539225541827976
0.9601842957790969
0.06288074900900464
0.147785595581426
0.4837528954278618
0.07471171700836088
0.8078014321374946
0.5265777312775524
0.7988802812423961
0.28648282524777546
0.027217757306690293
0.8903238666079251
0.2083981489971014
0.416999704474582
0.12565714259695993
0.5868516363811552
0.4639350468299418
0.1980674777718302
0.0391383744502809
0.3376878906731975
0.7835255791429082
0.15396400528425713
0.22837907711762007
0.6186318647185943
0.6350742750367423
0.8043686352618462
0.6450428002186461
0.8498131125450994
0.1553820655795538
0.9220372380491128
0.028817782723809415
0.1189787110145033
0.10361666510260648
0.7750255321834133
0.50462127335502
0.9214110288903143
0.9748618674097633
0.9522407480895838
0.6141280392980493
0.3513463074807064
0.9571350173928195
0.7325835208827061
0.19600338719961696
0.5531371292543582
0.020341014506739197
0.017468499693748307
0.6388057481468916
0.7193819364429808
0.8610973920243336
0.7532257813800045
0.13689141699569962
0.7379873208198147
0.9812022255151804
0.6768241402360317
0.4806282569667403
0.2949264816721058
0.0637029475757458
0.6253653179892144
0.9617982710828836
0.1148682386197557
0.8208615786581919
0.8977345164323486
0.3522508061684716
0.8458529689333192
0.1557685729005911
0.3006561381823488
0.5664423754690704
0.8795024821310758
0.5357547933539204
0.08930888766133305
0.9298971833936731
0.571597134516111
0.7789155374882366
0.22978643927757736
0.33479571334219405
0.09020797070157482
0.1867523392089958
0.43705628968787547
0.4110495720019597
0.6567777472544505
0.8335816410990964
0.33416697702703635
0.9255036003696517
0.653149035276847
0.34483943823193275
0.18477484231462926
0.9560032346664891
0.6567755331308796
0.04296399001221418
0.6846015822265205
0.37796084690752896
0.42106100742493247
0.7655539046042276
0.2231422039380737
0.2683054031087484
0.5402756907133696
0.9046070361428784
0.08610701199202142
0.8340430972756611
0.7205153377279185
0.17730164675972782
0.6617373822660754
0.6211323266825062
0.709683925452199
0.5371219511817158
0.3136809254386619
0.5025927814637616
0.23775948344047337
0.4553234105796987
0.40608683568197945
0.10668240721251554
0.23206895625401824
0.3443772726280011
0.39366862191440855
0.5632733934899236
0.7467586831090752
0.2590729173511298
0.5546874198361262
0.33780419396671146
0.22666193577248572
0.13982281213515912
0.9598144153562835
0.9323137009759569
0.8308475311113541
0.17154658132688083
0.15100761497827897
0.10433379296141154
0.3004625571063332
0.4262442623341566
0.007397503483876133
0.42212422193191723
0.6892355762122903
0.8339688184324144
0.1898693698189129
0.001808421259313131
0.794950186141117
0.3801778317882346
0.3137022618018154
0.15463720391977942
0.2683739949254753
0.26626039154698755
0.2569136289475519
0.23281610731059288
0.5174638997511978
0.813238444249449
0.30897755595288756
0.41633148117696095
0.4835658957368232
0.8422860382968457
0.7664860434424992
0.9853978856916217
0.17319684962025506
0.8054583625529573
0.29459581368010046
0.5765493099452056
0.5271179558691926
0.5747328526438223
0.3218584324362046
0.07201508107255516
0.007876316126053773
0.927474248502495
0.8864522545193645
0.4600291902135659
0.08978365281468237
0.8381270307943126
0.501681696929551
0.4702758530066946
0.638960520017114
0.15761203293219062
0.21854006774746926
0.8147456430353718
0.7345930652464953
0.9837578550804617
0.43335393910111775
0.9717070647372428
0.8890578910042268
0.5076095341886138
0.8921410799959176
0.16258351404764582
0.07033983847454406
0.8141043667177074
0.14140707815970566
0.5154124356241743
0.7369253439724788
0.6793154193910569
0.2200774766377951
0.7869583633011717
0.04257648763057931
0.5619907754013437
0.8976880266630178
0.5464098659488321
0.30256156051815464
0.9972394493330363
0.7268812611588907
0.7915093244728236
0.8961153914304829
0.9349706411400163
0.5740468873328505
0.8244070874816963
0.5018941752313223
0.25506387316659407
0.278192554455549
0.2617855754365187
0.025543947860504068
0.6199425828382609
0.4002750703100243
0.9103183576272079
0.05109690171402548
0.7830307147697086
0.19495705183068246
0.3238800461495378
0.2925719896892762
0.9573093496666858
0.6459095630524427
0.4674589435412977
0.18425527547961218
0.047661432681409543
0.3674105350496669
0.9740699883080804
0.4444252272269119
0.6754530035141566
0.8804044593137331
0.04755258351269942
0.3209226206783131
0.4178847868218756
0.22614026206336768
0.3829836300741709
0.6814983969987659
0.13467272685460663
0.6943459361771798
0.2966106166983874
0.6572225911416562
0.17367548319024817
0.7893337238918463
0.4192351020739117
0.8323813681776353
0.9675478155289252
0.5812649514751854
0.021253131556385862
0.36611350785173224
0.9758971533173948
0.65207551841453
0.7585504020651886
0.4761958303352629
0.9405108740174954
0.9069699851691645
0.6126659638294826
0.5897165263430174
0.10311557978271546
0.007295348323843931
0.20542299019681554
0.7207287589452044
0.8472789895430078
0.769746384245096
0.8869853207994869
0.030483112893414765
0.028589101845865272
0.2552812033884585
0.01809564712085132
0.5859931634353293
0.9296740766610201
0.898909600640251
0.10631986250798708
0.6641602956027338
0.6710467236826767
0.6573914377939701
0.4115843773553206
0.23644628538007206
0.8861932319629189
0.9036492378881162
0.7164581003479222
0.543722963845028
0.03295134436234992
0.27661670075468203
0.23960505862228976
0.24270031636335598
0.21602253480955758
0.6680388393732251
0.6798876734397872
0.17595299053465463
0.9018241302156847
0.0005563584761356655
0.9556363383184939
0.5830125823622874
0.6452858168020755
0.2815097073477987
0.6913942924401034
0.8764011908121375
0.20531213756000166
0.1317814780030373
0.7878674489159156
0.24927178017021923
0.10553346097320226
0.491885302155898
0.1868249938641119
0.21349773099212754
0.28370957823876375
0.08451154253409054
0.8189301117824552
0.5653462060240115
0.6532807675864667
0.2920150648185883
0.7752165268796609
0.9610065543083972
0.9996046100750998
0.04247928980836402
0.31048673373125424
0.08953279998542552
0.474805209792995
0.6575127328938756
0.6082491022833615
0.35449541574021204
0.9635905169472493
0.623762044476614
0.996652041340161
0.42555873757236984
0.644793501591739
0.0992024909837319
0.5358063741516781
0.6464298040018575
0.23290625157322353
0.6242496046034148
0.1322581772841699
0.4614787182296852
0.6070717211302956
0.479809433442134
0.15140173864109807
0.19019041567651296
0.37496763857278026
0.652044148260324
0.43298442618111943
0.2008181520129385
0.3379315014261789
0.308536480643664
0.13762840067806426
0.5890327711316986
0.47100034955883663
0.32552862856006004
0.0015939901034025539
0.913910655889249
0.04534944897545368
0.11512383972877083
0.29375604582241044
0.7893142584134187
0.9365236051553614
0.7591340781947002
0.20631618233307603
0.8392725741635599
0.032465011082208894
0.11224314858579698
0.1117915542108946
0.5633061747040681
0.5936010288003987
0.6267306842980476
0.9480577485588303
0.752264103881799
0.7437619494398856
0.17292796912861652
0.9104624008737674
0.9189409553998071
0.8282894732544399
0.0807564250978382
0.7139977684549678
0.5194252276303079
0.5370974608459932
0.2678267442688056
0.7729848770880661
0.8066990910626838
0.7696645006261519
0.3019630625623998
0.7362471417202461
0.08641507608105514
0.6806322110326691
0.030477448650336525
0.006141704828141026
0.10427513648272935
0.6527913346982618
0.9837623198339487
0.46757520748382586
0.6444213307912241
0.5862689167458646
0.8413491837411182
0.9696362706057003
0.8178485013602492
0.3316254740374316
0.07187682569278875
0.8931963122946625
0.27899664478516173
0.7586568294131035
0.8650136896680727
0.168056577149849
0.19396716419146087
0.4226049556692041
0.8441577648885755
0.8519344292272363
0.9929310539125203
0.27307806608051954
0.6228655066067171
0.8729982102203252
0.37659968598949556
0.5869843661395472
0.22458133248637469
0.856685843248033
0.4427160033056182
0.4862604394019967
0.6559492265531636
0.3191236012785764
0.8128490974002938
0.4592404592180518
0.4295445714823233
0.7256906550451453
0.6667740862748028
0.7096722848104436
0.874941455118575
0.8091013919767074
0.4075722586609335
0.643818734222135
0.8637389457788205
0.05570521042939858
0.6592189953563536
0.5274568421180568
0.4031400477047494
0.11904554404828849
0.28815390395504614
0.7499859254767937
0.8843101443353805
0.9866376537047351
0.7544888755438863
0.8801683471785958
0.8261289206543758
0.16484330505681288
0.6903888824821786
0.8691442245123283
0.7520315276750645
0.27648099910863433
0.7000413174030948
0.38985688150006215
0.43262398676744573
0.7308034452197867
0.6761027998169385
0.13600497474166406
0.6408040377782628
0.05969640557039668
0.2069784107617899
0.8248000063519794
0.912918759233672
0.2541582251970089
0.7644080581930711
0.18241010723279727
0.49799549578306823
0.3484535342016093
0.08402289975699762
0.4331752955415523
0.5519869820012622
0.8512442720200742
0.10280675007255125
0.287620345093928
0.004071031743152043
0.2085817513646543
0.2663883571177238
0.8200466575109112
0.9386994154258234
0.2150185531753347
0.4823179906717988
0.5237380024035491
0.4908048171681213
0.9592446964991502
0.9500854910627667
0.038520964307868
0.40807791684053063
0.5281565459334717
0.6499985601388419
0.5303223968788979
0.8201683567796054
0.0985719818958869
0.46118397658298327
0.8303874556605501
0.17069209037477684
0.173662642385491
0.6164935301522667
0.1450607606502684
0.5453143183257613
0.12437050429272867
0.1868515389228923
0.3342643806802076
0.7831054184930186
0.6111620049474343
0.6083222275477674
0.6277599320363363
0.3967505866578609
0.9761852145156804
0.595238235422415
0.6286171982409786
0.06727956659531642
0.24979936436293004
0.5858884670981238
0.9558553944543022
0.7035547220829719
0.054330780295512415
0.8077678669278315
0.21229513640991204
0.5954255167333269
0.1910920393572345
0.061426170270153846
0.7726794457717135
0.4858546733728566
0.6048799838853816
0.7047860924009233
0.5938680220317464
0.41650815358969595
0.32185540470413654
0.5300655850450525
0.246007853037293
0.2623672324616466
0.8108262512983284
0.34219771249352515
0.7210102447295482
0.6795118844302551
0.4654049331576563
0.7854921908068226
0.3303959783202933
0.0036239222750672484
0.8484689816929102
0.7494112223475676
0.73831451378041
0.9200643606526125
0.4081780012636349
0.42622812405929333
0.612642917473427
0.8721849066274797
0.2811035693993099
0.7584178514910986
0.9571218639989815
0.2542820872965198
0.017386063879954117
0.16218092001198403
0.6453159701018504
0.2161456809631952
0.9482432739512971
0.09219822948753054
0.8948021572149226
0.35398679446049963
0.9201674827071138
0.33897745646186783
0.11105165886335167
0.6754085848022856
0.29919982091062736
0.9398943532886839
0.8227048974101874
0.25630308138482927
0.49018723154400456
0.550379096418897
0.772912670201204
0.2639259196371998
0.5661575818477741
0.5187325460063029
0.5880013697727003
0.5554857288699463
0.43229971686050983
0.38713421734978304
0.39509296476849587
0.9943792366016185
0.5222913485004574
0.10648802906873156
0.39365089300038925
0.7660171082057015
0.682173934431811
0.08075728822303596
0.41324341596432057
0.45188350690888557
0.8453533349430538
0.26738735227755994
0.916189879094061
0.8137730247008347
0.019728448594303782
0.4974465581122781
0.5327140864740825
0.6309954778926672
0.8875409718466679
0.20172024969875557
0.8284504270779635
0.008933731708691939
0.8331464951960311
0.2617958911778999
0.0262131042176057
0.812896407885629
0.9709415438268804
0.6576761113407079
0.778130310119209
0.3970523528981388
0.24779911208943217
0.6645385878596914
0.8085794114042175
0.268503178698661
0.3755020528476283
0.2705756500399875
0.2648014812325824
0.8662475443466573
0.006881268314750444
0.02195179610736897
0.1839949587434867
0.7847535183848343
0.5700668408759342
0.7573330229421092
0.6957792441302612
0.8882103069795267
0.5866886312243393
0.021826789147588954
0.10230762696662365
0.41177241994410296
0.11842035039989163
0.3100676248845251
0.274647386379568
0.9833904758548232
0.9646481128899999
0.6729392473496257
0.42118847987198704
0.4130102197877036
0.07041075237420769
0.45277023276408
0.143429977367314
0.5321336957806965
0.816366281075205
0.40082830547548154
0.706316294294155
0.8144752205940504
0.9147451387816908
0.4269826297513726
0.23708297781668408
0.889630510114104
0.4991627606434317
0.27297004467789576
0.6833754291716575
0.8633508228534623
0.9832913490900755
0.37661980113413895
0.26491842813483646
0.2501854815342429
0.29831157859589563
0.21754033545740104
0.9195791181162432
0.6342229650722502
0.05017241897604463
0.0939940723631959
0.18515428843144344
0.9683470142720932
0.34225105707860104
0.8063226232849297
0.22477634739284047
0.19562911808732097
0.9423454897766693
0.07548135595600858
0.5007912163022247
0.529334876336396
0.33758727838284386
0.7561462159922596
0.8542478098651627
0.22928724526155597
0.301670599913899
0.48626214831614967
0.47964175383290586
0.6323713860945336
0.7743382194081492
0.33917628438367975
0.9405667122432497
0.45632696483368285
0.02852858515792145
0.4218934609242143
0.5298236787208416
0.18297836124377442
0.8796026351430528
0.5965879136446537
0.5200925723820646
0.2844818193033275
0.1329793400941769
0.27577192608456336
0.6414119036427183
0.6828191719239587
0.6834205215104682
0.031962105333527724
0.777980442126692
0.6949308724382305
0.681918195136216
0.5228536494114487
0.8537186575122465
0.9624775440763698
0.5833757413886987
0.43228481217789494
0.5414083690803404
0.8011208047810371
0.6769258911869556
0.7761332890931668
0.3091135738789247
0.601996235377307
0.23596527902397546
0.5771636744955078
0.014939283448152318
0.5337301022903663
0.7274461151649476
0.9107884225927236
0.48511262988626813
0.8726326938254834
0.2002152874577514
0.011696689338888011
0.5530760634478732
0.34361302234123536
0.39538708463151184
0.5989006652873594
0.7557365693157224
0.8623147861221004
0.32367509719235676
0.5823825146487096
0.6298527643761178
0.685205165471304
0.5839603898566129
0.4652167552552092
0.809405817878252
0.019909734879545282
0.7861553634707341
0.16709457262947958
0.18220508282099035
0.6717685320857659
0.4547513664600792
0.3423378111654777
0.07823760289720416
0.05136306655227063
0.267731647446832
0.09637165045463314
0.6965377561285667
0.20089465160412012
0.3806689619659549
0.42110264723747093
0.7046595606648631
0.816423002489117
0.6317197132988177
0.21725222522363363
0.13743685069580613
0.5594219869462027
0.36619399406121356
0.7248654007458075
0.21600865838508498
0.6906090861273548
0.3582445294490625
0.2801676684097676
0.18069138710796717
0.7543788897744176
0.5040525218582
0.543891754664595
0.8323642990717076
0.026932057182627367
0.5451994623782489
0.3286402564957249
0.24377503421287539
0.8284567014977379
0.2428509724547787
0.4094268285344459
0.43387901252767147
0.13807033513960476
0.30998968825042506
0.0037432271009371076
0.5003454883393924
0.6279911880123025
0.999695801291439
0.9592942469478162
0.33199099092628437
0.9632322831706882
0.10422778076882588
0.14870824620660483
0.5299889869674489
0.682676355578093
0.5938902078018501
0.03633420692753009
0.4078580735080213
0.492420665433868
0.3864585532062137
0.7611614985239844
0.7442415810443842
0.08643431587730754
0.4652866980028362
0.6967461187154943
0.788278167677459
0.6630404380936541
0.9774130824897637
0.7399350281910801
0.3935477161586233
0.8350039771170864
0.6123332256140721
0.5974447894910546
0.5935997416234019
0.7526262829026157
0.708726328276461
0.4582840918510819
0.7873793051762409
0.42110559866395125
0.7408063943049367
0.9143605589621567
0.5297784851406458
0.14808463447442255
0.9059415291288663
0.21271787313381008
0.21098729300524954
0.04558786041101848
0.4194148858956305
0.40107116509287444
0.8183127750551726
0.1720890947688467
0.3772543678381679
0.7696866020876126
0.02378270331021093
0.412935931993326
0.14863275875464554
0.7704602894258821
0.2991667670952889
0.14110820071974062
0.11209438880819089
0.2089877368068398
0.7030098080287492
0.11587956058087423
0.039793221521312705
0.23933638137646351
0.04201384264568597
0.7309359528167964
0.7583546986440801
0.532563285149663
0.33387994008167443
0.03903435560914914
0.7151353082435018
0.24245286085358753
0.5491462889130491
0.9879128391876844
0.24004010750969085
0.6879155560415753
0.4378373999110583
0.5337336995254222
0.4046523444588148
0.7019297516940465
0.5205169241054158
0.03241769360436686
0.8198608426159089
0.23874487788380572
0.35084405564582577
0.4793572931096437
0.5940325038069673
0.7572822230533808
0.1186618300282013
0.3829900721655003
0.6210005484235239
0.470693462367089
0.2432491143317571
0.7958866959130636
0.9634237557908538
0.6452192404426486
0.5347957404416644
0.15467395652482785
0.47880248307162476
0.7848608340725519
0.3158505977277172
0.43752413598879025
0.44781832223991735
0.3092349852061379
0.6162779749194107
0.29628320472016767
0.9216644088386985
0.8384338579414108
0.30763979912952133
0.06659167330190852
0.023190266268136694
0.8135235151486233
0.42329940011365363
0.12005901574878619
0.04755152990367928
0.7806487383108434
0.20610396993679558
0.9206905152706931
0.35720418872682524
0.6278574902036866
0.3467288164534711
0.6553006455113922
0.14103749463178128
0.26734941910754717
0.12244927751070911
0.06322445086100403
0.5629368930581623
0.9915795865948757
0.006617895388901118
0.8784381137972241
0.2872466712575149
0.16014859612683774
0.03134218144014789
0.3499922514956042
0.08615417264062697
0.4952800471475476
0.4585986196486945
0.16722233414025656
0.8837781767291902
0.5835473914367122
0.7593734922456545
0.2403906017571683
0.7216876764053194
0.6951077637149237
0.7742271523065275
0.18556913410007503
0.9494141606227273
0.456199805017903
0.08035826150756187
0.9219289123189288
0.3057929047916993
0.8957618390959301
0.20774988140148232
0.07252243417096338
0.5133594980584564
0.5486771018205712
0.6738989064802062
0.6409829658500097
0.3617920822584414
0.7598675077792582
0.5150033310718976
0.1447001075126385
0.5841066016500571
0.3521544166243702
0.5453612699402683
0.15826657616036932
0.25257065828026826
0.264730007554266
0.6636441184328637
0.02357677984268114
0.4162895837885401
0.40176774848688657
0.8736935015678887
0.1228103859769204
0.5145880105229294
0.8102930810331653
0.4081686907761225
0.9560535696652429
0.2541350969429398
0.49503570822028
0.30536892559559137
0.28152704289841124
0.07034236796057147
0.776966533845109
0.6541229324002038
0.8363810310286562
0.4768551747410731
0.18217363076920223
0.660347745722272
0.9343416199801808
0.5569958081016018
0.2630825187456811
0.5228260893291077
0.8536945907565677
0.819279045028999
0.6269943523439049
0.7415744273513479
0.03185058303974919
0.13724862188109543
0.011037209088663902
0.45039063483056063
0.48966859168623433
0.017468193508696883
0.8197295123790104
0.5472443009379724
0.7314675802370152
0.9659988197989559
0.764384647019613
0.7468714806716603
0.6382324243118084
0.5249908985925025
0.7678435598503625
0.7826443143424725
0.29854051465064346
0.80480280391933
0.14918068204971469
0.5322890196000578
0.9203236137711623
0.21832481653802538
0.8909996098834978
0.48403579704983246
0.729633726759994
0.15138749398460183
0.05118739791167415
0.2510350366853602
0.5955474526998696
0.8924094591205721
0.5645661230619333
0.5222311411904116
0.37979638904220436
0.500902926657092
0.7137752892911333
0.8670288548897274
0.3463585422612475
0.6738842648231962
0.3467506708241316
0.25322403769472446
0.0549442495759257
0.4046540261563333
0.6090998052747217
0.509176703084071
0.44813036262952655
0.7697859305378107
0.4532307089644635
0.6910476899215844
0.5558409751772208
0.9497696940009533
0.3328948926777149
0.4419973590717362
0.7677869767952507
0.29595477651582713
0.7946024953959677
0.3243187760538918
0.15378043590365886
0.54591625064526
0.5607901990621649
0.3054512817493371
0.2731106851049443
0.9976085001059675
0.5039603181345742
0.7101421993764993
0.4198870576791339
0.5501459747585026
0.2858931843867515
0.16899199097256035
0.8329407492191505
0.6816698993516902
0.30423757854532973
0.406151476245982
0.559854652690507
0.06496896413107867
0.6148724555091871
0.9949813355638956
0.685037805689604
0.46601333683145973
0.12059666719212914
0.5389266073497958
0.5815494043823086
0.697567134846322
0.8825285944102331
0.2691840700753455
0.10495086664328157
0.9691849172541429
0.5343369906512573
0.8875067809743306
0.6042957835216881
0.9013248216414114
0.6016909585167227
0.7260533868241343
0.6342527466088725
0.9529350477857803
0.7510261910163936
0.9738557382515036
0.41610695143515064
0.20614581050072112
0.2012217787340772
0.45629029597672544
0.5564961007625872
0.6892943669629844
0.46505200363739285
0.964757013116477
0.40531567731915563
0.008509118569389185
0.5275270687416921
0.6575560828564005
0.24196824789391236
0.7421446279785278
0.196593892955222
0.9039619979433111
0.44589797917426266
0.9524675744035644
0.6135489166282375
0.7238389970625078
0.20559460006773178
0.8812504886960189
0.9901916349948272
0.14982406345617139
0.5792236281649458
0.16041855209891565
0.8804401284445813
0.8647335499058687
0.9115553149854214
0.7681646124440893
0.387672300756044
0.6317392163474639
0.05871851221671165
0.1060688364802288
0.5552220033587045
0.7409337108239478
0.29399785251047716
0.013368604585485944
0.04507446222923295
0.3299969883696776
0.3721522080692572
0.9063631318116924
0.6902265974218249
0.8821248856398787
0.7555037840384126
0.7006777594285737
0.7633702190735085
0.22165821603285885
0.7582312151364806
0.580754883859811
0.6442387441407009
0.4958112356351255
0.4475438435155944
0.8437497821601154
0.7996888322969284
0.19287913615059538
0.8595063572422165
0.5398042913715083
0.06244789011762253
0.7898394919568109
0.8801338230916608
0.43403291926974374
0.4294552380150728
0.27047627816128506
0.19404142815915637
0.5346474851308887
0.437352434433534
0.6534599521998766
0.6579283683325118
0.1938303263050315
0.7700143433744507
0.45092098479477294
0.4072312609992821
0.18456710627119766
0.6105535893523059
0.6797366818221511
0.7822129646753888
0.8207159914348887
0.34927667987164934
0.5462862288725281
0.6145107564530293
0.3889612278105048
0.010015554661738202
0.7288595825577855
0.8993454576608418
0.473873487718945
0.9216221090470473
0.05177730423496296
0.5840461218093421
0.3965603074011925
0.6388309256921529
0.3603341592168712
0.7188555290556363
0.20278593003506484
0.286759975494119
0.4118936140904059
0.4177541495712782
0.4164779722479858
0.9427461579032433
0.5138336670381497
0.561123720002216
0.12832792465852472
0.5314220974078093
0.7609087615594358
0.7028662513475398
0.9569639399440973
0.5964368811407547
0.37143566152597607
0.8708082962441597
0.9793502903631485
0.9713443504505325
0.11467439031974436
0.6763085691884944
0.15857205885355163
0.26619428722920035
0.7764508507777279
0.8736160331529879
0.5918098610589221
0.3201107606299589
0.48580692386512747
0.3080703969006485
0.26528638991992126
0.2050758838277008
0.9492192662894235
0.932323012119619
0.1850669751821118
0.846826442994519
0.7485480933671586
0.7248403115717931
0.2549616976821759
0.5317081340318252
0.815222573144316
0.7010612634926598
0.9334747464346314
0.05537234889974196
0.3310019599369529
0.3706120722357167
0.4150403388759253
0.9860783789251223
0.9680872668485294
0.8318603112993376
0.6570143800223143
0.7743527866821042
0.8486375083781534
0.2139609151118249
0.6267271458300903
0.9835989354754536
0.1662550888469041
0.44525621552824657
0.36797127960952125
0.8541638620767978
0.4631768197186602
0.13806184175694658
0.3744399229539912
0.6463576545948294
0.5450071803927268
0.027409860498688987
0.8154442960924695
0.28410295817196796
0.035504221149355475
0.6251340732044574
0.6706223641975502
0.6071449751291533
0.09192354233682376
0.020704956375643513
0.7240552990690104
0.508416584971439
0.010990331709058165
0.5599606212710491
0.08377339753225099
0.4732223874388266
0.7096434732741458
0.22528206437217624
0.40633738731171454
0.7195544014190909
0.2757583203589681
0.6207327873434886
0.0560960558128174
0.7040517058008062
0.236173617123852
0.4324335187888734
0.9941477733476053
0.7778535425005874
0.18473362769847157
0.7980417980505041
0.39785009438456453
0.49557612069562407
0.2799296066084499
0.17378799912810416
0.9862867946038171
0.38961418137680537
0.20629969096737244
0.8023949627663973
0.10500017208283241
0.413108285410986
0.1150863760985541
0.03450990538798171
0.9835477191704832
0.4886261610971516
0.6532175261512029
0.14718548890434413
0.36457258934734893
0.05935801078264713
0.8427431129728212
0.0077372084511539985
0.939824538612353
0.9614014420479374
0.1984519499034635
0.2872665439979405
0.1782603926548899
0.025395432502585025
0.475395601966878
0.5256462615477733
0.8831067798584026
0.48248712477794387
0.174416673409293
0.42905399758455043
0.15973743119081152
0.03358580335032979
0.38766408294991783
0.8322845458238981
0.08147885156265533
0.9737334783375895
0.8410432548073405
0.99407894959106
0.5951417061076217
0.30817868116207425
0.7703030502221301
0.148589205274399
0.5224656023928267
0.8321416593171591
0.5366891725920822
0.7650074506969227
0.17933325425686408
0.8615979951050958
0.15072255972665838
0.33307254606820524
0.5929773455771328
0.9174830999853868
0.11986171981615901
0.27950533061334026
0.7720497517643794
0.24705609108858362
0.3934882527132497
0.1804448008912889
0.9905341403434865
0.7872413529094052
0.3790570024346891
0.9944163152347427
0.8859566573494242
0.3205220177720358
0.07512061521299007
0.7166807613412434
0.6362861675525359
0.26468131515238646
0.008643228022867877
0.28637432517263717
0.9323495199740842
0.6812318863618267
0.6687990940905787
0.6971584726649503
0.2700370756914615
0.8797110286588057
0.472220659628662
0.9270007905481292
0.6110303824057871
0.6812031194029511
0.8718065947156832
0.9814016311570328
0.7142684093898563
0.9442518472518924
0.41239920115411377
0.31544642988561356
0.2602172607175106
0.37026714919982806
0.8949663052046442
0.3269260100579563
0.24596501989370367
0.09130759978219305
0.7198342796181152
0.9325292340742405
0.4237735120519983
0.1534334581864255
0.7626950512475962
0.8485694017422198
0.40702608903707727
0.47321076375799764
0.3739349163606075
0.5354062026288864
0.6606633125698331
0.9248599814605343
0.3336839521095907
0.9629476075372383
0.6129648839826132
0.45842242363116403
0.8434547142134668
0.2390884585840154
0.5474011848648421
0.9113830955794778
0.8342702676407479
0.8606703925089776
0.5296871177575613
0.6450572669077292
0.7807269367731811
0.24543335223055318
0.9649829294226444
0.8004127343351495
0.4880749266914307
0.5986077561056121
0.946821458268466
0.013637474384683101
0.2738253364297317
0.8778018743488568
0.04730034857564436
0.6979629962157187
0.2979524175408792
0.2444704947029981
0.049768413884404894
0.2848014241592359
0.3662290530129988
0.6530241516985593
0.8127503821090757
0.5990419326609066
0.15333160835093618
0.52442091863176
0.926998062094302
0.23490458360805022
0.6976845829997633
0.22065473678346348
0.30222939462806453
0.5430575887706753
0.8327968343568536
0.5382587264795895
0.19193646156842503
0.5742482009986869
0.052656324018625966
0.7324774438735742
0.5578784597723373
0.33355493089990285
0.6270803467166449
0.35675956015682797
0.4917216836192363
0.5864741183823764
0.7996426953387858
0.19192438798669942
0.9637142004695329
0.8487882267345752
0.1884684616846498
0.9106990514893216
0.2678352215347738
0.8462704911784522
0.21326774185190067
0.8617357502219227
0.8646148923944841
0.5591990162801943
0.6795266287069369
0.7547594568691569
0.6356776849551304
0.3351958662487431
0.7699344030582735
0.9034210468558623
0.5358628748785144
0.8594322044831559
0.36145261677415563
0.4479527085235897
0.6800527008348378
0.3182347176951936
0.7889084519728873
0.7959607263254215
0.20579757406955457
0.40074281247775245
0.8817243725748694
0.5158390269985419
0.03595999251278481
0.8085188992330892
0.18264691061609695
0.46813172387682767
0.9034970372387544
0.7650038710207274
0.7445595455345074
0.016879500533566794
0.24824952583530202
0.11494535114926085
0.9806808523487224
0.21411772754329284
0.16062171927244295
0.7130798119973122
0.7811603867195588
0.7167697928720387
0.5320591712902862
0.8895632912653897
0.6000676201055837
0.037364007197378646
0.835827378687476
0.00672690382851171
0.9938277487320246
0.5804424364267082
0.6273977577049076
0.2377593171060769
0.8619332299952865
0.3616898776285228
0.5751106134242348
0.058703243401073246
0.6736516127767682
0.842257143958828
0.6151868269074526
0.807861072083434
0.56957121817736
0.5556250101494365
0.8323142918559894
0.18467750651236758
0.39245517218413617
0.8038811402343471
0.7397678694252485
0.9106363420082855
0.7290975238440673
0.6713086006253529
0.6369767137223726
0.2261757661508883
0.7741658036768608
0.8178651799958909
0.2319321588242902
0.3746371881385785
0.4321014495121057
0.7343130788052403
0.07505425016653344
0.124133968068041
0.9234997880111724
0.7685004427378549
0.4084540265836858
0.16748545208278276
0.003993261283915639
0.15243364494806144
0.8889528544810633
0.08412015748277257
0.8501568254839366
0.17963241756743975
0.802597338675853
0.22693762709284437
0.7045031570521497
0.7704071930775712
0.5183524548838261
0.24108690452858483
0.495891453870006
0.24473610394304468
0.9705895025085909
0.46009320709072365
0.5728243989333054
0.3211094842406865
0.435022728276366
0.8999531339647161
0.887677350543641
0.829497454799669
0.947641857759394
0.9903939921857381
0.014865706424378455
0.2893184527975138
0.0911197326728519
0.837384145372609
0.14504918567624114
0.7926793121342749
0.19282647556803956
0.20093972539309202
0.3243857840251827
0.8931427463263513
0.24935490414379657
0.18954785789118256
0.7822775060732985
0.25876157630268415
0.5797873544179971
0.4772863427641346
0.7067996025785556
0.4942467337631812
0.22739305190550307
0.1294596124353664
0.8406873416235098
0.22613590679977824
0.2538690048560458
0.5780241369099516
0.9478003418061441
0.3620912041155452
0.3232351111458588
0.342416791123202
0.45635074962710354
0.9150736526024135
0.5780362760499591
0.5499496497262701
0.3146833702837045
0.3400369001535479
0.45205941597726307
0.8052063632705267
0.9023474960451746
0.8148115008766185
0.2172134525255799
0.9337020624600428
0.30290646045423375
0.3264763220120531
0.4723366788238792
0.10123215608313807
0.5161742167219586
0.946870289798971
0.11802447116911607
0.967712978447559
0.40890979269983685
0.2511142057837197
0.5412449382145296
0.09597533329924868
0.33390662518309666
0.7622215766214676
0.2988748984299645
0.7392927400659001
0.28256851830661067
0.752449686681517
0.7193028823349024
0.5766355643140445
0.46112535007054256
0.22545307596580277
0.1039138103026056
0.51160912840143
0.34476220843989314
0.8438805459235589
0.11350862478549073
0.08703535956206931
0.3345801823004333
0.5479723310273802
0.7379158890269053
0.6320308406432689
0.25604029219088276
0.0787323607547844
0.6654613438244564
0.11616839605312257
0.7852352710171767
0.6244717174621165
0.9027089748539058
0.4381369519827497
0.4597684274793846
0.6396114652820524
0.10604486132297597
0.8510735889687051
0.5941523648959658
0.6899980326952777
0.06856679879802086
0.2812059586836685
0.1501404991022195
0.325888152488201
0.38301616060405197
0.929894724429713
0.46882128929208733
0.563196763300395
0.42101316225947094
0.41177903416865014
0.06923813391829692
0.6781979864417667
0.4863891995151889
0.20501951153920894
0.7539989351631687
0.02000096663008344
0.8837372598801105
0.5405893250024332
0.8361714918346104
0.5000194485107132
0.13267835967910013
0.4808083799091444
0.21674601724288212
0.5498883966433651
0.009502008466758083
0.6875124914586038
0.79470556741318
0.5609642975598429
0.34999030329879366
0.6756667228435542
0.3934532471653748
0.9667104439859288
0.9044844829026208
0.4338771404213331
0.8047436167817655
0.24491281861315506
0.9287193513234185
0.6683408663052154
0.0005796275472877976
0.6426944618957049
0.3798537738244615
0.6475950141935669
0.11617664168206909
0.34436759237492065
0.9391238715259272
0.5706285216221905
0.5078259797616198
0.6746114071875167
0.11636198924295371
0.13730292500375663
0.40407439784817123
0.3552865209785522
0.4694301712801475
0.5493488854774687
0.08227981745806734
0.28779007870198503
0.8147854129381487
0.747993545116706
0.6309350738430177
0.049691931667418254
0.6611037825551165
0.09295546998894078
0.20817755912580072
0.2533511112256893
0.9888157893257663
0.35008366438889704
0.31172149683313455
0.09889161034349381
0.4183012231998948
0.7885999602322085
0.3431884215356287
0.42198167693059774
0.11502918437745668
0.15857311969266652
0.10997424306004433
0.8324868938872473
0.849242174227804
0.46977291934270815
0.5730823896122352
0.3912701568512512
0.6888300113775031
0.22539356630319818
0.3490445914819713
0.725036700887349
0.345336923639468
0.9946195161211606
0.46595398868817006
1.865648384247187e-05
0.4853255309029326
0.8674118275909743
0.17798546323268616
0.4415040225401875
0.5571895795714691
0.8806664265027011
0.014644214870259686
0.7191473175353912
0.08156533267240007
0.7075277156585178
0.9385716004474361
0.6353190447454984
0.023063427920526847
0.2763821752400003
0.47223169559512423
0.8976255002844507
0.4334243170473616
0.24766527628174195
0.7467026430661294
0.7339940334270677
0.9832229390295343
0.6189162105488242
0.7679802312037926
0.8806251221256683
0.1940830727226489
0.03747493423752235
0.8201128436534155
0.6239740377316949
0.8697381636678918
0.8435475592647459
0.12184133038083378
0.2724466973646934
0.850383710895121
0.5548073393567382
0.7864130811177217
0.9067434217564114
0.014933725964484168
0.25071458966459426
0.07355858016737238
0.22697806843513046
0.3884129498457548
0.9157407451807272
0.21766058459081072
0.49110712021116254
0.4259844702920974
0.9529544416085053
0.6767434011988497
0.41289661539867517
0.08856187941256632
0.26674023176339134
0.12370973293825971
0.9922121294363399
0.2955042432814029
0.17807079971663864
0.03132806063718807
0.15485987409013213
0.5959837790909973
0.4992753276992741
0.58259575617829
0.7204447761769209
0.19145708971844466
0.5976689073840284
0.5878592447157279
0.9777819790301291
0.41485019430130554
0.21786894764150433
0.22600768740119948
0.7092523748009433
0.8052036789526656
0.2977431199338785
0.8246435062959095
0.9315990581011588
0.38136385188752464
0.09484328839824496
0.9244395802309159
0.2535700805443336
0.9908848429088628
0.39578734276669647
0.49961450653308903
0.4498730100934041
0.07355043558883478
0.3566077416628455
0.08827841915971046
0.48615074726083485
0.11373416603356912
0.6082727148438224
0.5382413379326684
0.9208168063218866
0.8191965922103978
0.6157381893739181
0.7943616258159907
0.39796979793968634
0.8119159161242264
0.6207815543994142
0.8299818216675244
0.8738347158552364
0.670420431158556
0.9020479862141131
0.013589949852974792
0.9331170598684801
0.4869790659776251
0.5042826204592367
0.2332385117453264
0.31892180714657925
0.5562346842472683
0.3604349686554581
0.0076593897927192955
0.34130961307062746
0.1602001554892044
0.9925423423292175
0.09141493843895598
0.7203120082643396
0.7629942274983753
0.9991077856098859
0.7341778935307035
0.7278651178975938
0.6186244837728623
0.8957170998084882
0.8429134548780004
0.5059041961496278
0.965468334219636
0.5755199075716385
0.41013507427137685
0.2920294159463651
0.6228952285020447
0.5541788588528028
0.31115926705102326
0.47283690732730255
0.4178401265695014
0.8712627967792567
0.12250571204645266
0.07232846798564185
0.504660130010297
0.5463326994012981
0.031263343446488734
0.44542768724513515
0.12907352566521257
0.19290001753451747
0.773795031601978
0.018808075047228923
0.20714228710655536
0.4878193199171932
0.8215997738851846
0.7830691116787197
0.5150877768177324
0.5104965902974284
0.8096579429224252
0.5397788540412168
0.784085943639498
0.43936810278193994
0.12430648796656274
0.920632992228873
0.21313523836230353
0.5709860071601439
0.6751289665663657
0.4944420313064801
0.3638477216891559
0.06032471535482131
0.43916863515174087
0.07872040584076767
0.5394025462021244
0.4445906995495126
0.07076457123453306
0.35980075266467126
0.4452280825241334
0.2722645530913783
0.9516462408651284
0.2974288958748118
0.07567788763102079
0.03577561808808871
0.06433409292178993
0.432090507386624
0.027820305953266344
0.4498437690711167
0.9239542468402218
0.25881845525298186
0.7032189341528582
0.535730691013305
0.17420164583564035
0.4358633839941707
0.017841033741635814
0.4375512397698027
0.10347239922494611
0.11685246430125018
0.4580936798353975
0.37278509529434567
0.18590600239148347
0.1551992571771882
0.282852828611006
0.9622133912081581
0.9643714479482131
0.3088565947849118
0.025412885010928754
0.48336084263886336
0.886743501405156
0.24143315147884592
0.9901977810005705
0.4203235987227588
0.27019675259631626
0.07706341977486864
0.2838204105400979
0.5332112124124201
0.28927347604115894
0.38395997031461393
0.7220606985578711
0.4975291430802329
0.08166905284351333
0.08980592167371904
0.8603393505625961
0.17261994611296694
0.39322499458553384
0.6884737909315745
0.9759643466384015
0.5201467455803214
0.7482175199616689
0.6158982846370143
0.8000960635654095
0.47280525428363385
0.21716247558404378
0.541541499554843
0.6242771212177691
0.15341291068467344
0.5906316366525165
0.45799736072154906
0.3803832226613102
0.4871606638225362
0.3661855366645633
0.36497352710747133
0.9855010183939502
0.32068257160260216
0.4744283325793399
0.004208182559744644
0.2924074902066728
0.8097012094038482
0.5039315522834371
0.6835175056342868
0.9140899460770521
0.691323040943979
0.9495159451421804
0.8640012462003159
0.2061211545137157
0.6276152945615616
0.02237274338753137
0.6375007875294267
0.9026103571132005
0.7262416103548445
0.8854613833075691
0.5717104514831204
0.7755284847451597
0.23393218072556765
0.2818818990063586
0.08788956238302192
0.13165609650716636
0.7765341442077958
0.10371549659777679
0.7724489163671957
0.2657888657057489
0.844323580911147
0.9679272024001596
0.041755973611640185
0.5762070712741814
0.6643090190895902
0.4619404285461364
0.023481791836460153
0.4990817145408303
0.7037845770124109
0.5220927258470336
0.15911750261690705
0.5426523098783717
0.025615084042618474
0.176181177103773
0.3351995508245673
0.4811709964019356
0.37078819896985815
0.2585950384569192
0.9356769565925517
0.1012687803714093
0.16085527609527117
0.7467377696759302
0.31892072312052566
0.8609917823875131
0.846374220279953
0.5040212671971486
0.6342343959415732
0.38024422594121243
0.7484729576406907
0.9719717425301694
0.6255185663562134
0.36902905961380505
0.9170232137581543
0.005553932760061997
0.7545606873078585
0.9520475999998879
0.2278289944740386
0.6371339573546211
0.10759737547589843
0.39579601446581714
0.9432792608984023
0.08691158743788285
0.18834748934953438
0.15565218029723438
0.15549019905967687
0.22439788513811953
0.9566968828507688
0.6090470297897932
0.5121432654701442
0.8054071494529137
0.6582100138890193
0.9748673320325871
0.339680648100664
0.5312954373877777
0.9059558893169116
0.30989934698650246
0.9211385063321411
0.379160221022005
0.45358937657729714
0.3988852187279157
0.11878634591568848
0.3518266411399129
0.7064861660356719
0.8491165748203257
0.5623580589162902
0.05860493470036787
0.5858922319686595
0.6511000059909681
0.6197860278539761
0.25877572267248783
0.061013140902171914
0.5271196051527122
0.25356195906897205
0.8251856615040937
0.8574623377011538
0.06591112807728594
0.7628067433502235
0.45120444373560176
0.42961496808417776
0.45817882762650886
0.8636098322002193
0.09298876904973497
0.9419470811648021
0.9186564150353923
0.43332974898896914
0.9751190876430458
0.8012325595513106
0.6835742759788391
0.534200021324978
0.7155616627307421
0.5763622128281604
0.7901060954970206
0.23652302779756695
0.4233979338126903
0.26684578732015163
0.0010120964605192517
0.7060209699399601
0.6069226301458123
0.23962590207460432
0.8129336844200429
0.7275335774773735
0.7644224106816668
0.585674762525556
0.30446935222887617
0.6579210009297164
0.2565051514949295
0.5337462375431107
0.8134548020232474
0.5094686176027821
0.8630012853312503
0.8242950742557242
0.46183382971003306
0.3916677131225518
0.27677669985754527
0.4660510128054929
0.08561362783914883
0.8306423660573454
0.24470554050625504
0.07555998471402514
0.13760727775872328
0.34870067400137006
0.3316261896423469
0.6184592176180435
0.33740011688452565
0.2174450169540597
0.47579224115718377
0.5078068182024243
0.5135852251002383
0.38156211720485
0.5463653452575226
0.9831566042945508
0.3581208007919371
0.7031342112104417
0.43139798195255974
0.7124499308444495
0.39617318746899755
0.8013215044647041
0.990784241317501
0.7098048757647083
0.7453408577122431
0.05117635520410868
0.68545161668083
0.6928200798190987
0.1581280149143628
0.7703834379297114
0.8214701982783936
0.9179132681361435
0.4125948781976704
0.18129748549770563
0.20224727817244403
0.012824260849167102
0.5027574115740879
0.979545927143922
0.37036750050455136
0.5233303932162466
0.13110287138377108
0.768627423966668
0.3551269607914187
0.2856204370733312
0.8142259669491207
0.6956112982291942
0.5746136820780505
0.714972005003843
0.13526712410905894
0.7093330490523632
0.5731418077856867
0.6227119102787669
0.3246097519443799
0.45078136069931896
0.09300691343456413
0.45764351903038925
0.47510307339231383
0.5643888300492345
0.4922097644195176
0.6116904425201276
0.5485627999575374
0.9962576864625062
0.15932257566856878
0.6476001505571506
0.7442710521778528
0.7849104910744535
0.17276730864666145
0.2576683968728988
0.7049931518257917
0.6262364482093462
0.32322123151520465
0.8167638943530175
0.44310381968227464
0.2602937613590328
0.4681423082343533
0.21371031344873204
0.7456388502827705
0.9667199125148166
0.7227486598229624
0.576409534839838
0.09651416382623712
0.9466985052445007
0.8717198786515139
0.8297354706514856
0.7264448014459269
0.07832876142072842
0.31697952554541875
0.48605871270027257
0.6015512563925302
0.21102569481589906
0.8835153100070148
0.49232282125685634
0.7244928857772533
0.8847931552354865
0.2555869354639204
0.1941314162524007
0.5805355744852234
0.12068899753405704
0.028331523859815633
0.035175172119167986
0.7818371241561102
0.8412338712506239
0.3846702101869991
0.4682934652414513
0.571273655323328
0.3084100291637313
0.3375733423550804
0.386538018570005
0.26084085885635755
0.6984970494075624
0.5552562640756517
0.11194913566994646
0.09827414191571138
0.7457810165580993
0.4827578716013512
0.8584534616767584
0.7189474837805059
0.5854806572682956
0.25512443780605276
0.6106099140630955
0.46840083576993663
0.7482934317207941
0.25523746298375083
0.9870056779732038
0.9485175167963821
0.9811866690795675
0.3849485957044404
0.1941113220653583
0.4471516379457203
0.7658966895797972
0.6530797807165624
0.013115245362394279
0.22441126964913627
0.9612766714163659
0.5340239336853464
0.0690849828573088
0.5715428437382108
0.7768073407328813
0.9089908752298832
0.11576027310285852
0.7105724677929196
0.1097469034073455
0.6392489572889355
0.5418770200855464
0.021356258318920185
0.17463245121701731
0.4188686298013736
0.7072472059041919
0.9875202171810178
0.2771224127795815
0.2767217647081007
0.6891129478522328
0.4549757931584134
0.5962554914529142
0.8512721525499336
0.7519649692054114
0.4297421300900528
0.3634903109225607
0.6913054666966212
0.6012946232482327
0.6646486820144029
0.4863562376798113
0.7304589886159543
0.23424004220354988
0.8105873077073105
0.40246830141374235
0.4212969872413471
0.049541886249992895
0.8293399605316802
0.565595824095866
0.6347116006128628
0.329288330669699
0.06145204524835346
0.5344242577915093
0.5114187889034275
0.19276616650568834
0.8162225419197369
0.03294738419084431
0.8559601044547043
0.9131563246511931
0.10169518973676117
0.9501235904380032
0.9390220400710502
0.35327503206299715
0.434141474231986
0.8155245201954118
0.060608597076800885
0.8158042241852592
0.012037028308689024
0.6266589720860191
0.046195402715255685
0.4528518818528078
0.7084544796797241
0.5373029814151989
0.36200073696912005
0.26417520411887696
0.09348047944729854
0.28529323685772745
0.21324573719733952
0.23540039602931984
0.11518288418849743
0.1940135101267404
0.4069008024404993
0.10096474497437413
0.7240526936363114
0.2934643627460132
0.7767354825710043
0.5620678365229245
0.7185585557775841
0.7352371109194407
0.3575486416298672
0.6806688396767657
0.03824332474411718
0.8498987447964086
0.7200742129790727
0.9239755543139679
0.3478386250183665
0.16208773917495212
0.7321263776519676
0.18023025805998083
0.8768909757572678
0.3307139000785534
0.8612695462957983
0.07432865992711579
0.28906234438817235
0.8065102048180667
0.07588061708585103
0.7277408074513735
0.39320465335044474
0.5637407039068448
0.1772690425971064
0.24250139893270029
0.8772690999705555
0.7230197751514897
0.11396547684343594
0.0823705622247417
0.10763773957463596
0.19677159618250162
0.28272997931275223
0.5258166787088027
0.3111915874710791
0.9419164115870526
0.07905386155851124
0.49878038166754257
0.6272890605618222
0.790520873974568
0.47679515743135026
0.6296384217489533
0.15238364602577192
0.2849433053329281
0.8571398996673054
0.02356056249131966
0.5419157731445188
0.9176224664042162
0.9221477734356812
0.19105083045025784
0.9964494392075655
0.4670309078424283
0.12965635192150904
0.8125745458795525
0.532498123358002
0.9845027532996377
0.124609916708051
0.8426353122331323
0.31327461700446213
0.038656555452549424
0.15912891403647222
0.7748412364134633
0.9132828104060459
0.7287638652988953
0.658371703384195
0.4262309749388812
0.30529282060872054
0.3778018408878159
0.07257315401981457
0.14010285523081523
0.244683302041234
0.9132423793899054
0.9107154735087032
0.27974004614133974
0.9508078895651213
0.14472867565160552
0.6599541929767756
0.11205886316257019
0.5750154797255034
0.9843765661331205
0.7360821470853671
0.683199010055239
0.6602639377700351
0.8319793393462286
0.49469676768274284
0.8913050192427218
0.7235797962314461
0.7137600836087079
0.2366615787580405
0.7893734783396803
0.9523618542974017
0.061393645254016804
0.44506037599737036
0.6919487330606633
0.8080466727738275
0.8092122781123317
0.3171358530953228
0.4703802072109615
0.7454910084877598
0.9718484081004364
0.11867589044493398
0.01571943518097929
0.8567233837155941
0.035812631541632944
0.08439219518740548
0.36488333617436897
0.009809654692387815
0.919728312429005
0.026938668111012642
0.07419726476927047
0.49923360422884855
0.39343698883564515
0.7500461003586478
0.8642183687418831
0.020519574713006472
0.9414313364245818
0.06787192036047318
0.3700233476653523
0.24334026618790827
0.1709047582814559
0.07901167249849128
0.8021169239016435
0.3239005622386555
0.34330075285199946
0.8913818070787657
0.3904968698824026
0.14956421635795136
0.1378464168635759
0.35979276670635174
0.06100549220365137
0.6626588460007578
0.3678000762371575
0.6795446540250073
0.4398389519617403
0.059298103616937325
0.9920758757274359
0.7488943200306455
0.5848250711214764
0.13871447489946886
0.6471063505704922
0.5322239530976955
0.7102135406075947
0.059657471883579616
0.6665562728349981
0.9498192574484143
0.8051642731385849
0.66038342017667
0.19510301150820641
0.6291895248727828
0.682670075284282
0.24565766635834319
0.9042604555550883
0.2852517199817822
0.06424158566878568
0.47247791623405355
0.9071535089637504
0.7019496623877985
0.2600165430945658
0.39901835574324007
0.8913948822563876
0.9374138828689828
0.449313574891565
0.487024738588937
0.2755006727845679
0.6742403597915092
0.8901915825863267
0.33789684882558524
0.8226159646213749
0.4987800853658686
0.6918071880325284
0.7292042853441735
0.6345714464325105
0.1739418821148524
0.9660458240699824
0.04736760478208202
0.20886588043053533
0.11115212730658341
0.674063611110959
0.4584644768103687
0.9772315101830423
0.1703860814276129
0.08742488244758762
0.011447902618210382
0.3080248994785453
0.8125874243940108
0.35874674623745073
0.5189190454887211
0.2927781512299935
0.28341003001233367
0.7303656645907158
0.0010976452251965085
0.5563818585484714
0.9419888696778972
0.31416995737877695
0.4894090100068378
0.6445609190907934
0.2899691052278359
0.19287125530535698
0.8492900216551741
0.0025569903467400623
0.2317094898647195
0.4775452365678917
0.06425081498617569
0.042713499945991384
0.8710670703115365
0.8037988752905986
0.5262952500244601
0.9544644138934087
0.8235226406936625
0.7351296569127228
0.3666042697583286
0.7306788533969018
0.34499012124349393
0.3478066571314966
0.1894138018046967
0.0007569359206496262
0.7961137670491722
0.7760868229721272
0.8418228070030535
0.41600582370955086
0.7011090097246393
0.5992508890940036
0.27057545798180327
0.44890851211466065
0.11007134443609201
0.8213621085857739
0.7081962129651814
0.04265379378644485
0.7043934776409619
0.7071622271390111
0.057077567293426945
0.9842889659332853
0.9905251552185681
0.48790764899252603
0.3703217455901292
0.00385527624751425
0.7654341045297475
0.7267190920031503
0.21327790156258086
0.06762586419322936
0.40333807400822574
0.7958886334680888
0.3212116378137819
0.5941939981654756
0.6864325536631843
0.18190760704347764
0.5793317518827364
0.14653097022147998
0.8015614299059927
0.4771262376688268
0.8980374775585637
0.43332367001947836
0.40108369885206985
0.441182270410301
0.44130086703017213
0.783042748558573
0.3001558147330484
0.015356013844662786
0.6487081358297145
0.15136933444231992
0.15227108935243006
0.34156169224797694
0.4731472863755595
0.23273394267033798
0.9119107284691241
0.30678231983060256
0.9147114591527443
0.27918799580036224
0.014043500888749505
0.838822773890447
0.40022148725578266
0.03380094681303314
0.6190760784438263
0.7843982188813419
0.40171747416126447
0.6841993447102305
0.9929917919988754
0.2745505906844925
0.6205831329372318
0.987963143033788
0.2921410396671622
0.8344369784832241
0.09406447213057867
0.6751986278604374
0.5333578202921876
0.7475544119881773
0.5200470641298935
0.7081342754474698
0.10489835109234602
0.8651573667275858
0.5291696410987559
0.6891019158155256
0.760814582980201
0.5033988961148937
0.8642198333989396
0.7198001251718271
0.25468817174964253
0.0900689368664015
0.7253098221843233
0.9006443107101129
0.33572843220893633
0.3208259455444542
0.6762608475288137
0.9506194071075772
0.6152439713916505
0.07843177616962982
0.49902245581778637
0.48427089624015207
0.20102308363277288
0.6423026904008782
0.5664871003264806
0.4191747380201134
0.6091290694267145
0.11748815609738139
0.90977186214589
0.3497016778852171
0.33663464798017695
0.8840895630189097
0.5807668092258734
0.9891053754722372
0.7866732773170403
0.7449586677989604
0.9640574814448493
0.6951657479559735
0.06225463857561975
0.5569160319366955
0.4811686410120367
0.5333867292369712
0.9792380210985449
0.981556469524138
0.7195549016416828
0.8256927524287512
0.003628142927832201
0.4488728210237334
0.4661969182838387
0.23776710735835305
0.9214176416996228
0.027923793039067224
0.8395754565140382
0.9903260604888623
0.33797756056058625
0.026797900742319136
0.4328456659526567
0.10239761062170216
0.9516032441193467
0.5221947339155797
0.18857144773000012
0.7145531544832688
0.5156115890166426
0.5536532726013539
0.21297058462982665
0.9657976460504657
0.8765516140201386
0.8866162683699992
0.8257486230577576
0.9386926601109316
0.23307612527699506
0.7752064341699646
0.40139575821492424
0.20493682589385165
0.7133850008423316
0.5094807986901361
0.2516402255805342
0.5230677381060137
0.40333161859505917
0.5812230271397472
0.7632050821975539
0.7656807609963379
0.28190878674869346
0.358744481166112
0.22708929091693952
0.9523660337619204
0.981274134860956
0.22966171427250504
0.36725366952209115
0.5179527320920558
0.11302178068762736
0.6410016009721285
0.6530849140607146
0.21198841131435964
0.29199089082764806
0.674548434260045
0.9431018806830181
0.1241120463330716
0.7221303001955013
0.8679066057487096
0.7406695943331503
0.9914518500183627
0.25401484292291643
0.19015183151819892
0.9677930146577312
0.4572902955796275
0.6853845259891185
0.5316320922187835
0.5792091180717308
0.02283841478654569
0.0667532036639189
0.08717006801606897
0.8645992381370976
0.07503072275350797
0.37207289619094197
0.1317979463588561
0.6358749211361857
0.6678431464400499
0.8008093125121898
0.7409203837797235
0.7676198839507445
0.1910808159298607
0.44775407537239664
0.9683836372095137
0.4340516152609941
0.825199591238846
0.5466372801196123
0.31371185288968473
0.9219812410586734
0.05871100900317405
0.6428827873089789
0.7618596031960848
0.8294048598748452
0.05971582438389578
0.6141922676967853
0.31245665290105573
0.6628975443132943
0.04770924016391043
0.4695675409924269
0.489300158949432
0.27132603742344485
0.2806723882151394
0.736365740236801
0.5721321659980363
0.3863031759411043
0.4542852397577145
0.623916903143213
0.5991703744748192
0.6806284624654481
0.9343981224721541
0.9766945226544503
0.13696613945160518
0.4811701583214003
0.5717259120671211
0.12573162454469655
0.2647099830371171
0.17730198966381794
0.39710777810029396
0.3348145272091999
0.07986135723458132
0.7016732290617325
0.7522974841100001
0.22684849421753872
0.1603755251946497
0.3217177034842613
0.7289201583855127
0.11710648851891792
0.7048331720941557
0.9473437350845466
0.26104066377654167
0.2294007011848347
0.5886304279614083
0.8434053061574766
0.1964496116451666
0.05911684389769156
0.423387545416094
0.40189541500800585
0.12590354675040527
0.8030867708509196
0.06401157452748141
0.6587130773327913
0.2657113083095851
0.11124023358871482
0.3811240654255523
0.3959574926022362
0.3544295727355177
0.6331449578765777
0.4672302473861295
0.31319648087841745
0.19766261608999536
0.5982114597225253
0.8475249789153309
0.844116397448608
0.24759142201415762
0.6770467861686575
0.34557553370257177
0.6422848491814621
0.06493868859407048
0.7648370855374391
0.4192477904085171
0.7485711699422444
0.8845966652797265
0.1287536882129544
0.8394105653575289
0.9552105585783803
0.228042779236459
0.6554462145302276
0.8675844597093237
0.04238367950905486
0.6615329660339818
0.3082736611555902
0.47907092429411635
0.17509912164689478
0.3996235378548362
0.8935502044748423
0.2756140912409456
0.40985890691354143
0.13498660294096698
0.3697348872852826
0.20228771755798802
0.3567490607415531
0.4145258363192412
0.5274328210439791
0.6212564303637872
0.6193378235445395
0.017338518795983804
0.48842939917093486
0.9931295518541418
0.8641816787724544
0.6465770212694303
0.6885327788753295
0.3290566036149175
0.032017304578730865
0.236532804470573
0.9350517969637536
0.39412816179971544
0.4801037699525157
0.29795346239791487
0.02140912740743317
0.5494985686965665
0.08021512077347503
0.8071739068003563
0.5732873590405954
0.11660057617301811
0.2190754065804723
0.05163729758347657
0.162131398003745
0.2915207574669959
0.3833232682031209
0.39891435491608673
0.05308794008820994
0.9412735673378204
0.4045301607003632
0.9936979718829727
0.184721223338279
0.6731013233634674
0.8621896535996084
0.395913299417297
0.7459660172492466
0.26494897372609794
0.7056423602064408
0.17227948663464066
0.8476355997513303
0.9253411785071854
0.28449315690231913
0.25805807605769504
0.7129626944675121
0.3285670045942365
0.5993421030610768
0.3996514393182521
0.9292727877648979
0.621239784279879
0.8709191035336864
0.5239151500274347
0.5742475784113281
0.8048125933529592
0.8517961275853444
0.7475420929132786
0.4346962569465821
0.634230172572338
0.7350443471748103
0.202284579953807
0.12001956816949833
0.6151400472035259
0.25847612569462797
0.7315011040564905
0.014257209590743614
0.686216958280138
0.044413074796549434
0.01865283174943999
0.16970859837128538
0.34620941566969354
0.1262110185199955
0.5983151345402001
0.8645531725882535
0.6142458236366773
0.19964218199182604
0.8937264591563061
0.9746253305018135
0.40578779982833024
0.9641294880815547
0.6086033053877589
0.0034890509444963635
0.03254289603548444
0.16147988616294162
0.9758770298937615
0.19224043801193047
0.891774366828486
0.7323520332990141
0.9312494158776323
0.6443668502109738
0.24370951977774702
0.7832495374849322
0.031148361173879757
0.3412527937158424
0.34706806675374247
0.7797743528747747
0.4204364996563662
0.1404797245894862
0.1293185208809391
0.18795673333233975
0.39746774827859943
0.5259615420809337
0.0012730322987832832
0.9708676392322656
0.5999577501561213
0.2630195575132588
0.6097617895840627
0.9976412985239299
0.14593514928921925
0.07264422132710657
0.25557109004329814
0.5791118767167759
0.9122883346493951
0.5414454284673472
0.10506153734619983
0.6938175538916381
0.945229510080215
0.6671389269817134
0.19872786195222647
0.5861412365425968
0.6158913247464539
0.6450263828100345
0.3194580870579802
0.5512148187578205
0.4345442321607076
0.738546334835396
0.14477031838634424
0.7103944156958764
0.9274599627077679
0.4230764627885806
0.25961971875167134
0.25342712399967504
0.32333777746134795
0.6200652363042265
0.5207946406513215
0.1757999340057217
0.4631760211780791
0.23067546690269058
0.22054321686849965
0.36346858966290196
0.6941501792049105
0.4451684163068804
0.23784966046370748
0.02681380386330312
0.19453805041550387
0.5996589505777269
0.6356609294722828
0.22885571152257833
0.3106601163403614
0.6716141981833279
0.10097224255798731
0.6100234128196683
0.516768227665577
0.2839668865766414
0.5629872107765601
0.13250307113191362
0.473523418157039
0.3631717691133336
0.18346451271249464
0.4179856222338758
0.9067326185753217
0.8385606131570845
0.5125980917879518
0.8057894087120353
0.7140677006253768
0.4843622349810075
0.2223268190983555
0.28937809079385124
0.4031824545851225
0.10901519286394057
0.5847174116027848
0.4967522029937801
0.6717737633959313
0.032153831177070935
0.9094498721387758
0.6587932695041561
0.5514647960567614
0.3003691145306523
0.7166449590617732
0.20789776655716796
0.9363697150178805
0.18849073719859466
0.49453171248979944
0.2942285489851255
0.9724590308939369
0.23535522963538236
0.5924889708437276
0.0799326168098149
0.9101968132175463
0.9317739388968987
0.6964877488817658
0.09220935606690717
0.27899604733581873
0.1355556912640702
0.41042526457401174
0.8621247223972495
0.0694754250584636
0.09376915158652588
0.3708216291810572
0.4966174583473809
0.21473052489935074
0.45206924496768597
0.8057972517014651
0.4658989809091849
0.39831295374608977
0.7230834014910374
0.6950222766277905
0.44477478213574206
0.8547541409515115
0.7533261820456355
0.7249548394298987
0.5638101147958832
0.18354058262231343
0.7369414304118049
0.7477656284664036
0.6134059468444188
0.5942502443985365
0.5450909431239954
0.6974164878255193
0.25696425490768693
0.46621555618305976
0.9143215938728163
0.9127045529271182
0.6793645284783613
0.009237429264745689
0.4507538065063922
0.059704169782473504
0.8945261112983807
0.6534587745468099
0.7443422848936578
0.5983209719628982
0.12551087026154684
0.5337415757901044
0.8124734679185431
0.20308851635268155
0.75633811445253
0.1276513458300732
0.2703499282408557
0.4551750704239107
0.05520702012323886
0.37170217578876263
0.5193152874631078
0.5263690491111593
0.8976363024792934
0.7886121543696787
0.24957721616902684
0.8998959177279652
0.5687247185513696
0.8033497537518048
0.09863769617702067
0.4119988116512273
0.34379455095954314
0.5055604641252344
0.895334656118302
0.06541591288690662
0.2961946289389997
0.11695207918030093
0.754530265796718
0.5001352687801845
0.5201903156921492
0.577824916217055
0.19581915346028034
0.5740708214816328
0.6096978601373759
0.8217711781417236
0.22100037161592445
0.4893586940623036
0.483023135564548
0.07728967330305203
0.78913402817392
0.20303441453460336
0.7279623139557944
0.25289018104295125
0.7622037557782895
0.9493626211187817
0.07595950204814961
0.25656101949365473
0.7381458154568153
0.2546542415657884
0.24571086647817542
0.39449316074708995
0.6973384451816729
0.850141377061986
0.6376996744304961
0.18252683055469598
0.47829494659494765
0.05013884613780184
0.6498888377288473
0.7358774970594391
0.1946010008466713
0.029811071640708287
0.6682314871882242
0.7909347432943001
0.9296331506490942
0.02125704900498737
0.8899147527889868
0.7481571099316872
0.20250557296070504
0.048614593533445216
0.8442853468098893
0.04531871024165979
0.4369653804228312
0.35304251024522293
0.5680105304776047
0.1448492698206656
0.5480235143021699
0.7325073579605939
0.39098505189562816
0.06772152992163438
0.6033827819969297
0.32208276270040437
0.928878502981245
0.30000925189893335
0.17642934564034407
0.5005064265989354
0.3817189433866639
0.07250729653912591
0.6004955288559768
0.2951374045635683
0.9258574002081423
0.136612805619577
0.1130419585455773
0.5155496060262134
0.7468946457061292
0.939363069999783
0.698295241422375
0.913619291579294
0.4946792808785977
0.7588343310131367
0.41074439069876356
0.49746960815206587
0.7701784142742275
0.03782885260582891
0.7076295826216082
0.48929047803085457
0.7550378983483286
0.47263710572267437
0.02945531643125987
0.6848555553884011
0.019679396061311305
0.6083952414120234
0.8855405778912113
0.5346572410223075
0.3929240636422283
0.731438625791421
0.20673683273504384
0.9023961548574294
0.026533418133274922
0.9032918036736559
0.03810108083019259
0.8892740224784206
0.4251959082741176
0.5393349604214769
0.3042144721443012
0.7361715013094994
0.9671280573881856
0.15248771334291578
0.5373315071696886
0.14614016354278037
0.7760458316787312
0.0607178934330026
0.3297422940570678
0.217220150825586
0.7367335524599606
0.20585430162457352
0.8871466575475542
0.8054358944718295
0.1151883596419947
0.9690729089238741
0.8750895892286764
0.7372842251979957
0.726399833762188
0.2994393429151352
0.2383243447535096
0.3137657836614576
0.9919587743934609
0.8030585991996112
0.1713661974966062
0.23769892537558546
0.6596737949025964
0.4864302082969335
0.257637101773057
0.13164682818913587
0.25755690251233754
0.31955823567536923
0.26282120875116344
0.3050214158596155
0.6152019562032081
0.7778595414888285
0.5780592216098939
0.32765050463309286
0.16754409517797964
0.0721941643809687
0.9942202113004749
0.2056320230476132
0.6285401489777901
0.34984672120372684
0.09545298612004138
0.6725422848371686
0.5837666918864347
0.040031140840172896
0.6537255749143099
0.9171915722509009
0.36802592038569637
0.44915917866296284
0.9574736045169019
0.7226848546043279
0.860511940774547
0.4682966398879346
0.7917804848107844
0.3248557680362161
0.1700059907395035
0.292643221497777
0.25055043421242484
0.26528236414417083
0.9435023378087405
0.07996455167565353
0.7560040095655174
0.29029938035752323
0.39873813353986653
0.9963152849513021
0.5874496344671253
0.6430137455158597
0.8236745959250023
0.06359500920687489
0.3409008376870818
0.10275382863919136
0.860800975163187
0.6782847588661941
0.8483218575550154
0.563399830929601
0.06782297150156003
0.4818678449650593
0.847771592454431
0.9437480300316686
0.8561766662563177
0.043992739167376116
0.9097954302624909
0.49258242121958395
0.6439883666124134
0.09225043960017987
0.982544926995057
0.7278756561531016
0.5606616087669181
0.8306900768053213
0.37591993932983514
0.3453264155218341
0.2902427781319833
0.1358981336615125
0.7510492105914119
0.5752937909814538
0.6559641114913405
0.7907213106118501
0.43663212369950466
0.47414550159361757
0.5116592395864992
0.25477535897260806
0.8978203746670644
0.7566675981721657
0.2763481297310779
0.23548862544540627
0.8561792448998413
0.25982656813625904
0.4372093043343235
0.22512402047017255
0.48582635499736826
0.14124476078129466
0.31256741612470895
0.09459086799496974
0.6302838891090717
0.6224737689520305
0.2725082640160461
0.8873565056734666
0.9647284351723505
0.9465301300316136
0.26966218676153586
0.7589245176851975
0.7245889566846314
0.12219135310220597
0.4015272148803488
0.8927320496284871
0.6163168522867509
0.0536496394093513
0.08497570803611532
0.49835992940876217
0.9125392292050079
0.7994169813055921
0.9636693850130011
0.2876930869633342
0.21801264862257963
0.7826444766069243
0.4462101737579304
0.9213552715745765
0.6786784075688402
0.3118870114265715
0.9573685405060398
0.03772266831107718
0.9562438731143292
0.9239075760296143
0.6065548408760744
0.13440341721034477
0.2046127953479847
0.052100154906883356
0.506631866622862
0.06367012036814723
0.8254145181783743
0.5109763880388479
0.8825009998496325
0.3308820282896764
0.4699171090019365
0.5215967630969304
0.021575083195138567
0.10539120273376001
0.6214820154851279
0.19362842845224548
0.8555356264051529
0.779745973115701
0.24365671353104867
0.5410463089029507
0.7075134370077621
0.15994527363549416
0.6853312242599549
0.039122345177473816
0.005560615076885322
0.6038446751595415
0.4170441396951964
0.6294677473987685
0.14027918132191775
0.8863886216324517
0.39294257880806716
0.7917307688439053
0.8792955792132242
0.27563111528102646
0.19660524743091867
0.39826781831455027
0.5287275012473285
0.978766289491707
0.4393814068754972
0.17027880186453936
0.8029781875455134
0.8760477799994728
0.9244549042725517
0.884537614584789
0.3054444082962231
0.3855458563448646
0.2502956358021199
0.7973556549888511
0.8715465127064905
0.36515522769541253
0.6026168591665415
0.03293061372119077
0.04290884511783544
0.5959105312930257
0.2778558853415799
0.37037204309819494
0.13010716553969737
0.9744610902779691
0.8035405803313681
0.8584750639720534
0.33941016332049956
0.12570584222792736
0.13763058537825734
0.9167300063833382
0.48077849658594074
0.21530163574440353
0.9127606088962653
0.8864449538411762
0.195717402031806
0.802896628944393
0.1772810465428183
0.10770296781391686
0.20460993283409945
0.6671464776476975
0.456154211766829
0.3781569442975816
0.7585153862752331
0.19819469219778874
0.77237243065841
0.7276211739710018
0.29849845896473026
0.03009271727287488
0.2938200965400243
0.3193867364394013
0.054600065393096475
0.021457297895690064
0.7243205527174889
0.0008598777735256968
0.9879514224408662
0.019413325128515235
0.32782673878136914
0.5713026082232258
0.883810613368759
0.2010442985971086
0.23428301445848265
0.9847419785083293
0.6850809486952021
0.11823045387514142
0.7560997781000679
0.12574446215163093
0.43785051439584743
0.6888380999027084
0.2899487941276512
0.856529962180011
0.037810249718661315
0.13862913048291303
0.6554159031562659
0.9865810107118683
0.64515802614865
0.6455557777785492
0.6662364029070889
0.38088259381693423
0.37225117503141325
0.677694608991941
0.08962625182322437
0.9816802874485513
0.49385131187445674
0.3297573406008161
0.2072375854121834
0.7022193011729454
0.7995671168787808
0.3329809464746958
0.3589293583566656
0.4778039849489031
0.15498859286841793
0.9201369268349566
0.04751061510334054
0.7073144620165992
0.8326724966517992
0.7672956787379468
0.06400831980228794
0.21158069580987227
0.002144187293683819
0.7957324196513275
0.6546748115485862
0.964265251363188
0.10694289605222596
0.819122777820449
0.3463752165867039
0.6619587610376948
0.9681115003203394
0.264787142801024
0.710201314866994
0.10913589264654888
0.0317677570663516
0.40040495344358984
0.13930406201351142
0.7501998818874952
0.5610407523375431
0.2360337255427155
0.11148387355501743
0.4639457983975872
0.8373551280529324
0.6697678583638011
0.8583398132309377
0.45402665411957777
0.8341323031352785
0.31047978160185463
0.9934220358421368
0.37886883602542765
0.8754108645027142
0.8050267800659957
0.5988749446412768
0.3657034756733739
0.23708161053028398
0.4233760055099888
0.8678185360274745
0.6582421508860393
0.6597756538220562
0.380600309111745
0.3130468620327115
0.7257313700131262
0.1439644063904788
0.10085884772085796
0.548882973566234
0.9239397892213511
1.0497832591105372e-05
0.14752247578698996
0.57885293342594
0.36751056079162847
0.7845692776843151
0.5505628866352438
0.5666179518771743
0.04236705662743223
0.3233051090933199
0.2738731109729047
0.4738449584338763
0.22571625809675233
0.01383674413220104
0.8453870590576288
0.45777915639136324
0.4021303123145542
0.2344813423137052
0.07257892306082225
0.24118058780044216
0.7852073999721334
0.882502176383752
0.7801912441863529
0.8843985911858759
0.9267930118357679
0.5396547053399599
0.35485859242240536
0.13372478695342993
0.8391329430567073
0.3966446207217359
0.6328823562642168
0.2172595319881212
0.392029047264684
0.024172832313764103
0.40910638413324363
0.110889294868046
0.4763105775118751
0.9752616494597717
0.6743766787526118
0.33812898279899206
0.09668952229368877
0.09766140906578324
0.6611100203980094
0.008348276210917494
0.997154032002115
0.2683553954747485
0.6308028833250335
0.2128578335407907
0.7209892123888901
0.7233965815494156
0.8995513830448231
0.7712924086630393
0.521676028833095
0.8094348398729665
0.3780795573049376
0.09294080810425753
0.07082034664135894
0.12068487272980644
0.39221718146655804
0.4551040035330275
0.903430510495819
0.7919068788718053
0.926354926706754
0.17767617466866414
0.05046364126393077
0.5557508300979298
0.426336431134522
0.6319069065210794
0.864794794574498
0.7204191121243325
0.6654048361442864
0.03372828470409328
0.7537321943483561
0.05039858113707085
0.8663412382627131
0.31351113351718984
0.31298655592819236
0.3905862149559929
0.9497855206985791
0.304075406466209
0.7597784928694278
0.9975445326588274
0.0982634885412842
0.5180581104804969
0.0680144472306976
0.12404893085736635
0.26660331511894086
0.9926707477838713
0.7945542283759495
0.0023759466750639113
0.9179357318588938
0.535329909120876
0.008068156502008872
0.6119519240991279
0.3653898172664398
0.5914762169701077
0.9874102023263583
0.1307857495213257
0.31138126069726546
0.522987640770788
0.730407137591433
0.19096188761303157
0.8648758286699508
0.3764434389579405
0.015055135281862642
0.9871276500781218
0.35641466738650496
0.1472436559125273
0.593857607201717
0.7631066017102003
0.3390017189837874
0.2834183913644167
0.6096403795454982
0.700640784198851
0.5471450972409407
0.674726078543898
0.7717070840453738
0.16594997004876677
0.941290358502254
0.7726720313852911
0.5177184027758817
0.07444416890340588
0.3128929468194458
0.6108726869260718
0.5873465599425188
0.20781478926905894
0.7609029063888952
0.04405545505991093
0.9166142940719352
0.2445082049462306
0.9099214032289304
0.5845341853370939
0.16622636668986768
0.20266292158692145
0.26747538692369177
0.05110733256951361
0.3946583574874152
0.5093230602655936
0.09040230690048134
0.3451785347436874
0.6592161236707811
0.8017979687389748
0.7704427006088044
0.05480829887123129
0.37495988102172795
0.33081275252248976
0.285033684921686
0.9705665199315525
0.5747932164223285
0.6431853104631898
0.25828692054627134
0.3545106019719583
0.8733301315839889
0.6737644150134348
0.8211153941978866
0.5742598946440329
0.05397489291160318
0.9538778869653733
0.1495028778498484
0.21801884972167163
0.39752631843221686
0.6258053127086555
0.5971017416090186
0.5003337847353414
0.7029679290709449
0.07493501891646759
0.20015217986651257
0.3104778420270936
0.7503194801637998
0.5063041185017102
0.22566929729456675
0.7132323298116163
0.33488812694488534
0.8019727892890747
0.1644280112783708
0.02214689355753774
0.7811641393156629
0.13771727704802728
0.854878400544193
0.6002805510219217
0.44420499668628144
0.06242844997320873
0.7873827631997588
0.019970726992095678
0.6185857008735837
0.3438495658899222
0.6321365466038525
0.08362887803042962
0.5183888564465965
0.4233793662750419
0.045095521903581126
0.012207660379614071
0.21953681343787335
0.5512304287108001
0.031897743475214235
0.10602434188515653
0.1464595270843474
0.5855224572718116
0.9428763260837524
0.18703478700217568
0.489754137642022
0.13031601041000151
0.20676509463467796
0.1736516683222572
0.6512091875558328
0.5351381763091629
0.9153605897973474
0.6694994004943099
0.06612423206554008
0.9552330575955685
0.37928482610258196
0.8254962105070264
0.9717891200152092
0.4778360523604154
0.7879686142896432
0.777650996019769
0.060198314798481034
0.6267645361582749
0.7907588336213648
0.8365949408427491
0.025082360415673244
0.533018957062356
0.43144072199728367
0.9309358637510714
0.07990815563669684
0.33119682991051724
0.43801796402259086
0.5420998168914662
0.2513207606277923
0.19422134710044536
0.7151189171169747
0.9349201304752195
0.33242684377199916
0.5877442026377431
0.392370085871632
0.1997398897064263
0.9728947678589318
0.6619486981133023
0.9984213538316719
0.9234058758355927
0.49374090659161773
0.6957115463916822
0.6218794442264582
0.9736439580055571
0.048739174854696254
0.5171158159871333
0.8673192791425691
0.40648572193173294
0.041856387016766305
0.3890254533988886
0.5957541671445564
0.9548490201050144
0.1772490667380492
0.229499502704552
0.28920017322816305
0.1830013353388893
0.4118183581984233
0.8539822846642278
0.487538147437248
0.28832799219715144
0.9425733825937183
0.4649683240410174
0.17772252322740367
0.7737122658529286
0.15203249176086497
0.6567463022508678
0.05315895152194661
0.5577852069209709
0.7559818290001913
0.2697939700188703
0.35770213670394035
0.7262710890943845
0.7400171212837482
0.774629510588195
0.4328882430305051
0.9397861767482442
0.5178272021578512
0.4086399098126219
0.1244197298096128
0.7418760365811577
0.44977784892847306
0.7721632563208323
0.9413267775587799
0.31330572648111155
0.39199027662194796
0.719864335472831
0.8903200425487685
0.9240537221919795
0.37251482611189835
0.24610684039401487
0.6379571286353517
0.8149391535575853
0.8626983957404082
0.2564621602519894
0.4141187241361124
0.5481368198553551
0.24763387439112705
0.06930218053185844
0.5252408302787496
0.25655979976484433
0.5640050050923422
0.31119706494488253
0.5117656051326295
0.9192350766621591
0.10437810318928076
0.2984713325898041
0.02357112122471805
0.6341368612783234
0.8520305206557066
0.8471890966637524
0.977108370646933
0.1962318917546998
0.12511869801548803
0.6424654805617814
0.7354688094510244
0.8722791570933557
0.6711342553596146
0.18040680789147368
0.4188984253326379
0.5511030778335564
0.7494845860500006
0.8491863724694451
0.9263853976323567
0.9254166794641769
0.6539009537183067
0.6508803253361617
0.42113642446165334
0.7044575809603955
0.37066135265626665
0.8955714095337025
0.2954853006404201
0.5244701151580604
0.3385358486703408
0.5200614609098645
0.6684857172903302
0.2543224257965153
0.45741643876385907
0.5535324620689439
0.6821842189062651
0.5960365253653266
0.723535769472165
0.10636669812452315
0.44079414585815946
0.4991102811904201
0.8511249773297619
0.6389779164118498
0.21056004298963682
0.25422147142062945
0.13147245464121782
0.1994639281832311
0.2651820941771248
0.6761440501226662
0.4082980001358506
0.8817788727358497
0.5070480274900695
0.7992525170878111
0.6579836117645923
0.9077199186217366
0.36073283538228373
0.32504850472632274
0.8571111138739872
0.6438106376797061
0.4333691672361052
0.8267409620523445
0.22090556298830633
0.20470290495677468
0.580595470883236
0.801959960181957
0.40492461102607924
0.0031652622454032553
0.5842942479483746
0.8968011701130542
0.602189527368503
0.018132528533447156
0.3320834217390657
0.9960129523832821
0.2948902039453306
0.6891998821503339
0.15795296208737242
0.640731491031529
0.5005375925661464
0.048619200839445154
0.995411878907137
0.21031231700879294
0.49042023089823883
0.2637345464086407
0.6864051340495451
0.21525838606313497
0.10232371466051471
0.8592576887703105
0.9856724611364371
0.20713480349991187
0.89465949972275
0.06542551808432073
0.958770981693474
0.11675264425922871
0.17056686087599027
0.7268575309631815
0.5537262557596903
0.45589667851750626
0.7764298087715501
0.9635686748069003
0.8073059213771789
0.2096597028661228
0.83603410717085
0.9636178915507359
0.753056742098296
0.6277194559453052
0.9969492941050765
0.4248644484989602
0.9317491224817357
0.7764098888325107
0.7560814622632527
0.4577088254461007
0.32503780392552717
0.8293234252045307
0.337311875952644
0.12167714697760978
0.21677469624388523
0.7313066231900219
0.04582380436300093
0.08114727661372312
0.6905146040690152
0.45288056351888795
0.07573716804036412
0.11076369383704276
0.4538151393522817
0.8241934369136065
0.08323983263717782
0.9228960119227214
0.0021800893595391724
0.9569450476258903
0.30301840374547606
0.42162782461049964
0.49850808076128106
0.40239247609782824
0.2842570600050033
0.46771662478701204
0.4975199764917314
0.5666946709084115
0.3851942346092325
0.1827971000249644
0.602017486322733
0.032368979165495304
0.11309507066665392
0.33684660594206906
0.5261588085269968
0.07955607002971066
0.9498396631342996
0.7157607331347743
0.4815797538210117
0.5686949970434099
0.336520281021804
0.023457698530190974
0.9008495928890659
0.5077001227536048
0.9010494027555055
0.38167289461407317
0.2058425245550506
0.6622629120777409
0.9820518627045497
0.16171927176889767
0.561767991331104
0.04588648542719065
0.5822748993253849
0.4454490928403304
0.36563703427143013
0.9097896658193009
0.4788584328941119
0.42155179729251724
0.786915323068758
0.9272269671454941
0.16435376926276812
0.14391550701198708
0.9783253687222203
0.7014859402966752
0.7678073102226589
0.9775021092935752
0.9502031474842131
0.5921118529843223
0.19877790136174656
0.6946412592290346
0.39010273385179006
0.645675110989994
0.46166718096360504
0.46698079108793955
0.5512192609307807
0.7307110590633401
0.41694702897815583
0.74514722673521
0.01570853158279928
0.08486952359604893
0.6375457873413779
0.29004373824671925
0.891507354894746
0.43439958107197973
0.7227009099651277
0.26223247403772176
0.6906951647661401
0.6579910297370467
0.5014781006839768
0.7952390354639425
0.2014860180278707
0.48733325158128515
0.26217381127681405
0.6946846743315872
0.9801132303335671
0.7992442256585075
0.5094657081804572
0.01186623559353761
0.21906567835373392
0.1372494983428476
0.23044197896990437
0.955983953598426
0.7958449869969944
0.53726698423742
0.095991666416115
0.22729343261745338
0.6169937462219077
0.7773479543070166
0.7311004535995469
0.5966433436564071
0.9166541791829828
0.4881143308623197
0.07751164986115944
0.3055335562805517
0.24005830647811377
0.8842157327716635
0.8319458372007458
0.6609883442473492
0.28403356261253576
0.827707618528639
0.1828232016769007
0.8794278950114363
0.3715546626906949
0.2763791600085912
0.4168526931869253
0.8226019390122137
0.7177106339876214
0.8751658412958606
0.023084652143641193
0.9807866855922669
0.39523603961551934
0.9601688722047397
0.7441081095803097
0.5024795657157805
0.467858858145454
0.8787844385309139
0.880031451167339
0.3886840199749093
0.9475255323980607
0.9936391136519277
0.6595796721095418
0.1585824676149442
0.3661871732543054
0.4774365914504195
0.005857423396458894
0.5871353364887079
0.30492821229117684
0.9103712337159435
0.3020048565593223
0.04726546210931615
0.9933757547085963
0.828343310563787
0.6395874211441306
0.4647833101809302
0.4613160256993144
0.525207557560272
0.29030250817533865
0.9055984866552235
0.1492976141575051
0.5885027915318918
0.03641732151838817
0.9175870941406474
0.2658737492431892
0.20067377015518728
0.7813481669140394
0.1024954843872089
0.3547937253959861
0.05153642451758256
0.31335906577561234
0.10286890451228337
0.8362150108006777
0.21181413278716998
0.37367417149621396
0.8508571545100957
0.07117662539838132
0.690653634477376
0.026541886426692307
0.8784507992186836
0.16413208851033467
0.8402617303587192
0.33371759772527854
0.7064713972540029
0.7225284727832982
0.3995201229795037
0.20038955614005238
0.4936143293777231
0.5896922749471826
0.059829555092397624
