3.814697265625e-06
9.5367431640625e-06
1.621246337890625e-05
4.0531158447265625e-05
6.127357482910156e-05
0.0001531839370727539
0.00026041269302368164
0.0006510317325592041
0.0009765774011611938
0.0024414435029029846
0.004150453954935074
0.010376134887337685
0.015686274506151676
0.03921568626537919
0.06666666665114462
0.16666666662786156
0.25000000005820766
0.6250000001455192
0.5625000002328306
0.40625000061118044
0.14062500093132257
0.35156250232830644
0.5351562539581209
0.3378906349244062
0.008789077401161194
0.021972693502902985
0.033447328954935074
0.08361832238733768
0.12554955575615168
0.3138738893903792
0.5333414713386446
0.3333536783757154
3.0517578125e-05
7.62939453125e-05
0.00012969970703125
0.000324249267578125
0.0004901885986328125
0.0012254714965820312
0.002083301544189453
0.005208253860473633
0.00781261920928955
0.019531548023223877
0.03320363163948059
0.08300907909870148
0.1254901960492134
0.3137254901230335
0.533333333209157
0.3333333330519963
5.238689482212067e-10
1.3096723705530167e-09
0.5000000019790605
0.250000004976755
0.12500000747968443
0.8125000186846592
0.28125003178138286
0.7031250794534571
0.07031261920928955
0.17578154802322388
0.2675786316394806
0.6689465790987015
0.00439644607831724
0.5109911151812412
0.2667317708255723
0.6668294270639308
0.000244140625
0.0006103515625
0.00103759765625
0.002593994140625
0.0039215087890625
0.00980377197265625
0.016666412353515625
0.04166603088378906
0.0625009536743164
0.15625238418579102
0.2656290531158447
0.6640726327896118
0.003921568422811106
0.5098039210424758
0.26666666578967124
0.6666666644741781
4.190951585769653e-09
1.0477378964424133e-08
1.594889909029007e-08
3.9872247725725174e-08
5.986657924950123e-08
0.5000001496518962
0.25000025430927053
0.6250006357731763
0.5625009536743164
0.40625238421489485
0.1406290531740524
0.35157263293513097
0.03517156862653792
0.0879289215663448
0.13385416666278616
0.3346354166569654
0.001953125
0.0048828125
0.00830078125
0.020751953125
0.0313720703125
0.07843017578125
0.133331298828125
0.3333282470703125
0.5000076293945312
0.25001907351543196
0.12503242498496547
0.3125810624624137
0.03137254738248885
0.07843136845622212
0.1333333263755776
0.333333315938944
3.3527612686157227e-08
8.381903171539307e-08
1.2759119272232056e-07
3.189779818058014e-07
4.789326339960098e-07
1.1973315849900246e-06
2.0345323719084263e-06
5.086330929771066e-06
0.5000076295109466
0.25001907380647026
0.12503242542152293
0.8125810635392554
0.28137254901230335
0.7034313725307584
0.07083333333139308
0.6770833333139308
0.015625
0.0390625
0.06640625
0.166015625
0.2509765625
0.62744140625
0.06665039065410383
0.6666259766207077
6.103527266532183e-05
0.00015258818166330457
0.00025939990882761776
0.5006484997575171
0.2509803790599108
0.6274509476497769
0.06666661103372462
0.6666665275697596
2.682209014892578e-07
6.705522537231445e-07
1.0207295417785645e-06
2.551823854446411e-06
3.831461071968079e-06
9.578652679920197e-06
1.627625897526741e-05
4.0690647438168526e-05
6.103620398789644e-05
0.0001525905099697411
0.00025940340128727257
0.5006485084886663
0.2509803921566345
0.6274509803915862
0.5666666666511446
0.4166666666569654
0.125
0.3125
0.53125
0.32812500002910383
0.007812500058207661
0.019531250145519152
0.5332031252328306
0.33300781311118044
0.0004882821813225746
0.0012207054533064365
0.002075199270620942
0.005187998176552355
0.007843032537493855
0.019607581343734637
0.533332888269797
0.33333222070359625
2.1457672119140625e-06
5.364418029785156e-06
8.165836334228516e-06
2.041459083557129e-05
3.065168857574463e-05
7.662922143936157e-05
0.00013021007180213928
0.0003255251795053482
0.0004882896319031715
0.0012207240797579288
0.0020752272102981806
0.0051880680257454515
0.007843137311283499
0.019607843278208748
0.5333333333255723
0.3333333333430346
2.9103830456733704e-11
0.5000000000582077
0.2500000001164153
0.6250000002910383
0.06250000046566129
0.15625000116415322
0.26562500197906047
0.6640625049476512
0.003906257450580597
0.009765643626451492
0.016601594164967537
0.04150398541241884
0.06274426029995084
0.1568606507498771
0.26666310627479106
0.6666577656869777
1.71661376953125e-05
4.291534423828125e-05
6.532669067382812e-05
0.0001633167266845703
0.00024521350860595703
0.0006130337715148926
0.0010416805744171143
0.0026042014360427856
0.003906317055225372
0.00976579263806343
0.016601817682385445
0.04150454420596361
0.06274509849026799
0.15686274622566998
0.2666666667209938
0.6666666668024845
2.3283064365386963e-10
5.820766091346741e-10
9.89530235528946e-10
2.473825588822365e-09
0.5000000037252903
0.2500000093423296
0.12500001589069143
0.3125000397267286
0.031250059604644775
0.07812514901161194
0.1328127533197403
0.33203188329935074
0.5019540823996067
0.2548852060281206
0.13330485025653616
0.3332621256413404
0.0001373291015625
0.00034332275390625
0.000522613525390625
0.0013065338134765625
0.0019617080688476562
0.004904270172119141
0.008333444595336914
0.020833611488342285
0.03125053644180298
0.07812634110450745
0.13281454145908356
0.3320363536477089
0.5019607879221439
0.25490196983446367
0.1333333338261582
0.3333333345653955
1.862645149230957e-09
4.6566128730773926e-09
7.916241884231567e-09
1.979060471057892e-08
2.991873770952225e-08
7.479684427380562e-08
1.2715463526546955e-07
0.5000003178720362
0.2500004768371582
0.6250011920928955
0.0625020265870262
0.6562550664530136
0.01563265931326896
0.0390816482831724
0.06643880208139308
0.6660970051889308
0.0010986328125
0.00274658203125
0.004180908203125
0.0104522705078125
0.01569366455078125
0.039234161376953125
0.06666755676269531
0.16666889190673828
0.25000429153442383
0.6250107288360596
0.06251633170177229
0.6562908292398788
0.01568630349356681
0.03921575873391703
0.0666666706383694
0.6666666765813716
1.4901161193847656e-08
3.725290298461914e-08
6.332993507385254e-08
1.5832483768463135e-07
2.39349901676178e-07
5.983747541904449e-07
1.0172370821237564e-06
2.543092705309391e-06
3.8147554732859135e-06
9.536888683214784e-06
0.5000162126962095
0.2500405317696277
0.12506127450615168
0.3126531862653792
0.5315104166511446
0.3287760416569654
0.0087890625
0.02197265625
0.033447265625
0.0836181640625
0.12554931640625
0.313873291015625
0.5333404541015625
0.3333511352830101
3.4332333598285913e-05
8.583083399571478e-05
0.5001306536141783
0.2503266340645496
0.1254904279485345
0.3137260698713362
0.5333333651069552
0.33333341279649176
1.1920928955078125e-07
2.980232238769531e-07
5.066394805908203e-07
1.2665987014770508e-06
1.914799213409424e-06
4.7869980335235596e-06
8.137896656990051e-06
2.0344741642475128e-05
3.051804378628731e-05
7.629510946571827e-05
0.00012970168609172106
0.00032425421522930264
0.0004901960783172399
0.5012254901812412
0.2520833333255723
0.6302083333139308
0.0703125
0.17578125
0.267578125
0.6689453125
0.0043945312791038305
0.5109863281832077
0.2667236329289153
0.6668090823222883
0.0002746586687862873
0.0006866466719657183
0.001045229029841721
0.0026130725746043026
0.00392342361737974
0.5098085590288974
0.2666669209720567
0.6666673024301417
9.5367431640625e-07
2.384185791015625e-06
4.0531158447265625e-06
1.0132789611816406e-05
1.531839370727539e-05
3.8295984268188477e-05
6.510317325592041e-05
0.00016275793313980103
0.00024414435029029846
0.0006103608757257462
0.0010376134887337685
0.002594033721834421
0.003921568626537919
0.009803921566344798
0.016666666662786156
0.04166666665696539
0.5625
0.40625000002910383
0.14062500005820766
0.35156250014551915
0.035156250232830644
0.08789062558207661
0.13378906348953024
0.3344726587238256
0.0021972693502902985
0.005493173375725746
0.008361832238733768
0.02090458059683442
0.03138738893903792
0.0784684723475948
0.13333536783466116
0.3333384195866529
7.62939453125e-06
1.9073486328125e-05
3.24249267578125e-05
8.106231689453125e-05
0.00012254714965820312
0.0003063678741455078
0.0005208253860473633
0.0013020634651184082
0.0019531548023223877
0.004882887005805969
0.008300907909870148
0.02075226977467537
0.03137254901230335
0.07843137253075838
0.13333333330228925
0.3333333332557231
0.5000000001164153
0.25000000032014214
0.12500000049476512
0.8125000012223609
0.28125000186264515
0.7031250046566129
0.07031250794534571
0.6757812698488124
0.017578154802322388
0.04394538700580597
0.06689465790987015
0.16723664477467537
0.25109911151230335
0.6277477787807584
0.06668294270639308
0.6667073567514308
6.103515625e-05
0.000152587890625
0.0002593994140625
0.00064849853515625
0.000980377197265625
0.0024509429931640625
0.004166603088378906
0.010416507720947266
0.0156252384185791
0.039063096046447754
0.06640726327896118
0.16601815819740295
0.2509803920984268
0.627450980246067
0.06666666644741781
0.6666666661039926
1.0477378964424133e-09
2.6193447411060333e-09
3.987224772572517e-09
0.50000000995351
0.25000001495936885
0.6250000373984221
0.5625000635627657
0.4062501589360181
0.1406252384185791
0.35156309604644775
0.5351572632789612
0.3378931582265068
0.00879289215663448
0.0219822303915862
0.5334635416511446
0.3336588541569654
0.00048828125
0.001220703125
0.0020751953125
0.00518798828125
0.007843017578125
0.0196075439453125
0.03333282470703125
0.08333206176757812
0.1250019073486328
0.31250476837158203
0.5312581062316895
0.32814526560832746
0.007843136845622212
0.01960784211405553
0.5333333315793425
0.33333332897746004
8.381903171539307e-09
2.0954757928848267e-08
3.189779818058014e-08
7.974449545145035e-08
1.1973315849900246e-07
2.9933289624750614e-07
0.5000005086185411
0.2500012715754565
0.12500190737773664
0.8125047684297897
0.2812581063481048
0.7031452658702619
0.07034313725307584
0.1758578431326896
0.2677083333255723
0.6692708333139308
0.00390625
0.009765625
0.0166015625
0.04150390625
0.062744140625
0.1568603515625
0.26666259765625
0.666656494140625
1.5258818166330457e-05
0.5000381470308639
0.25006484996993095
0.6251621249248274
0.0627450947649777
0.15686273691244423
0.2666666527511552
0.666666631877888
6.705522537231445e-08
1.6763806343078613e-07
2.551823854446411e-07
6.379559636116028e-07
9.578652679920197e-07
2.394663169980049e-06
4.0690647438168526e-06
1.0172661859542131e-05
1.525905099697411e-05
0.5000381476129405
0.25006485084304586
0.6251621271076147
0.5627450980246067
0.4068627450906206
0.14166666666278616
0.3541666666569654
0.03125
0.078125
0.1328125
0.33203125
0.501953125
0.25488281252910383
0.13330078130820766
0.33325195327051915
0.00012207054533064365
0.00030517636332660913
0.0005187998176552355
0.0012969995441380888
0.5019607581198215
0.2549018953286577
0.13333322206744924
0.3333330551686231
5.364418029785156e-07
1.341104507446289e-06
2.041459083557129e-06
5.103647708892822e-06
7.662922143936157e-06
1.9157305359840393e-05
3.255251795053482e-05
8.138129487633705e-05
0.00012207240797579288
0.0003051810199394822
0.0005188068025745451
0.0012970170064363629
0.501960784313269
0.25490196081227623
0.13333333333139308
0.8333333333139308
0.25
0.625
0.06250000002910383
0.6562500000582077
0.015625000116415322
0.039062500291038305
0.06640625049476512
0.6660156262223609
0.0009765643626451492
0.002441410906612873
0.004150398541241884
0.01037599635310471
0.01568606507498771
0.039215162687469274
0.06666577656869777
0.6666644414071925
4.291534423828125e-06
1.0728836059570312e-05
1.633167266845703e-05
4.082918167114258e-05
6.130337715148926e-05
0.00015325844287872314
0.00026042014360427856
0.0006510503590106964
0.000976579263806343
0.0024414481595158577
0.004150454420596361
0.010376136051490903
0.015686274622566998
0.039215686556417495
0.06666666668024845
0.6666666666860692
5.820766091346741e-11
1.4551915228366852e-10
0.5000000002328306
0.25000000061118044
0.12500000093132257
0.31250000232830644
0.5312500039581209
0.3281250099244062
0.007812514901161194
0.019531287252902985
0.033203188329935074
0.08300797082483768
0.12548852059990168
0.3137213014997542
0.5333262125495821
0.33331553140305914
3.4332275390625e-05
8.58306884765625e-05
0.00013065338134765625
0.0003266334533691406
0.0004904270172119141
0.0012260675430297852
0.0020833611488342285
0.005208402872085571
0.007812634110450745
0.01953158527612686
0.03320363536477089
0.08300908841192722
0.12549019698053598
0.31372549245133996
0.5333333334419876
0.3333333336340729
4.656612873077393e-10
1.1641532182693481e-09
1.979060471057892e-09
4.94765117764473e-09
7.479684427380562e-09
0.5000000186846592
0.25000003178138286
0.6250000794534571
0.06250011920928955
0.15625029802322388
0.2656255066394806
0.6640637665987015
0.00390816482831724
0.5097704120562412
0.2666097005130723
0.6665242512826808
0.000274658203125
0.0006866455078125
0.00104522705078125
0.002613067626953125
0.0039234161376953125
0.009808540344238281
0.016666889190673828
0.04166722297668457
0.06250107288360596
0.1562526822090149
0.2656290829181671
0.6640727072954178
0.003921575873391703
0.5098039396689273
0.2666666676523164
0.666666669130791
3.725290298461914e-09
9.313225746154785e-09
1.5832483768463135e-08
3.958120942115784e-08
5.98374754190445e-08
1.4959368854761124e-07
2.543092705309391e-07
6.357731763273478e-07
0.5000009536743164
0.25000238421489485
0.1250040531740524
0.31251013293513097
0.03126531862653792
0.0781632965663448
0.13287760416278616
0.3321940104069654
0.002197265625
0.0054931640625
0.00836181640625
0.020904541015625
0.0313873291015625
0.07846832275390625
0.13333511352539062
0.33333778381347656
0.5000085830688477
0.25002145770122297
0.12503266340354457
0.31258165850886144
0.03137260698713362
0.07843151746783406
0.1333333412767388
0.333333353191847
2.9802322387695312e-08
7.450580596923828e-08
1.2665987014770508e-07
3.166496753692627e-07
4.78699803352356e-07
1.1967495083808899e-06
2.034474164247513e-06
5.086185410618782e-06
7.629510946571827e-06
1.9073777366429567e-05
3.2425421522930264e-05
0.5000810635392554
0.25012254901230335
0.6253063725307584
0.06302083333139308
0.6575520833139308
0.017578125
0.0439453125
0.06689453125
0.167236328125
0.2510986328125
0.62774658203125
0.06668090823222883
0.6667022705660202
6.866466719657183e-05
0.00017166166799142957
0.00026130725746043026
0.5006532681290992
0.250980855897069
0.6274521397426724
0.06666673024301417
0.6666668255929835
2.384185791015625e-07
5.960464477539062e-07
1.0132789611816406e-06
2.5331974029541016e-06
3.829598426818848e-06
9.573996067047119e-06
1.6275793313980103e-05
4.0689483284950256e-05
6.103608757257462e-05
0.00015259021893143654
0.0002594033721834421
0.0006485084304586053
0.0009803921566344798
0.0024509803915861994
0.5041666666511446
0.2604166666569654
0.140625
0.3515625
0.53515625
0.33789062502910383
0.008789062558207661
0.021972656395519152
0.5334472658578306
0.33361816467368044
0.0005493173375725746
0.0013732933439314365
0.002090458059683442
0.005226145149208605
0.00784684723475948
0.0196171180868987
0.5333338419441134
0.33333460488938726
1.9073486328125e-06
4.76837158203125e-06
8.106231689453125e-06
2.0265579223632812e-05
3.063678741455078e-05
7.659196853637695e-05
0.00013020634651184082
0.00032551586627960205
0.0004882887005805969
0.0012207217514514923
0.002075226977467537
0.005188067443668842
0.007843137253075838
0.019607843132689595
0.03333333332557231
0.08333333331393078
0.12500000002910383
0.8125000000582077
0.2812500001164153
0.7031250002910383
0.07031250046566129
0.17578125116415322
0.26757812697906047
0.6689453174476512
0.004394538700580597
0.010986346751451492
0.016723664477467537
0.04180916119366884
0.06277477787807584
0.1569369446951896
0.2666707356693223
0.6666768391733058
1.52587890625e-05
3.814697265625e-05
6.4849853515625e-05
0.0001621246337890625
0.00024509429931640625
0.0006127357482910156
0.0010416507720947266
0.0026041269302368164
0.003906309604644775
0.009765774011611938
0.016601815819740295
0.04150453954935074
0.0627450980246067
0.15686274506151676
0.2666666666045785
0.6666666665114462
2.6193447411060333e-10
0.5000000006402843
0.25000000098953024
0.6250000024738256
0.5625000037252903
0.4062500093423296
0.14062501589069143
0.3515625397267286
0.035156309604644775
0.08789077401161194
0.1337893158197403
0.33447328954935074
0.5021982230246067
0.2554955575906206
0.13336588541278616
0.3334147135319654
0.0001220703125
0.00030517578125
0.000518798828125
0.0012969970703125
0.00196075439453125
0.004901885986328125
0.008333206176757812
0.02083301544189453
0.0312504768371582
0.07812619209289551
0.13281452655792236
0.3320363163948059
0.5019607841968536
0.2549019605212379
0.13333333289483562
0.33333333223708905
2.0954757928848267e-09
5.238689482212067e-09
7.974449545145035e-09
1.9936123862862587e-08
0.5000000299187377
0.2500000748259481
0.12500012715463527
0.8125003178720362
0.2812504768371582
0.7031261920928955
0.0703145265870262
0.6757863164530136
0.01758578431326896
0.0439644607831724
0.06692708333139308
0.6673177083139308
0.0009765625
0.00244140625
0.004150390625
0.0103759765625
0.01568603515625
0.039215087890625
0.0666656494140625
0.16666412353515625
0.2500038146972656
0.6250095367431641
0.06251621249248274
0.6562905312166549
0.015686273691244423
0.03921568422811106
0.0666666631877888
0.6666666579549201
1.6763806343078613e-08
4.190951585769653e-08
6.379559636116028e-08
1.594889909029007e-07
2.394663169980049e-07
5.986657924950123e-07
1.0172661859542131e-06
0.500002543150913
0.2500038147554733
0.6250095368886832
0.5625162126962095
0.4062905317696277
0.14068627450615168
0.3517156862653792
0.5354166666511446
0.3385416666569654
0.0078125
0.01953125
0.033203125
0.0830078125
0.12548828125
0.313720703125
0.5333251953125
0.33331298831035383
3.0517636332660913e-05
7.629409083165228e-05
0.5001296999398619
0.25032424987875856
0.1254901895299554
0.31372547382488847
0.5333333055023104
0.3333332637848798
1.341104507446289e-07
3.3527612686157227e-07
5.103647708892822e-07
1.2759119272232056e-06
1.9157305359840393e-06
4.789326339960098e-06
8.138129487633705e-06
2.0345323719084263e-05
3.051810199394822e-05
7.629525498487055e-05
0.5001297016860917
0.25032425424433313
0.12549019607831724
0.8137254901812412
0.2833333333255723
0.7083333333139308
0.0625
0.15625
0.265625
0.6640625
0.0039062500291038305
0.5097656250582077
0.2666015626164153
0.6665039065410383
0.0002441410906612873
0.0006103527266532183
0.001037599635310471
0.0025939990882761776
0.003921516268746927
0.5098037906573154
0.2666664441348985
0.6666661103372462
1.0728836059570312e-06
2.682209014892578e-06
4.082918167114258e-06
1.0207295417785645e-05
1.5325844287872314e-05
3.8314610719680786e-05
6.510503590106964e-05
0.0001627625897526741
0.00024414481595158577
0.0006103620398789644
0.0010376136051490903
0.0025940340128727257
0.0039215686556417495
0.5098039216245525
0.26666666666278616
0.6666666666569654
0.5
0.25000000002910383
0.12500000005820766
0.31250000014551915
0.031250000232830644
0.07812500058207661
0.13281250098953024
0.3320312524738256
0.0019531287252902985
0.004882821813225746
0.008300797082483768
0.02075199270620942
0.03137213014997542
0.07843032537493855
0.13333155313739553
0.3333288828434888
8.58306884765625e-06
2.1457672119140625e-05
3.266334533691406e-05
8.165836334228516e-05
0.00012260675430297852
0.0003065168857574463
0.0005208402872085571
0.0013021007180213928
0.001953158527612686
0.004882896319031715
0.008300908841192722
0.020752272102981806
0.031372549245133996
0.07843137311283499
0.1333333333604969
0.33333333340124227
1.1641532182693481e-10
2.9103830456733704e-10
4.94765117764473e-10
0.5000000012223609
0.25000000186264515
0.6250000046566129
0.06250000794534571
0.6562500198488124
0.015625029802322388
0.03906257450580597
0.06640637665987015
0.16601594164967537
0.25097704119980335
0.6274426029995084
0.06665242512826808
0.6666310628061183
6.866455078125e-05
0.000171661376953125
0.0002613067626953125
0.0006532669067382812
0.0009808540344238281
0.0024521350860595703
0.004166722297668457
0.010416805744171143
0.01562526822090149
0.03906317055225372
0.06640727072954178
0.16601817682385445
0.25098039396107197
0.6274509849026799
0.0666666669130791
0.6666666672681458
9.313225746154785e-10
2.3283064365386963e-09
3.958120942115784e-09
9.89530235528946e-09
1.4959368854761124e-08
3.739842213690281e-08
0.5000000635627657
0.2500001589360181
0.1250002384185791
0.31250059604644775
0.5312510132789612
0.3281275332265068
0.00781632965663448
0.0195408241415862
0.5332194010261446
0.3330485025944654
0.00054931640625
0.001373291015625
0.0020904541015625
0.00522613525390625
0.007846832275390625
0.019617080688476562
0.033333778381347656
0.08333444595336914
0.12500214576721191
0.3125053644180298
0.5312581658363342
0.3281454146199394
0.007843151746783406
0.019607879366958514
0.5333333353046328
0.3333333382906858
7.450580596923828e-09
1.862645149230957e-08
3.166496753692627e-08
7.916241884231567e-08
1.19674950838089e-07
2.9918737709522247e-07
5.086185410618782e-07
1.2715463526546955e-06
1.9073777366429567e-06
0.5000047684297897
0.2500081063481048
0.6250202658702619
0.06253063725307584
0.1563265931326896
0.2657552083255723
0.6643880208139308
0.00439453125
0.010986328125
0.0167236328125
0.04180908203125
0.062774658203125
0.1569366455078125
0.26667022705078125
0.6666755676269531
1.7166166799142957e-05
0.5000429154024459
0.25006532680708915
0.6251633170177229
0.06274521397426724
0.1568630349356681
0.2666666825534776
0.666666706383694
5.960464477539063e-08
1.4901161193847656e-07
2.5331974029541016e-07
6.332993507385254e-07
9.57399606704712e-07
2.3934990167617798e-06
4.068948328495026e-06
1.0172370821237564e-05
1.5259021893143654e-05
3.8147554732859135e-05
6.485084304586053e-05
0.00016212710761465132
0.5002450980246067
0.2506127450906206
0.12604166666278616
0.3151041666569654
0.03515625
0.087890625
0.1337890625
0.33447265625
0.502197265625
0.25549316409160383
0.13336181646445766
0.33340454116114415
0.00013732933439314365
0.00034332333598285913
0.0005226145149208605
0.0013065362873021513
0.501961711794138
0.2549042795144487
0.13333346048602834
0.33333365121507086
4.76837158203125e-07
1.1920928955078125e-06
2.0265579223632812e-06
5.066394805908203e-06
7.659196853637695e-06
1.9147992134094238e-05
3.2551586627960205e-05
8.137896656990051e-05
0.00012207217514514923
0.0003051804378628731
0.0005188067443668842
0.0012970168609172106
0.0019607843132689595
0.004901960783172399
0.008333333331393078
0.5208333333139308
0.28125
0.703125
0.07031250002910383
0.6757812500582077
0.017578125116415322
0.043945312791038305
0.06689453174476512
0.6672363293473609
0.0010986346751451492
0.002746586687862873
0.004180916119366884
0.01045229029841721
0.01569369446951896
0.0392342361737974
0.06666768391733058
0.6666692097787745
3.814697265625e-06
9.5367431640625e-06
1.621246337890625e-05
4.0531158447265625e-05
6.127357482910156e-05
0.0001531839370727539
0.00026041269302368164
0.0006510317325592041
0.0009765774011611938
0.0024414435029029846
0.004150453954935074
0.010376134887337685
0.015686274506151676
0.03921568626537919
0.06666666665114462
0.16666666662786156
0.25000000005820766
0.6250000001455192
0.5625000002328306
0.40625000061118044
0.14062500093132257
0.35156250232830644
0.5351562539581209
0.3378906349244062
0.008789077401161194
0.021972693502902985
0.033447328954935074
0.08361832238733768
0.12554955575615168
0.3138738893903792
0.5333414713386446
0.3333536783757154
3.0517578125e-05
7.62939453125e-05
0.00012969970703125
0.000324249267578125
0.0004901885986328125
0.0012254714965820312
0.002083301544189453
0.005208253860473633
0.00781261920928955
0.019531548023223877
0.03320363163948059
0.08300907909870148
0.1254901960492134
0.3137254901230335
0.533333333209157
0.3333333330519963
5.238689482212067e-10
1.3096723705530167e-09
0.5000000019790605
0.250000004976755
0.12500000747968443
0.8125000186846592
0.28125003178138286
0.7031250794534571
0.07031261920928955
0.17578154802322388
0.2675786316394806
0.6689465790987015
0.00439644607831724
0.5109911151812412
0.2667317708255723
0.6668294270639308
0.000244140625
0.0006103515625
0.00103759765625
0.002593994140625
0.0039215087890625
0.00980377197265625
0.016666412353515625
0.04166603088378906
0.0625009536743164
0.15625238418579102
0.2656290531158447
0.6640726327896118
0.003921568422811106
0.5098039210424758
0.26666666578967124
0.6666666644741781
4.190951585769653e-09
1.0477378964424133e-08
1.594889909029007e-08
3.9872247725725174e-08
5.986657924950123e-08
0.5000001496518962
0.25000025430927053
0.6250006357731763
0.5625009536743164
0.40625238421489485
0.1406290531740524
0.35157263293513097
0.03517156862653792
0.0879289215663448
0.13385416666278616
0.3346354166569654
0.001953125
0.0048828125
0.00830078125
0.020751953125
0.0313720703125
0.07843017578125
0.133331298828125
0.3333282470703125
0.5000076293945312
0.25001907351543196
0.12503242498496547
0.3125810624624137
0.03137254738248885
0.07843136845622212
0.1333333263755776
0.333333315938944
3.3527612686157227e-08
8.381903171539307e-08
1.2759119272232056e-07
3.189779818058014e-07
4.789326339960098e-07
1.1973315849900246e-06
2.0345323719084263e-06
5.086330929771066e-06
0.5000076295109466
0.25001907380647026
0.12503242542152293
0.8125810635392554
0.28137254901230335
0.7034313725307584
0.07083333333139308
0.6770833333139308
0.015625
0.0390625
0.06640625
0.166015625
0.2509765625
0.62744140625
0.06665039065410383
0.6666259766207077
6.103527266532183e-05
0.00015258818166330457
0.00025939990882761776
0.5006484997575171
0.2509803790599108
0.6274509476497769
0.06666661103372462
0.6666665275697596
2.682209014892578e-07
6.705522537231445e-07
1.0207295417785645e-06
2.551823854446411e-06
3.831461071968079e-06
9.578652679920197e-06
1.627625897526741e-05
4.0690647438168526e-05
6.103620398789644e-05
0.0001525905099697411
0.00025940340128727257
0.5006485084886663
0.2509803921566345
0.6274509803915862
0.5666666666511446
0.4166666666569654
0.125
0.3125
0.53125
0.32812500002910383
0.007812500058207661
0.019531250145519152
0.5332031252328306
0.33300781311118044
0.0004882821813225746
0.0012207054533064365
0.002075199270620942
0.005187998176552355
0.007843032537493855
0.019607581343734637
0.533332888269797
0.33333222070359625
2.1457672119140625e-06
5.364418029785156e-06
8.165836334228516e-06
2.041459083557129e-05
3.065168857574463e-05
7.662922143936157e-05
0.00013021007180213928
0.0003255251795053482
0.0004882896319031715
0.0012207240797579288
0.0020752272102981806
0.0051880680257454515
0.007843137311283499
0.019607843278208748
0.5333333333255723
0.3333333333430346
2.9103830456733704e-11
0.5000000000582077
0.2500000001164153
0.6250000002910383
0.06250000046566129
0.15625000116415322
0.26562500197906047
0.6640625049476512
0.003906257450580597
0.009765643626451492
0.016601594164967537
0.04150398541241884
0.06274426029995084
0.1568606507498771
0.26666310627479106
0.6666577656869777
1.71661376953125e-05
4.291534423828125e-05
6.532669067382812e-05
0.0001633167266845703
0.00024521350860595703
0.0006130337715148926
0.0010416805744171143
0.0026042014360427856
0.003906317055225372
0.00976579263806343
0.016601817682385445
0.04150454420596361
0.06274509849026799
0.15686274622566998
0.2666666667209938
0.6666666668024845
2.3283064365386963e-10
5.820766091346741e-10
9.89530235528946e-10
2.473825588822365e-09
0.5000000037252903
0.2500000093423296
0.12500001589069143
0.3125000397267286
0.031250059604644775
0.07812514901161194
0.1328127533197403
0.33203188329935074
0.5019540823996067
0.2548852060281206
0.13330485025653616
0.3332621256413404
0.0001373291015625
0.00034332275390625
0.000522613525390625
0.0013065338134765625
0.0019617080688476562
0.004904270172119141
0.008333444595336914
0.020833611488342285
0.03125053644180298
0.07812634110450745
0.13281454145908356
0.3320363536477089
0.5019607879221439
0.25490196983446367
0.1333333338261582
0.3333333345653955
1.862645149230957e-09
4.6566128730773926e-09
7.916241884231567e-09
1.979060471057892e-08
2.991873770952225e-08
7.479684427380562e-08
1.2715463526546955e-07
0.5000003178720362
0.2500004768371582
0.6250011920928955
0.0625020265870262
0.6562550664530136
0.01563265931326896
0.0390816482831724
0.06643880208139308
0.6660970051889308
0.0010986328125
0.00274658203125
0.004180908203125
0.0104522705078125
0.01569366455078125
0.039234161376953125
0.06666755676269531
0.16666889190673828
0.25000429153442383
0.6250107288360596
0.06251633170177229
0.6562908292398788
0.01568630349356681
0.03921575873391703
0.0666666706383694
0.6666666765813716
1.4901161193847656e-08
3.725290298461914e-08
6.332993507385254e-08
1.5832483768463135e-07
2.39349901676178e-07
5.983747541904449e-07
1.0172370821237564e-06
2.543092705309391e-06
3.8147554732859135e-06
9.536888683214784e-06
0.5000162126962095
0.2500405317696277
0.12506127450615168
0.3126531862653792
0.5315104166511446
0.3287760416569654
0.0087890625
0.02197265625
0.033447265625
0.0836181640625
0.12554931640625
0.313873291015625
0.5333404541015625
0.3333511352830101
3.4332333598285913e-05
8.583083399571478e-05
0.5001306536141783
0.2503266340645496
0.1254904279485345
0.3137260698713362
0.5333333651069552
0.33333341279649176
1.1920928955078125e-07
2.980232238769531e-07
5.066394805908203e-07
1.2665987014770508e-06
1.914799213409424e-06
4.7869980335235596e-06
8.137896656990051e-06
2.0344741642475128e-05
3.051804378628731e-05
7.629510946571827e-05
0.00012970168609172106
0.00032425421522930264
0.0004901960783172399
0.5012254901812412
0.2520833333255723
0.6302083333139308
0.0703125
0.17578125
0.267578125
0.6689453125
0.0043945312791038305
0.5109863281832077
0.2667236329289153
0.6668090823222883
0.0002746586687862873
0.0006866466719657183
0.001045229029841721
0.0026130725746043026
0.00392342361737974
0.5098085590288974
0.2666669209720567
0.6666673024301417
9.5367431640625e-07
2.384185791015625e-06
4.0531158447265625e-06
1.0132789611816406e-05
1.531839370727539e-05
3.8295984268188477e-05
6.510317325592041e-05
0.00016275793313980103
0.00024414435029029846
0.0006103608757257462
0.0010376134887337685
0.002594033721834421
0.003921568626537919
0.009803921566344798
0.016666666662786156
0.04166666665696539
0.5625
0.40625000002910383
0.14062500005820766
0.35156250014551915
0.035156250232830644
0.08789062558207661
0.13378906348953024
0.3344726587238256
0.0021972693502902985
0.005493173375725746
0.008361832238733768
0.02090458059683442
0.03138738893903792
0.0784684723475948
0.13333536783466116
0.3333384195866529
7.62939453125e-06
1.9073486328125e-05
3.24249267578125e-05
8.106231689453125e-05
0.00012254714965820312
0.0003063678741455078
0.0005208253860473633
0.0013020634651184082
0.0019531548023223877
0.004882887005805969
0.008300907909870148
0.02075226977467537
0.03137254901230335
0.07843137253075838
0.13333333330228925
0.3333333332557231
0.5000000001164153
0.25000000032014214
0.12500000049476512
0.8125000012223609
0.28125000186264515
0.7031250046566129
0.07031250794534571
0.6757812698488124
0.017578154802322388
0.04394538700580597
0.06689465790987015
0.16723664477467537
0.25109911151230335
0.6277477787807584
0.06668294270639308
0.6667073567514308
6.103515625e-05
0.000152587890625
0.0002593994140625
0.00064849853515625
0.000980377197265625
0.0024509429931640625
0.004166603088378906
0.010416507720947266
0.0156252384185791
0.039063096046447754
0.06640726327896118
0.16601815819740295
0.2509803920984268
0.627450980246067
0.06666666644741781
0.6666666661039926
1.0477378964424133e-09
2.6193447411060333e-09
3.987224772572517e-09
0.50000000995351
0.25000001495936885
0.6250000373984221
0.5625000635627657
0.4062501589360181
0.1406252384185791
0.35156309604644775
0.5351572632789612
0.3378931582265068
0.00879289215663448
0.0219822303915862
0.5334635416511446
0.3336588541569654
0.00048828125
0.001220703125
0.0020751953125
0.00518798828125
0.007843017578125
0.0196075439453125
0.03333282470703125
0.08333206176757812
0.1250019073486328
0.31250476837158203
0.5312581062316895
0.32814526560832746
0.007843136845622212
0.01960784211405553
0.5333333315793425
0.33333332897746004
8.381903171539307e-09
2.0954757928848267e-08
3.189779818058014e-08
7.974449545145035e-08
1.1973315849900246e-07
2.9933289624750614e-07
0.5000005086185411
0.2500012715754565
0.12500190737773664
0.8125047684297897
0.2812581063481048
0.7031452658702619
0.07034313725307584
0.1758578431326896
0.2677083333255723
0.6692708333139308
0.00390625
0.009765625
0.0166015625
0.04150390625
0.062744140625
0.1568603515625
0.26666259765625
0.666656494140625
1.5258818166330457e-05
0.5000381470308639
0.25006484996993095
0.6251621249248274
0.0627450947649777
0.15686273691244423
0.2666666527511552
0.666666631877888
6.705522537231445e-08
1.6763806343078613e-07
2.551823854446411e-07
6.379559636116028e-07
9.578652679920197e-07
2.394663169980049e-06
4.0690647438168526e-06
1.0172661859542131e-05
1.525905099697411e-05
0.5000381476129405
0.25006485084304586
0.6251621271076147
0.5627450980246067
0.4068627450906206
0.14166666666278616
0.3541666666569654
0.03125
0.078125
0.1328125
0.33203125
0.501953125
0.25488281252910383
0.13330078130820766
0.33325195327051915
0.00012207054533064365
0.00030517636332660913
0.0005187998176552355
0.0012969995441380888
0.5019607581198215
0.2549018953286577
0.13333322206744924
0.3333330551686231
5.364418029785156e-07
1.341104507446289e-06
2.041459083557129e-06
5.103647708892822e-06
7.662922143936157e-06
1.9157305359840393e-05
3.255251795053482e-05
8.138129487633705e-05
0.00012207240797579288
0.0003051810199394822
0.0005188068025745451
0.0012970170064363629
0.501960784313269
0.25490196081227623
0.13333333333139308
0.8333333333139308
0.25
0.625
0.06250000002910383
0.6562500000582077
0.015625000116415322
0.039062500291038305
0.06640625049476512
0.6660156262223609
0.0009765643626451492
0.002441410906612873
0.004150398541241884
0.01037599635310471
0.01568606507498771
0.039215162687469274
0.06666577656869777
0.6666644414071925
4.291534423828125e-06
1.0728836059570312e-05
1.633167266845703e-05
4.082918167114258e-05
6.130337715148926e-05
0.00015325844287872314
0.00026042014360427856
0.0006510503590106964
0.000976579263806343
0.0024414481595158577
0.004150454420596361
0.010376136051490903
0.015686274622566998
0.039215686556417495
0.06666666668024845
0.6666666666860692
5.820766091346741e-11
1.4551915228366852e-10
0.5000000002328306
0.25000000061118044
0.12500000093132257
0.31250000232830644
0.5312500039581209
0.3281250099244062
0.007812514901161194
0.019531287252902985
0.033203188329935074
0.08300797082483768
0.12548852059990168
0.3137213014997542
0.5333262125495821
0.33331553140305914
3.4332275390625e-05
8.58306884765625e-05
0.00013065338134765625
0.0003266334533691406
0.0004904270172119141
0.0012260675430297852
0.0020833611488342285
0.005208402872085571
0.007812634110450745
0.01953158527612686
0.03320363536477089
0.08300908841192722
0.12549019698053598
0.31372549245133996
0.5333333334419876
0.3333333336340729
4.656612873077393e-10
1.1641532182693481e-09
1.979060471057892e-09
4.94765117764473e-09
7.479684427380562e-09
0.5000000186846592
0.25000003178138286
0.6250000794534571
0.06250011920928955
0.15625029802322388
0.2656255066394806
0.6640637665987015
0.00390816482831724
0.5097704120562412
0.2666097005130723
0.6665242512826808
0.000274658203125
0.0006866455078125
0.00104522705078125
0.002613067626953125
0.0039234161376953125
0.009808540344238281
0.016666889190673828
0.04166722297668457
0.06250107288360596
0.1562526822090149
0.2656290829181671
0.6640727072954178
0.003921575873391703
0.5098039396689273
0.2666666676523164
0.666666669130791
3.725290298461914e-09
9.313225746154785e-09
1.5832483768463135e-08
3.958120942115784e-08
5.98374754190445e-08
1.4959368854761124e-07
2.543092705309391e-07
6.357731763273478e-07
0.5000009536743164
0.25000238421489485
0.1250040531740524
0.31251013293513097
0.03126531862653792
0.0781632965663448
0.13287760416278616
0.3321940104069654
0.002197265625
0.0054931640625
0.00836181640625
0.020904541015625
0.0313873291015625
0.07846832275390625
0.13333511352539062
0.33333778381347656
0.5000085830688477
0.25002145770122297
0.12503266340354457
0.31258165850886144
0.03137260698713362
0.07843151746783406
0.1333333412767388
0.333333353191847
2.9802322387695312e-08
7.450580596923828e-08
1.2665987014770508e-07
3.166496753692627e-07
4.78699803352356e-07
1.1967495083808899e-06
2.034474164247513e-06
5.086185410618782e-06
7.629510946571827e-06
1.9073777366429567e-05
3.2425421522930264e-05
0.5000810635392554
0.25012254901230335
0.6253063725307584
0.06302083333139308
0.6575520833139308
0.017578125
0.0439453125
0.06689453125
0.167236328125
0.2510986328125
0.62774658203125
0.06668090823222883
0.6667022705660202
6.866466719657183e-05
0.00017166166799142957
0.00026130725746043026
0.5006532681290992
0.250980855897069
0.6274521397426724
0.06666673024301417
0.6666668255929835
2.384185791015625e-07
5.960464477539062e-07
1.0132789611816406e-06
2.5331974029541016e-06
3.829598426818848e-06
9.573996067047119e-06
1.6275793313980103e-05
4.0689483284950256e-05
6.103608757257462e-05
0.00015259021893143654
0.0002594033721834421
0.0006485084304586053
0.0009803921566344798
0.0024509803915861994
0.5041666666511446
0.2604166666569654
0.140625
0.3515625
0.53515625
0.33789062502910383
0.008789062558207661
0.021972656395519152
0.5334472658578306
0.33361816467368044
0.0005493173375725746
0.0013732933439314365
0.002090458059683442
0.005226145149208605
0.00784684723475948
0.0196171180868987
0.5333338419441134
0.33333460488938726
1.9073486328125e-06
4.76837158203125e-06
8.106231689453125e-06
2.0265579223632812e-05
3.063678741455078e-05
7.659196853637695e-05
0.00013020634651184082
0.00032551586627960205
0.0004882887005805969
0.0012207217514514923
0.002075226977467537
0.005188067443668842
0.007843137253075838
0.019607843132689595
0.03333333332557231
0.08333333331393078
0.12500000002910383
0.8125000000582077
0.2812500001164153
0.7031250002910383
0.07031250046566129
0.17578125116415322
0.26757812697906047
0.6689453174476512
0.004394538700580597
0.010986346751451492
0.016723664477467537
0.04180916119366884
0.06277477787807584
0.1569369446951896
0.2666707356693223
0.6666768391733058
1.52587890625e-05
3.814697265625e-05
6.4849853515625e-05
0.0001621246337890625
0.00024509429931640625
0.0006127357482910156
0.0010416507720947266
0.0026041269302368164
0.003906309604644775
0.009765774011611938
0.016601815819740295
0.04150453954935074
0.0627450980246067
0.15686274506151676
0.2666666666045785
0.6666666665114462
2.6193447411060333e-10
0.5000000006402843
0.25000000098953024
0.6250000024738256
0.5625000037252903
0.4062500093423296
0.14062501589069143
0.3515625397267286
0.035156309604644775
0.08789077401161194
0.1337893158197403
0.33447328954935074
0.5021982230246067
0.2554955575906206
0.13336588541278616
0.3334147135319654
0.0001220703125
0.00030517578125
0.000518798828125
0.0012969970703125
0.00196075439453125
0.004901885986328125
0.008333206176757812
0.02083301544189453
0.0312504768371582
0.07812619209289551
0.13281452655792236
0.3320363163948059
0.5019607841968536
0.2549019605212379
0.13333333289483562
0.33333333223708905
2.0954757928848267e-09
5.238689482212067e-09
7.974449545145035e-09
1.9936123862862587e-08
0.5000000299187377
0.2500000748259481
0.12500012715463527
0.8125003178720362
0.2812504768371582
0.7031261920928955
0.0703145265870262
0.6757863164530136
0.01758578431326896
0.0439644607831724
0.06692708333139308
0.6673177083139308
0.0009765625
0.00244140625
0.004150390625
0.0103759765625
0.01568603515625
0.039215087890625
0.0666656494140625
0.16666412353515625
0.2500038146972656
0.6250095367431641
0.06251621249248274
0.6562905312166549
0.015686273691244423
0.03921568422811106
0.0666666631877888
0.6666666579549201
1.6763806343078613e-08
4.190951585769653e-08
6.379559636116028e-08
1.594889909029007e-07
2.394663169980049e-07
5.986657924950123e-07
1.0172661859542131e-06
0.500002543150913
0.2500038147554733
0.6250095368886832
0.5625162126962095
0.4062905317696277
0.14068627450615168
0.3517156862653792
0.5354166666511446
0.3385416666569654
0.0078125
0.01953125
0.033203125
0.0830078125
0.12548828125
0.313720703125
0.5333251953125
0.33331298831035383
3.0517636332660913e-05
7.629409083165228e-05
0.5001296999398619
0.25032424987875856
0.1254901895299554
0.31372547382488847
0.5333333055023104
0.3333332637848798
1.341104507446289e-07
3.3527612686157227e-07
5.103647708892822e-07
1.2759119272232056e-06
1.9157305359840393e-06
4.789326339960098e-06
8.138129487633705e-06
2.0345323719084263e-05
3.051810199394822e-05
7.629525498487055e-05
0.5001297016860917
0.25032425424433313
0.12549019607831724
0.8137254901812412
0.2833333333255723
0.7083333333139308
0.0625
0.15625
0.265625
0.6640625
0.0039062500291038305
0.5097656250582077
0.2666015626164153
0.6665039065410383
0.0002441410906612873
0.0006103527266532183
0.001037599635310471
0.0025939990882761776
0.003921516268746927
0.5098037906573154
0.2666664441348985
0.6666661103372462
1.0728836059570312e-06
2.682209014892578e-06
4.082918167114258e-06
1.0207295417785645e-05
1.5325844287872314e-05
3.8314610719680786e-05
6.510503590106964e-05
0.0001627625897526741
0.00024414481595158577
0.0006103620398789644
0.0010376136051490903
0.0025940340128727257
0.0039215686556417495
0.5098039216245525
0.26666666666278616
0.6666666666569654
0.5
0.25000000002910383
0.12500000005820766
0.31250000014551915
0.031250000232830644
0.07812500058207661
0.13281250098953024
0.3320312524738256
0.0019531287252902985
0.004882821813225746
0.008300797082483768
0.02075199270620942
0.03137213014997542
0.07843032537493855
0.13333155313739553
0.3333288828434888
8.58306884765625e-06
2.1457672119140625e-05
3.266334533691406e-05
8.165836334228516e-05
0.00012260675430297852
0.0003065168857574463
0.0005208402872085571
0.0013021007180213928
0.001953158527612686
0.004882896319031715
0.008300908841192722
0.020752272102981806
0.031372549245133996
0.07843137311283499
0.1333333333604969
0.33333333340124227
1.1641532182693481e-10
2.9103830456733704e-10
4.94765117764473e-10
0.5000000012223609
0.25000000186264515
0.6250000046566129
0.06250000794534571
0.6562500198488124
0.015625029802322388
0.03906257450580597
0.06640637665987015
0.16601594164967537
0.25097704119980335
0.6274426029995084
0.06665242512826808
0.6666310628061183
6.866455078125e-05
0.000171661376953125
0.0002613067626953125
0.0006532669067382812
0.0009808540344238281
0.0024521350860595703
0.004166722297668457
0.010416805744171143
0.01562526822090149
0.03906317055225372
0.06640727072954178
0.16601817682385445
0.25098039396107197
0.6274509849026799
0.0666666669130791
0.6666666672681458
9.313225746154785e-10
2.3283064365386963e-09
3.958120942115784e-09
9.89530235528946e-09
1.4959368854761124e-08
3.739842213690281e-08
0.5000000635627657
0.2500001589360181
0.1250002384185791
0.31250059604644775
0.5312510132789612
0.3281275332265068
0.00781632965663448
0.0195408241415862
0.5332194010261446
0.3330485025944654
0.00054931640625
0.001373291015625
0.0020904541015625
0.00522613525390625
0.007846832275390625
0.019617080688476562
0.033333778381347656
0.08333444595336914
0.12500214576721191
0.3125053644180298
0.5312581658363342
0.3281454146199394
0.007843151746783406
0.019607879366958514
0.5333333353046328
0.3333333382906858
7.450580596923828e-09
1.862645149230957e-08
3.166496753692627e-08
7.916241884231567e-08
1.19674950838089e-07
2.9918737709522247e-07
5.086185410618782e-07
1.2715463526546955e-06
1.9073777366429567e-06
0.5000047684297897
0.2500081063481048
0.6250202658702619
0.06253063725307584
0.1563265931326896
0.2657552083255723
0.6643880208139308
0.00439453125
0.010986328125
0.0167236328125
0.04180908203125
0.062774658203125
0.1569366455078125
0.26667022705078125
0.6666755676269531
1.7166166799142957e-05
0.5000429154024459
0.25006532680708915
0.6251633170177229
0.06274521397426724
0.1568630349356681
0.2666666825534776
0.666666706383694
5.960464477539063e-08
1.4901161193847656e-07
2.5331974029541016e-07
6.332993507385254e-07
9.57399606704712e-07
2.3934990167617798e-06
4.068948328495026e-06
1.0172370821237564e-05
1.5259021893143654e-05
3.8147554732859135e-05
6.485084304586053e-05
0.00016212710761465132
0.5002450980246067
0.2506127450906206
0.12604166666278616
0.3151041666569654
0.03515625
0.087890625
0.1337890625
0.33447265625
0.502197265625
0.25549316409160383
0.13336181646445766
0.33340454116114415
0.00013732933439314365
0.00034332333598285913
0.0005226145149208605
0.0013065362873021513
0.501961711794138
0.2549042795144487
0.13333346048602834
0.33333365121507086
4.76837158203125e-07
1.1920928955078125e-06
2.0265579223632812e-06
5.066394805908203e-06
7.659196853637695e-06
1.9147992134094238e-05
3.2551586627960205e-05
8.137896656990051e-05
0.00012207217514514923
0.0003051804378628731
0.0005188067443668842
0.0012970168609172106
0.0019607843132689595
0.004901960783172399
0.008333333331393078
0.5208333333139308
0.28125
0.703125
0.07031250002910383
0.6757812500582077
0.017578125116415322
0.043945312791038305
0.06689453174476512
0.6672363293473609
0.0010986346751451492
0.002746586687862873
0.004180916119366884
0.01045229029841721
0.01569369446951896
0.0392342361737974
0.06666768391733058
0.6666692097787745
3.814697265625e-06
9.5367431640625e-06
1.621246337890625e-05
4.0531158447265625e-05
6.127357482910156e-05
0.0001531839370727539
0.00026041269302368164
0.0006510317325592041
0.0009765774011611938
0.0024414435029029846
0.004150453954935074
0.010376134887337685
0.015686274506151676
0.03921568626537919
0.06666666665114462
0.16666666662786156
0.25000000005820766
0.6250000001455192
0.5625000002328306
0.40625000061118044
0.14062500093132257
0.35156250232830644
0.5351562539581209
0.3378906349244062
0.008789077401161194
0.021972693502902985
0.033447328954935074
0.08361832238733768
0.12554955575615168
0.3138738893903792
0.5333414713386446
0.3333536783757154
3.0517578125e-05
7.62939453125e-05
0.00012969970703125
0.000324249267578125
0.0004901885986328125
0.0012254714965820312
0.002083301544189453
0.005208253860473633
0.00781261920928955
0.019531548023223877
0.03320363163948059
0.08300907909870148
0.1254901960492134
0.3137254901230335
0.533333333209157
0.3333333330519963
5.238689482212067e-10
1.3096723705530167e-09
0.5000000019790605
0.250000004976755
0.12500000747968443
0.8125000186846592
0.28125003178138286
0.7031250794534571
0.07031261920928955
0.17578154802322388
0.2675786316394806
0.6689465790987015
0.00439644607831724
0.5109911151812412
0.2667317708255723
0.6668294270639308
0.000244140625
0.0006103515625
0.00103759765625
0.002593994140625
0.0039215087890625
0.00980377197265625
0.016666412353515625
0.04166603088378906
0.0625009536743164
0.15625238418579102
0.2656290531158447
0.6640726327896118
0.003921568422811106
0.5098039210424758
0.26666666578967124
0.6666666644741781
4.190951585769653e-09
1.0477378964424133e-08
1.594889909029007e-08
3.9872247725725174e-08
5.986657924950123e-08
0.5000001496518962
0.25000025430927053
0.6250006357731763
0.5625009536743164
0.40625238421489485
0.1406290531740524
0.35157263293513097
0.03517156862653792
0.0879289215663448
0.13385416666278616
0.3346354166569654
0.001953125
0.0048828125
0.00830078125
0.020751953125
0.0313720703125
0.07843017578125
0.133331298828125
0.3333282470703125
0.5000076293945312
0.25001907351543196
0.12503242498496547
0.3125810624624137
0.03137254738248885
0.07843136845622212
0.1333333263755776
0.333333315938944
3.3527612686157227e-08
8.381903171539307e-08
1.2759119272232056e-07
3.189779818058014e-07
4.789326339960098e-07
1.1973315849900246e-06
2.0345323719084263e-06
5.086330929771066e-06
0.5000076295109466
0.25001907380647026
0.12503242542152293
0.8125810635392554
0.28137254901230335
0.7034313725307584
0.07083333333139308
0.6770833333139308
0.015625
0.0390625
0.06640625
0.166015625
0.2509765625
0.62744140625
0.06665039065410383
0.6666259766207077
6.103527266532183e-05
0.00015258818166330457
0.00025939990882761776
0.5006484997575171
0.2509803790599108
0.6274509476497769
0.06666661103372462
0.6666665275697596
2.682209014892578e-07
6.705522537231445e-07
1.0207295417785645e-06
2.551823854446411e-06
3.831461071968079e-06
9.578652679920197e-06
1.627625897526741e-05
4.0690647438168526e-05
6.103620398789644e-05
0.0001525905099697411
0.00025940340128727257
0.5006485084886663
0.2509803921566345
0.6274509803915862
0.5666666666511446
0.4166666666569654
0.125
0.3125
0.53125
0.32812500002910383
0.007812500058207661
0.019531250145519152
0.5332031252328306
0.33300781311118044
0.0004882821813225746
0.0012207054533064365
0.002075199270620942
0.005187998176552355
0.007843032537493855
0.019607581343734637
0.533332888269797
0.33333222070359625
2.1457672119140625e-06
5.364418029785156e-06
8.165836334228516e-06
2.041459083557129e-05
3.065168857574463e-05
7.662922143936157e-05
0.00013021007180213928
0.0003255251795053482
0.0004882896319031715
0.0012207240797579288
0.0020752272102981806
0.0051880680257454515
0.007843137311283499
0.019607843278208748
0.5333333333255723
0.3333333333430346
2.9103830456733704e-11
0.5000000000582077
0.2500000001164153
0.6250000002910383
0.06250000046566129
0.15625000116415322
0.26562500197906047
0.6640625049476512
0.003906257450580597
0.009765643626451492
0.016601594164967537
0.04150398541241884
0.06274426029995084
0.1568606507498771
0.26666310627479106
0.6666577656869777
1.71661376953125e-05
4.291534423828125e-05
6.532669067382812e-05
0.0001633167266845703
0.00024521350860595703
0.0006130337715148926
0.0010416805744171143
0.0026042014360427856
0.003906317055225372
0.00976579263806343
0.016601817682385445
0.04150454420596361
0.06274509849026799
0.15686274622566998
0.2666666667209938
0.6666666668024845
2.3283064365386963e-10
5.820766091346741e-10
9.89530235528946e-10
2.473825588822365e-09
0.5000000037252903
0.2500000093423296
0.12500001589069143
0.3125000397267286
0.031250059604644775
0.07812514901161194
0.1328127533197403
0.33203188329935074
0.5019540823996067
0.2548852060281206
0.13330485025653616
0.3332621256413404
0.0001373291015625
0.00034332275390625
0.000522613525390625
0.0013065338134765625
0.0019617080688476562
0.004904270172119141
0.008333444595336914
0.020833611488342285
0.03125053644180298
0.07812634110450745
0.13281454145908356
0.3320363536477089
0.5019607879221439
0.25490196983446367
0.1333333338261582
0.3333333345653955
1.862645149230957e-09
4.6566128730773926e-09
7.916241884231567e-09
1.979060471057892e-08
2.991873770952225e-08
7.479684427380562e-08
1.2715463526546955e-07
0.5000003178720362
0.2500004768371582
0.6250011920928955
0.0625020265870262
0.6562550664530136
0.01563265931326896
0.0390816482831724
0.06643880208139308
0.6660970051889308
0.0010986328125
0.00274658203125
0.004180908203125
0.0104522705078125
0.01569366455078125
0.039234161376953125
0.06666755676269531
0.16666889190673828
0.25000429153442383
0.6250107288360596
0.06251633170177229
0.6562908292398788
0.01568630349356681
0.03921575873391703
0.0666666706383694
0.6666666765813716
1.4901161193847656e-08
3.725290298461914e-08
6.332993507385254e-08
1.5832483768463135e-07
2.39349901676178e-07
5.983747541904449e-07
1.0172370821237564e-06
2.543092705309391e-06
3.8147554732859135e-06
9.536888683214784e-06
0.5000162126962095
0.2500405317696277
0.12506127450615168
0.3126531862653792
0.5315104166511446
0.3287760416569654
0.0087890625
0.02197265625
0.033447265625
0.0836181640625
0.12554931640625
0.313873291015625
0.5333404541015625
0.3333511352830101
3.4332333598285913e-05
8.583083399571478e-05
0.5001306536141783
0.2503266340645496
0.1254904279485345
0.3137260698713362
0.5333333651069552
0.33333341279649176
1.1920928955078125e-07
2.980232238769531e-07
5.066394805908203e-07
1.2665987014770508e-06
1.914799213409424e-06
4.7869980335235596e-06
8.137896656990051e-06
2.0344741642475128e-05
3.051804378628731e-05
7.629510946571827e-05
0.00012970168609172106
0.00032425421522930264
0.0004901960783172399
0.5012254901812412
0.2520833333255723
0.6302083333139308
0.0703125
0.17578125
0.267578125
0.6689453125
0.0043945312791038305
0.5109863281832077
0.2667236329289153
0.6668090823222883
0.0002746586687862873
0.0006866466719657183
0.001045229029841721
0.0026130725746043026
0.00392342361737974
0.5098085590288974
0.2666669209720567
0.6666673024301417
9.5367431640625e-07
2.384185791015625e-06
4.0531158447265625e-06
1.0132789611816406e-05
1.531839370727539e-05
3.8295984268188477e-05
6.510317325592041e-05
0.00016275793313980103
0.00024414435029029846
0.0006103608757257462
0.0010376134887337685
0.002594033721834421
0.003921568626537919
0.009803921566344798
0.016666666662786156
0.04166666665696539
0.5625
0.40625000002910383
0.14062500005820766
0.35156250014551915
0.035156250232830644
0.08789062558207661
0.13378906348953024
0.3344726587238256
0.0021972693502902985
0.005493173375725746
0.008361832238733768
0.02090458059683442
0.03138738893903792
0.0784684723475948
0.13333536783466116
0.3333384195866529
7.62939453125e-06
1.9073486328125e-05
3.24249267578125e-05
8.106231689453125e-05
0.00012254714965820312
0.0003063678741455078
0.0005208253860473633
0.0013020634651184082
0.0019531548023223877
0.004882887005805969
0.008300907909870148
0.02075226977467537
0.03137254901230335
0.07843137253075838
0.13333333330228925
0.3333333332557231
0.5000000001164153
0.25000000032014214
0.12500000049476512
0.8125000012223609
0.28125000186264515
0.7031250046566129
0.07031250794534571
0.6757812698488124
0.017578154802322388
0.04394538700580597
0.06689465790987015
0.16723664477467537
0.25109911151230335
0.6277477787807584
0.06668294270639308
0.6667073567514308
6.103515625e-05
0.000152587890625
0.0002593994140625
0.00064849853515625
0.000980377197265625
0.0024509429931640625
0.004166603088378906
0.010416507720947266
0.0156252384185791
0.039063096046447754
0.06640726327896118
0.16601815819740295
0.2509803920984268
0.627450980246067
0.06666666644741781
0.6666666661039926
1.0477378964424133e-09
2.6193447411060333e-09
3.987224772572517e-09
0.50000000995351
0.25000001495936885
0.6250000373984221
0.5625000635627657
0.4062501589360181
0.1406252384185791
0.35156309604644775
0.5351572632789612
0.3378931582265068
0.00879289215663448
0.0219822303915862
0.5334635416511446
0.3336588541569654
0.00048828125
0.001220703125
0.0020751953125
0.00518798828125
0.007843017578125
0.0196075439453125
0.03333282470703125
0.08333206176757812
0.1250019073486328
0.31250476837158203
0.5312581062316895
0.32814526560832746
0.007843136845622212
0.01960784211405553
0.5333333315793425
0.33333332897746004
8.381903171539307e-09
2.0954757928848267e-08
3.189779818058014e-08
7.974449545145035e-08
1.1973315849900246e-07
2.9933289624750614e-07
0.5000005086185411
0.2500012715754565
0.12500190737773664
0.8125047684297897
0.2812581063481048
0.7031452658702619
0.07034313725307584
0.1758578431326896
0.2677083333255723
0.6692708333139308
0.00390625
0.009765625
0.0166015625
0.04150390625
0.062744140625
0.1568603515625
0.26666259765625
0.666656494140625
1.5258818166330457e-05
0.5000381470308639
0.25006484996993095
0.6251621249248274
0.0627450947649777
0.15686273691244423
0.2666666527511552
0.666666631877888
6.705522537231445e-08
1.6763806343078613e-07
2.551823854446411e-07
6.379559636116028e-07
9.578652679920197e-07
2.394663169980049e-06
4.0690647438168526e-06
1.0172661859542131e-05
1.525905099697411e-05
0.5000381476129405
0.25006485084304586
0.6251621271076147
0.5627450980246067
0.4068627450906206
0.14166666666278616
0.3541666666569654
0.03125
0.078125
0.1328125
0.33203125
0.501953125
0.25488281252910383
0.13330078130820766
0.33325195327051915
0.00012207054533064365
0.00030517636332660913
0.0005187998176552355
0.0012969995441380888
0.5019607581198215
0.2549018953286577
0.13333322206744924
0.3333330551686231
5.364418029785156e-07
1.341104507446289e-06
2.041459083557129e-06
5.103647708892822e-06
7.662922143936157e-06
1.9157305359840393e-05
3.255251795053482e-05
8.138129487633705e-05
0.00012207240797579288
0.0003051810199394822
0.0005188068025745451
0.0012970170064363629
0.501960784313269
0.25490196081227623
0.13333333333139308
0.8333333333139308
0.25
0.625
0.06250000002910383
0.6562500000582077
0.015625000116415322
0.039062500291038305
0.06640625049476512
0.6660156262223609
0.0009765643626451492
0.002441410906612873
0.004150398541241884
0.01037599635310471
0.01568606507498771
0.039215162687469274
0.06666577656869777
0.6666644414071925
4.291534423828125e-06
1.0728836059570312e-05
1.633167266845703e-05
4.082918167114258e-05
6.130337715148926e-05
0.00015325844287872314
0.00026042014360427856
0.0006510503590106964
0.000976579263806343
0.0024414481595158577
0.004150454420596361
0.010376136051490903
0.015686274622566998
0.039215686556417495
0.06666666668024845
0.6666666666860692
5.820766091346741e-11
1.4551915228366852e-10
0.5000000002328306
0.25000000061118044
0.12500000093132257
0.31250000232830644
0.5312500039581209
0.3281250099244062
0.007812514901161194
0.019531287252902985
0.033203188329935074
0.08300797082483768
0.12548852059990168
0.3137213014997542
0.5333262125495821
0.33331553140305914
3.4332275390625e-05
8.58306884765625e-05
0.00013065338134765625
0.0003266334533691406
0.0004904270172119141
0.0012260675430297852
0.0020833611488342285
0.005208402872085571
0.007812634110450745
0.01953158527612686
0.03320363536477089
0.08300908841192722
0.12549019698053598
0.31372549245133996
0.5333333334419876
0.3333333336340729
4.656612873077393e-10
1.1641532182693481e-09
1.979060471057892e-09
4.94765117764473e-09
7.479684427380562e-09
0.5000000186846592
0.25000003178138286
0.6250000794534571
0.06250011920928955
0.15625029802322388
0.2656255066394806
0.6640637665987015
0.00390816482831724
0.5097704120562412
0.2666097005130723
0.6665242512826808
0.000274658203125
0.0006866455078125
0.00104522705078125
0.002613067626953125
0.0039234161376953125
0.009808540344238281
0.016666889190673828
0.04166722297668457
0.06250107288360596
0.1562526822090149
0.2656290829181671
0.6640727072954178
0.003921575873391703
0.5098039396689273
0.2666666676523164
0.666666669130791
3.725290298461914e-09
9.313225746154785e-09
1.5832483768463135e-08
3.958120942115784e-08
5.98374754190445e-08
1.4959368854761124e-07
2.543092705309391e-07
6.357731763273478e-07
0.5000009536743164
0.25000238421489485
0.1250040531740524
0.31251013293513097
0.03126531862653792
0.0781632965663448
0.13287760416278616
0.3321940104069654
0.002197265625
0.0054931640625
0.00836181640625
0.020904541015625
0.0313873291015625
0.07846832275390625
0.13333511352539062
0.33333778381347656
0.5000085830688477
0.25002145770122297
0.12503266340354457
0.31258165850886144
0.03137260698713362
0.07843151746783406
0.1333333412767388
0.333333353191847
2.9802322387695312e-08
7.450580596923828e-08
1.2665987014770508e-07
3.166496753692627e-07
4.78699803352356e-07
1.1967495083808899e-06
2.034474164247513e-06
5.086185410618782e-06
7.629510946571827e-06
1.9073777366429567e-05
3.2425421522930264e-05
0.5000810635392554
0.25012254901230335
0.6253063725307584
0.06302083333139308
0.6575520833139308
0.017578125
0.0439453125
0.06689453125
0.167236328125
0.2510986328125
0.62774658203125
0.06668090823222883
0.6667022705660202
6.866466719657183e-05
0.00017166166799142957
0.00026130725746043026
0.5006532681290992
0.250980855897069
0.6274521397426724
0.06666673024301417
0.6666668255929835
2.384185791015625e-07
5.960464477539062e-07
1.0132789611816406e-06
2.5331974029541016e-06
3.829598426818848e-06
9.573996067047119e-06
1.6275793313980103e-05
4.0689483284950256e-05
6.103608757257462e-05
0.00015259021893143654
0.0002594033721834421
0.0006485084304586053
0.0009803921566344798
0.0024509803915861994
0.5041666666511446
0.2604166666569654
0.140625
0.3515625
0.53515625
0.33789062502910383
0.008789062558207661
0.021972656395519152
0.5334472658578306
0.33361816467368044
0.0005493173375725746
0.0013732933439314365
0.002090458059683442
0.005226145149208605
0.00784684723475948
0.0196171180868987
0.5333338419441134
0.33333460488938726
1.9073486328125e-06
4.76837158203125e-06
8.106231689453125e-06
2.0265579223632812e-05
3.063678741455078e-05
7.659196853637695e-05
0.00013020634651184082
0.00032551586627960205
0.0004882887005805969
0.0012207217514514923
0.002075226977467537
0.005188067443668842
0.007843137253075838
0.019607843132689595
0.03333333332557231
0.08333333331393078
0.12500000002910383
0.8125000000582077
0.2812500001164153
0.7031250002910383
0.07031250046566129
0.17578125116415322
0.26757812697906047
0.6689453174476512
0.004394538700580597
0.010986346751451492
0.016723664477467537
0.04180916119366884
0.06277477787807584
0.1569369446951896
0.2666707356693223
0.6666768391733058
1.52587890625e-05
3.814697265625e-05
6.4849853515625e-05
0.0001621246337890625
0.00024509429931640625
0.0006127357482910156
0.0010416507720947266
0.0026041269302368164
0.003906309604644775
0.009765774011611938
0.016601815819740295
0.04150453954935074
0.0627450980246067
0.15686274506151676
0.2666666666045785
0.6666666665114462
2.6193447411060333e-10
0.5000000006402843
0.25000000098953024
0.6250000024738256
0.5625000037252903
0.4062500093423296
0.14062501589069143
0.3515625397267286
0.035156309604644775
0.08789077401161194
0.1337893158197403
0.33447328954935074
0.5021982230246067
0.2554955575906206
0.13336588541278616
0.3334147135319654
0.0001220703125
0.00030517578125
0.000518798828125
0.0012969970703125
0.00196075439453125
0.004901885986328125
0.008333206176757812
0.02083301544189453
0.0312504768371582
0.07812619209289551
0.13281452655792236
0.3320363163948059
0.5019607841968536
0.2549019605212379
0.13333333289483562
0.33333333223708905
2.0954757928848267e-09
5.238689482212067e-09
7.974449545145035e-09
1.9936123862862587e-08
0.5000000299187377
0.2500000748259481
0.12500012715463527
0.8125003178720362
0.2812504768371582
0.7031261920928955
0.0703145265870262
0.6757863164530136
0.01758578431326896
0.0439644607831724
0.06692708333139308
0.6673177083139308
0.0009765625
0.00244140625
0.004150390625
0.0103759765625
0.01568603515625
0.039215087890625
0.0666656494140625
0.16666412353515625
0.2500038146972656
0.6250095367431641
0.06251621249248274
0.6562905312166549
0.015686273691244423
0.03921568422811106
0.0666666631877888
0.6666666579549201
1.6763806343078613e-08
4.190951585769653e-08
6.379559636116028e-08
1.594889909029007e-07
2.394663169980049e-07
5.986657924950123e-07
1.0172661859542131e-06
0.500002543150913
0.2500038147554733
0.6250095368886832
0.5625162126962095
0.4062905317696277
0.14068627450615168
0.3517156862653792
0.5354166666511446
0.3385416666569654
0.0078125
0.01953125
0.033203125
0.0830078125
0.12548828125
0.313720703125
0.5333251953125
0.33331298831035383
3.0517636332660913e-05
7.629409083165228e-05
0.5001296999398619
0.25032424987875856
0.1254901895299554
0.31372547382488847
0.5333333055023104
0.3333332637848798
1.341104507446289e-07
3.3527612686157227e-07
5.103647708892822e-07
1.2759119272232056e-06
1.9157305359840393e-06
4.789326339960098e-06
8.138129487633705e-06
2.0345323719084263e-05
3.051810199394822e-05
7.629525498487055e-05
0.5001297016860917
0.25032425424433313
0.12549019607831724
0.8137254901812412
0.2833333333255723
0.7083333333139308
0.0625
0.15625
0.265625
0.6640625
0.0039062500291038305
0.5097656250582077
0.2666015626164153
0.6665039065410383
0.0002441410906612873
0.0006103527266532183
0.001037599635310471
0.0025939990882761776
0.003921516268746927
0.5098037906573154
0.2666664441348985
0.6666661103372462
1.0728836059570312e-06
2.682209014892578e-06
4.082918167114258e-06
1.0207295417785645e-05
1.5325844287872314e-05
3.8314610719680786e-05
6.510503590106964e-05
0.0001627625897526741
0.00024414481595158577
0.0006103620398789644
0.0010376136051490903
0.0025940340128727257
0.0039215686556417495
0.5098039216245525
0.26666666666278616
0.6666666666569654
0.5
0.25000000002910383
0.12500000005820766
0.31250000014551915
0.031250000232830644
0.07812500058207661
0.13281250098953024
0.3320312524738256
0.0019531287252902985
0.004882821813225746
0.008300797082483768
0.02075199270620942
0.03137213014997542
0.07843032537493855
0.13333155313739553
0.3333288828434888
8.58306884765625e-06
2.1457672119140625e-05
3.266334533691406e-05
8.165836334228516e-05
0.00012260675430297852
0.0003065168857574463
0.0005208402872085571
0.0013021007180213928
0.001953158527612686
0.004882896319031715
0.008300908841192722
0.020752272102981806
0.031372549245133996
0.07843137311283499
0.1333333333604969
0.33333333340124227
1.1641532182693481e-10
2.9103830456733704e-10
4.94765117764473e-10
0.5000000012223609
0.25000000186264515
0.6250000046566129
0.06250000794534571
0.6562500198488124
0.015625029802322388
0.03906257450580597
0.06640637665987015
0.16601594164967537
0.25097704119980335
0.6274426029995084
0.06665242512826808
0.6666310628061183
6.866455078125e-05
0.000171661376953125
0.0002613067626953125
0.0006532669067382812
0.0009808540344238281
0.0024521350860595703
0.004166722297668457
0.010416805744171143
0.01562526822090149
0.03906317055225372
0.06640727072954178
0.16601817682385445
0.25098039396107197
0.6274509849026799
0.0666666669130791
0.6666666672681458
9.313225746154785e-10
2.3283064365386963e-09
3.958120942115784e-09
9.89530235528946e-09
1.4959368854761124e-08
3.739842213690281e-08
0.5000000635627657
0.2500001589360181
0.1250002384185791
0.31250059604644775
0.5312510132789612
0.3281275332265068
0.00781632965663448
0.0195408241415862
0.5332194010261446
0.3330485025944654
0.00054931640625
0.001373291015625
0.0020904541015625
0.00522613525390625
0.007846832275390625
0.019617080688476562
0.033333778381347656
0.08333444595336914
0.12500214576721191
0.3125053644180298
0.5312581658363342
0.3281454146199394
0.007843151746783406
0.019607879366958514
0.5333333353046328
0.3333333382906858
7.450580596923828e-09
1.862645149230957e-08
3.166496753692627e-08
7.916241884231567e-08
1.19674950838089e-07
2.9918737709522247e-07
5.086185410618782e-07
1.2715463526546955e-06
1.9073777366429567e-06
0.5000047684297897
0.2500081063481048
0.6250202658702619
0.06253063725307584
0.1563265931326896
0.2657552083255723
0.6643880208139308
0.00439453125
0.010986328125
0.0167236328125
0.04180908203125
0.062774658203125
0.1569366455078125
0.26667022705078125
0.6666755676269531
1.7166166799142957e-05
0.5000429154024459
0.25006532680708915
0.6251633170177229
0.06274521397426724
0.1568630349356681
0.2666666825534776
0.666666706383694
5.960464477539063e-08
1.4901161193847656e-07
2.5331974029541016e-07
6.332993507385254e-07
9.57399606704712e-07
2.3934990167617798e-06
4.068948328495026e-06
1.0172370821237564e-05
1.5259021893143654e-05
3.8147554732859135e-05
6.485084304586053e-05
0.00016212710761465132
0.5002450980246067
0.2506127450906206
0.12604166666278616
0.3151041666569654
0.03515625
0.087890625
0.1337890625
0.33447265625
0.502197265625
0.25549316409160383
0.13336181646445766
0.33340454116114415
0.00013732933439314365
0.00034332333598285913
0.0005226145149208605
0.0013065362873021513
0.501961711794138
0.2549042795144487
0.13333346048602834
0.33333365121507086
4.76837158203125e-07
1.1920928955078125e-06
2.0265579223632812e-06
5.066394805908203e-06
7.659196853637695e-06
1.9147992134094238e-05
3.2551586627960205e-05
8.137896656990051e-05
0.00012207217514514923
0.0003051804378628731
0.0005188067443668842
0.0012970168609172106
0.0019607843132689595
0.004901960783172399
0.008333333331393078
0.5208333333139308
0.28125
0.703125
0.07031250002910383
0.6757812500582077
0.017578125116415322
0.043945312791038305
0.06689453174476512
0.6672363293473609
0.0010986346751451492
0.002746586687862873
0.004180916119366884
0.01045229029841721
0.01569369446951896
0.0392342361737974
0.06666768391733058
0.6666692097787745
3.814697265625e-06
9.5367431640625e-06
1.621246337890625e-05
4.0531158447265625e-05
6.127357482910156e-05
0.0001531839370727539
0.00026041269302368164
0.0006510317325592041
0.0009765774011611938
0.0024414435029029846
0.004150453954935074
0.010376134887337685
0.015686274506151676
0.03921568626537919
0.06666666665114462
0.16666666662786156
0.25000000005820766
0.6250000001455192
0.5625000002328306
0.40625000061118044
0.14062500093132257
0.35156250232830644
0.5351562539581209
0.3378906349244062
0.008789077401161194
0.021972693502902985
0.033447328954935074
0.08361832238733768
0.12554955575615168
0.3138738893903792
0.5333414713386446
0.3333536783757154
3.0517578125e-05
7.62939453125e-05
0.00012969970703125
0.000324249267578125
0.0004901885986328125
0.0012254714965820312
0.002083301544189453
0.005208253860473633
0.00781261920928955
0.019531548023223877
0.03320363163948059
0.08300907909870148
0.1254901960492134
0.3137254901230335
0.533333333209157
0.3333333330519963
5.238689482212067e-10
1.3096723705530167e-09
0.5000000019790605
0.250000004976755
0.12500000747968443
0.8125000186846592
0.28125003178138286
0.7031250794534571
0.07031261920928955
0.17578154802322388
0.2675786316394806
0.6689465790987015
0.00439644607831724
0.5109911151812412
0.2667317708255723
0.6668294270639308
0.000244140625
0.0006103515625
0.00103759765625
0.002593994140625
0.0039215087890625
0.00980377197265625
0.016666412353515625
0.04166603088378906
0.0625009536743164
0.15625238418579102
0.2656290531158447
0.6640726327896118
0.003921568422811106
0.5098039210424758
0.26666666578967124
0.6666666644741781
4.190951585769653e-09
1.0477378964424133e-08
1.594889909029007e-08
3.9872247725725174e-08
5.986657924950123e-08
0.5000001496518962
0.25000025430927053
0.6250006357731763
0.5625009536743164
0.40625238421489485
0.1406290531740524
0.35157263293513097
0.03517156862653792
0.0879289215663448
0.13385416666278616
0.3346354166569654
0.001953125
0.0048828125
0.00830078125
0.020751953125
0.0313720703125
0.07843017578125
0.133331298828125
0.3333282470703125
0.5000076293945312
0.25001907351543196
0.12503242498496547
0.3125810624624137
0.03137254738248885
0.07843136845622212
0.1333333263755776
0.333333315938944
3.3527612686157227e-08
8.381903171539307e-08
1.2759119272232056e-07
3.189779818058014e-07
4.789326339960098e-07
1.1973315849900246e-06
2.0345323719084263e-06
5.086330929771066e-06
0.5000076295109466
0.25001907380647026
0.12503242542152293
0.8125810635392554
0.28137254901230335
0.7034313725307584
0.07083333333139308
0.6770833333139308
0.015625
0.0390625
0.06640625
0.166015625
0.2509765625
0.62744140625
0.06665039065410383
0.6666259766207077
6.103527266532183e-05
0.00015258818166330457
0.00025939990882761776
0.5006484997575171
0.2509803790599108
0.6274509476497769
0.06666661103372462
0.6666665275697596
2.682209014892578e-07
6.705522537231445e-07
1.0207295417785645e-06
2.551823854446411e-06
3.831461071968079e-06
9.578652679920197e-06
1.627625897526741e-05
4.0690647438168526e-05
6.103620398789644e-05
0.0001525905099697411
0.00025940340128727257
0.5006485084886663
0.2509803921566345
0.6274509803915862
0.5666666666511446
0.4166666666569654
0.125
0.3125
0.53125
0.32812500002910383
0.007812500058207661
0.019531250145519152
0.5332031252328306
0.33300781311118044
0.0004882821813225746
0.0012207054533064365
0.002075199270620942
0.005187998176552355
0.007843032537493855
0.019607581343734637
0.533332888269797
0.33333222070359625
2.1457672119140625e-06
5.364418029785156e-06
8.165836334228516e-06
2.041459083557129e-05
3.065168857574463e-05
7.662922143936157e-05
0.00013021007180213928
0.0003255251795053482
0.0004882896319031715
0.0012207240797579288
0.0020752272102981806
0.0051880680257454515
0.007843137311283499
0.019607843278208748
0.5333333333255723
0.3333333333430346
2.9103830456733704e-11
0.5000000000582077
0.2500000001164153
0.6250000002910383
0.06250000046566129
0.15625000116415322
0.26562500197906047
0.6640625049476512
0.003906257450580597
0.009765643626451492
0.016601594164967537
0.04150398541241884
0.06274426029995084
0.1568606507498771
0.26666310627479106
0.6666577656869777
1.71661376953125e-05
4.291534423828125e-05
6.532669067382812e-05
0.0001633167266845703
0.00024521350860595703
0.0006130337715148926
0.0010416805744171143
0.0026042014360427856
0.003906317055225372
0.00976579263806343
0.016601817682385445
0.04150454420596361
0.06274509849026799
0.15686274622566998
0.2666666667209938
0.6666666668024845
2.3283064365386963e-10
5.820766091346741e-10
9.89530235528946e-10
2.473825588822365e-09
0.5000000037252903
0.2500000093423296
0.12500001589069143
0.3125000397267286
0.031250059604644775
0.07812514901161194
0.1328127533197403
0.33203188329935074
0.5019540823996067
0.2548852060281206
0.13330485025653616
0.3332621256413404
0.0001373291015625
0.00034332275390625
0.000522613525390625
0.0013065338134765625
0.0019617080688476562
0.004904270172119141
0.008333444595336914
0.020833611488342285
0.03125053644180298
0.07812634110450745
0.13281454145908356
0.3320363536477089
0.5019607879221439
0.25490196983446367
0.1333333338261582
0.3333333345653955
1.862645149230957e-09
4.6566128730773926e-09
7.916241884231567e-09
1.979060471057892e-08
2.991873770952225e-08
7.479684427380562e-08
1.2715463526546955e-07
0.5000003178720362
0.2500004768371582
0.6250011920928955
0.0625020265870262
0.6562550664530136
0.01563265931326896
0.0390816482831724
0.06643880208139308
0.6660970051889308
0.0010986328125
0.00274658203125
0.004180908203125
0.0104522705078125
0.01569366455078125
0.039234161376953125
0.06666755676269531
0.16666889190673828
0.25000429153442383
0.6250107288360596
0.06251633170177229
0.6562908292398788
0.01568630349356681
0.03921575873391703
0.0666666706383694
0.6666666765813716
1.4901161193847656e-08
3.725290298461914e-08
6.332993507385254e-08
1.5832483768463135e-07
2.39349901676178e-07
5.983747541904449e-07
1.0172370821237564e-06
2.543092705309391e-06
3.8147554732859135e-06
9.536888683214784e-06
0.5000162126962095
0.2500405317696277
0.12506127450615168
0.3126531862653792
0.5315104166511446
0.3287760416569654
0.0087890625
0.02197265625
0.033447265625
0.0836181640625
0.12554931640625
0.313873291015625
0.5333404541015625
0.3333511352830101
3.4332333598285913e-05
8.583083399571478e-05
0.5001306536141783
0.2503266340645496
0.1254904279485345
0.3137260698713362
0.5333333651069552
0.33333341279649176
1.1920928955078125e-07
2.980232238769531e-07
5.066394805908203e-07
1.2665987014770508e-06
1.914799213409424e-06
4.7869980335235596e-06
8.137896656990051e-06
2.0344741642475128e-05
3.051804378628731e-05
7.629510946571827e-05
0.00012970168609172106
0.00032425421522930264
0.0004901960783172399
0.5012254901812412
0.2520833333255723
0.6302083333139308
0.0703125
0.17578125
0.267578125
0.6689453125
0.0043945312791038305
0.5109863281832077
0.2667236329289153
0.6668090823222883
0.0002746586687862873
0.0006866466719657183
0.001045229029841721
0.0026130725746043026
0.00392342361737974
0.5098085590288974
0.2666669209720567
0.6666673024301417
9.5367431640625e-07
2.384185791015625e-06
4.0531158447265625e-06
1.0132789611816406e-05
1.531839370727539e-05
3.8295984268188477e-05
6.510317325592041e-05
0.00016275793313980103
0.00024414435029029846
0.0006103608757257462
0.0010376134887337685
0.002594033721834421
0.003921568626537919
0.009803921566344798
0.016666666662786156
0.04166666665696539
0.5625
0.40625000002910383
0.14062500005820766
0.35156250014551915
0.035156250232830644
0.08789062558207661
0.13378906348953024
0.3344726587238256
0.0021972693502902985
0.005493173375725746
0.008361832238733768
0.02090458059683442
0.03138738893903792
0.0784684723475948
0.13333536783466116
0.3333384195866529
7.62939453125e-06
1.9073486328125e-05
3.24249267578125e-05
8.106231689453125e-05
0.00012254714965820312
0.0003063678741455078
0.0005208253860473633
0.0013020634651184082
0.0019531548023223877
0.004882887005805969
0.008300907909870148
0.02075226977467537
0.03137254901230335
0.07843137253075838
0.13333333330228925
0.3333333332557231
0.5000000001164153
0.25000000032014214
0.12500000049476512
0.8125000012223609
0.28125000186264515
0.7031250046566129
0.07031250794534571
0.6757812698488124
0.017578154802322388
0.04394538700580597
0.06689465790987015
0.16723664477467537
0.25109911151230335
0.6277477787807584
0.06668294270639308
0.6667073567514308
6.103515625e-05
0.000152587890625
0.0002593994140625
0.00064849853515625
0.000980377197265625
0.0024509429931640625
0.004166603088378906
0.010416507720947266
0.0156252384185791
0.039063096046447754
0.06640726327896118
0.16601815819740295
0.2509803920984268
0.627450980246067
0.06666666644741781
0.6666666661039926
1.0477378964424133e-09
2.6193447411060333e-09
3.987224772572517e-09
0.50000000995351
0.25000001495936885
0.6250000373984221
0.5625000635627657
0.4062501589360181
0.1406252384185791
0.35156309604644775
0.5351572632789612
0.3378931582265068
0.00879289215663448
0.0219822303915862
0.5334635416511446
0.3336588541569654
0.00048828125
0.001220703125
0.0020751953125
0.00518798828125
0.007843017578125
0.0196075439453125
0.03333282470703125
0.08333206176757812
0.1250019073486328
0.31250476837158203
0.5312581062316895
0.32814526560832746
0.007843136845622212
0.01960784211405553
0.5333333315793425
0.33333332897746004
8.381903171539307e-09
2.0954757928848267e-08
3.189779818058014e-08
7.974449545145035e-08
1.1973315849900246e-07
2.9933289624750614e-07
0.5000005086185411
0.2500012715754565
0.12500190737773664
0.8125047684297897
0.2812581063481048
0.7031452658702619
0.07034313725307584
0.1758578431326896
0.2677083333255723
0.6692708333139308
0.00390625
0.009765625
0.0166015625
0.04150390625
0.062744140625
0.1568603515625
0.26666259765625
0.666656494140625
1.5258818166330457e-05
0.5000381470308639
0.25006484996993095
0.6251621249248274
0.0627450947649777
0.15686273691244423
0.2666666527511552
0.666666631877888
6.705522537231445e-08
1.6763806343078613e-07
2.551823854446411e-07
6.379559636116028e-07
9.578652679920197e-07
2.394663169980049e-06
4.0690647438168526e-06
1.0172661859542131e-05
1.525905099697411e-05
0.5000381476129405
0.25006485084304586
0.6251621271076147
0.5627450980246067
0.4068627450906206
0.14166666666278616
0.3541666666569654
0.03125
0.078125
0.1328125
0.33203125
0.501953125
0.25488281252910383
0.13330078130820766
0.33325195327051915
0.00012207054533064365
0.00030517636332660913
0.0005187998176552355
0.0012969995441380888
0.5019607581198215
0.2549018953286577
0.13333322206744924
0.3333330551686231
5.364418029785156e-07
1.341104507446289e-06
2.041459083557129e-06
5.103647708892822e-06
7.662922143936157e-06
1.9157305359840393e-05
3.255251795053482e-05
8.138129487633705e-05
0.00012207240797579288
0.0003051810199394822
0.0005188068025745451
0.0012970170064363629
0.501960784313269
0.25490196081227623
0.13333333333139308
0.8333333333139308
0.25
0.625
0.06250000002910383
0.6562500000582077
0.015625000116415322
0.039062500291038305
0.06640625049476512
0.6660156262223609
0.0009765643626451492
0.002441410906612873
0.004150398541241884
0.01037599635310471
0.01568606507498771
0.039215162687469274
0.06666577656869777
0.6666644414071925
4.291534423828125e-06
1.0728836059570312e-05
1.633167266845703e-05
4.082918167114258e-05
6.130337715148926e-05
0.00015325844287872314
0.00026042014360427856
0.0006510503590106964
0.000976579263806343
0.0024414481595158577
0.004150454420596361
0.010376136051490903
0.015686274622566998
0.039215686556417495
0.06666666668024845
0.6666666666860692
5.820766091346741e-11
1.4551915228366852e-10
0.5000000002328306
0.25000000061118044
0.12500000093132257
0.31250000232830644
0.5312500039581209
0.3281250099244062
0.007812514901161194
0.019531287252902985
0.033203188329935074
0.08300797082483768
0.12548852059990168
0.3137213014997542
0.5333262125495821
0.33331553140305914
3.4332275390625e-05
8.58306884765625e-05
0.00013065338134765625
0.0003266334533691406
0.0004904270172119141
0.0012260675430297852
0.0020833611488342285
0.005208402872085571
0.007812634110450745
0.01953158527612686
0.03320363536477089
0.08300908841192722
0.12549019698053598
0.31372549245133996
0.5333333334419876
0.3333333336340729
4.656612873077393e-10
1.1641532182693481e-09
1.979060471057892e-09
4.94765117764473e-09
7.479684427380562e-09
0.5000000186846592
0.25000003178138286
0.6250000794534571
0.06250011920928955
0.15625029802322388
0.2656255066394806
0.6640637665987015
0.00390816482831724
0.5097704120562412
0.2666097005130723
0.6665242512826808
0.000274658203125
0.0006866455078125
0.00104522705078125
0.002613067626953125
0.0039234161376953125
0.009808540344238281
0.016666889190673828
0.04166722297668457
0.06250107288360596
0.1562526822090149
0.2656290829181671
0.6640727072954178
0.003921575873391703
0.5098039396689273
0.2666666676523164
0.666666669130791
3.725290298461914e-09
9.313225746154785e-09
1.5832483768463135e-08
3.958120942115784e-08
5.98374754190445e-08
1.4959368854761124e-07
2.543092705309391e-07
6.357731763273478e-07
0.5000009536743164
0.25000238421489485
0.1250040531740524
0.31251013293513097
0.03126531862653792
0.0781632965663448
0.13287760416278616
0.3321940104069654
0.002197265625
0.0054931640625
0.00836181640625
0.020904541015625
0.0313873291015625
0.07846832275390625
0.13333511352539062
0.33333778381347656
0.5000085830688477
0.25002145770122297
0.12503266340354457
0.31258165850886144
0.03137260698713362
0.07843151746783406
0.1333333412767388
0.333333353191847
2.9802322387695312e-08
7.450580596923828e-08
1.2665987014770508e-07
3.166496753692627e-07
4.78699803352356e-07
1.1967495083808899e-06
2.034474164247513e-06
5.086185410618782e-06
7.629510946571827e-06
1.9073777366429567e-05
3.2425421522930264e-05
0.5000810635392554
0.25012254901230335
0.6253063725307584
0.06302083333139308
0.6575520833139308
0.017578125
0.0439453125
0.06689453125
0.167236328125
0.2510986328125
0.62774658203125
0.06668090823222883
0.6667022705660202
6.866466719657183e-05
0.00017166166799142957
0.00026130725746043026
0.5006532681290992
0.250980855897069
0.6274521397426724
0.06666673024301417
0.6666668255929835
2.384185791015625e-07
5.960464477539062e-07
1.0132789611816406e-06
2.5331974029541016e-06
3.829598426818848e-06
9.573996067047119e-06
1.6275793313980103e-05
4.0689483284950256e-05
6.103608757257462e-05
0.00015259021893143654
0.0002594033721834421
0.0006485084304586053
0.0009803921566344798
0.0024509803915861994
0.5041666666511446
0.2604166666569654
0.140625
0.3515625
0.53515625
0.33789062502910383
0.008789062558207661
0.021972656395519152
0.5334472658578306
0.33361816467368044
0.0005493173375725746
0.0013732933439314365
0.002090458059683442
0.005226145149208605
0.00784684723475948
0.0196171180868987
0.5333338419441134
0.33333460488938726
1.9073486328125e-06
4.76837158203125e-06
8.106231689453125e-06
2.0265579223632812e-05
3.063678741455078e-05
7.659196853637695e-05
0.00013020634651184082
0.00032551586627960205
0.0004882887005805969
0.0012207217514514923
0.002075226977467537
0.005188067443668842
0.007843137253075838
0.019607843132689595
0.03333333332557231
0.08333333331393078
0.12500000002910383
0.8125000000582077
0.2812500001164153
0.7031250002910383
0.07031250046566129
0.17578125116415322
0.26757812697906047
0.6689453174476512
0.004394538700580597
0.010986346751451492
0.016723664477467537
0.04180916119366884
0.06277477787807584
0.1569369446951896
0.2666707356693223
0.6666768391733058
1.52587890625e-05
3.814697265625e-05
6.4849853515625e-05
0.0001621246337890625
0.00024509429931640625
0.0006127357482910156
0.0010416507720947266
0.0026041269302368164
0.003906309604644775
0.009765774011611938
0.016601815819740295
0.04150453954935074
0.0627450980246067
0.15686274506151676
0.2666666666045785
0.6666666665114462
2.6193447411060333e-10
0.5000000006402843
0.25000000098953024
0.6250000024738256
0.5625000037252903
0.4062500093423296
0.14062501589069143
0.3515625397267286
0.035156309604644775
0.08789077401161194
0.1337893158197403
0.33447328954935074
0.5021982230246067
0.2554955575906206
0.13336588541278616
0.3334147135319654
0.0001220703125
0.00030517578125
0.000518798828125
0.0012969970703125
0.00196075439453125
0.004901885986328125
0.008333206176757812
0.02083301544189453
0.0312504768371582
0.07812619209289551
0.13281452655792236
0.3320363163948059
0.5019607841968536
0.2549019605212379
0.13333333289483562
0.33333333223708905
2.0954757928848267e-09
5.238689482212067e-09
7.974449545145035e-09
1.9936123862862587e-08
0.5000000299187377
0.2500000748259481
0.12500012715463527
0.8125003178720362
0.2812504768371582
0.7031261920928955
0.0703145265870262
0.6757863164530136
0.01758578431326896
0.0439644607831724
0.06692708333139308
0.6673177083139308
0.0009765625
0.00244140625
0.004150390625
0.0103759765625
0.01568603515625
0.039215087890625
0.0666656494140625
0.16666412353515625
0.2500038146972656
0.6250095367431641
0.06251621249248274
0.6562905312166549
0.015686273691244423
0.03921568422811106
0.0666666631877888
0.6666666579549201
1.6763806343078613e-08
4.190951585769653e-08
6.379559636116028e-08
1.594889909029007e-07
2.394663169980049e-07
5.986657924950123e-07
1.0172661859542131e-06
0.500002543150913
0.2500038147554733
0.6250095368886832
0.5625162126962095
0.4062905317696277
0.14068627450615168
0.3517156862653792
0.5354166666511446
0.3385416666569654
0.0078125
0.01953125
0.033203125
0.0830078125
0.12548828125
0.313720703125
0.5333251953125
0.33331298831035383
3.0517636332660913e-05
7.629409083165228e-05
0.5001296999398619
0.25032424987875856
0.1254901895299554
0.31372547382488847
0.5333333055023104
0.3333332637848798
1.341104507446289e-07
3.3527612686157227e-07
5.103647708892822e-07
1.2759119272232056e-06
1.9157305359840393e-06
4.789326339960098e-06
8.138129487633705e-06
2.0345323719084263e-05
3.051810199394822e-05
7.629525498487055e-05
0.5001297016860917
0.25032425424433313
0.12549019607831724
0.8137254901812412
0.2833333333255723
0.7083333333139308
0.0625
0.15625
0.265625
0.6640625
0.0039062500291038305
0.5097656250582077
0.2666015626164153
0.6665039065410383
0.0002441410906612873
0.0006103527266532183
0.001037599635310471
0.0025939990882761776
0.003921516268746927
0.5098037906573154
0.2666664441348985
0.6666661103372462
1.0728836059570312e-06
2.682209014892578e-06
4.082918167114258e-06
1.0207295417785645e-05
1.5325844287872314e-05
3.8314610719680786e-05
6.510503590106964e-05
0.0001627625897526741
0.00024414481595158577
0.0006103620398789644
0.0010376136051490903
0.0025940340128727257
0.0039215686556417495
0.5098039216245525
0.26666666666278616
0.6666666666569654
0.5
0.25000000002910383
0.12500000005820766
0.31250000014551915
0.031250000232830644
0.07812500058207661
0.13281250098953024
0.3320312524738256
0.0019531287252902985
0.004882821813225746
0.008300797082483768
0.02075199270620942
0.03137213014997542
0.07843032537493855
0.13333155313739553
0.3333288828434888
8.58306884765625e-06
2.1457672119140625e-05
3.266334533691406e-05
8.165836334228516e-05
0.00012260675430297852
0.0003065168857574463
0.0005208402872085571
0.0013021007180213928
0.001953158527612686
0.004882896319031715
0.008300908841192722
0.020752272102981806
0.031372549245133996
0.07843137311283499
0.1333333333604969
0.33333333340124227
1.1641532182693481e-10
2.9103830456733704e-10
4.94765117764473e-10
0.5000000012223609
0.25000000186264515
0.6250000046566129
0.06250000794534571
0.6562500198488124
0.015625029802322388
0.03906257450580597
0.06640637665987015
0.16601594164967537
0.25097704119980335
0.6274426029995084
0.06665242512826808
0.6666310628061183
6.866455078125e-05
0.000171661376953125
0.0002613067626953125
0.0006532669067382812
0.0009808540344238281
0.0024521350860595703
0.004166722297668457
0.010416805744171143
0.01562526822090149
0.03906317055225372
0.06640727072954178
0.16601817682385445
0.25098039396107197
0.6274509849026799
0.0666666669130791
0.6666666672681458
9.313225746154785e-10
2.3283064365386963e-09
3.958120942115784e-09
9.89530235528946e-09
1.4959368854761124e-08
3.739842213690281e-08
0.5000000635627657
0.2500001589360181
0.1250002384185791
0.31250059604644775
0.5312510132789612
0.3281275332265068
0.00781632965663448
0.0195408241415862
0.5332194010261446
0.3330485025944654
0.00054931640625
0.001373291015625
0.0020904541015625
0.00522613525390625
0.007846832275390625
0.019617080688476562
0.033333778381347656
0.08333444595336914
0.12500214576721191
0.3125053644180298
0.5312581658363342
0.3281454146199394
0.007843151746783406
0.019607879366958514
0.5333333353046328
0.3333333382906858
7.450580596923828e-09
1.862645149230957e-08
3.166496753692627e-08
7.916241884231567e-08
1.19674950838089e-07
2.9918737709522247e-07
5.086185410618782e-07
1.2715463526546955e-06
1.9073777366429567e-06
0.5000047684297897
0.2500081063481048
0.6250202658702619
0.06253063725307584
0.1563265931326896
0.2657552083255723
0.6643880208139308
0.00439453125
0.010986328125
0.0167236328125
0.04180908203125
0.062774658203125
0.1569366455078125
0.26667022705078125
0.6666755676269531
1.7166166799142957e-05
0.5000429154024459
0.25006532680708915
0.6251633170177229
0.06274521397426724
0.1568630349356681
0.2666666825534776
0.666666706383694
5.960464477539063e-08
1.4901161193847656e-07
2.5331974029541016e-07
6.332993507385254e-07
9.57399606704712e-07
2.3934990167617798e-06
4.068948328495026e-06
1.0172370821237564e-05
1.5259021893143654e-05
3.8147554732859135e-05
6.485084304586053e-05
0.00016212710761465132
0.5002450980246067
0.2506127450906206
0.12604166666278616
0.3151041666569654
0.03515625
0.087890625
0.1337890625
0.33447265625
0.502197265625
0.25549316409160383
0.13336181646445766
0.33340454116114415
0.00013732933439314365
0.00034332333598285913
0.0005226145149208605
0.0013065362873021513
0.501961711794138
0.2549042795144487
0.13333346048602834
0.33333365121507086
4.76837158203125e-07
1.1920928955078125e-06
2.0265579223632812e-06
5.066394805908203e-06
7.659196853637695e-06
1.9147992134094238e-05
3.2551586627960205e-05
8.137896656990051e-05
0.00012207217514514923
0.0003051804378628731
0.0005188067443668842
0.0012970168609172106
0.0019607843132689595
0.004901960783172399
0.008333333331393078
0.5208333333139308
0.28125
0.703125
0.07031250002910383
0.6757812500582077
0.017578125116415322
0.043945312791038305
0.06689453174476512
0.6672363293473609
0.0010986346751451492
0.002746586687862873
0.004180916119366884
0.01045229029841721
0.01569369446951896
0.0392342361737974
0.06666768391733058
0.6666692097787745
3.814697265625e-06
9.5367431640625e-06
1.621246337890625e-05
4.0531158447265625e-05
6.127357482910156e-05
0.0001531839370727539
0.00026041269302368164
0.0006510317325592041
0.0009765774011611938
0.0024414435029029846
0.004150453954935074
0.010376134887337685
0.015686274506151676
0.03921568626537919
0.06666666665114462
0.16666666662786156
0.25000000005820766
0.6250000001455192
0.5625000002328306
0.40625000061118044
0.14062500093132257
0.35156250232830644
0.5351562539581209
0.3378906349244062
0.008789077401161194
0.021972693502902985
0.033447328954935074
0.08361832238733768
0.12554955575615168
0.3138738893903792
0.5333414713386446
0.3333536783757154
3.0517578125e-05
7.62939453125e-05
0.00012969970703125
0.000324249267578125
0.0004901885986328125
0.0012254714965820312
0.002083301544189453
0.005208253860473633
0.00781261920928955
0.019531548023223877
0.03320363163948059
0.08300907909870148
0.1254901960492134
0.3137254901230335
0.533333333209157
0.3333333330519963
5.238689482212067e-10
1.3096723705530167e-09
0.5000000019790605
0.250000004976755
0.12500000747968443
0.8125000186846592
0.28125003178138286
0.7031250794534571
0.07031261920928955
0.17578154802322388
0.2675786316394806
0.6689465790987015
0.00439644607831724
0.5109911151812412
0.2667317708255723
0.6668294270639308
0.000244140625
0.0006103515625
0.00103759765625
0.002593994140625
0.0039215087890625
0.00980377197265625
0.016666412353515625
0.04166603088378906
0.0625009536743164
0.15625238418579102
0.2656290531158447
0.6640726327896118
0.003921568422811106
0.5098039210424758
0.26666666578967124
0.6666666644741781
4.190951585769653e-09
1.0477378964424133e-08
1.594889909029007e-08
3.9872247725725174e-08
5.986657924950123e-08
0.5000001496518962
0.25000025430927053
0.6250006357731763
0.5625009536743164
0.40625238421489485
0.1406290531740524
0.35157263293513097
0.03517156862653792
0.0879289215663448
0.13385416666278616
0.3346354166569654
0.001953125
0.0048828125
0.00830078125
0.020751953125
0.0313720703125
0.07843017578125
0.133331298828125
0.3333282470703125
0.5000076293945312
0.25001907351543196
0.12503242498496547
0.3125810624624137
0.03137254738248885
0.07843136845622212
0.1333333263755776
0.333333315938944
3.3527612686157227e-08
8.381903171539307e-08
1.2759119272232056e-07
3.189779818058014e-07
4.789326339960098e-07
1.1973315849900246e-06
2.0345323719084263e-06
5.086330929771066e-06
0.5000076295109466
0.25001907380647026
0.12503242542152293
0.8125810635392554
0.28137254901230335
0.7034313725307584
0.07083333333139308
0.6770833333139308
0.015625
0.0390625
0.06640625
0.166015625
0.2509765625
0.62744140625
0.06665039065410383
0.6666259766207077
6.103527266532183e-05
0.00015258818166330457
0.00025939990882761776
0.5006484997575171
0.2509803790599108
0.6274509476497769
0.06666661103372462
0.6666665275697596
2.682209014892578e-07
6.705522537231445e-07
1.0207295417785645e-06
2.551823854446411e-06
3.831461071968079e-06
9.578652679920197e-06
1.627625897526741e-05
4.0690647438168526e-05
6.103620398789644e-05
0.0001525905099697411
0.00025940340128727257
0.5006485084886663
0.2509803921566345
0.6274509803915862
0.5666666666511446
0.4166666666569654
0.125
0.3125
0.53125
0.32812500002910383
0.007812500058207661
0.019531250145519152
0.5332031252328306
0.33300781311118044
0.0004882821813225746
0.0012207054533064365
0.002075199270620942
0.005187998176552355
0.007843032537493855
0.019607581343734637
0.533332888269797
0.33333222070359625
2.1457672119140625e-06
5.364418029785156e-06
8.165836334228516e-06
2.041459083557129e-05
3.065168857574463e-05
7.662922143936157e-05
0.00013021007180213928
0.0003255251795053482
0.0004882896319031715
0.0012207240797579288
0.0020752272102981806
0.0051880680257454515
0.007843137311283499
0.019607843278208748
0.5333333333255723
0.3333333333430346
2.9103830456733704e-11
0.5000000000582077
0.2500000001164153
0.6250000002910383
0.06250000046566129
0.15625000116415322
0.26562500197906047
0.6640625049476512
0.003906257450580597
0.009765643626451492
0.016601594164967537
0.04150398541241884
0.06274426029995084
0.1568606507498771
0.26666310627479106
0.6666577656869777
1.71661376953125e-05
4.291534423828125e-05
6.532669067382812e-05
0.0001633167266845703
0.00024521350860595703
0.0006130337715148926
0.0010416805744171143
0.0026042014360427856
0.003906317055225372
0.00976579263806343
0.016601817682385445
0.04150454420596361
0.06274509849026799
0.15686274622566998
0.2666666667209938
0.6666666668024845
2.3283064365386963e-10
5.820766091346741e-10
9.89530235528946e-10
2.473825588822365e-09
0.5000000037252903
0.2500000093423296
0.12500001589069143
0.3125000397267286
0.031250059604644775
0.07812514901161194
0.1328127533197403
0.33203188329935074
0.5019540823996067
0.2548852060281206
0.13330485025653616
0.3332621256413404
0.0001373291015625
0.00034332275390625
0.000522613525390625
0.0013065338134765625
0.0019617080688476562
0.004904270172119141
0.008333444595336914
0.020833611488342285
0.03125053644180298
0.07812634110450745
0.13281454145908356
0.3320363536477089
0.5019607879221439
0.25490196983446367
0.1333333338261582
0.3333333345653955
1.862645149230957e-09
4.6566128730773926e-09
7.916241884231567e-09
1.979060471057892e-08
2.991873770952225e-08
7.479684427380562e-08
1.2715463526546955e-07
0.5000003178720362
0.2500004768371582
0.6250011920928955
0.0625020265870262
0.6562550664530136
0.01563265931326896
0.0390816482831724
0.06643880208139308
0.6660970051889308
0.0010986328125
0.00274658203125
0.004180908203125
0.0104522705078125
0.01569366455078125
0.039234161376953125
0.06666755676269531
0.16666889190673828
0.25000429153442383
0.6250107288360596
0.06251633170177229
0.6562908292398788
0.01568630349356681
0.03921575873391703
0.0666666706383694
0.6666666765813716
1.4901161193847656e-08
3.725290298461914e-08
6.332993507385254e-08
1.5832483768463135e-07
2.39349901676178e-07
5.983747541904449e-07
1.0172370821237564e-06
2.543092705309391e-06
3.8147554732859135e-06
9.536888683214784e-06
0.5000162126962095
0.2500405317696277
0.12506127450615168
0.3126531862653792
0.5315104166511446
0.3287760416569654
0.0087890625
0.02197265625
0.033447265625
0.0836181640625
0.12554931640625
0.313873291015625
0.5333404541015625
0.3333511352830101
3.4332333598285913e-05
8.583083399571478e-05
0.5001306536141783
0.2503266340645496
0.1254904279485345
0.3137260698713362
0.5333333651069552
0.33333341279649176
1.1920928955078125e-07
2.980232238769531e-07
5.066394805908203e-07
1.2665987014770508e-06
1.914799213409424e-06
4.7869980335235596e-06
8.137896656990051e-06
2.0344741642475128e-05
3.051804378628731e-05
7.629510946571827e-05
0.00012970168609172106
0.00032425421522930264
0.0004901960783172399
0.5012254901812412
0.2520833333255723
0.6302083333139308
0.0703125
0.17578125
0.267578125
0.6689453125
0.0043945312791038305
0.5109863281832077
0.2667236329289153
0.6668090823222883
0.0002746586687862873
0.0006866466719657183
0.001045229029841721
0.0026130725746043026
0.00392342361737974
0.5098085590288974
0.2666669209720567
0.6666673024301417
9.5367431640625e-07
2.384185791015625e-06
4.0531158447265625e-06
1.0132789611816406e-05
1.531839370727539e-05
3.8295984268188477e-05
6.510317325592041e-05
0.00016275793313980103
0.00024414435029029846
0.0006103608757257462
0.0010376134887337685
0.002594033721834421
0.003921568626537919
0.009803921566344798
0.016666666662786156
0.04166666665696539
0.5625
0.40625000002910383
0.14062500005820766
0.35156250014551915
0.035156250232830644
0.08789062558207661
0.13378906348953024
0.3344726587238256
0.0021972693502902985
0.005493173375725746
0.008361832238733768
0.02090458059683442
0.03138738893903792
0.0784684723475948
0.13333536783466116
0.3333384195866529
7.62939453125e-06
1.9073486328125e-05
3.24249267578125e-05
8.106231689453125e-05
0.00012254714965820312
0.0003063678741455078
0.0005208253860473633
0.0013020634651184082
0.0019531548023223877
0.004882887005805969
0.008300907909870148
0.02075226977467537
0.03137254901230335
0.07843137253075838
0.13333333330228925
0.3333333332557231
0.5000000001164153
0.25000000032014214
0.12500000049476512
0.8125000012223609
0.28125000186264515
0.7031250046566129
0.07031250794534571
0.6757812698488124
0.017578154802322388
0.04394538700580597
0.06689465790987015
0.16723664477467537
0.25109911151230335
0.6277477787807584
0.06668294270639308
0.6667073567514308
6.103515625e-05
0.000152587890625
0.0002593994140625
0.00064849853515625
0.000980377197265625
0.0024509429931640625
0.004166603088378906
0.010416507720947266
0.0156252384185791
0.039063096046447754
0.06640726327896118
0.16601815819740295
0.2509803920984268
0.627450980246067
0.06666666644741781
0.6666666661039926
1.0477378964424133e-09
2.6193447411060333e-09
3.987224772572517e-09
0.50000000995351
0.25000001495936885
0.6250000373984221
0.5625000635627657
0.4062501589360181
0.1406252384185791
0.35156309604644775
0.5351572632789612
0.3378931582265068
0.00879289215663448
0.0219822303915862
0.5334635416511446
0.3336588541569654
0.00048828125
0.001220703125
0.0020751953125
0.00518798828125
0.007843017578125
0.0196075439453125
0.03333282470703125
0.08333206176757812
0.1250019073486328
0.31250476837158203
0.5312581062316895
0.32814526560832746
0.007843136845622212
0.01960784211405553
0.5333333315793425
0.33333332897746004
8.381903171539307e-09
2.0954757928848267e-08
3.189779818058014e-08
7.974449545145035e-08
1.1973315849900246e-07
2.9933289624750614e-07
0.5000005086185411
0.2500012715754565
0.12500190737773664
0.8125047684297897
0.2812581063481048
0.7031452658702619
0.07034313725307584
0.1758578431326896
0.2677083333255723
0.6692708333139308
0.00390625
0.009765625
0.0166015625
0.04150390625
0.062744140625
0.1568603515625
0.26666259765625
0.666656494140625
1.5258818166330457e-05
0.5000381470308639
0.25006484996993095
0.6251621249248274
0.0627450947649777
0.15686273691244423
0.2666666527511552
0.666666631877888
6.705522537231445e-08
1.6763806343078613e-07
2.551823854446411e-07
6.379559636116028e-07
9.578652679920197e-07
2.394663169980049e-06
4.0690647438168526e-06
1.0172661859542131e-05
1.525905099697411e-05
0.5000381476129405
0.25006485084304586
0.6251621271076147
0.5627450980246067
0.4068627450906206
0.14166666666278616
0.3541666666569654
0.03125
0.078125
0.1328125
0.33203125
0.501953125
0.25488281252910383
0.13330078130820766
0.33325195327051915
