0.37416388938436285
0.5018130975367967
0.7522323150187731
0.3805803107388783
0.19587058626348153
0.36467634644941427
0.01576448988635093
0.039411224715877324
0.06692934458260424
0.6673233614419587
0.0009852806106209755
0.0024632015265524387
0.004183084005489945
0.010457710013724864
0.01568658003816381
0.03921645009540953
0.5666676927357912
0.41666923186858185
0.12500384874874726
0.31250962187186815
0.03126634017098695
0.07816585042746738
0.13287377569940872
0.8321844392339699
0.2522135456674732
0.6305338641686831
0.5708007962675765
0.4270019906980451
0.1407471341372002
0.8518678353284486
0.2856752881780267
0.7141882204450667
0.0712977091607172
0.6782442728872411
0.017854690609965473
0.044636726524913684
0.5669560434762388
0.41739010871970095
0.12611591909080744
0.3152897977270186
0.535434756660834
0.3385868916811887
0.007882244884967804
0.01970561221241951
0.03346467204391956
0.08366168010979891
0.1254926403053105
0.3137316007632762
0.533341542002745
0.33335385503596626
3.0790019081905484e-05
0.5000769750331528
0.2501307213678956
0.625326803419739
0.06299020562437363
0.6574755140463822
0.017708365397993475
0.04427091349498369
0.5664063702570274
0.41601592567167245
0.12597707312670536
0.8149426828022115
0.28540230548242107
0.7135057637060527
0.5703816732857376
0.4259541832434479
0.1428375248797238
0.35709381219930947
0.5356483479263261
0.33912086984491907
0.008927352755563334
0.5223183818743564
0.28347805340308696
0.7086951335077174
0.06305795907974243
0.15764489769935608
0.2677173763513565
0.6692934408783913
0.0039411224715877324
0.5098528061644174
0.2667323361383751
0.6668308403459378
0.0002463201526552439
0.0006158003816381097
0.0010457710013724864
0.002614427503431216
0.503921644994989
0.2598041125165764
0.1416669231839478
0.3541673079598695
0.5312509621726349
0.3281274054606911
0.007816585042746738
0.5195414625923149
0.2832184439175762
0.7080461097939406
0.5630533864023164
0.4076334660348948
0.14270019906689413
0.8567504976526834
0.2851867835270241
0.7129669588175602
0.07141882204450667
0.17854705511126667
0.26782442728290334
0.6695610682072584
0.5044636726379395
0.26115918162395246
0.1417390108690597
0.3543475271726493
0.03152897977270186
0.07882244943175465
0.1338586891652085
0.3346467229130212
0.001970561221241951
0.0049264030531048775
0.00836616801097989
0.020915420027449727
0.03137316007632762
0.07843290019081905
0.13333538550068624
0.8333384637371637
0.2500076974974945
0.6250192437437363
0.0625326803419739
0.15633170085493475
0.26574755139881745
0.6643688784970436
0.5044270913349465
0.26106772836646996
0.14160159256425686
0.8540039813960902
0.2814942682744004
0.703735670686001
0.5713505763560534
0.4283764409192372
0.1425954183214344
0.356488545803586
0.03570938121993095
0.08927345304982737
0.13391208698158152
0.8347802174394019
0.2522318381816149
0.6305795954540372
0.07086951335077174
0.6771737833623774
0.015764489769935608
0.03941122442483902
0.06692934408783913
0.16732336021959782
0.250985280610621
0.6274632015265524
0.06668308403459378
0.6667077100719325
6.158003816381097e-05
0.00015395009540952742
0.5002614427357912
0.25065360686858185
0.12598041124874726
0.31495102812186815
0.03541673079598695
0.08854182698996738
0.13281274054315872
0.8320318513433449
0.2519541462534107
0.6298853656335268
0.5708046109648421
0.4270115274412092
0.1407633466005791
0.8519083664868958
0.2856750497594476
0.7141876243986189
0.07129669588175602
0.6782417396898381
0.017854705511126667
0.04463676377781667
0.5669561068061739
0.41739026704453863
0.12611591815948486
0.31528979539871216
0.535434752702713
0.33858688178588636
0.007882244943175465
0.019705612357938662
0.5334646722767502
0.33366168072097935
0.0004926403053104877
0.0012316007632762194
0.0020915420027449727
0.005228855006862432
0.007843290019081905
0.5196082250331528
0.2833338463678956
0.708334615919739
0.06250192437437363
0.6562548109213822
0.015633170085493475
0.03908292521373369
0.5664368878351524
0.41609221961698495
0.1261067728337366
0.8152669320697896
0.28540039813378826
0.7135009953344706
0.5703735670540482
0.4259339176642243
0.14283764408901334
0.35709411022253335
0.5356488545658067
0.33912213644362055
0.008927345304982737
0.5223183632479049
0.2834780217381194
0.7086950543452986
0.06305795954540372
0.1576448988635093
0.267717378330417
0.6692934458260424
0.003941122442483902
0.009852806106209755
0.01673233602195978
0.041830840054899454
0.06274632015265524
0.1568658003816381
0.2666707710013725
0.6666769275034312
0.500015394994989
0.2500384875165764
0.1250653606839478
0.3126634017098695
0.5314951027976349
0.3287377570231911
0.008854182698996738
0.5221354567329399
0.2832031851285137
0.7080079628212843
0.5629885365488008
0.40747134140110575
0.14270115274121054
0.8567528818384744
0.2851908366428688
0.712977091607172
0.0714187624398619
0.17854690609965473
0.26782417396316305
0.6695604349079076
0.5044636763632298
0.2611591909371782
0.14173902670154348
0.3543475667538587
0.031528979539871216
0.07882244884967804
0.13385868817567825
0.33464672043919563
0.501970561221242
0.2549264030822087
0.13336616806918755
0.3334154201729689
0.00012316007632762194
0.00030790019081905484
0.0005228855006862432
0.5013072137371637
0.2519608224974945
0.6299020562437363
0.0708334615919739
0.17708365397993475
0.26562548108631745
0.6640637027157936
0.5039082925068215
0.25977073129615746
0.1416092219587881
0.8540230548824184
0.2815266932011582
0.7038167330028955
0.5713500995188951
0.4283752488263417
0.14259339176351205
0.3564834794087801
0.035709411022253335
0.08927352755563334
0.13391221364145167
0.8347805340890773
0.2522318363189697
0.6305795907974243
0.07086950543452986
0.6771737635717727
0.01576448988635093
0.039411224715877324
0.06692934458260424
0.6673233614419587
0.0009852806106209755
0.0024632015265524387
0.004183084005489945
0.010457710013724864
0.01568658003816381
0.03921645009540953
0.5666676927357912
0.41666923186858185
0.12500384874874726
0.31250962187186815
0.03126634017098695
0.07816585042746738
0.13287377569940872
0.8321844392339699
0.2522135456674732
0.6305338641686831
0.5708007962675765
0.4270019906980451
0.1407471341372002
0.8518678353284486
0.2856752881780267
0.7141882204450667
0.0712977091607172
0.6782442728872411
0.017854690609965473
0.044636726524913684
0.5669560434762388
0.41739010871970095
0.12611591909080744
0.3152897977270186
0.535434756660834
0.3385868916811887
0.007882244884967804
0.01970561221241951
0.03346467204391956
0.08366168010979891
0.1254926403053105
0.3137316007632762
0.533341542002745
0.33335385503596626
3.0790019081905484e-05
0.5000769750331528
0.2501307213678956
0.625326803419739
0.06299020562437363
0.6574755140463822
0.017708365397993475
0.04427091349498369
0.5664063702570274
0.41601592567167245
0.12597707312670536
0.8149426828022115
0.28540230548242107
0.7135057637060527
0.5703816732857376
0.4259541832434479
0.1428375248797238
0.35709381219930947
0.5356483479263261
0.33912086984491907
0.008927352755563334
0.5223183818743564
0.28347805340308696
0.7086951335077174
0.06305795907974243
0.15764489769935608
0.2677173763513565
0.6692934408783913
0.0039411224715877324
0.5098528061644174
0.2667323361383751
0.6668308403459378
0.0002463201526552439
0.0006158003816381097
0.0010457710013724864
0.002614427503431216
0.503921644994989
0.2598041125165764
0.1416669231839478
0.3541673079598695
0.5312509621726349
0.3281274054606911
0.007816585042746738
0.5195414625923149
0.2832184439175762
0.7080461097939406
0.5630533864023164
0.4076334660348948
0.14270019906689413
0.8567504976526834
0.2851867835270241
0.7129669588175602
0.07141882204450667
0.17854705511126667
0.26782442728290334
0.6695610682072584
0.5044636726379395
0.26115918162395246
0.1417390108690597
0.3543475271726493
0.03152897977270186
0.07882244943175465
0.1338586891652085
0.3346467229130212
0.001970561221241951
0.0049264030531048775
0.00836616801097989
0.020915420027449727
0.03137316007632762
0.07843290019081905
0.13333538550068624
0.8333384637371637
0.2500076974974945
0.6250192437437363
0.0625326803419739
0.15633170085493475
0.26574755139881745
0.6643688784970436
0.5044270913349465
0.26106772836646996
0.14160159256425686
0.8540039813960902
0.2814942682744004
0.703735670686001
0.5713505763560534
0.4283764409192372
0.1425954183214344
0.356488545803586
0.03570938121993095
0.08927345304982737
0.13391208698158152
0.8347802174394019
0.2522318381816149
0.6305795954540372
0.07086951335077174
0.6771737833623774
0.015764489769935608
0.03941122442483902
0.06692934408783913
0.16732336021959782
0.250985280610621
0.6274632015265524
0.06668308403459378
0.6667077100719325
6.158003816381097e-05
0.00015395009540952742
0.5002614427357912
0.25065360686858185
0.12598041124874726
0.31495102812186815
0.03541673079598695
0.08854182698996738
0.13281274054315872
0.8320318513433449
0.2519541462534107
0.6298853656335268
0.5708046109648421
0.4270115274412092
0.1407633466005791
0.8519083664868958
0.2856750497594476
0.7141876243986189
0.07129669588175602
0.6782417396898381
0.017854705511126667
0.04463676377781667
0.5669561068061739
0.41739026704453863
0.12611591815948486
0.31528979539871216
0.535434752702713
0.33858688178588636
0.007882244943175465
0.019705612357938662
0.5334646722767502
0.33366168072097935
0.0004926403053104877
0.0012316007632762194
0.0020915420027449727
0.005228855006862432
0.007843290019081905
0.5196082250331528
0.2833338463678956
0.708334615919739
0.06250192437437363
0.6562548109213822
0.015633170085493475
0.03908292521373369
0.5664368878351524
0.41609221961698495
0.1261067728337366
0.8152669320697896
0.28540039813378826
0.7135009953344706
0.5703735670540482
0.4259339176642243
0.14283764408901334
0.35709411022253335
0.5356488545658067
0.33912213644362055
0.008927345304982737
0.5223183632479049
0.2834780217381194
0.7086950543452986
0.06305795954540372
0.1576448988635093
0.267717378330417
0.6692934458260424
0.003941122442483902
0.009852806106209755
0.01673233602195978
0.041830840054899454
0.06274632015265524
0.1568658003816381
0.2666707710013725
0.6666769275034312
0.500015394994989
0.2500384875165764
0.1250653606839478
0.3126634017098695
0.5314951027976349
0.3287377570231911
0.008854182698996738
0.5221354567329399
0.2832031851285137
0.7080079628212843
0.5629885365488008
0.40747134140110575
0.14270115274121054
0.8567528818384744
0.2851908366428688
0.712977091607172
0.0714187624398619
0.17854690609965473
0.26782417396316305
0.6695604349079076
0.5044636763632298
0.2611591909371782
0.14173902670154348
0.3543475667538587
0.031528979539871216
0.07882244884967804
0.13385868817567825
0.33464672043919563
0.501970561221242
0.2549264030822087
0.13336616806918755
0.3334154201729689
0.00012316007632762194
0.00030790019081905484
0.0005228855006862432
0.5013072137371637
0.2519608224974945
0.6299020562437363
0.0708334615919739
0.17708365397993475
0.26562548108631745
0.6640637027157936
0.5039082925068215
0.25977073129615746
0.1416092219587881
0.8540230548824184
0.2815266932011582
0.7038167330028955
0.5713500995188951
0.4283752488263417
0.14259339176351205
0.3564834794087801
0.035709411022253335
0.08927352755563334
0.13391221364145167
0.8347805340890773
0.2522318363189697
0.6305795907974243
0.07086950543452986
0.6771737635717727
0.01576448988635093
0.039411224715877324
0.06692934458260424
0.6673233614419587
0.0009852806106209755
0.0024632015265524387
0.004183084005489945
0.010457710013724864
0.01568658003816381
0.03921645009540953
0.5666676927357912
0.41666923186858185
0.12500384874874726
0.31250962187186815
0.03126634017098695
0.07816585042746738
0.13287377569940872
0.8321844392339699
0.2522135456674732
0.6305338641686831
0.5708007962675765
0.4270019906980451
0.1407471341372002
0.8518678353284486
0.2856752881780267
0.7141882204450667
0.0712977091607172
0.6782442728872411
0.017854690609965473
0.044636726524913684
0.5669560434762388
0.41739010871970095
0.12611591909080744
0.3152897977270186
0.535434756660834
0.3385868916811887
0.007882244884967804
0.01970561221241951
0.03346467204391956
0.08366168010979891
0.1254926403053105
0.3137316007632762
0.533341542002745
0.33335385503596626
3.0790019081905484e-05
0.5000769750331528
0.2501307213678956
0.625326803419739
0.06299020562437363
0.6574755140463822
0.017708365397993475
0.04427091349498369
0.5664063702570274
0.41601592567167245
0.12597707312670536
0.8149426828022115
0.28540230548242107
0.7135057637060527
0.5703816732857376
0.4259541832434479
0.1428375248797238
0.35709381219930947
0.5356483479263261
0.33912086984491907
0.008927352755563334
0.5223183818743564
0.28347805340308696
0.7086951335077174
0.06305795907974243
0.15764489769935608
0.2677173763513565
0.6692934408783913
0.0039411224715877324
0.5098528061644174
0.2667323361383751
0.6668308403459378
0.0002463201526552439
0.0006158003816381097
0.0010457710013724864
0.002614427503431216
0.503921644994989
0.2598041125165764
0.1416669231839478
0.3541673079598695
0.5312509621726349
0.3281274054606911
0.007816585042746738
0.5195414625923149
0.2832184439175762
0.7080461097939406
0.5630533864023164
0.4076334660348948
0.14270019906689413
0.8567504976526834
0.2851867835270241
0.7129669588175602
0.07141882204450667
0.17854705511126667
0.26782442728290334
0.6695610682072584
0.5044636726379395
0.26115918162395246
0.1417390108690597
0.3543475271726493
0.03152897977270186
0.07882244943175465
0.1338586891652085
0.3346467229130212
0.001970561221241951
0.0049264030531048775
0.00836616801097989
0.020915420027449727
0.03137316007632762
0.07843290019081905
0.13333538550068624
0.8333384637371637
0.2500076974974945
0.6250192437437363
0.0625326803419739
0.15633170085493475
0.26574755139881745
0.6643688784970436
0.5044270913349465
0.26106772836646996
0.14160159256425686
0.8540039813960902
0.2814942682744004
0.703735670686001
0.5713505763560534
0.4283764409192372
0.1425954183214344
0.356488545803586
0.03570938121993095
0.08927345304982737
0.13391208698158152
0.8347802174394019
0.2522318381816149
0.6305795954540372
0.07086951335077174
0.6771737833623774
0.015764489769935608
0.03941122442483902
0.06692934408783913
0.16732336021959782
0.250985280610621
0.6274632015265524
0.06668308403459378
0.6667077100719325
6.158003816381097e-05
0.00015395009540952742
0.5002614427357912
0.25065360686858185
0.12598041124874726
0.31495102812186815
0.03541673079598695
0.08854182698996738
0.13281274054315872
0.8320318513433449
0.2519541462534107
0.6298853656335268
0.5708046109648421
0.4270115274412092
0.1407633466005791
0.8519083664868958
0.2856750497594476
0.7141876243986189
0.07129669588175602
0.6782417396898381
0.017854705511126667
0.04463676377781667
0.5669561068061739
0.41739026704453863
0.12611591815948486
0.31528979539871216
0.535434752702713
0.33858688178588636
0.007882244943175465
0.019705612357938662
0.5334646722767502
0.33366168072097935
0.0004926403053104877
0.0012316007632762194
0.0020915420027449727
0.005228855006862432
0.007843290019081905
0.5196082250331528
0.2833338463678956
0.708334615919739
0.06250192437437363
0.6562548109213822
0.015633170085493475
0.03908292521373369
0.5664368878351524
0.41609221961698495
0.1261067728337366
0.8152669320697896
0.28540039813378826
0.7135009953344706
0.5703735670540482
0.4259339176642243
0.14283764408901334
0.35709411022253335
0.5356488545658067
0.33912213644362055
0.008927345304982737
0.5223183632479049
0.2834780217381194
0.7086950543452986
0.06305795954540372
0.1576448988635093
0.267717378330417
0.6692934458260424
0.003941122442483902
0.009852806106209755
0.01673233602195978
0.041830840054899454
0.06274632015265524
0.1568658003816381
0.2666707710013725
0.6666769275034312
0.500015394994989
0.2500384875165764
0.1250653606839478
0.3126634017098695
0.5314951027976349
0.3287377570231911
0.008854182698996738
0.5221354567329399
0.2832031851285137
0.7080079628212843
0.5629885365488008
0.40747134140110575
0.14270115274121054
0.8567528818384744
0.2851908366428688
0.712977091607172
0.0714187624398619
0.17854690609965473
0.26782417396316305
0.6695604349079076
0.5044636763632298
0.2611591909371782
0.14173902670154348
0.3543475667538587
0.031528979539871216
0.07882244884967804
0.13385868817567825
0.33464672043919563
0.501970561221242
0.2549264030822087
0.13336616806918755
0.3334154201729689
0.00012316007632762194
0.00030790019081905484
0.0005228855006862432
0.5013072137371637
0.2519608224974945
0.6299020562437363
0.0708334615919739
0.17708365397993475
0.26562548108631745
0.6640637027157936
0.5039082925068215
0.25977073129615746
0.1416092219587881
0.8540230548824184
0.2815266932011582
0.7038167330028955
0.5713500995188951
0.4283752488263417
0.14259339176351205
0.3564834794087801
0.035709411022253335
0.08927352755563334
0.13391221364145167
0.8347805340890773
0.2522318363189697
0.6305795907974243
0.07086950543452986
0.6771737635717727
0.01576448988635093
0.039411224715877324
0.06692934458260424
0.6673233614419587
0.0009852806106209755
0.0024632015265524387
0.004183084005489945
0.010457710013724864
0.01568658003816381
0.03921645009540953
0.5666676927357912
0.41666923186858185
0.12500384874874726
0.31250962187186815
0.03126634017098695
0.07816585042746738
0.13287377569940872
0.8321844392339699
0.2522135456674732
0.6305338641686831
0.5708007962675765
0.4270019906980451
0.1407471341372002
0.8518678353284486
0.2856752881780267
0.7141882204450667
0.0712977091607172
0.6782442728872411
0.017854690609965473
0.044636726524913684
0.5669560434762388
0.41739010871970095
0.12611591909080744
0.3152897977270186
0.535434756660834
0.3385868916811887
0.007882244884967804
0.01970561221241951
0.03346467204391956
0.08366168010979891
0.1254926403053105
0.3137316007632762
0.533341542002745
0.33335385503596626
3.0790019081905484e-05
0.5000769750331528
0.2501307213678956
0.625326803419739
0.06299020562437363
0.6574755140463822
0.017708365397993475
0.04427091349498369
0.5664063702570274
0.41601592567167245
0.12597707312670536
0.8149426828022115
0.28540230548242107
0.7135057637060527
0.5703816732857376
0.4259541832434479
0.1428375248797238
0.35709381219930947
0.5356483479263261
0.33912086984491907
0.008927352755563334
0.5223183818743564
0.28347805340308696
0.7086951335077174
0.06305795907974243
0.15764489769935608
0.2677173763513565
0.6692934408783913
0.0039411224715877324
0.5098528061644174
0.2667323361383751
0.6668308403459378
0.0002463201526552439
0.0006158003816381097
0.0010457710013724864
0.002614427503431216
0.503921644994989
0.2598041125165764
0.1416669231839478
0.3541673079598695
0.5312509621726349
0.3281274054606911
0.007816585042746738
0.5195414625923149
0.2832184439175762
0.7080461097939406
0.5630533864023164
0.4076334660348948
0.14270019906689413
0.8567504976526834
0.2851867835270241
0.7129669588175602
0.07141882204450667
0.17854705511126667
0.26782442728290334
0.6695610682072584
0.5044636726379395
0.26115918162395246
0.1417390108690597
0.3543475271726493
0.03152897977270186
0.07882244943175465
0.1338586891652085
0.3346467229130212
0.001970561221241951
0.0049264030531048775
0.00836616801097989
0.020915420027449727
0.03137316007632762
0.07843290019081905
0.13333538550068624
0.8333384637371637
0.2500076974974945
0.6250192437437363
0.0625326803419739
0.15633170085493475
0.26574755139881745
0.6643688784970436
0.5044270913349465
0.26106772836646996
0.14160159256425686
0.8540039813960902
0.2814942682744004
0.703735670686001
0.5713505763560534
0.4283764409192372
0.1425954183214344
0.356488545803586
0.03570938121993095
0.08927345304982737
0.13391208698158152
0.8347802174394019
0.2522318381816149
0.6305795954540372
0.07086951335077174
0.6771737833623774
0.015764489769935608
0.03941122442483902
0.06692934408783913
0.16732336021959782
0.250985280610621
0.6274632015265524
0.06668308403459378
0.6667077100719325
6.158003816381097e-05
0.00015395009540952742
0.5002614427357912
0.25065360686858185
0.12598041124874726
0.31495102812186815
0.03541673079598695
0.08854182698996738
0.13281274054315872
0.8320318513433449
0.2519541462534107
0.6298853656335268
0.5708046109648421
0.4270115274412092
0.1407633466005791
0.8519083664868958
0.2856750497594476
0.7141876243986189
0.07129669588175602
0.6782417396898381
0.017854705511126667
0.04463676377781667
0.5669561068061739
0.41739026704453863
0.12611591815948486
0.31528979539871216
0.535434752702713
0.33858688178588636
0.007882244943175465
0.019705612357938662
0.5334646722767502
0.33366168072097935
0.0004926403053104877
0.0012316007632762194
0.0020915420027449727
0.005228855006862432
0.007843290019081905
0.5196082250331528
0.2833338463678956
0.708334615919739
0.06250192437437363
0.6562548109213822
0.015633170085493475
0.03908292521373369
0.5664368878351524
0.41609221961698495
0.1261067728337366
0.8152669320697896
0.28540039813378826
0.7135009953344706
0.5703735670540482
0.4259339176642243
0.14283764408901334
0.35709411022253335
0.5356488545658067
0.33912213644362055
0.008927345304982737
0.5223183632479049
0.2834780217381194
0.7086950543452986
0.06305795954540372
0.1576448988635093
0.267717378330417
0.6692934458260424
0.003941122442483902
0.009852806106209755
0.01673233602195978
0.041830840054899454
0.06274632015265524
0.1568658003816381
0.2666707710013725
0.6666769275034312
0.500015394994989
0.2500384875165764
0.1250653606839478
0.3126634017098695
0.5314951027976349
0.3287377570231911
0.008854182698996738
0.5221354567329399
0.2832031851285137
0.7080079628212843
0.5629885365488008
0.40747134140110575
0.14270115274121054
0.8567528818384744
0.2851908366428688
0.712977091607172
0.0714187624398619
0.17854690609965473
0.26782417396316305
0.6695604349079076
0.5044636763632298
0.2611591909371782
0.14173902670154348
0.3543475667538587
0.031528979539871216
0.07882244884967804
0.13385868817567825
0.33464672043919563
0.501970561221242
0.2549264030822087
0.13336616806918755
0.3334154201729689
0.00012316007632762194
0.00030790019081905484
0.0005228855006862432
0.5013072137371637
0.2519608224974945
0.6299020562437363
0.0708334615919739
0.17708365397993475
0.26562548108631745
0.6640637027157936
0.5039082925068215
0.25977073129615746
0.1416092219587881
0.8540230548824184
0.2815266932011582
0.7038167330028955
0.5713500995188951
0.4283752488263417
0.14259339176351205
0.3564834794087801
0.035709411022253335
0.08927352755563334
0.13391221364145167
0.8347805340890773
0.2522318363189697
0.6305795907974243
0.07086950543452986
0.6771737635717727
0.01576448988635093
0.039411224715877324
0.06692934458260424
0.6673233614419587
0.0009852806106209755
0.0024632015265524387
0.004183084005489945
0.010457710013724864
0.01568658003816381
0.03921645009540953
0.5666676927357912
0.41666923186858185
0.12500384874874726
0.31250962187186815
0.03126634017098695
0.07816585042746738
0.13287377569940872
0.8321844392339699
0.2522135456674732
0.6305338641686831
0.5708007962675765
0.4270019906980451
0.1407471341372002
0.8518678353284486
0.2856752881780267
0.7141882204450667
0.0712977091607172
0.6782442728872411
0.017854690609965473
0.044636726524913684
0.5669560434762388
0.41739010871970095
0.12611591909080744
0.3152897977270186
0.535434756660834
0.3385868916811887
0.007882244884967804
0.01970561221241951
0.03346467204391956
0.08366168010979891
0.1254926403053105
0.3137316007632762
0.533341542002745
0.33335385503596626
3.0790019081905484e-05
0.5000769750331528
0.2501307213678956
0.625326803419739
0.06299020562437363
0.6574755140463822
0.017708365397993475
0.04427091349498369
0.5664063702570274
0.41601592567167245
0.12597707312670536
0.8149426828022115
0.28540230548242107
0.7135057637060527
0.5703816732857376
0.4259541832434479
0.1428375248797238
0.35709381219930947
0.5356483479263261
0.33912086984491907
0.008927352755563334
0.5223183818743564
0.28347805340308696
0.7086951335077174
0.06305795907974243
0.15764489769935608
0.2677173763513565
0.6692934408783913
0.0039411224715877324
0.5098528061644174
0.2667323361383751
0.6668308403459378
0.0002463201526552439
0.0006158003816381097
0.0010457710013724864
0.002614427503431216
0.503921644994989
0.2598041125165764
0.1416669231839478
0.3541673079598695
0.5312509621726349
0.3281274054606911
0.007816585042746738
0.5195414625923149
0.2832184439175762
0.7080461097939406
0.5630533864023164
0.4076334660348948
0.14270019906689413
0.8567504976526834
0.2851867835270241
0.7129669588175602
0.07141882204450667
0.17854705511126667
0.26782442728290334
0.6695610682072584
0.5044636726379395
0.26115918162395246
0.1417390108690597
0.3543475271726493
0.03152897977270186
0.07882244943175465
0.1338586891652085
0.3346467229130212
0.001970561221241951
0.0049264030531048775
0.00836616801097989
0.020915420027449727
0.03137316007632762
0.07843290019081905
0.13333538550068624
0.8333384637371637
0.2500076974974945
0.6250192437437363
0.0625326803419739
0.15633170085493475
0.26574755139881745
0.6643688784970436
0.5044270913349465
0.26106772836646996
0.14160159256425686
0.8540039813960902
0.2814942682744004
0.703735670686001
0.5713505763560534
0.4283764409192372
0.1425954183214344
0.356488545803586
0.03570938121993095
0.08927345304982737
0.13391208698158152
0.8347802174394019
0.2522318381816149
0.6305795954540372
0.07086951335077174
0.6771737833623774
0.015764489769935608
0.03941122442483902
0.06692934408783913
0.16732336021959782
0.250985280610621
0.6274632015265524
0.06668308403459378
0.6667077100719325
6.158003816381097e-05
0.00015395009540952742
0.5002614427357912
0.25065360686858185
0.12598041124874726
0.31495102812186815
0.03541673079598695
0.08854182698996738
0.13281274054315872
0.8320318513433449
0.2519541462534107
0.6298853656335268
0.5708046109648421
0.4270115274412092
0.1407633466005791
0.8519083664868958
0.2856750497594476
0.7141876243986189
0.07129669588175602
0.6782417396898381
0.017854705511126667
0.04463676377781667
0.5669561068061739
0.41739026704453863
0.12611591815948486
0.31528979539871216
0.535434752702713
0.33858688178588636
0.007882244943175465
0.019705612357938662
0.5334646722767502
0.33366168072097935
0.0004926403053104877
0.0012316007632762194
0.0020915420027449727
0.005228855006862432
0.007843290019081905
0.5196082250331528
0.2833338463678956
0.708334615919739
0.06250192437437363
0.6562548109213822
0.015633170085493475
0.03908292521373369
0.5664368878351524
0.41609221961698495
0.1261067728337366
0.8152669320697896
0.28540039813378826
0.7135009953344706
0.5703735670540482
0.4259339176642243
0.14283764408901334
0.35709411022253335
0.5356488545658067
0.33912213644362055
0.008927345304982737
0.5223183632479049
0.2834780217381194
0.7086950543452986
0.06305795954540372
0.1576448988635093
0.267717378330417
0.6692934458260424
0.003941122442483902
0.009852806106209755
0.01673233602195978
0.041830840054899454
0.06274632015265524
0.1568658003816381
0.2666707710013725
0.6666769275034312
0.500015394994989
0.2500384875165764
0.1250653606839478
0.3126634017098695
0.5314951027976349
0.3287377570231911
0.008854182698996738
0.5221354567329399
0.2832031851285137
0.7080079628212843
0.5629885365488008
0.40747134140110575
0.14270115274121054
0.8567528818384744
0.2851908366428688
0.712977091607172
0.0714187624398619
0.17854690609965473
0.26782417396316305
0.6695604349079076
0.5044636763632298
0.2611591909371782
0.14173902670154348
0.3543475667538587
0.031528979539871216
0.07882244884967804
0.13385868817567825
0.33464672043919563
0.501970561221242
0.2549264030822087
0.13336616806918755
0.3334154201729689
0.00012316007632762194
0.00030790019081905484
0.0005228855006862432
0.5013072137371637
0.2519608224974945
0.6299020562437363
0.0708334615919739
0.17708365397993475
0.26562548108631745
0.6640637027157936
0.5039082925068215
0.25977073129615746
0.1416092219587881
0.8540230548824184
0.2815266932011582
0.7038167330028955
0.5713500995188951
0.4283752488263417
0.14259339176351205
0.3564834794087801
0.035709411022253335
0.08927352755563334
0.13391221364145167
0.8347805340890773
0.2522318363189697
0.6305795907974243
0.07086950543452986
0.6771737635717727
0.01576448988635093
0.039411224715877324
0.06692934458260424
0.6673233614419587
0.0009852806106209755
0.0024632015265524387
0.004183084005489945
0.010457710013724864
0.01568658003816381
0.03921645009540953
0.5666676927357912
0.41666923186858185
0.12500384874874726
0.31250962187186815
0.03126634017098695
0.07816585042746738
0.13287377569940872
0.8321844392339699
0.2522135456674732
0.6305338641686831
0.5708007962675765
0.4270019906980451
0.1407471341372002
0.8518678353284486
0.2856752881780267
0.7141882204450667
0.0712977091607172
0.6782442728872411
0.017854690609965473
0.044636726524913684
0.5669560434762388
0.41739010871970095
0.12611591909080744
0.3152897977270186
0.535434756660834
0.3385868916811887
0.007882244884967804
0.01970561221241951
0.03346467204391956
0.08366168010979891
0.1254926403053105
0.3137316007632762
0.533341542002745
0.33335385503596626
3.0790019081905484e-05
0.5000769750331528
0.2501307213678956
0.625326803419739
0.06299020562437363
0.6574755140463822
0.017708365397993475
0.04427091349498369
0.5664063702570274
0.41601592567167245
0.12597707312670536
0.8149426828022115
0.28540230548242107
0.7135057637060527
0.5703816732857376
0.4259541832434479
0.1428375248797238
0.35709381219930947
0.5356483479263261
0.33912086984491907
0.008927352755563334
0.5223183818743564
0.28347805340308696
0.7086951335077174
0.06305795907974243
0.15764489769935608
0.2677173763513565
0.6692934408783913
0.0039411224715877324
0.5098528061644174
0.2667323361383751
0.6668308403459378
0.0002463201526552439
0.0006158003816381097
0.0010457710013724864
0.002614427503431216
0.503921644994989
0.2598041125165764
0.1416669231839478
0.3541673079598695
0.5312509621726349
0.3281274054606911
0.007816585042746738
0.5195414625923149
0.2832184439175762
0.7080461097939406
0.5630533864023164
0.4076334660348948
0.14270019906689413
0.8567504976526834
0.2851867835270241
0.7129669588175602
0.07141882204450667
0.17854705511126667
0.26782442728290334
0.6695610682072584
0.5044636726379395
0.26115918162395246
0.1417390108690597
0.3543475271726493
0.03152897977270186
0.07882244943175465
0.1338586891652085
0.3346467229130212
0.001970561221241951
0.0049264030531048775
0.00836616801097989
0.020915420027449727
0.03137316007632762
0.07843290019081905
0.13333538550068624
0.8333384637371637
0.2500076974974945
0.6250192437437363
0.0625326803419739
0.15633170085493475
0.26574755139881745
0.6643688784970436
0.5044270913349465
0.26106772836646996
0.14160159256425686
0.8540039813960902
0.2814942682744004
0.703735670686001
0.5713505763560534
0.4283764409192372
0.1425954183214344
0.356488545803586
0.03570938121993095
0.08927345304982737
0.13391208698158152
0.8347802174394019
0.2522318381816149
0.6305795954540372
0.07086951335077174
0.6771737833623774
0.015764489769935608
0.03941122442483902
0.06692934408783913
0.16732336021959782
0.250985280610621
0.6274632015265524
0.06668308403459378
0.6667077100719325
6.158003816381097e-05
0.00015395009540952742
0.5002614427357912
0.25065360686858185
0.12598041124874726
0.31495102812186815
0.03541673079598695
0.08854182698996738
0.13281274054315872
0.8320318513433449
0.2519541462534107
0.6298853656335268
0.5708046109648421
0.4270115274412092
0.1407633466005791
0.8519083664868958
0.2856750497594476
0.7141876243986189
0.07129669588175602
0.6782417396898381
0.017854705511126667
0.04463676377781667
0.5669561068061739
0.41739026704453863
0.12611591815948486
0.31528979539871216
0.535434752702713
0.33858688178588636
0.007882244943175465
0.019705612357938662
0.5334646722767502
0.33366168072097935
0.0004926403053104877
0.0012316007632762194
0.0020915420027449727
0.005228855006862432
0.007843290019081905
0.5196082250331528
0.2833338463678956
0.708334615919739
0.06250192437437363
0.6562548109213822
0.015633170085493475
0.03908292521373369
0.5664368878351524
0.41609221961698495
0.1261067728337366
0.8152669320697896
0.28540039813378826
0.7135009953344706
0.5703735670540482
0.4259339176642243
0.14283764408901334
0.35709411022253335
0.5356488545658067
0.33912213644362055
0.008927345304982737
0.5223183632479049
0.2834780217381194
0.7086950543452986
0.06305795954540372
0.1576448988635093
0.267717378330417
0.6692934458260424
0.003941122442483902
0.009852806106209755
0.01673233602195978
0.041830840054899454
0.06274632015265524
0.1568658003816381
0.2666707710013725
0.6666769275034312
0.500015394994989
0.2500384875165764
0.1250653606839478
0.3126634017098695
0.5314951027976349
0.3287377570231911
0.008854182698996738
0.5221354567329399
0.2832031851285137
0.7080079628212843
0.5629885365488008
0.40747134140110575
0.14270115274121054
0.8567528818384744
0.2851908366428688
0.712977091607172
0.0714187624398619
0.17854690609965473
0.26782417396316305
0.6695604349079076
0.5044636763632298
0.2611591909371782
0.14173902670154348
0.3543475667538587
0.031528979539871216
0.07882244884967804
0.13385868817567825
0.33464672043919563
0.501970561221242
0.2549264030822087
0.13336616806918755
0.3334154201729689
0.00012316007632762194
0.00030790019081905484
0.0005228855006862432
0.5013072137371637
0.2519608224974945
0.6299020562437363
0.0708334615919739
0.17708365397993475
0.26562548108631745
0.6640637027157936
0.5039082925068215
0.25977073129615746
0.1416092219587881
0.8540230548824184
0.2815266932011582
0.7038167330028955
0.5713500995188951
0.4283752488263417
0.14259339176351205
0.3564834794087801
0.035709411022253335
0.08927352755563334
0.13391221364145167
0.8347805340890773
0.2522318363189697
0.6305795907974243
0.07086950543452986
0.6771737635717727
0.01576448988635093
0.039411224715877324
0.06692934458260424
0.6673233614419587
0.0009852806106209755
0.0024632015265524387
0.004183084005489945
0.010457710013724864
0.01568658003816381
0.03921645009540953
0.5666676927357912
0.41666923186858185
0.12500384874874726
0.31250962187186815
0.03126634017098695
0.07816585042746738
0.13287377569940872
0.8321844392339699
0.2522135456674732
0.6305338641686831
0.5708007962675765
0.4270019906980451
0.1407471341372002
0.8518678353284486
0.2856752881780267
0.7141882204450667
0.0712977091607172
0.6782442728872411
0.017854690609965473
0.044636726524913684
0.5669560434762388
0.41739010871970095
0.12611591909080744
0.3152897977270186
0.535434756660834
0.3385868916811887
0.007882244884967804
0.01970561221241951
0.03346467204391956
0.08366168010979891
0.1254926403053105
0.3137316007632762
0.533341542002745
0.33335385503596626
3.0790019081905484e-05
0.5000769750331528
0.2501307213678956
0.625326803419739
0.06299020562437363
0.6574755140463822
0.017708365397993475
0.04427091349498369
0.5664063702570274
0.41601592567167245
0.12597707312670536
0.8149426828022115
0.28540230548242107
0.7135057637060527
0.5703816732857376
0.4259541832434479
0.1428375248797238
0.35709381219930947
0.5356483479263261
0.33912086984491907
0.008927352755563334
0.5223183818743564
0.28347805340308696
0.7086951335077174
0.06305795907974243
0.15764489769935608
0.2677173763513565
0.6692934408783913
0.0039411224715877324
0.5098528061644174
0.2667323361383751
0.6668308403459378
0.0002463201526552439
0.0006158003816381097
0.0010457710013724864
0.002614427503431216
0.503921644994989
0.2598041125165764
0.1416669231839478
0.3541673079598695
0.5312509621726349
0.3281274054606911
0.007816585042746738
0.5195414625923149
0.2832184439175762
0.7080461097939406
0.5630533864023164
0.4076334660348948
0.14270019906689413
0.8567504976526834
0.2851867835270241
0.7129669588175602
0.07141882204450667
0.17854705511126667
0.26782442728290334
0.6695610682072584
0.5044636726379395
0.26115918162395246
0.1417390108690597
0.3543475271726493
0.03152897977270186
0.07882244943175465
0.1338586891652085
0.3346467229130212
0.001970561221241951
0.0049264030531048775
0.00836616801097989
0.020915420027449727
0.03137316007632762
0.07843290019081905
0.13333538550068624
0.8333384637371637
0.2500076974974945
0.6250192437437363
0.0625326803419739
0.15633170085493475
0.26574755139881745
0.6643688784970436
0.5044270913349465
0.26106772836646996
0.14160159256425686
0.8540039813960902
0.2814942682744004
0.703735670686001
0.5713505763560534
0.4283764409192372
0.1425954183214344
0.356488545803586
0.03570938121993095
0.08927345304982737
0.13391208698158152
0.8347802174394019
0.2522318381816149
0.6305795954540372
0.07086951335077174
0.6771737833623774
0.015764489769935608
0.03941122442483902
0.06692934408783913
0.16732336021959782
0.250985280610621
0.6274632015265524
0.06668308403459378
0.6667077100719325
6.158003816381097e-05
0.00015395009540952742
0.5002614427357912
0.25065360686858185
0.12598041124874726
0.31495102812186815
0.03541673079598695
0.08854182698996738
0.13281274054315872
0.8320318513433449
0.2519541462534107
0.6298853656335268
0.5708046109648421
0.4270115274412092
0.1407633466005791
0.8519083664868958
0.2856750497594476
0.7141876243986189
0.07129669588175602
0.6782417396898381
0.017854705511126667
0.04463676377781667
0.5669561068061739
0.41739026704453863
0.12611591815948486
0.31528979539871216
0.535434752702713
0.33858688178588636
0.007882244943175465
0.019705612357938662
0.5334646722767502
0.33366168072097935
0.0004926403053104877
0.0012316007632762194
0.0020915420027449727
0.005228855006862432
0.007843290019081905
0.5196082250331528
0.2833338463678956
0.708334615919739
0.06250192437437363
0.6562548109213822
0.015633170085493475
0.03908292521373369
0.5664368878351524
0.41609221961698495
0.1261067728337366
0.8152669320697896
0.28540039813378826
0.7135009953344706
0.5703735670540482
0.4259339176642243
0.14283764408901334
0.35709411022253335
0.5356488545658067
0.33912213644362055
0.008927345304982737
0.5223183632479049
0.2834780217381194
0.7086950543452986
0.06305795954540372
0.1576448988635093
0.267717378330417
0.6692934458260424
0.003941122442483902
0.009852806106209755
0.01673233602195978
0.041830840054899454
0.06274632015265524
0.1568658003816381
0.2666707710013725
0.6666769275034312
0.500015394994989
0.2500384875165764
0.1250653606839478
0.3126634017098695
0.5314951027976349
0.3287377570231911
0.008854182698996738
0.5221354567329399
0.2832031851285137
0.7080079628212843
0.5629885365488008
0.40747134140110575
0.14270115274121054
0.8567528818384744
0.2851908366428688
0.712977091607172
0.0714187624398619
0.17854690609965473
0.26782417396316305
0.6695604349079076
0.5044636763632298
0.2611591909371782
0.14173902670154348
0.3543475667538587
0.031528979539871216
0.07882244884967804
0.13385868817567825
0.33464672043919563
0.501970561221242
0.2549264030822087
0.13336616806918755
0.3334154201729689
0.00012316007632762194
0.00030790019081905484
0.0005228855006862432
0.5013072137371637
0.2519608224974945
0.6299020562437363
0.0708334615919739
0.17708365397993475
0.26562548108631745
0.6640637027157936
0.5039082925068215
0.25977073129615746
0.1416092219587881
0.8540230548824184
0.2815266932011582
0.7038167330028955
0.5713500995188951
0.4283752488263417
0.14259339176351205
0.3564834794087801
0.035709411022253335
0.08927352755563334
0.13391221364145167
0.8347805340890773
0.2522318363189697
0.6305795907974243
0.07086950543452986
0.6771737635717727
0.01576448988635093
0.039411224715877324
0.06692934458260424
0.6673233614419587
0.0009852806106209755
0.0024632015265524387
0.004183084005489945
0.010457710013724864
0.01568658003816381
0.03921645009540953
0.5666676927357912
0.41666923186858185
0.12500384874874726
0.31250962187186815
0.03126634017098695
0.07816585042746738
0.13287377569940872
0.8321844392339699
0.2522135456674732
0.6305338641686831
0.5708007962675765
0.4270019906980451
0.1407471341372002
0.8518678353284486
0.2856752881780267
0.7141882204450667
0.0712977091607172
0.6782442728872411
0.017854690609965473
0.044636726524913684
0.5669560434762388
0.41739010871970095
0.12611591909080744
0.3152897977270186
0.535434756660834
0.3385868916811887
0.007882244884967804
0.01970561221241951
0.03346467204391956
0.08366168010979891
0.1254926403053105
0.3137316007632762
0.533341542002745
0.33335385503596626
3.0790019081905484e-05
0.5000769750331528
0.2501307213678956
0.625326803419739
0.06299020562437363
0.6574755140463822
0.017708365397993475
0.04427091349498369
0.5664063702570274
0.41601592567167245
0.12597707312670536
0.8149426828022115
0.28540230548242107
0.7135057637060527
0.5703816732857376
0.4259541832434479
0.1428375248797238
0.35709381219930947
0.5356483479263261
0.33912086984491907
0.008927352755563334
0.5223183818743564
0.28347805340308696
0.7086951335077174
0.06305795907974243
0.15764489769935608
0.2677173763513565
0.6692934408783913
0.0039411224715877324
0.5098528061644174
0.2667323361383751
0.6668308403459378
0.0002463201526552439
0.0006158003816381097
0.0010457710013724864
0.002614427503431216
0.503921644994989
0.2598041125165764
0.1416669231839478
0.3541673079598695
0.5312509621726349
0.3281274054606911
0.007816585042746738
0.5195414625923149
0.2832184439175762
0.7080461097939406
0.5630533864023164
0.4076334660348948
0.14270019906689413
0.8567504976526834
0.2851867835270241
0.7129669588175602
0.07141882204450667
0.17854705511126667
0.26782442728290334
0.6695610682072584
0.5044636726379395
0.26115918162395246
0.1417390108690597
0.3543475271726493
0.03152897977270186
0.07882244943175465
0.1338586891652085
0.3346467229130212
0.001970561221241951
0.0049264030531048775
0.00836616801097989
0.020915420027449727
0.03137316007632762
0.07843290019081905
0.13333538550068624
0.8333384637371637
0.2500076974974945
0.6250192437437363
0.0625326803419739
0.15633170085493475
0.26574755139881745
0.6643688784970436
0.5044270913349465
0.26106772836646996
0.14160159256425686
0.8540039813960902
0.2814942682744004
0.703735670686001
0.5713505763560534
0.4283764409192372
0.1425954183214344
0.356488545803586
0.03570938121993095
0.08927345304982737
0.13391208698158152
0.8347802174394019
0.2522318381816149
0.6305795954540372
0.07086951335077174
0.6771737833623774
0.015764489769935608
0.03941122442483902
0.06692934408783913
0.16732336021959782
0.250985280610621
0.6274632015265524
0.06668308403459378
0.6667077100719325
6.158003816381097e-05
0.00015395009540952742
0.5002614427357912
0.25065360686858185
0.12598041124874726
0.31495102812186815
0.03541673079598695
0.08854182698996738
0.13281274054315872
0.8320318513433449
0.2519541462534107
0.6298853656335268
0.5708046109648421
0.4270115274412092
0.1407633466005791
0.8519083664868958
0.2856750497594476
0.7141876243986189
0.07129669588175602
0.6782417396898381
0.017854705511126667
0.04463676377781667
0.5669561068061739
0.41739026704453863
0.12611591815948486
0.31528979539871216
0.535434752702713
0.33858688178588636
0.007882244943175465
0.019705612357938662
0.5334646722767502
0.33366168072097935
0.0004926403053104877
0.0012316007632762194
0.0020915420027449727
0.005228855006862432
0.007843290019081905
0.5196082250331528
0.2833338463678956
0.708334615919739
0.06250192437437363
0.6562548109213822
0.015633170085493475
0.03908292521373369
0.5664368878351524
0.41609221961698495
0.1261067728337366
0.8152669320697896
0.28540039813378826
0.7135009953344706
0.5703735670540482
0.4259339176642243
0.14283764408901334
0.35709411022253335
0.5356488545658067
0.33912213644362055
0.008927345304982737
0.5223183632479049
0.2834780217381194
0.7086950543452986
0.06305795954540372
0.1576448988635093
0.267717378330417
0.6692934458260424
0.003941122442483902
0.009852806106209755
0.01673233602195978
0.041830840054899454
0.06274632015265524
0.1568658003816381
0.2666707710013725
0.6666769275034312
0.500015394994989
0.2500384875165764
0.1250653606839478
0.3126634017098695
0.5314951027976349
0.3287377570231911
0.008854182698996738
0.5221354567329399
0.2832031851285137
0.7080079628212843
0.5629885365488008
0.40747134140110575
0.14270115274121054
0.8567528818384744
0.2851908366428688
0.712977091607172
0.0714187624398619
0.17854690609965473
0.26782417396316305
0.6695604349079076
0.5044636763632298
0.2611591909371782
0.14173902670154348
0.3543475667538587
0.031528979539871216
0.07882244884967804
0.13385868817567825
0.33464672043919563
0.501970561221242
0.2549264030822087
0.13336616806918755
0.3334154201729689
0.00012316007632762194
0.00030790019081905484
0.0005228855006862432
0.5013072137371637
0.2519608224974945
0.6299020562437363
0.0708334615919739
0.17708365397993475
0.26562548108631745
0.6640637027157936
0.5039082925068215
0.25977073129615746
0.1416092219587881
0.8540230548824184
0.2815266932011582
0.7038167330028955
0.5713500995188951
0.4283752488263417
0.14259339176351205
0.3564834794087801
0.035709411022253335
0.08927352755563334
0.13391221364145167
0.8347805340890773
0.2522318363189697
0.6305795907974243
0.07086950543452986
0.6771737635717727
0.01576448988635093
0.039411224715877324
0.06692934458260424
0.6673233614419587
0.0009852806106209755
0.0024632015265524387
0.004183084005489945
0.010457710013724864
0.01568658003816381
0.03921645009540953
0.5666676927357912
0.41666923186858185
0.12500384874874726
0.31250962187186815
0.03126634017098695
0.07816585042746738
0.13287377569940872
0.8321844392339699
0.2522135456674732
0.6305338641686831
0.5708007962675765
0.4270019906980451
0.1407471341372002
0.8518678353284486
0.2856752881780267
0.7141882204450667
0.0712977091607172
0.6782442728872411
0.017854690609965473
0.044636726524913684
0.5669560434762388
0.41739010871970095
0.12611591909080744
0.3152897977270186
0.535434756660834
0.3385868916811887
0.007882244884967804
0.01970561221241951
0.03346467204391956
0.08366168010979891
0.1254926403053105
0.3137316007632762
0.533341542002745
0.33335385503596626
3.0790019081905484e-05
0.5000769750331528
0.2501307213678956
0.625326803419739
0.06299020562437363
0.6574755140463822
0.017708365397993475
0.04427091349498369
0.5664063702570274
0.41601592567167245
0.12597707312670536
0.8149426828022115
0.28540230548242107
0.7135057637060527
0.5703816732857376
0.4259541832434479
0.1428375248797238
0.35709381219930947
0.5356483479263261
0.33912086984491907
0.008927352755563334
0.5223183818743564
0.28347805340308696
0.7086951335077174
0.06305795907974243
0.15764489769935608
0.2677173763513565
0.6692934408783913
0.0039411224715877324
0.5098528061644174
0.2667323361383751
0.6668308403459378
0.0002463201526552439
0.0006158003816381097
0.0010457710013724864
0.002614427503431216
0.503921644994989
0.2598041125165764
0.1416669231839478
0.3541673079598695
0.5312509621726349
0.3281274054606911
0.007816585042746738
0.5195414625923149
0.2832184439175762
0.7080461097939406
0.5630533864023164
0.4076334660348948
0.14270019906689413
0.8567504976526834
0.2851867835270241
0.7129669588175602
0.07141882204450667
0.17854705511126667
0.26782442728290334
0.6695610682072584
0.5044636726379395
0.26115918162395246
0.1417390108690597
0.3543475271726493
0.03152897977270186
0.07882244943175465
0.1338586891652085
0.3346467229130212
0.001970561221241951
0.0049264030531048775
0.00836616801097989
0.020915420027449727
0.03137316007632762
0.07843290019081905
0.13333538550068624
0.8333384637371637
0.2500076974974945
0.6250192437437363
0.0625326803419739
0.15633170085493475
0.26574755139881745
0.6643688784970436
0.5044270913349465
0.26106772836646996
0.14160159256425686
0.8540039813960902
0.2814942682744004
0.703735670686001
0.5713505763560534
0.4283764409192372
0.1425954183214344
0.356488545803586
0.03570938121993095
0.08927345304982737
0.13391208698158152
0.8347802174394019
0.2522318381816149
0.6305795954540372
0.07086951335077174
0.6771737833623774
0.015764489769935608
0.03941122442483902
0.06692934408783913
0.16732336021959782
0.250985280610621
0.6274632015265524
0.06668308403459378
0.6667077100719325
6.158003816381097e-05
0.00015395009540952742
0.5002614427357912
0.25065360686858185
0.12598041124874726
0.31495102812186815
0.03541673079598695
0.08854182698996738
0.13281274054315872
0.8320318513433449
0.2519541462534107
0.6298853656335268
0.5708046109648421
0.4270115274412092
0.1407633466005791
0.8519083664868958
0.2856750497594476
0.7141876243986189
0.07129669588175602
0.6782417396898381
0.017854705511126667
0.04463676377781667
0.5669561068061739
0.41739026704453863
0.12611591815948486
0.31528979539871216
0.535434752702713
0.33858688178588636
0.007882244943175465
0.019705612357938662
0.5334646722767502
0.33366168072097935
0.0004926403053104877
0.0012316007632762194
0.0020915420027449727
0.005228855006862432
0.007843290019081905
0.5196082250331528
0.2833338463678956
0.708334615919739
0.06250192437437363
0.6562548109213822
0.015633170085493475
0.03908292521373369
0.5664368878351524
0.41609221961698495
0.1261067728337366
0.8152669320697896
0.28540039813378826
0.7135009953344706
0.5703735670540482
0.4259339176642243
0.14283764408901334
0.35709411022253335
0.5356488545658067
0.33912213644362055
0.008927345304982737
0.5223183632479049
0.2834780217381194
0.7086950543452986
0.06305795954540372
0.1576448988635093
0.267717378330417
0.6692934458260424
0.003941122442483902
0.009852806106209755
0.01673233602195978
0.041830840054899454
0.06274632015265524
0.1568658003816381
0.2666707710013725
0.6666769275034312
0.500015394994989
0.2500384875165764
0.1250653606839478
0.3126634017098695
0.5314951027976349
0.3287377570231911
0.008854182698996738
0.5221354567329399
0.2832031851285137
0.7080079628212843
0.5629885365488008
0.40747134140110575
0.14270115274121054
0.8567528818384744
0.2851908366428688
0.712977091607172
0.0714187624398619
0.17854690609965473
0.26782417396316305
0.6695604349079076
0.5044636763632298
0.2611591909371782
0.14173902670154348
0.3543475667538587
0.031528979539871216
0.07882244884967804
0.13385868817567825
0.33464672043919563
0.501970561221242
0.2549264030822087
0.13336616806918755
0.3334154201729689
0.00012316007632762194
0.00030790019081905484
0.0005228855006862432
0.5013072137371637
0.2519608224974945
0.6299020562437363
0.0708334615919739
0.17708365397993475
0.26562548108631745
0.6640637027157936
0.5039082925068215
0.25977073129615746
0.1416092219587881
0.8540230548824184
0.2815266932011582
0.7038167330028955
0.5713500995188951
0.4283752488263417
0.14259339176351205
0.3564834794087801
0.035709411022253335
0.08927352755563334
0.13391221364145167
0.8347805340890773
0.2522318363189697
0.6305795907974243
0.07086950543452986
0.6771737635717727
0.01576448988635093
0.039411224715877324
0.06692934458260424
0.6673233614419587
0.0009852806106209755
0.0024632015265524387
0.004183084005489945
0.010457710013724864
0.01568658003816381
0.03921645009540953
0.5666676927357912
0.41666923186858185
0.12500384874874726
0.31250962187186815
0.03126634017098695
0.07816585042746738
0.13287377569940872
0.8321844392339699
0.2522135456674732
0.6305338641686831
0.5708007962675765
0.4270019906980451
0.1407471341372002
0.8518678353284486
0.2856752881780267
0.7141882204450667
0.0712977091607172
0.6782442728872411
0.017854690609965473
0.044636726524913684
0.5669560434762388
0.41739010871970095
0.12611591909080744
0.3152897977270186
0.535434756660834
0.3385868916811887
0.007882244884967804
0.01970561221241951
0.03346467204391956
0.08366168010979891
0.1254926403053105
0.3137316007632762
0.533341542002745
0.33335385503596626
3.0790019081905484e-05
0.5000769750331528
0.2501307213678956
0.625326803419739
0.06299020562437363
0.6574755140463822
0.017708365397993475
0.04427091349498369
0.5664063702570274
0.41601592567167245
0.12597707312670536
0.8149426828022115
0.28540230548242107
0.7135057637060527
0.5703816732857376
0.4259541832434479
0.1428375248797238
0.35709381219930947
0.5356483479263261
0.33912086984491907
0.008927352755563334
0.5223183818743564
0.28347805340308696
0.7086951335077174
0.06305795907974243
0.15764489769935608
0.2677173763513565
0.6692934408783913
0.0039411224715877324
0.5098528061644174
0.2667323361383751
0.6668308403459378
0.0002463201526552439
0.0006158003816381097
0.0010457710013724864
0.002614427503431216
0.503921644994989
0.2598041125165764
0.1416669231839478
0.3541673079598695
0.5312509621726349
0.3281274054606911
0.007816585042746738
0.5195414625923149
0.2832184439175762
0.7080461097939406
0.5630533864023164
0.4076334660348948
0.14270019906689413
0.8567504976526834
0.2851867835270241
0.7129669588175602
0.07141882204450667
0.17854705511126667
0.26782442728290334
0.6695610682072584
0.5044636726379395
0.26115918162395246
0.1417390108690597
0.3543475271726493
0.03152897977270186
0.07882244943175465
0.1338586891652085
0.3346467229130212
0.001970561221241951
0.0049264030531048775
0.00836616801097989
0.020915420027449727
0.03137316007632762
0.07843290019081905
0.13333538550068624
0.8333384637371637
0.2500076974974945
0.6250192437437363
0.0625326803419739
0.15633170085493475
0.26574755139881745
0.6643688784970436
0.5044270913349465
0.26106772836646996
0.14160159256425686
0.8540039813960902
0.2814942682744004
0.703735670686001
0.5713505763560534
0.4283764409192372
0.1425954183214344
0.356488545803586
0.03570938121993095
0.08927345304982737
0.13391208698158152
0.8347802174394019
0.2522318381816149
0.6305795954540372
0.07086951335077174
0.6771737833623774
0.015764489769935608
0.03941122442483902
0.06692934408783913
0.16732336021959782
0.250985280610621
0.6274632015265524
0.06668308403459378
0.6667077100719325
6.158003816381097e-05
0.00015395009540952742
0.5002614427357912
0.25065360686858185
0.12598041124874726
0.31495102812186815
0.03541673079598695
0.08854182698996738
0.13281274054315872
0.8320318513433449
0.2519541462534107
0.6298853656335268
0.5708046109648421
0.4270115274412092
0.1407633466005791
0.8519083664868958
0.2856750497594476
0.7141876243986189
0.07129669588175602
0.6782417396898381
0.017854705511126667
0.04463676377781667
0.5669561068061739
0.41739026704453863
0.12611591815948486
0.31528979539871216
0.535434752702713
0.33858688178588636
0.007882244943175465
0.019705612357938662
0.5334646722767502
0.33366168072097935
0.0004926403053104877
0.0012316007632762194
0.0020915420027449727
0.005228855006862432
0.007843290019081905
0.5196082250331528
0.2833338463678956
0.708334615919739
0.06250192437437363
0.6562548109213822
0.015633170085493475
0.03908292521373369
0.5664368878351524
0.41609221961698495
0.1261067728337366
0.8152669320697896
0.28540039813378826
0.7135009953344706
0.5703735670540482
0.4259339176642243
0.14283764408901334
0.35709411022253335
0.5356488545658067
0.33912213644362055
0.008927345304982737
0.5223183632479049
0.2834780217381194
0.7086950543452986
0.06305795954540372
0.1576448988635093
0.267717378330417
0.6692934458260424
0.003941122442483902
0.009852806106209755
0.01673233602195978
0.041830840054899454
0.06274632015265524
0.1568658003816381
0.2666707710013725
0.6666769275034312
0.500015394994989
0.2500384875165764
0.1250653606839478
0.3126634017098695
0.5314951027976349
0.3287377570231911
0.008854182698996738
0.5221354567329399
0.2832031851285137
0.7080079628212843
0.5629885365488008
0.40747134140110575
0.14270115274121054
0.8567528818384744
0.2851908366428688
0.712977091607172
0.0714187624398619
0.17854690609965473
0.26782417396316305
0.6695604349079076
0.5044636763632298
0.2611591909371782
0.14173902670154348
0.3543475667538587
0.031528979539871216
0.07882244884967804
0.13385868817567825
0.33464672043919563
0.501970561221242
0.2549264030822087
0.13336616806918755
0.3334154201729689
0.00012316007632762194
0.00030790019081905484
0.0005228855006862432
0.5013072137371637
0.2519608224974945
0.6299020562437363
0.0708334615919739
0.17708365397993475
0.26562548108631745
0.6640637027157936
0.5039082925068215
0.25977073129615746
0.1416092219587881
0.8540230548824184
0.2815266932011582
0.7038167330028955
0.5713500995188951
0.4283752488263417
0.14259339176351205
0.3564834794087801
0.035709411022253335
0.08927352755563334
0.13391221364145167
0.8347805340890773
0.2522318363189697
0.6305795907974243
0.07086950543452986
0.6771737635717727
0.01576448988635093
0.039411224715877324
0.06692934458260424
0.6673233614419587
0.0009852806106209755
0.0024632015265524387
0.004183084005489945
0.010457710013724864
0.01568658003816381
0.03921645009540953
0.5666676927357912
0.41666923186858185
0.12500384874874726
0.31250962187186815
0.03126634017098695
0.07816585042746738
0.13287377569940872
0.8321844392339699
0.2522135456674732
0.6305338641686831
0.5708007962675765
0.4270019906980451
0.1407471341372002
0.8518678353284486
0.2856752881780267
0.7141882204450667
0.0712977091607172
0.6782442728872411
0.017854690609965473
0.044636726524913684
0.5669560434762388
0.41739010871970095
0.12611591909080744
0.3152897977270186
0.535434756660834
0.3385868916811887
0.007882244884967804
0.01970561221241951
0.03346467204391956
0.08366168010979891
0.1254926403053105
0.3137316007632762
0.533341542002745
0.33335385503596626
3.0790019081905484e-05
0.5000769750331528
0.2501307213678956
0.625326803419739
0.06299020562437363
0.6574755140463822
0.017708365397993475
0.04427091349498369
0.5664063702570274
0.41601592567167245
0.12597707312670536
0.8149426828022115
0.28540230548242107
0.7135057637060527
0.5703816732857376
0.4259541832434479
0.1428375248797238
0.35709381219930947
0.5356483479263261
0.33912086984491907
0.008927352755563334
0.5223183818743564
0.28347805340308696
0.7086951335077174
0.06305795907974243
0.15764489769935608
0.2677173763513565
0.6692934408783913
0.0039411224715877324
0.5098528061644174
0.2667323361383751
0.6668308403459378
0.0002463201526552439
0.0006158003816381097
0.0010457710013724864
0.002614427503431216
0.503921644994989
0.2598041125165764
0.1416669231839478
0.3541673079598695
0.5312509621726349
0.3281274054606911
0.007816585042746738
0.5195414625923149
0.2832184439175762
0.7080461097939406
0.5630533864023164
0.4076334660348948
0.14270019906689413
0.8567504976526834
0.2851867835270241
0.7129669588175602
0.07141882204450667
0.17854705511126667
0.26782442728290334
0.6695610682072584
0.5044636726379395
0.26115918162395246
0.1417390108690597
0.3543475271726493
0.03152897977270186
0.07882244943175465
0.1338586891652085
0.3346467229130212
0.001970561221241951
0.0049264030531048775
0.00836616801097989
0.020915420027449727
0.03137316007632762
0.07843290019081905
0.13333538550068624
0.8333384637371637
0.2500076974974945
0.6250192437437363
0.0625326803419739
0.15633170085493475
0.26574755139881745
0.6643688784970436
0.5044270913349465
0.26106772836646996
0.14160159256425686
0.8540039813960902
0.2814942682744004
0.703735670686001
0.5713505763560534
0.4283764409192372
0.1425954183214344
0.356488545803586
0.03570938121993095
0.08927345304982737
0.13391208698158152
0.8347802174394019
0.2522318381816149
0.6305795954540372
0.07086951335077174
0.6771737833623774
0.015764489769935608
0.03941122442483902
0.06692934408783913
0.16732336021959782
0.250985280610621
0.6274632015265524
0.06668308403459378
0.6667077100719325
6.158003816381097e-05
0.00015395009540952742
0.5002614427357912
0.25065360686858185
0.12598041124874726
0.31495102812186815
0.03541673079598695
0.08854182698996738
0.13281274054315872
0.8320318513433449
0.2519541462534107
0.6298853656335268
0.5708046109648421
0.4270115274412092
0.1407633466005791
0.8519083664868958
0.2856750497594476
0.7141876243986189
0.07129669588175602
0.6782417396898381
0.017854705511126667
0.04463676377781667
0.5669561068061739
0.41739026704453863
0.12611591815948486
0.31528979539871216
0.535434752702713
0.33858688178588636
0.007882244943175465
0.019705612357938662
0.5334646722767502
0.33366168072097935
0.0004926403053104877
0.0012316007632762194
0.0020915420027449727
0.005228855006862432
0.007843290019081905
0.5196082250331528
0.2833338463678956
0.708334615919739
0.06250192437437363
0.6562548109213822
0.015633170085493475
0.03908292521373369
0.5664368878351524
0.41609221961698495
0.1261067728337366
0.8152669320697896
0.28540039813378826
0.7135009953344706
0.5703735670540482
0.4259339176642243
0.14283764408901334
0.35709411022253335
0.5356488545658067
0.33912213644362055
0.008927345304982737
0.5223183632479049
0.2834780217381194
0.7086950543452986
0.06305795954540372
0.1576448988635093
0.267717378330417
0.6692934458260424
0.003941122442483902
0.009852806106209755
0.01673233602195978
0.041830840054899454
0.06274632015265524
0.1568658003816381
0.2666707710013725
0.6666769275034312
0.500015394994989
0.2500384875165764
0.1250653606839478
0.3126634017098695
0.5314951027976349
0.3287377570231911
0.008854182698996738
0.5221354567329399
0.2832031851285137
0.7080079628212843
0.5629885365488008
0.40747134140110575
0.14270115274121054
0.8567528818384744
0.2851908366428688
0.712977091607172
0.0714187624398619
0.17854690609965473
0.26782417396316305
0.6695604349079076
0.5044636763632298
0.2611591909371782
0.14173902670154348
0.3543475667538587
0.031528979539871216
0.07882244884967804
0.13385868817567825
0.33464672043919563
0.501970561221242
0.2549264030822087
0.13336616806918755
0.3334154201729689
0.00012316007632762194
0.00030790019081905484
0.0005228855006862432
0.5013072137371637
0.2519608224974945
0.6299020562437363
0.0708334615919739
0.17708365397993475
0.26562548108631745
0.6640637027157936
0.5039082925068215
0.25977073129615746
0.1416092219587881
0.8540230548824184
0.2815266932011582
0.7038167330028955
0.5713500995188951
0.4283752488263417
0.14259339176351205
0.3564834794087801
0.035709411022253335
0.08927352755563334
0.13391221364145167
0.8347805340890773
0.2522318363189697
0.6305795907974243
0.07086950543452986
0.6771737635717727
0.01576448988635093
0.039411224715877324
0.06692934458260424
0.6673233614419587
0.0009852806106209755
0.0024632015265524387
0.004183084005489945
0.010457710013724864
0.01568658003816381
0.03921645009540953
0.5666676927357912
0.41666923186858185
0.12500384874874726
0.31250962187186815
0.03126634017098695
0.07816585042746738
0.13287377569940872
0.8321844392339699
0.2522135456674732
0.6305338641686831
0.5708007962675765
0.4270019906980451
0.1407471341372002
0.8518678353284486
0.2856752881780267
0.7141882204450667
0.0712977091607172
0.6782442728872411
0.017854690609965473
0.044636726524913684
0.5669560434762388
0.41739010871970095
0.12611591909080744
0.3152897977270186
0.535434756660834
0.3385868916811887
0.007882244884967804
0.01970561221241951
0.03346467204391956
0.08366168010979891
0.1254926403053105
0.3137316007632762
0.533341542002745
0.33335385503596626
3.0790019081905484e-05
0.5000769750331528
0.2501307213678956
0.625326803419739
0.06299020562437363
0.6574755140463822
0.017708365397993475
0.04427091349498369
0.5664063702570274
0.41601592567167245
0.12597707312670536
0.8149426828022115
0.28540230548242107
0.7135057637060527
0.5703816732857376
0.4259541832434479
0.1428375248797238
0.35709381219930947
0.5356483479263261
0.33912086984491907
0.008927352755563334
0.5223183818743564
0.28347805340308696
0.7086951335077174
0.06305795907974243
0.15764489769935608
0.2677173763513565
0.6692934408783913
0.0039411224715877324
0.5098528061644174
0.2667323361383751
0.6668308403459378
0.0002463201526552439
0.0006158003816381097
0.0010457710013724864
0.002614427503431216
0.503921644994989
0.2598041125165764
0.1416669231839478
0.3541673079598695
0.5312509621726349
0.3281274054606911
0.007816585042746738
0.5195414625923149
0.2832184439175762
0.7080461097939406
0.5630533864023164
0.4076334660348948
0.14270019906689413
0.8567504976526834
0.2851867835270241
0.7129669588175602
0.07141882204450667
0.17854705511126667
0.26782442728290334
0.6695610682072584
0.5044636726379395
0.26115918162395246
0.1417390108690597
0.3543475271726493
0.03152897977270186
0.07882244943175465
0.1338586891652085
0.3346467229130212
0.001970561221241951
0.0049264030531048775
0.00836616801097989
0.020915420027449727
0.03137316007632762
0.07843290019081905
0.13333538550068624
0.8333384637371637
0.2500076974974945
0.6250192437437363
0.0625326803419739
0.15633170085493475
0.26574755139881745
0.6643688784970436
0.5044270913349465
0.26106772836646996
0.14160159256425686
0.8540039813960902
0.2814942682744004
0.703735670686001
0.5713505763560534
0.4283764409192372
0.1425954183214344
0.356488545803586
0.03570938121993095
0.08927345304982737
0.13391208698158152
0.8347802174394019
0.2522318381816149
0.6305795954540372
0.07086951335077174
0.6771737833623774
0.015764489769935608
0.03941122442483902
0.06692934408783913
0.16732336021959782
0.250985280610621
0.6274632015265524
0.06668308403459378
0.6667077100719325
6.158003816381097e-05
0.00015395009540952742
0.5002614427357912
0.25065360686858185
0.12598041124874726
0.31495102812186815
0.03541673079598695
0.08854182698996738
0.13281274054315872
0.8320318513433449
0.2519541462534107
0.6298853656335268
0.5708046109648421
0.4270115274412092
0.1407633466005791
0.8519083664868958
0.2856750497594476
0.7141876243986189
0.07129669588175602
0.6782417396898381
0.017854705511126667
0.04463676377781667
0.5669561068061739
0.41739026704453863
0.12611591815948486
0.31528979539871216
0.535434752702713
0.33858688178588636
0.007882244943175465
0.019705612357938662
0.5334646722767502
0.33366168072097935
0.0004926403053104877
0.0012316007632762194
0.0020915420027449727
0.005228855006862432
0.007843290019081905
0.5196082250331528
0.2833338463678956
0.708334615919739
0.06250192437437363
0.6562548109213822
0.015633170085493475
0.03908292521373369
0.5664368878351524
0.41609221961698495
0.1261067728337366
0.8152669320697896
0.28540039813378826
0.7135009953344706
0.5703735670540482
0.4259339176642243
0.14283764408901334
0.35709411022253335
0.5356488545658067
0.33912213644362055
0.008927345304982737
0.5223183632479049
0.2834780217381194
0.7086950543452986
0.06305795954540372
0.1576448988635093
0.267717378330417
0.6692934458260424
0.003941122442483902
0.009852806106209755
0.01673233602195978
0.041830840054899454
0.06274632015265524
0.1568658003816381
0.2666707710013725
0.6666769275034312
0.500015394994989
0.2500384875165764
0.1250653606839478
0.3126634017098695
0.5314951027976349
0.3287377570231911
0.008854182698996738
0.5221354567329399
0.2832031851285137
0.7080079628212843
0.5629885365488008
0.40747134140110575
0.14270115274121054
0.8567528818384744
0.2851908366428688
0.712977091607172
0.0714187624398619
0.17854690609965473
0.26782417396316305
0.6695604349079076
0.5044636763632298
0.2611591909371782
0.14173902670154348
0.3543475667538587
0.031528979539871216
0.07882244884967804
0.13385868817567825
0.33464672043919563
0.501970561221242
0.2549264030822087
0.13336616806918755
0.3334154201729689
0.00012316007632762194
0.00030790019081905484
0.0005228855006862432
0.5013072137371637
0.2519608224974945
0.6299020562437363
0.0708334615919739
0.17708365397993475
0.26562548108631745
0.6640637027157936
0.5039082925068215
0.25977073129615746
0.1416092219587881
0.8540230548824184
0.2815266932011582
0.7038167330028955
0.5713500995188951
0.4283752488263417
0.14259339176351205
0.3564834794087801
0.035709411022253335
0.08927352755563334
0.13391221364145167
0.8347805340890773
0.2522318363189697
0.6305795907974243
0.07086950543452986
0.6771737635717727
0.01576448988635093
0.039411224715877324
0.06692934458260424
0.6673233614419587
0.0009852806106209755
0.0024632015265524387
0.004183084005489945
0.010457710013724864
0.01568658003816381
0.03921645009540953
0.5666676927357912
0.41666923186858185
0.12500384874874726
0.31250962187186815
0.03126634017098695
0.07816585042746738
0.13287377569940872
0.8321844392339699
0.2522135456674732
0.6305338641686831
0.5708007962675765
0.4270019906980451
0.1407471341372002
0.8518678353284486
0.2856752881780267
0.7141882204450667
0.0712977091607172
0.6782442728872411
0.017854690609965473
0.044636726524913684
0.5669560434762388
0.41739010871970095
0.12611591909080744
0.3152897977270186
0.535434756660834
0.3385868916811887
0.007882244884967804
0.01970561221241951
0.03346467204391956
0.08366168010979891
0.1254926403053105
0.3137316007632762
0.533341542002745
0.33335385503596626
3.0790019081905484e-05
0.5000769750331528
0.2501307213678956
0.625326803419739
0.06299020562437363
0.6574755140463822
0.017708365397993475
0.04427091349498369
0.5664063702570274
0.41601592567167245
0.12597707312670536
0.8149426828022115
0.28540230548242107
0.7135057637060527
0.5703816732857376
0.4259541832434479
0.1428375248797238
0.35709381219930947
0.5356483479263261
0.33912086984491907
0.008927352755563334
0.5223183818743564
0.28347805340308696
0.7086951335077174
0.06305795907974243
0.15764489769935608
0.2677173763513565
0.6692934408783913
0.0039411224715877324
0.5098528061644174
0.2667323361383751
0.6668308403459378
0.0002463201526552439
0.0006158003816381097
0.0010457710013724864
0.002614427503431216
0.503921644994989
0.2598041125165764
0.1416669231839478
0.3541673079598695
0.5312509621726349
0.3281274054606911
0.007816585042746738
0.5195414625923149
0.2832184439175762
0.7080461097939406
0.5630533864023164
0.4076334660348948
0.14270019906689413
0.8567504976526834
0.2851867835270241
0.7129669588175602
0.07141882204450667
0.17854705511126667
0.26782442728290334
0.6695610682072584
0.5044636726379395
0.26115918162395246
0.1417390108690597
0.3543475271726493
0.03152897977270186
0.07882244943175465
0.1338586891652085
0.3346467229130212
0.001970561221241951
0.0049264030531048775
0.00836616801097989
0.020915420027449727
0.03137316007632762
0.07843290019081905
0.13333538550068624
0.8333384637371637
0.2500076974974945
0.6250192437437363
0.0625326803419739
0.15633170085493475
0.26574755139881745
0.6643688784970436
0.5044270913349465
0.26106772836646996
0.14160159256425686
0.8540039813960902
0.2814942682744004
0.703735670686001
0.5713505763560534
0.4283764409192372
0.1425954183214344
0.356488545803586
0.03570938121993095
0.08927345304982737
0.13391208698158152
0.8347802174394019
0.2522318381816149
0.6305795954540372
0.07086951335077174
0.6771737833623774
0.015764489769935608
0.03941122442483902
0.06692934408783913
0.16732336021959782
0.250985280610621
0.6274632015265524
0.06668308403459378
0.6667077100719325
6.158003816381097e-05
0.00015395009540952742
0.5002614427357912
0.25065360686858185
0.12598041124874726
0.31495102812186815
0.03541673079598695
0.08854182698996738
0.13281274054315872
0.8320318513433449
0.2519541462534107
0.6298853656335268
0.5708046109648421
0.4270115274412092
0.1407633466005791
0.8519083664868958
0.2856750497594476
0.7141876243986189
0.07129669588175602
0.6782417396898381
0.017854705511126667
0.04463676377781667
0.5669561068061739
0.41739026704453863
0.12611591815948486
0.31528979539871216
0.535434752702713
0.33858688178588636
0.007882244943175465
0.019705612357938662
0.5334646722767502
0.33366168072097935
0.0004926403053104877
0.0012316007632762194
0.0020915420027449727
0.005228855006862432
0.007843290019081905
0.5196082250331528
0.2833338463678956
0.708334615919739
0.06250192437437363
0.6562548109213822
0.015633170085493475
0.03908292521373369
0.5664368878351524
0.41609221961698495
0.1261067728337366
0.8152669320697896
0.28540039813378826
0.7135009953344706
0.5703735670540482
0.4259339176642243
0.14283764408901334
0.35709411022253335
0.5356488545658067
0.33912213644362055
0.008927345304982737
0.5223183632479049
0.2834780217381194
0.7086950543452986
0.06305795954540372
0.1576448988635093
0.267717378330417
0.6692934458260424
0.003941122442483902
0.009852806106209755
0.01673233602195978
0.041830840054899454
0.06274632015265524
0.1568658003816381
0.2666707710013725
0.6666769275034312
0.500015394994989
0.2500384875165764
0.1250653606839478
0.3126634017098695
0.5314951027976349
0.3287377570231911
0.008854182698996738
0.5221354567329399
0.2832031851285137
0.7080079628212843
0.5629885365488008
0.40747134140110575
0.14270115274121054
0.8567528818384744
0.2851908366428688
0.712977091607172
0.0714187624398619
0.17854690609965473
0.26782417396316305
0.6695604349079076
0.5044636763632298
0.2611591909371782
0.14173902670154348
0.3543475667538587
0.031528979539871216
0.07882244884967804
0.13385868817567825
0.33464672043919563
0.501970561221242
0.2549264030822087
0.13336616806918755
0.3334154201729689
0.00012316007632762194
0.00030790019081905484
0.0005228855006862432
0.5013072137371637
0.2519608224974945
0.6299020562437363
0.0708334615919739
0.17708365397993475
0.26562548108631745
0.6640637027157936
0.5039082925068215
0.25977073129615746
0.1416092219587881
0.8540230548824184
0.2815266932011582
0.7038167330028955
0.5713500995188951
0.4283752488263417
0.14259339176351205
0.3564834794087801
0.035709411022253335
0.08927352755563334
0.13391221364145167
0.8347805340890773
0.2522318363189697
0.6305795907974243
0.07086950543452986
0.6771737635717727
0.01576448988635093
0.039411224715877324
0.06692934458260424
0.6673233614419587
0.0009852806106209755
0.0024632015265524387
0.004183084005489945
0.010457710013724864
0.01568658003816381
0.03921645009540953
0.5666676927357912
0.41666923186858185
0.12500384874874726
0.31250962187186815
0.03126634017098695
0.07816585042746738
0.13287377569940872
0.8321844392339699
0.2522135456674732
0.6305338641686831
0.5708007962675765
0.4270019906980451
0.1407471341372002
0.8518678353284486
0.2856752881780267
0.7141882204450667
0.0712977091607172
0.6782442728872411
0.017854690609965473
0.044636726524913684
0.5669560434762388
0.41739010871970095
0.12611591909080744
0.3152897977270186
0.535434756660834
0.3385868916811887
0.007882244884967804
0.01970561221241951
0.03346467204391956
0.08366168010979891
0.1254926403053105
0.3137316007632762
0.533341542002745
0.33335385503596626
3.0790019081905484e-05
0.5000769750331528
0.2501307213678956
0.625326803419739
0.06299020562437363
0.6574755140463822
0.017708365397993475
0.04427091349498369
0.5664063702570274
0.41601592567167245
0.12597707312670536
0.8149426828022115
0.28540230548242107
0.7135057637060527
0.5703816732857376
0.4259541832434479
0.1428375248797238
0.35709381219930947
0.5356483479263261
0.33912086984491907
0.008927352755563334
0.5223183818743564
0.28347805340308696
0.7086951335077174
0.06305795907974243
0.15764489769935608
0.2677173763513565
0.6692934408783913
0.0039411224715877324
0.5098528061644174
0.2667323361383751
0.6668308403459378
0.0002463201526552439
0.0006158003816381097
0.0010457710013724864
0.002614427503431216
0.503921644994989
0.2598041125165764
0.1416669231839478
0.3541673079598695
0.5312509621726349
0.3281274054606911
0.007816585042746738
0.5195414625923149
0.2832184439175762
0.7080461097939406
0.5630533864023164
0.4076334660348948
0.14270019906689413
0.8567504976526834
0.2851867835270241
0.7129669588175602
0.07141882204450667
0.17854705511126667
0.26782442728290334
0.6695610682072584
0.5044636726379395
0.26115918162395246
0.1417390108690597
0.3543475271726493
0.03152897977270186
0.07882244943175465
0.1338586891652085
0.3346467229130212
0.001970561221241951
0.0049264030531048775
0.00836616801097989
0.020915420027449727
0.03137316007632762
0.07843290019081905
0.13333538550068624
0.8333384637371637
0.2500076974974945
0.6250192437437363
0.0625326803419739
0.15633170085493475
0.26574755139881745
0.6643688784970436
0.5044270913349465
0.26106772836646996
0.14160159256425686
0.8540039813960902
0.2814942682744004
0.703735670686001
0.5713505763560534
0.4283764409192372
0.1425954183214344
0.356488545803586
0.03570938121993095
0.08927345304982737
0.13391208698158152
0.8347802174394019
0.2522318381816149
0.6305795954540372
0.07086951335077174
0.6771737833623774
0.015764489769935608
0.03941122442483902
0.06692934408783913
0.16732336021959782
0.250985280610621
0.6274632015265524
0.06668308403459378
0.6667077100719325
6.158003816381097e-05
0.00015395009540952742
0.5002614427357912
0.25065360686858185
0.12598041124874726
0.31495102812186815
0.03541673079598695
0.08854182698996738
0.13281274054315872
0.8320318513433449
0.2519541462534107
0.6298853656335268
0.5708046109648421
0.4270115274412092
0.1407633466005791
0.8519083664868958
0.2856750497594476
0.7141876243986189
0.07129669588175602
0.6782417396898381
0.017854705511126667
0.04463676377781667
0.5669561068061739
0.41739026704453863
0.12611591815948486
0.31528979539871216
0.535434752702713
0.33858688178588636
0.007882244943175465
0.019705612357938662
0.5334646722767502
0.33366168072097935
0.0004926403053104877
0.0012316007632762194
0.0020915420027449727
0.005228855006862432
0.007843290019081905
0.5196082250331528
0.2833338463678956
0.708334615919739
0.06250192437437363
0.6562548109213822
0.015633170085493475
0.03908292521373369
0.5664368878351524
0.41609221961698495
0.1261067728337366
0.8152669320697896
0.28540039813378826
0.7135009953344706
0.5703735670540482
0.4259339176642243
0.14283764408901334
0.35709411022253335
0.5356488545658067
0.33912213644362055
0.008927345304982737
0.5223183632479049
0.2834780217381194
0.7086950543452986
0.06305795954540372
0.1576448988635093
0.267717378330417
0.6692934458260424
0.003941122442483902
0.009852806106209755
0.01673233602195978
0.041830840054899454
0.06274632015265524
0.1568658003816381
0.2666707710013725
0.6666769275034312
0.500015394994989
0.2500384875165764
0.1250653606839478
0.3126634017098695
0.5314951027976349
0.3287377570231911
0.008854182698996738
0.5221354567329399
0.2832031851285137
0.7080079628212843
0.5629885365488008
0.40747134140110575
0.14270115274121054
0.8567528818384744
0.2851908366428688
0.712977091607172
0.0714187624398619
0.17854690609965473
0.26782417396316305
0.6695604349079076
0.5044636763632298
0.2611591909371782
0.14173902670154348
0.3543475667538587
0.031528979539871216
0.07882244884967804
0.13385868817567825
0.33464672043919563
0.501970561221242
0.2549264030822087
0.13336616806918755
0.3334154201729689
0.00012316007632762194
0.00030790019081905484
0.0005228855006862432
0.5013072137371637
0.2519608224974945
0.6299020562437363
0.0708334615919739
0.17708365397993475
0.26562548108631745
0.6640637027157936
0.5039082925068215
0.25977073129615746
0.1416092219587881
0.8540230548824184
0.2815266932011582
0.7038167330028955
0.5713500995188951
0.4283752488263417
0.14259339176351205
0.3564834794087801
0.035709411022253335
0.08927352755563334
0.13391221364145167
0.8347805340890773
0.2522318363189697
0.6305795907974243
0.07086950543452986
0.6771737635717727
0.01576448988635093
0.039411224715877324
0.06692934458260424
0.6673233614419587
0.0009852806106209755
0.0024632015265524387
0.004183084005489945
0.010457710013724864
0.01568658003816381
0.03921645009540953
0.5666676927357912
0.41666923186858185
0.12500384874874726
0.31250962187186815
0.03126634017098695
0.07816585042746738
0.13287377569940872
0.8321844392339699
0.2522135456674732
0.6305338641686831
0.5708007962675765
0.4270019906980451
0.1407471341372002
0.8518678353284486
0.2856752881780267
0.7141882204450667
0.0712977091607172
0.6782442728872411
0.017854690609965473
0.044636726524913684
0.5669560434762388
0.41739010871970095
0.12611591909080744
0.3152897977270186
0.535434756660834
0.3385868916811887
0.007882244884967804
0.01970561221241951
0.03346467204391956
0.08366168010979891
0.1254926403053105
0.3137316007632762
0.533341542002745
0.33335385503596626
3.0790019081905484e-05
0.5000769750331528
0.2501307213678956
0.625326803419739
0.06299020562437363
0.6574755140463822
0.017708365397993475
0.04427091349498369
0.5664063702570274
0.41601592567167245
0.12597707312670536
0.8149426828022115
0.28540230548242107
0.7135057637060527
0.5703816732857376
0.4259541832434479
0.1428375248797238
0.35709381219930947
0.5356483479263261
0.33912086984491907
0.008927352755563334
0.5223183818743564
0.28347805340308696
0.7086951335077174
0.06305795907974243
0.15764489769935608
0.2677173763513565
0.6692934408783913
0.0039411224715877324
0.5098528061644174
0.2667323361383751
0.6668308403459378
0.0002463201526552439
0.0006158003816381097
0.0010457710013724864
0.002614427503431216
0.503921644994989
0.2598041125165764
0.1416669231839478
0.3541673079598695
0.5312509621726349
0.3281274054606911
0.007816585042746738
0.5195414625923149
0.2832184439175762
0.7080461097939406
0.5630533864023164
0.4076334660348948
0.14270019906689413
0.8567504976526834
0.2851867835270241
0.7129669588175602
0.07141882204450667
0.17854705511126667
0.26782442728290334
0.6695610682072584
0.5044636726379395
0.26115918162395246
0.1417390108690597
0.3543475271726493
0.03152897977270186
0.07882244943175465
0.1338586891652085
0.3346467229130212
0.001970561221241951
0.0049264030531048775
0.00836616801097989
0.020915420027449727
0.03137316007632762
0.07843290019081905
0.13333538550068624
0.8333384637371637
0.2500076974974945
0.6250192437437363
0.0625326803419739
0.15633170085493475
0.26574755139881745
0.6643688784970436
0.5044270913349465
0.26106772836646996
0.14160159256425686
0.8540039813960902
0.2814942682744004
0.703735670686001
0.5713505763560534
0.4283764409192372
0.1425954183214344
0.356488545803586
0.03570938121993095
0.08927345304982737
0.13391208698158152
0.8347802174394019
0.2522318381816149
0.6305795954540372
0.07086951335077174
0.6771737833623774
0.015764489769935608
0.03941122442483902
0.06692934408783913
0.16732336021959782
0.250985280610621
0.6274632015265524
0.06668308403459378
0.6667077100719325
6.158003816381097e-05
0.00015395009540952742
0.5002614427357912
0.25065360686858185
0.12598041124874726
0.31495102812186815
0.03541673079598695
0.08854182698996738
0.13281274054315872
0.8320318513433449
0.2519541462534107
0.6298853656335268
0.5708046109648421
0.4270115274412092
0.1407633466005791
0.8519083664868958
0.2856750497594476
0.7141876243986189
0.07129669588175602
0.6782417396898381
0.017854705511126667
0.04463676377781667
0.5669561068061739
0.41739026704453863
0.12611591815948486
0.31528979539871216
0.535434752702713
0.33858688178588636
0.007882244943175465
0.019705612357938662
0.5334646722767502
0.33366168072097935
0.0004926403053104877
0.0012316007632762194
0.0020915420027449727
0.005228855006862432
0.007843290019081905
0.5196082250331528
0.2833338463678956
0.708334615919739
0.06250192437437363
0.6562548109213822
0.015633170085493475
0.03908292521373369
0.5664368878351524
0.41609221961698495
0.1261067728337366
0.8152669320697896
0.28540039813378826
0.7135009953344706
0.5703735670540482
0.4259339176642243
0.14283764408901334
0.35709411022253335
0.5356488545658067
0.33912213644362055
0.008927345304982737
0.5223183632479049
0.2834780217381194
0.7086950543452986
0.06305795954540372
0.1576448988635093
0.267717378330417
0.6692934458260424
0.003941122442483902
0.009852806106209755
0.01673233602195978
0.041830840054899454
0.06274632015265524
0.1568658003816381
0.2666707710013725
0.6666769275034312
0.500015394994989
0.2500384875165764
0.1250653606839478
0.3126634017098695
0.5314951027976349
0.3287377570231911
0.008854182698996738
0.5221354567329399
0.2832031851285137
0.7080079628212843
0.5629885365488008
0.40747134140110575
0.14270115274121054
0.8567528818384744
0.2851908366428688
0.712977091607172
0.0714187624398619
0.17854690609965473
0.26782417396316305
0.6695604349079076
0.5044636763632298
0.2611591909371782
0.14173902670154348
0.3543475667538587
0.031528979539871216
0.07882244884967804
0.13385868817567825
0.33464672043919563
0.501970561221242
0.2549264030822087
0.13336616806918755
0.3334154201729689
0.00012316007632762194
0.00030790019081905484
0.0005228855006862432
0.5013072137371637
0.2519608224974945
0.6299020562437363
0.0708334615919739
0.17708365397993475
0.26562548108631745
0.6640637027157936
0.5039082925068215
0.25977073129615746
0.1416092219587881
0.8540230548824184
0.2815266932011582
0.7038167330028955
0.5713500995188951
0.4283752488263417
0.14259339176351205
0.3564834794087801
0.035709411022253335
0.08927352755563334
0.13391221364145167
0.8347805340890773
0.2522318363189697
0.6305795907974243
0.07086950543452986
0.6771737635717727
0.01576448988635093
0.039411224715877324
0.06692934458260424
0.6673233614419587
0.0009852806106209755
0.0024632015265524387
0.004183084005489945
0.010457710013724864
0.01568658003816381
0.03921645009540953
0.5666676927357912
0.41666923186858185
0.12500384874874726
0.31250962187186815
0.03126634017098695
0.07816585042746738
0.13287377569940872
0.8321844392339699
0.2522135456674732
0.6305338641686831
0.5708007962675765
0.4270019906980451
0.1407471341372002
0.8518678353284486
0.2856752881780267
0.7141882204450667
0.0712977091607172
0.6782442728872411
0.017854690609965473
0.044636726524913684
0.5669560434762388
0.41739010871970095
0.12611591909080744
0.3152897977270186
0.535434756660834
0.3385868916811887
0.007882244884967804
0.01970561221241951
0.03346467204391956
0.08366168010979891
0.1254926403053105
0.3137316007632762
0.533341542002745
0.33335385503596626
3.0790019081905484e-05
0.5000769750331528
0.2501307213678956
0.625326803419739
0.06299020562437363
0.6574755140463822
0.017708365397993475
0.04427091349498369
0.5664063702570274
0.41601592567167245
0.12597707312670536
0.8149426828022115
0.28540230548242107
0.7135057637060527
0.5703816732857376
0.4259541832434479
0.1428375248797238
0.35709381219930947
0.5356483479263261
0.33912086984491907
0.008927352755563334
0.5223183818743564
0.28347805340308696
0.7086951335077174
0.06305795907974243
0.15764489769935608
0.2677173763513565
0.6692934408783913
0.0039411224715877324
0.5098528061644174
0.2667323361383751
0.6668308403459378
0.0002463201526552439
0.0006158003816381097
0.0010457710013724864
0.002614427503431216
0.503921644994989
0.2598041125165764
0.1416669231839478
0.3541673079598695
0.5312509621726349
0.3281274054606911
0.007816585042746738
0.5195414625923149
0.2832184439175762
0.7080461097939406
0.5630533864023164
0.4076334660348948
0.14270019906689413
0.8567504976526834
0.2851867835270241
0.7129669588175602
0.07141882204450667
0.17854705511126667
0.26782442728290334
0.6695610682072584
0.5044636726379395
0.26115918162395246
0.1417390108690597
0.3543475271726493
0.03152897977270186
0.07882244943175465
0.1338586891652085
0.3346467229130212
0.001970561221241951
0.0049264030531048775
0.00836616801097989
0.020915420027449727
0.03137316007632762
0.07843290019081905
0.13333538550068624
0.8333384637371637
0.2500076974974945
0.6250192437437363
0.0625326803419739
0.15633170085493475
0.26574755139881745
0.6643688784970436
0.5044270913349465
0.26106772836646996
0.14160159256425686
0.8540039813960902
0.2814942682744004
0.703735670686001
0.5713505763560534
0.4283764409192372
0.1425954183214344
0.356488545803586
0.03570938121993095
0.08927345304982737
0.13391208698158152
0.8347802174394019
0.2522318381816149
0.6305795954540372
0.07086951335077174
0.6771737833623774
0.015764489769935608
0.03941122442483902
0.06692934408783913
0.16732336021959782
0.250985280610621
0.6274632015265524
0.06668308403459378
0.6667077100719325
6.158003816381097e-05
0.00015395009540952742
0.5002614427357912
0.25065360686858185
0.12598041124874726
0.31495102812186815
0.03541673079598695
0.08854182698996738
0.13281274054315872
0.8320318513433449
0.2519541462534107
0.6298853656335268
0.5708046109648421
0.4270115274412092
0.1407633466005791
0.8519083664868958
0.2856750497594476
0.7141876243986189
0.07129669588175602
0.6782417396898381
0.017854705511126667
0.04463676377781667
0.5669561068061739
0.41739026704453863
0.12611591815948486
0.31528979539871216
0.535434752702713
0.33858688178588636
0.007882244943175465
0.019705612357938662
0.5334646722767502
0.33366168072097935
0.0004926403053104877
0.0012316007632762194
0.0020915420027449727
0.005228855006862432
0.007843290019081905
0.5196082250331528
0.2833338463678956
0.708334615919739
0.06250192437437363
0.6562548109213822
0.015633170085493475
0.03908292521373369
0.5664368878351524
0.41609221961698495
0.1261067728337366
0.8152669320697896
0.28540039813378826
0.7135009953344706
0.5703735670540482
0.4259339176642243
0.14283764408901334
0.35709411022253335
0.5356488545658067
0.33912213644362055
0.008927345304982737
0.5223183632479049
0.2834780217381194
0.7086950543452986
0.06305795954540372
0.1576448988635093
0.267717378330417
0.6692934458260424
0.003941122442483902
0.009852806106209755
0.01673233602195978
0.041830840054899454
0.06274632015265524
0.1568658003816381
0.2666707710013725
0.6666769275034312
0.500015394994989
0.2500384875165764
0.1250653606839478
0.3126634017098695
0.5314951027976349
0.3287377570231911
0.008854182698996738
0.5221354567329399
0.2832031851285137
0.7080079628212843
0.5629885365488008
0.40747134140110575
0.14270115274121054
0.8567528818384744
0.2851908366428688
0.712977091607172
0.0714187624398619
0.17854690609965473
0.26782417396316305
0.6695604349079076
0.5044636763632298
0.2611591909371782
0.14173902670154348
0.3543475667538587
0.031528979539871216
0.07882244884967804
0.13385868817567825
0.33464672043919563
0.501970561221242
0.2549264030822087
0.13336616806918755
0.3334154201729689
0.00012316007632762194
0.00030790019081905484
0.0005228855006862432
0.5013072137371637
0.2519608224974945
0.6299020562437363
0.0708334615919739
0.17708365397993475
0.26562548108631745
0.6640637027157936
0.5039082925068215
0.25977073129615746
0.1416092219587881
0.8540230548824184
0.2815266932011582
0.7038167330028955
0.5713500995188951
0.4283752488263417
0.14259339176351205
0.3564834794087801
0.035709411022253335
0.08927352755563334
0.13391221364145167
0.8347805340890773
0.2522318363189697
0.6305795907974243
0.07086950543452986
0.6771737635717727
0.01576448988635093
0.039411224715877324
0.06692934458260424
0.6673233614419587
0.0009852806106209755
0.0024632015265524387
0.004183084005489945
0.010457710013724864
0.01568658003816381
0.03921645009540953
0.5666676927357912
0.41666923186858185
0.12500384874874726
0.31250962187186815
0.03126634017098695
0.07816585042746738
0.13287377569940872
0.8321844392339699
0.2522135456674732
0.6305338641686831
0.5708007962675765
0.4270019906980451
0.1407471341372002
0.8518678353284486
0.2856752881780267
0.7141882204450667
0.0712977091607172
0.6782442728872411
0.017854690609965473
0.044636726524913684
0.5669560434762388
0.41739010871970095
0.12611591909080744
0.3152897977270186
0.535434756660834
0.3385868916811887
0.007882244884967804
0.01970561221241951
0.03346467204391956
0.08366168010979891
0.1254926403053105
0.3137316007632762
0.533341542002745
0.33335385503596626
3.0790019081905484e-05
0.5000769750331528
0.2501307213678956
0.625326803419739
0.06299020562437363
0.6574755140463822
0.017708365397993475
0.04427091349498369
0.5664063702570274
0.41601592567167245
0.12597707312670536
0.8149426828022115
0.28540230548242107
0.7135057637060527
0.5703816732857376
0.4259541832434479
0.1428375248797238
0.35709381219930947
0.5356483479263261
0.33912086984491907
0.008927352755563334
0.5223183818743564
0.28347805340308696
0.7086951335077174
0.06305795907974243
0.15764489769935608
0.2677173763513565
0.6692934408783913
0.0039411224715877324
0.5098528061644174
0.2667323361383751
0.6668308403459378
0.0002463201526552439
0.0006158003816381097
0.0010457710013724864
0.002614427503431216
0.503921644994989
0.2598041125165764
0.1416669231839478
0.3541673079598695
0.5312509621726349
0.3281274054606911
0.007816585042746738
0.5195414625923149
0.2832184439175762
0.7080461097939406
0.5630533864023164
0.4076334660348948
0.14270019906689413
0.8567504976526834
0.2851867835270241
0.7129669588175602
0.07141882204450667
0.17854705511126667
0.26782442728290334
0.6695610682072584
0.5044636726379395
0.26115918162395246
0.1417390108690597
0.3543475271726493
0.03152897977270186
0.07882244943175465
0.1338586891652085
0.3346467229130212
0.001970561221241951
0.0049264030531048775
0.00836616801097989
0.020915420027449727
0.03137316007632762
0.07843290019081905
0.13333538550068624
0.8333384637371637
0.2500076974974945
0.6250192437437363
0.0625326803419739
0.15633170085493475
0.26574755139881745
0.6643688784970436
0.5044270913349465
0.26106772836646996
0.14160159256425686
0.8540039813960902
0.2814942682744004
0.703735670686001
0.5713505763560534
0.4283764409192372
0.1425954183214344
0.356488545803586
0.03570938121993095
0.08927345304982737
0.13391208698158152
0.8347802174394019
0.2522318381816149
0.6305795954540372
0.07086951335077174
0.6771737833623774
0.015764489769935608
0.03941122442483902
0.06692934408783913
0.16732336021959782
0.250985280610621
0.6274632015265524
0.06668308403459378
0.6667077100719325
6.158003816381097e-05
0.00015395009540952742
0.5002614427357912
0.25065360686858185
0.12598041124874726
0.31495102812186815
0.03541673079598695
0.08854182698996738
0.13281274054315872
0.8320318513433449
0.2519541462534107
0.6298853656335268
0.5708046109648421
0.4270115274412092
0.1407633466005791
0.8519083664868958
0.2856750497594476
0.7141876243986189
0.07129669588175602
0.6782417396898381
0.017854705511126667
0.04463676377781667
0.5669561068061739
0.41739026704453863
0.12611591815948486
0.31528979539871216
0.535434752702713
0.33858688178588636
0.007882244943175465
0.019705612357938662
0.5334646722767502
0.33366168072097935
0.0004926403053104877
0.0012316007632762194
0.0020915420027449727
0.005228855006862432
0.007843290019081905
0.5196082250331528
0.2833338463678956
0.708334615919739
0.06250192437437363
0.6562548109213822
0.015633170085493475
0.03908292521373369
0.5664368878351524
0.41609221961698495
0.1261067728337366
0.8152669320697896
0.28540039813378826
0.7135009953344706
0.5703735670540482
0.4259339176642243
0.14283764408901334
0.35709411022253335
0.5356488545658067
0.33912213644362055
0.008927345304982737
0.5223183632479049
0.2834780217381194
0.7086950543452986
0.06305795954540372
0.1576448988635093
0.267717378330417
0.6692934458260424
0.003941122442483902
0.009852806106209755
0.01673233602195978
0.041830840054899454
0.06274632015265524
0.1568658003816381
0.2666707710013725
0.6666769275034312
0.500015394994989
0.2500384875165764
0.1250653606839478
0.3126634017098695
0.5314951027976349
0.3287377570231911
0.008854182698996738
0.5221354567329399
0.2832031851285137
0.7080079628212843
0.5629885365488008
0.40747134140110575
0.14270115274121054
0.8567528818384744
0.2851908366428688
0.712977091607172
0.0714187624398619
0.17854690609965473
0.26782417396316305
0.6695604349079076
0.5044636763632298
0.2611591909371782
0.14173902670154348
0.3543475667538587
0.031528979539871216
0.07882244884967804
0.13385868817567825
0.33464672043919563
0.501970561221242
0.2549264030822087
0.13336616806918755
0.3334154201729689
0.00012316007632762194
0.00030790019081905484
0.0005228855006862432
0.5013072137371637
0.2519608224974945
0.6299020562437363
0.0708334615919739
0.17708365397993475
0.26562548108631745
0.6640637027157936
0.5039082925068215
0.25977073129615746
0.1416092219587881
0.8540230548824184
0.2815266932011582
0.7038167330028955
0.5713500995188951
0.4283752488263417
0.14259339176351205
0.3564834794087801
0.035709411022253335
0.08927352755563334
0.13391221364145167
0.8347805340890773
0.2522318363189697
0.6305795907974243
0.07086950543452986
0.6771737635717727
0.01576448988635093
0.039411224715877324
0.06692934458260424
0.6673233614419587
0.0009852806106209755
0.0024632015265524387
0.004183084005489945
0.010457710013724864
0.01568658003816381
0.03921645009540953
0.5666676927357912
0.41666923186858185
0.12500384874874726
0.31250962187186815
0.03126634017098695
0.07816585042746738
0.13287377569940872
0.8321844392339699
0.2522135456674732
0.6305338641686831
0.5708007962675765
0.4270019906980451
0.1407471341372002
0.8518678353284486
0.2856752881780267
0.7141882204450667
0.0712977091607172
0.6782442728872411
0.017854690609965473
0.044636726524913684
0.5669560434762388
0.41739010871970095
0.12611591909080744
0.3152897977270186
0.535434756660834
0.3385868916811887
0.007882244884967804
0.01970561221241951
0.03346467204391956
0.08366168010979891
0.1254926403053105
0.3137316007632762
0.533341542002745
0.33335385503596626
3.0790019081905484e-05
0.5000769750331528
0.2501307213678956
0.625326803419739
0.06299020562437363
0.6574755140463822
0.017708365397993475
0.04427091349498369
0.5664063702570274
0.41601592567167245
0.12597707312670536
0.8149426828022115
0.28540230548242107
0.7135057637060527
0.5703816732857376
0.4259541832434479
0.1428375248797238
0.35709381219930947
0.5356483479263261
0.33912086984491907
0.008927352755563334
0.5223183818743564
0.28347805340308696
0.7086951335077174
0.06305795907974243
0.15764489769935608
0.2677173763513565
0.6692934408783913
0.0039411224715877324
0.5098528061644174
0.2667323361383751
0.6668308403459378
0.0002463201526552439
0.0006158003816381097
0.0010457710013724864
0.002614427503431216
0.503921644994989
0.2598041125165764
0.1416669231839478
0.3541673079598695
0.5312509621726349
0.3281274054606911
0.007816585042746738
0.5195414625923149
0.2832184439175762
0.7080461097939406
0.5630533864023164
0.4076334660348948
0.14270019906689413
0.8567504976526834
0.2851867835270241
0.7129669588175602
0.07141882204450667
0.17854705511126667
0.26782442728290334
0.6695610682072584
0.5044636726379395
0.26115918162395246
0.1417390108690597
0.3543475271726493
0.03152897977270186
0.07882244943175465
0.1338586891652085
0.3346467229130212
0.001970561221241951
0.0049264030531048775
0.00836616801097989
0.020915420027449727
0.03137316007632762
0.07843290019081905
0.13333538550068624
0.8333384637371637
0.2500076974974945
0.6250192437437363
0.0625326803419739
0.15633170085493475
0.26574755139881745
0.6643688784970436
0.5044270913349465
0.26106772836646996
0.14160159256425686
0.8540039813960902
0.2814942682744004
0.703735670686001
0.5713505763560534
0.4283764409192372
0.1425954183214344
0.356488545803586
0.03570938121993095
0.08927345304982737
0.13391208698158152
0.8347802174394019
0.2522318381816149
0.6305795954540372
0.07086951335077174
0.6771737833623774
0.015764489769935608
0.03941122442483902
0.06692934408783913
0.16732336021959782
0.250985280610621
0.6274632015265524
0.06668308403459378
0.6667077100719325
6.158003816381097e-05
0.00015395009540952742
0.5002614427357912
0.25065360686858185
0.12598041124874726
0.31495102812186815
0.03541673079598695
0.08854182698996738
0.13281274054315872
0.8320318513433449
0.2519541462534107
0.6298853656335268
0.5708046109648421
0.4270115274412092
0.1407633466005791
0.8519083664868958
0.2856750497594476
0.7141876243986189
0.07129669588175602
0.6782417396898381
0.017854705511126667
0.04463676377781667
0.5669561068061739
0.41739026704453863
0.12611591815948486
0.31528979539871216
0.535434752702713
0.33858688178588636
0.007882244943175465
0.019705612357938662
0.5334646722767502
0.33366168072097935
0.0004926403053104877
0.0012316007632762194
0.0020915420027449727
0.005228855006862432
0.007843290019081905
0.5196082250331528
0.2833338463678956
0.708334615919739
0.06250192437437363
0.6562548109213822
0.015633170085493475
0.03908292521373369
0.5664368878351524
0.41609221961698495
0.1261067728337366
0.8152669320697896
0.28540039813378826
0.7135009953344706
0.5703735670540482
0.4259339176642243
0.14283764408901334
0.35709411022253335
0.5356488545658067
0.33912213644362055
0.008927345304982737
0.5223183632479049
0.2834780217381194
0.7086950543452986
0.06305795954540372
0.1576448988635093
0.267717378330417
0.6692934458260424
0.003941122442483902
0.009852806106209755
0.01673233602195978
0.041830840054899454
0.06274632015265524
0.1568658003816381
0.2666707710013725
0.6666769275034312
0.500015394994989
0.2500384875165764
0.1250653606839478
0.3126634017098695
0.5314951027976349
0.3287377570231911
0.008854182698996738
0.5221354567329399
0.2832031851285137
0.7080079628212843
0.5629885365488008
0.40747134140110575
0.14270115274121054
0.8567528818384744
