3.814697265625e-06
0.9999942779249977
1.049041748046875e-05
0.9999880790419411
2.2172927856445312e-05
0.9999743699736428
3.8564205169677734e-05
0.9999426305002999
8.989870548248291e-05
0.9998956694907974
0.00015662238001823425
0.9997653197206091
0.00035394448786973953
0.9995949831500184
0.0006152146961539984
0.9990772989985999
0.0014455635682679713
0.9983237505657598
0.5025143899547402
0.7462437055364717
0.6306651995691936
0.5560168396914378
0.2285987255454529
0.40710955596296117
0.8903122883639298
0.6802177222562023
0.04217723314650357
0.9408845446014311
0.0930992005742155
0.8916031367261894
0.6625972320325673
0.014404992776690051
0.49499431569711305
0.2586071634432301
0.6130658326728735
0.7093381382583175
0.6939283170795534
0.7169200253265444
0.7058699694753159
0.6922327030624729
0.7127496976172552
0.21421614653081633
0.4639712703647092
0.8393366884265561
0.27665481794974767
0.12019130945554934
0.4486366942001041
0.33147192987962626
0.00724957903730683
0.4974895938357804
0.25432256248313934
0.6190654726524372
0.6984161914733704
0.7063511079759337
0.19444921368267387
0.9662693630962167
0.08234293936402537
0.37649417587090284
0.9372433398675639
0.156880203721812
0.2646806481934618
0.1186059667088557
0.4475947128958069
0.8286384523962624
0.757073319517076
0.8724476224451791
0.31682067760266364
0.5253183595777955
0.7452868611435406
0.1360389028559439
0.7999165641958825
0.8666535338270478
0.8333205999224447
0.7500267453142442
0.8749904163414612
0.8125162995711435
0.28122558232280426
0.10941973482840694
0.4608866120688617
0.8164825967687648
0.2752761646406725
0.620296511129709
0.6985225222015288
0.7061243890202604
0.1947196967084892
0.966221742797643
0.5824066803033929
0.6268801720580086
0.061697720928350464
0.47002232202794403
0.7950351819454227
0.32320294054807164
0.01618085487280041
0.975737434840994
0.04423795311595313
0.4493301937181968
0.34175286936806515
0.520575862377882
0.21914396990905516
0.42180297992308624
0.3829820569953881
0.9255898723495193
0.6780901227612048
0.0532994159439113
0.49036385302315466
0.2722743517078925
0.1004386967397295
0.9832551295985468
0.5418430990539491
0.18833781566354446
0.4686071850883309
0.328461532946676
0.5074307264003437
0.7468038011575118
0.1300384425849188
0.3049463892239146
0.605096181796398
0.2213840494514443
0.9181680664187297
0.6386179951077793
0.5596587626787368
0.7230426119931508
0.6659243632748257
0.5030666401144117
0.24932167152292095
0.3760787663923111
0.4360077504243236
0.40898048543022014
0.3875212128041312
0.9353202219645027
0.16147282187012024
0.2579128672950901
0.6132530077593401
0.2090272188943345
0.4442879474372603
0.8423743745079264
0.7677209232060704
0.34842076143831946
0.1033473351271823
0.9719473810691852
0.04601593627012335
0.4467272228503134
0.3304017460613977
0.00440122585860081
0.4934057905920781
0.7601359334075823
0.8602843960106838
0.33561291100340895
0.0043969521357212216
0.49340457969810814
0.7601375248341355
0.3602839316299651
0.08561170205939561
0.879395423718961
0.18090787771507166
0.2913823241542559
0.06341481013805605
0.40591562271583825
0.922377042734297
0.1789502311439719
0.30213225141051225
0.10978990435251035
0.46086833416484296
0.8165791419742163
0.2751923222676851
0.6204756767256185
0.19832246532314457
0.45642261346802115
0.8197625798347872
0.2787180735031143
0.6136611709662247
0.7050122604414355
0.6944967831950635
0.21606732610962354
0.4571528414671775
0.3143932869134005
0.030363194731762633
0.485735844791634
0.2718854714476038
0.10047257406404242
0.9830802023061551
0.5410657931352034
0.1884624683589209
0.46828309836564586
0.8288334737881087
0.7570025297463872
0.8723240237450227
0.8165139648190234
0.2753520786354784
0.12018264015205204
0.9486322971933987
0.0814766627154313
0.8822410496068187
0.6849401623476297
0.035581856122007594
0.4471765621274244
0.3311884014692623
0.007139152439776808
0.9971667212666944
0.504372018185677
0.7439307317545172
0.636060843069572
0.049830246018245816
0.9916924155259039
0.020763238368090242
0.9688589575816877
0.5468336339108646
0.19537466831388883
0.4569382361660246
0.3185299199540168
0.5300796088704374
0.7371691455482505
0.14534694195026532
0.7829637789400294
0.8275074863631744
0.2744863194820937
0.11952433557598852
0.4462019046477508
0.33167384055559523
0.006395727570634335
0.9982804208411835
0.5028244779095985
0.246741812559776
0.8798949142510537
0.18017312584561296
0.2927288616192527
0.5648134362418205
0.1529038232692983
0.30189810969750397
0.10965677027706988
0.4605229508015327
0.8170433327904902
0.7744655486312695
0.8696146204601973
0.8210663514619227
0.26938514347421005
0.5999592030420899
0.23301197818364017
0.4162300571624655
0.3759001286816783
0.9371417493093759
0.6567874989414122
0.5148837356246077
0.24355140543775633
0.8851688024587929
0.6727436755027156
0.5543773811077699
0.238808417605469
0.3917883589165285
0.9125655398529489
0.13948299278854392
0.3073770771443378
0.10241119310376234
0.4724837653920986
0.7951844314811751
0.822852228913689
0.26585147556033917
0.10148266289616004
0.9806037681410089
0.5447365287982393
0.7005363041243982
0.7149445819668472
0.2089573468256276
0.43852091967710294
0.34223389416001737
0.5183876802620944
0.7233959958539344
0.16589025768917054
0.7532398124749307
0.37404676972073503
0.06396087055327371
0.9045507919508964
0.6744238120445516
0.5509864715277217
0.2362723020487465
0.897545178537257
0.6615252497431356
0.5082347389252391
0.7381974465097301
0.1466100804391317
0.7879012538469397
0.8269983365316875
0.7762262620963156
0.8680247368465643
0.3240786938695237
0.5179255531693343
0.7232490589667577
0.6652657709491905
0.5023628888302483
0.24696112901438028
0.8805520499881823
0.18118823095574044
0.2926726878795307
0.0651433278399054
0.402533205691725
0.9277019614528399
0.17293071548920125
0.8031048822740559
0.36614345785346813
0.08463514928007498
0.8808602566132322
0.6865231283300091
0.5336919296241831
0.6994621669873595
0.21667613598401658
0.4581893983122427
0.31277741451049224
0.5308348467806354
0.23501304819365032
0.3975109489983879
0.9116075926576741
0.6330788293853402
0.0503893852874171
0.49094436949235387
0.27164057904155925
0.6003554470371455
0.233271151635563
0.4168169352633413
0.37575139812543057
0.4373532875615638
0.4065997685829643
0.3902386298868805
0.9303901983366814
0.16715979686705396
0.7531818136922084
0.8741336491075344
0.8139254122506827
0.7796078229730483
0.3618459564750083
0.5822625365108252
0.12685034328023903
0.3116778568655718
0.09498513693688437
0.9825375535874628
0.5419408004381694
0.18806548847351223
0.9679027209349442
0.07940354800666682
0.3809557433996815
0.43650101573439315
0.9087255166377872
0.6369155415741261
0.5605112137855031
0.22371695598121732
0.9144553373625968
0.12883962425985374
0.3107078636530787
0.5964392177702393
0.7313216716866009
0.16974124655826017
0.7629663783009164
0.8712062036502175
0.8183146723895334
0.7744811173179187
0.8695360129931942
0.8212148985185195
0.269215503212763
0.10014498446253128
0.48265796579653397
0.7918898809002712
0.8131419795390684
0.2802870307059493
0.11083471655729227
0.4592363258416299
0.31895824964158237
0.5295010412519332
0.7372502100770362
0.14510983042418957
0.7823658315173816
0.32645125361159444
0.5259490881289821
0.7423283051466569
0.1365113574138377
0.29914684512186795
0.613795244396897
0.7043386344739702
0.6937362187891267
0.21770029846811667
0.9557410279521719
0.5664572418027092
0.6503756493038964
0.5576396659016609
0.22995438051293604
0.4094629641913343
0.3897118111490272
0.9310577759169973
0.666433118400164
0.0009015759278554469
0.49968535668449476
0.7505406294949353
0.8742586739535909
0.3138637667289004
0.5297002758888993
0.7371964509657118
0.6451971467176918
0.5322655535128433
0.7016026234196033
0.713713220495265
0.21168731659417972
0.964695826463867
0.5882355342619121
0.14902068368974142
0.3078448745945934
0.10489857592619956
0.9720466673315968
0.04632554546697065
0.9466861213441007
0.5804592186468653
0.12981484638294205
0.8063155832351185
0.8549835797166452
0.8464347104600165
0.35559219602146186
0.1072371827904135
0.9817834157438483
0.0430719802970998
0.9511545972782187
0.590863395424094
0.14497022895375267
0.783048263634555
0.8274132820370141
0.2745072301768232
0.11961337825050578
0.9460837417864241
0.5818511882098392
0.13113352077198215
0.3111432449077256
0.5959072364494205
0.23139094884390943
0.4195237264793832
0.3883230565697886
0.9350937822600827
0.6618134131713305
0.5094790536968503
0.7379825002572034
0.6471845117921475
0.5373103979800362
0.7020920057257172
0.713464523490984
0.21108567039482296
0.9646559467946645
0.08823718345956877
0.8990205866284668
0.6828454818751197
0.542397903627716
0.19079821268678643
0.468197749578394
0.8295037071511615
0.25623469494166784
0.12395070600905456
0.440115591743961
0.8398952843563166
0.2714757455396466
0.5947481048642658
0.23288550280267373
0.9167926862137392
0.6258038089436013
0.5622719257080462
0.7190931881195866
0.17149005207465962
0.7585273701697588
0.8624703706882428
0.3352181143127382
0.5050025114032906
0.7426202275091782
0.1365600875869859
0.2990985453943722
0.6138865758548491
0.2042924488778226
0.9438054675119929
0.5925964097841643
0.1433396982611157
0.7859975326573476
0.8221023640653584
0.2688005959207658
0.10070738266222179
0.9818736164306756
0.043302990787196904
0.950701508205384
0.5915268200624269
0.6461580042960122
0.032718055677833036
0.4528799763065763
0.836549179861322
0.7764267070160713
0.3705777015420608
0.573528932814952
0.14362816960783675
0.7884793148841709
0.8256128051725682
0.2777570235193707
0.6151639003073797
0.20427605873555876
0.4436555338324979
0.8423978786740918
0.2677831210603472
0.09857804313651286
0.47811713474220596
0.28480797036900185
0.07669530968996696
0.4005831104295794
0.4306213897652924
0.9175482925202232
0.12759156001266092
0.8086436548328493
0.34959555385285057
0.10256170900538564
0.9711653042759281
0.0437403250252828
0.950991135003278
0.09109190307208337
0.39464361662976444
0.9081585685198661
0.13971530395792797
0.806059792637825
0.8539300635166001
0.34465422853827477
0.6090562846220564
0.7271035769954324
0.1594134182378184
0.26503027116996236
0.11856835969956592
0.9476434316020459
0.5790383935382124
0.6324819306028076
0.05908972513861954
0.9738654122629669
0.039449866802897304
0.9413211737410165
0.591933072428219
0.14336660472326912
0.2859886740334332
0.5721166946168523
0.6439039757242426
0.038187615951756015
0.4506532660452649
0.8401336242968682
0.2710648223583121
0.09535589237930253
0.9839231327641755
0.5397479935490992
0.69063836656278
0.21822431619511917
0.9544333079829812
0.5683844894811045
0.6552662912290543
0.04932713400921784
0.48851335313520394
0.2674784034898039
0.10074368663481437
0.4816974488494452
0.2930793036648538
0.07613198921899311
0.403387831087457
0.42617689789040014
0.9237545325304382
0.678883315238636
0.05204951617633924
0.984488787886221
0.5233965187799186
0.2227177525346633
0.4159238499996718
0.3780978676804807
0.4368206103972625
0.4073378839821089
0.3891154827433638
0.9324400573386811
0.664824120758567
0.0037710181204602122
0.9983720352465753
0.0024429008190054446
0.4963375570368953
0.7557378367055207
0.8683464332425501
0.3225416275090538
0.5161880397354253
0.22573369089514017
0.9192434944852721
0.1368207938503474
0.8105196951364633
0.3486778739024885
0.6019984479062259
0.22249072857084684
0.42017063419916667
0.3853700321633369
0.9220689293870237
0.17964468797435984
0.8008494177483954
0.8612339795799926
0.8351326731790323
0.2551745403034147
0.11730116195394658
0.44917802020790987
0.3301392199064139
0.004791170125827193
0.9938203546626028
0.0112836878397502
0.9870494498172775
0.5196700850792695
0.7204967797442805
0.6712155926506966
0.008816930319881067
0.4868053615500685
0.27028073169640265
0.09555738916969858
0.48374680065899156
0.29014212821493857
0.06492413862724788
0.40311924315756187
0.9275629644398578
0.6731239520013332
0.05284661610494368
0.49116679377038963
0.27204104739939794
0.5997588269528933
0.2332050462719053
0.91685530016548
0.12581618927652016
0.8122599377529696
0.8441101268690545
0.3589589103066828
0.10219069148297422
0.47171420537051745
0.2963351877988316
0.571612436673604
0.14258516012341715
0.28613036789465696
0.5717815470707137
0.6442812812456395
0.5377303910790943
0.20122078858548775
0.9638586669461802
0.5864461951714475
0.6515812138968613
0.5580291062942706
0.22986619808943942
0.909595302073285
0.6400664959510323
0.5560823295381851
0.22893345984630287
0.9071567643841263
0.14031109475763515
0.8052280962001532
0.8547276089375373
0.3470676963333972
0.6088017039000988
0.22791944255004637
0.40862546584685333
0.38761220540618524
0.9351843426120467
0.6616805617231876
0.009493451652815565
0.4879572223580908
0.2719859304197598
0.09985078539466485
0.9832804778707214
0.541680907132104
0.18754170098691247
0.4686915017373394
0.32821275110472925
0.0077114058076404035
0.996247299539391
0.5056290506618097
0.24352528832969256
0.38483509892830625
0.9227484244620427
0.6793578601500485
0.5512834621185903
0.7355901997361798
0.6468590803851839
0.5380131153506227
0.20183425419963896
0.9629423428268638
0.0869053925271146
0.9018770569819026
0.6823483090265654
0.03922936791786924
0.9411721605574712
0.5921480096003506
0.6431502980703954
0.5352822121058125
0.6970766827871557
0.7064010443282314
0.19443062995560467
0.9662924437725451
0.08231487817829475
0.8765281898085959
0.6871613766998053
0.03178947322885506
0.45237880063359626
0.3373029140639119
0.5257917856215499
0.24305061117047444
0.8864006531657651
0.6743667971168179
0.5510118239035364
0.7362283429247327
0.1476183629129082
0.7863849556015339
0.32042304350761697
0.5194913274026476
0.22467690362827852
0.9208057872019708
0.635424473992316
0.5469253991032019
0.24217401308123954
0.39455352182267234
0.9081774660735391
0.6396870460011996
0.05609492270741612
0.9788497118570376
0.031755953532410786
0.4523660999548156
0.3373202290968038
0.5257598523749039
0.24310232573770918
0.3863841239362955
0.9243301832757425
0.17602046160027385
0.7987144055950921
0.36638247792143375
0.5833037521515507
0.6251130372693297
0.5624601746094413
0.2188176077324897
0.9217821714410093
0.13298226793995127
0.800587649049703
0.865586765226908
0.8345563297916669
0.25598587686545216
0.12383369225426577
0.44028706682729535
0.3406685245281551
0.0213468304136768
0.9700702382542659
0.045016835880232975
0.44822563536581583
0.32865337195107713
0.5070199494948611
0.24752768539474346
0.3792273009894416
0.931159050349379
0.16772217888501473
0.2525676140212454
0.6211486087413505
0.19334005916607566
0.4619470930774696
0.8383293603546917
0.7742595590825658
0.37086965644266456
0.5726017657725606
0.6412198989710305
0.5383074955607299
0.7005953972984571
0.7152240037394222
0.7089177803718485
0.18863750447053462
0.9670446969394106
0.0806868894433137
0.37909174369997345
0.43160652517690323
0.4170740951958578
0.3782970184984151
0.43694906309247017
0.9076257813430857
0.13904973026365042
0.8075541904836427
0.35220821970142424
0.5966877002210822
0.7338752101059072
0.16530434059677646
0.7520511187030934
0.872053979022894
0.8179119256092235
0.7750861911626998
0.37081896237214096
0.0729525838396512
0.8908152653020807
0.664028879487887
0.011799936735769734
0.49792509686085396
0.2550655413942877
0.11746284598484635
0.9488059694122057
0.08071256976108998
0.8789616796711925
0.18161863487330265
0.2920261263498105
0.5658709068084136
0.155603463324951
0.29787538218079135
0.6157183981849812
0.2097270023659803
0.944198812241666
0.5926131835731212
0.6433144463517237
0.536004926514579
0.6970931843388826
0.20631722648977302
0.4444342287897598
0.3412908606987912
0.019817755615804344
0.9702891617780551
0.5465366159623954
0.6958506616356317
0.7062851097725797
0.6947247599891853
0.7162215174175799
0.20740625096368603
0.43937917324365117
0.3429458780447021
0.5168931717344094
0.724723214720143
0.6708574972581118
0.010315317515050992
0.4845275043917354
0.2732392685429659
0.09801464734482579
0.47810778851271607
0.2847915623569861
0.5767209367186297
0.6506048834125977
0.5555868156952783
0.23011159864836372
0.4087393288500607
0.8869520418520551
0.18544119724538177
0.7862915679870639
0.3205707845336292
0.019160036579705775
0.9752892190881539
0.045123884890927
0.4481871284369845
0.32870350015582517
0.5069753939751536
0.24734966232790612
0.378976477048127
0.4315372087585274
0.4171511880122125
0.8781873376283329
0.1866405043983832
0.7826622710854281
0.32649594752001576
0.02588489363552071
0.49243031966034323
0.761598782177316
0.36150831702980213
0.08279952095472254
0.3767792182043195
0.9367862050130498
0.15732450759969652
0.7641431915981229
0.36991402093553916
0.5711065182695165
0.14431681486894377
0.2874615750624798
0.5767422710196115
0.1505193420452997
0.8054795709031168
0.35531825621728785
0.0960511743905954
0.9810615251190029
0.544171956658829
0.19962840154767036
0.9666879046417307
0.08318867441266775
0.875279938307358
0.18708200030960143
0.7818791452737059
0.3271853390033357
0.5248548669624142
0.24447150802006945
0.883324210124556
0.6750442023621872
0.05408793155220337
0.4896727582090534
0.7660441129701212
0.8514912568789441
0.35563666475354694
0.107231038127793
0.4818002328102011
0.293046722013969
0.5760568261612207
0.15350063805817626
0.3010600856214296
0.11091034885612316
0.4605895686545409
0.8169319654116407
0.7746096812479664
0.3695949967659544
0.07112678236444481
0.3942883260897361
0.9124737911042757
0.6392240037675947
0.05678995171911083
0.47734559010132216
0.28501921260613017
0.07649956122622825
0.4008834072155878
0.9299251284974162
0.16785646279458888
0.25212155579356477
0.6218788246042095
0.19322723645018414
0.9622348174452782
0.5878978036053013
0.6494109574705362
0.05811036468367092
0.4792407038912643
0.28138314810348675
0.5779292194056325
0.1487924521206878
0.8081836389028467
0.8541327287675813
0.8438085362140555
0.35934870861819945
0.10160247547901236
0.472598197957268
0.29501277158851735
0.07313642025110312
0.39127205131808296
0.9131000441266224
0.6381786471756641
0.5588462641753722
0.7242315872281324
0.6657317487988621
0.003607279242714867
0.49874710870790295
0.2521542337781284
0.12201374454889446
0.9429560052521992
0.08754963471437804
0.4019096677948255
0.4323537408490665
0.9142173514701426
0.6286740919749718
0.5609103710157797
0.22125654449337162
0.4181152447126806
0.8884846789005678
0.1849162025609985
0.7852480048604775
0.3222503312572371
0.018592917156638578
0.4760169049841352
0.7942792719695717
0.8242366691993084
0.2792709499481134
0.6142976576811634
0.20355545106576756
0.9451590385288
0.5901044672064018
0.646093784365803
0.03294268457102589
0.4527994514501188
0.33642583864275366
0.5266113034740556
0.7454834372911137
0.6361693773651496
0.05020150405471213
0.4915923049557023
0.7709275828092359
0.8441579430946149
0.8592551831388846
0.8517423481971491
0.34744752032565884
0.10773497718037106
0.47902259475085884
0.7814700417511631
0.32804696072707884
0.023569834447698668
0.4958962168893777
0.7601240331423469
0.8599436518270522
0.8350845520326402
0.25518769858172163
0.6172797266044654
0.19920272252056748
0.9551176708482672
0.06732400038163178
0.399990562844323
0.4332477982970886
0.916534791176673
0.6251982905087061
0.062462024157866836
0.9688375483674463
0.046778069401625544
0.9454885345185176
0.5818282407999504
0.6311677035118919
0.5610648192232475
0.2209334083891008
0.41884450579527766
0.8883424480736721
0.18507208229857497
0.2868602642847691
0.07190783077385277
0.8940923478512559
0.16283260835916735
0.263815478538163
0.6199094115581829
0.6961200820223894
0.7068127116071992
0.19371877325465903
0.9673574991174974
0.5802177019650117
0.12967358299647458
0.3064663239638321
0.6047538944403641
0.22177590214414522
0.9213654377381317
0.634067093662452
0.04890317626995966
0.9891607348690741
0.5172662201221101
0.22611579130170867
0.9186426577507518
0.637905154901091
0.059041925822384655
0.974427299835952
0.04031217526062392
0.43956273162621073
0.3407789863704238
0.02105808339547366
0.9703660008090083
0.046435118216322735
0.4460343114915304
0.8311937464750372
0.7571175380726345
0.8721438520587981
0.8167995998810511
0.27531987603288144
0.620286255289102
0.6985379320394713
0.7061681357154157
0.6947847073315643
0.21613135799998417
0.9570606221677735
0.564440597576322
0.6552933024649974
0.548311001912225
0.24052369315177202
0.8970423382415902
0.16224899305962026
0.7644395188835915
0.3699433012516238
0.5710635216673836
0.14438509885803796
0.2874585402896628
0.5767620191036258
0.6506050554162357
0.5555876313301269
0.7301105084188748
0.6587406214966904
0.5119540521409363
0.24794594696140848
0.38004184895544313
0.42994582463870756
0.41759759656270035
0.37763287912821397
0.9337958058458753
0.6620543694589287
0.008879200177034363
0.48671171741443686
0.27042095121578313
0.09534610470291227
0.9839358906319831
0.03978607538738288
0.4405728953424841
0.8430545363517012
0.26667678233934566
0.6000011583673768
0.23333051515510306
0.916667809302453
0.6250022217864171
0.06249666915391572
0.4687550037051551
0.7968677330645733
0.8203238774440251
0.7695180585724302
0.8496291658375412
0.8583697048889007
0.3540490317973308
0.5939417112967931
0.23433160391869023
0.9141280746553093
0.6288088416622486
0.560725531715434
0.22147655993467197
0.9187655377318151
0.6384575474075973
0.05992232516291551
0.472738701995695
0.290900053223595
0.5656116300669964
0.6555508236051537
0.04792483744677156
0.9906289641803596
0.022389768302673474
0.4752655643969774
0.79497518853168
0.3232309124432504
0.5161302552733105
0.7258065860951319
0.16935451750759967
0.2620967637631111
0.6229838714352809
0.1925403203931637
0.9611895203124732
0.5894657353346702
0.6510836531524546
0.054876528680324554
0.9804372451908421
0.03328188695013523
0.9500771993480157
0.09148579416796565
0.8960374395537656
0.1579008997650817
0.7653498498548288
0.3678753751737531
0.07343107796623372
0.3940114068973344
0.41340892217704095
0.38769917632453144
0.9340762960200664
0.161875746503938
0.7591433273628354
0.8614113707735669
0.33289057365618646
0.5016407057119068
0.74955360830063
0.12567346182186157
0.8117340074677486
0.34517466215766035
0.10772832212387584
0.47903251691604964
0.2814817426551599
0.07802248030202463
0.8985912795178592
0.6833633191126864
0.5413770071463659
0.18805757284280844
0.4679136407212354
0.8293833684874699
0.7559330544027034
0.3739281771995593
0.065114937198814
0.9023905445937999
0.6777252182364464
0.04787343365023844
0.49069849590887316
0.2722606667666696
0.6004133220412768
0.2331700330832973
0.9168465128459502
0.12583673137123697
0.3123592718329746
0.09409895777935162
0.983990799752064
0.5397761443455238
0.6905952443776187
0.7180306688533165
0.2042214012471959
0.9437918794865254
0.09261488428455777
0.3933369003352709
0.911005545174703
0.6345903783512767
0.5500678034150042
0.24130836699623615
0.8959796566341538
0.1565350246091839
0.2651985370030161
0.11782814920297824
0.44828829760081135
0.33153496551676653
0.007099846581695601
0.49716296876431443
0.254377618082799
0.6189371277869213
0.6985475525434595
0.7060851635178551
0.1948090264631901
0.46608724945690483
0.8321267854480539
0.2519319522252772
0.12405716546345502
0.9389181931328494
0.0921262503543403
0.39309161898563616
0.4103936255269218
0.38465465599438176
0.9249749705777504
0.6790048888651654
0.05186644397326745
0.4848243116866797
0.7732594589178916
0.3479233731632121
0.6031455770134926
0.22236064446042292
0.420609427645104
0.3849559677182697
0.9228178491466679
0.6792803361313418
0.05139205910381861
0.48541239189216867
0.7719424510141835
0.8503871200664435
0.3582236714719329
0.10426629416178912
0.9695809368568007
0.046734920266317204
0.4456600753474049
0.8316477005719207
0.7565739439451136
0.8732110132696107
0.8151988580648322
0.27819544248632155
0.11505547104752623
0.45437042517005466
0.318476846878184
0.03022318219882436
0.4868956718710251
0.7696604344528168
0.8455174629052635
0.35873797425301746
0.602640139637515
0.22116376910707913
0.4187464433198329
0.3884976351109799
0.43483168733655475
0.4102524690970313
0.38474432079237886
0.4248385520768352
0.9291522384155542
0.6770879245304968
0.5468986383057199
0.24218351423041895
0.8945410433225334
0.6581884387123864
0.5146705937804654
0.24362699201446958
0.3850482709822245
0.9224280712660402
0.6788617673737463
0.5520503665902652
0.234486453817226
0.8983934624411631
0.16022421742673032
0.25967130743083544
0.11247680807719007
0.9602525647496805
0.5674966107180808
0.6488848004082683
0.5584111104544718
0.7287900611700024
0.6568454277585261
0.014854055538307875
0.993595821026247
0.5100948032340966
0.23488832806469873
0.8976980422157794
0.6615096964815166
0.5082277897163294
0.2382119550020434
0.896657015546225
0.6628880458010826
0.5145185099972878
0.7449535014166031
0.6335464337898884
0.550658827094594
0.7405400801508222
0.6470024398586247
0.5373395999486092
0.7020477175537962
0.7135381082480308
0.710951482236851
0.21483803540468216
0.9628991968638729
0.08690216206014156
0.90187714152853
0.1823484138585627
0.7892291641037446
0.316172466496937
0.5296486240404192
0.7369000953913201
0.6446574863221031
0.5330138899153098
0.2024952330684755
0.46200803632382303
0.8383600232482422
0.2742137585009914
0.12092312090680934
0.44753682787995785
0.8287257544288877
0.2570354056369979
0.12250353215495124
0.9417406272841617
0.5874196967633907
0.652073818288045
0.5572906206070911
0.7265659843105823
0.16015486800461076
0.26367400769959204
0.12011422871728428
0.4458061805344187
0.8312926369835623
0.7572133424691856
0.8724848243582528
0.3168220875086263
0.5253161925647873
0.7452917945047375
0.6360372536000796
0.049911912297829986
0.9916609920037445
0.020816922711674124
0.968774615903385
0.5468705606472213
0.6953230929502752
0.7070193094550632
0.19338157825404778
0.9677477619843557
0.5806049343955237
0.6290931050607469
0.5566083574085496
0.2295711073675193
0.9095505463192239
0.6400697846256662
0.5560715468309354
0.7288848063908517
0.1571650074038189
0.26529056546860375
0.11768915923312306
0.9484815497125965
0.08142901991959661
0.8822510018071625
0.18498937427648343
0.2855733761098236
0.5721897458133753
0.6437300779507495
0.0383797975955531
0.9503038405964617
0.0902932801109273
0.39630611712345853
0.9074939492857084
0.6387900709232781
0.5575658382440452
0.7271278051484842
0.6593092608673032
0.5149501073756255
0.2432608777889982
0.8852326609485317
0.17264143560896628
0.30451822563190944
0.11355042405193672
0.9547051203553565
0.5700184684246778
0.1530328122607898
0.30194492315058596
0.10982700920430943
0.9607802223763429
0.5666764991474338
0.15002006222493947
0.8082994530850556
0.35420550260460004
0.5939401935902424
0.23434201697818935
0.9141429698502179
0.1287860258598812
0.810729178134352
0.8464672679256182
0.35627567570190877
0.6072034287790302
0.731804453098448
0.6680404204817023
0.5135682175750844
0.2472296731430106
0.8791632390930317
0.6812708806828596
0.04266888916026801
0.9401489651354495
0.09005311786313541
0.3964488035417162
0.9073106910218485
0.63906474923715
0.05755049150320701
0.47721186248236336
0.28418318973854184
0.5776353396649938
0.6496603389969096
0.05675973035977222
0.47748342889826745
0.7847533339227084
0.3268086889584083
0.025446539104450494
0.9931412264704704
0.5112647823698353
0.7370128948241472
0.14474005714873783
0.2831655419722665
0.07723536127014086
0.8998062924365513
0.6820631769369356
0.03995838080300018
0.9410433128359728
0.5923456358141266
0.1427930624340661
0.7860550275072455
0.8219098164408933
0.26908935443498194
0.6003332683758345
0.7325644271331839
0.16677883634110913
0.7508083116845228
0.8747793686343357
0.8128614953311626
0.28083370163221844
0.11000374279683456
0.9599982046638615
0.5678228372707963
0.1487697907432448
0.30812636835617013
0.10421860573114827
0.9689162357244641
0.5466409647779074
0.6956636721151881
0.20662681566318497
0.9439736726344563
0.5918520059203729
0.1435349936655257
0.2856780077563599
0.5714869222429115
0.6430294929014053
0.5359745744499378
0.19704523350810632
0.9564167762291618
0.5694070321042091
0.15370201141922735
0.3011855100921821
0.11121765387360938
0.4601419104146771
0.8176625919877551
0.7735062321298756
0.8709906517760828
0.8224240907293279
0.26637150076567195
0.10143553881789558
0.48078233542037196
0.2944524523918517
0.5759032908827066
0.153975077875657
0.30225576789234765
0.11106947687221691
0.9605940116452985
0.5669291270314716
0.14960634015733376
0.8070866569178179
0.8523623526853044
0.347440905024996
0.10777565601165406
0.47908457022276707
0.2813731446512975
0.5779402848565951
0.1487756674468983
0.3082086883368902
0.6042308001196943
0.21891510701971129
0.9216425982303917
0.6331764210190158
0.5503594655310735
0.2408691979071591
0.39654113177675754
0.9130656670604367
0.13919080127379857
0.3068387991224881
0.10250126416212879
0.47225531059666537
0.2955576239328366
0.07231908934772946
0.39158246165607125
0.9136066846840549
0.13740248788963072
0.30978163800318725
0.0981041383347474
0.9783339815330692
0.5344540618825704
0.20225592804490589
0.46236344656790607
0.338201009464683
0.023948993359226733
0.9953570610377938
0.5111186435387935
0.7377168044331484
0.14788036368554458
0.7865489640389569
0.820725996978581
0.7694622282579076
0.34978157258592546
0.6082012358529028
0.7293609823682345
0.157065280363895
0.7653872249939013
0.36755185524816625
0.07379435494658537
0.39321567123988643
0.9102070106891915
0.6347507649625186
0.5498274693090934
0.7416726922092494
0.6457918026135303
0.03131420339923352
0.9530325114319567
0.08610675417003222
0.40215138817438856
0.9319978471612558
0.6646329443028662
0.5030582446197513
0.7493275257584173
0.6260708194167819
0.5610168023849837
0.2214792903396301
0.9187749125412665
0.6384544529137202
0.0599269641097635
0.9727335389179643
0.04089970659697428
0.9406116880709305
0.5930507383600343
0.641674848011462
0.5375040617072955
0.2020772476971615
0.46354684530524537
0.8359908903366886
0.777332344383467
0.8691577333956957
0.8212653072259855
0.2690862617455423
0.6002925948414486
0.7326334860408679
0.16695135136251338
0.2505495950463228
0.6241756113595329
0.18876710470067337
0.9669104078784585
0.5810141474648844
0.6294558260124177
0.05581626933417283
0.4788062412699219
0.28185192760429345
0.07735180933377706
0.3998414276575204
0.43197625907487236
0.41456612906767987
0.378150836302666
0.436931765783811
0.4076058987993747
0.8890966140606906
0.1825295145972632
0.7896822924376465
0.8154784984653816
0.7807534121966455
0.36061579329543747
0.08407631376758218
0.8818206062715035
0.18607347167562693
0.7833898529934231
0.3251632373139728
0.028887350752484053
0.9898720990750007
0.5171449765912257
0.22629866265924647
0.9186125814449042
0.6377100775425788
0.5590756361489184
0.22437484189867973
0.9153908770240378
0.12703674007207155
0.8094525788619649
0.349297754233703
0.6030677746457513
0.7223519399412908
0.17062343622092158
0.7599645187438
0.3602974221284967
0.08553830106393434
0.37953604699578136
0.9306964216812048
0.16645733491168357
0.2508175381226465
0.624780773796374
0.6878594761074055
0.7183338098402601
0.7037531299283728
0.19437030554399826
0.4662570495856926
0.8323546300234739
0.2514718994789291
0.12475341180106625
0.9381145630613901
0.5928286322159693
0.14206999508314766
0.287387162912637
0.5767355702992063
0.6505369184305891
0.05547564700827934
0.48032466403674334
0.7835422788339201
0.32481247049872763
0.02854368294356391
0.98867885483196
0.5174709684797563
0.2257619478041306
0.9192306748882402
0.13678304266068153
0.3104547296243254
0.09880202868953347
0.9768585285346489
0.03478134877514094
0.9518648960220162
0.08807948746834882
0.39938254066510126
0.9331842248211615
0.6666299166972749
5.513260839506984e-05
0.9999803034006618
0.5000334797077812
0.2499537292169407
0.875085156672867
0.1874027974845376
0.28142633821698837
0.07792251338833012
0.39874510606750846
0.9331324023369234
0.1667384101310745
0.7501384327479172
0.37479235089267604
0.06281911840778776
0.4057867013034411
0.9226007049437612
0.678844040579861
0.5520502613508143
0.23448567290324718
0.8983936205331702
0.16022397749475203
0.25967166511691175
0.11247662929235958
0.46025235622073524
0.3174969235260505
0.023884346068371087
0.9959118217229843
0.5100387558049988
0.7349728681147099
0.1476637217856478
0.28656105979462154
0.07064675487345085
0.894060869992245
0.6628158986568451
0.013833865494234487
0.4948762432031799
0.2586661315872334
0.6130995583371259
0.20925740420352668
0.9439569121750537
0.09199920206447132
0.3934953673160635
0.9107354789157398
0.6339274258352816
0.04910886866855435
0.48884481089771725
0.26674905663821846
0.5999069325916935
0.7330131511844229
0.6662311600521207
0.0008974005177151412
0.49964667463791557
0.25054715789156035
0.6242424440570176
0.18888238185900263
0.4671666160284076
0.3309924256755039
0.5045492282661144
0.7431764258362819
0.6352516072511207
0.5476128116715699
0.24205928583978675
0.39484761233325116
0.40773263879236765
0.3903541705221869
0.930337899713777
0.6669950582145248
0.5034174778556917
0.7492687922494952
0.6260968190908898
0.5609769609000068
0.7215237937634811
0.16872138986946084
0.2635197319323197
0.6224211058870424
0.691505672148196
0.712863564142026
0.21391171266441233
0.4643041781964712
0.8391885323799215
0.7763744055409916
0.8706022785045207
0.8234911432664376
0.2686695948941633
0.601024405710632
0.7317679892585147
0.66797314278665
0.5136654201196507
0.24708024811116047
0.3793801195570268
0.9314190723234788
0.6673322073474992
0.5030300111684483
0.7494835440302268
0.12626344573800452
0.3106210512924008
0.5965856192051433
0.23112877138191834
0.9189928780542687
0.637198625394376
0.560323032172164
0.7239685768145137
0.16416922019561753
0.7538835304439999
0.8730810139095411
0.8153823538741563
0.2779184171522502
0.1144028918351978
0.9534261816588696
0.06992563704261556
0.9030462339287624
0.6769249242788646
0.5471281117352191
0.7418083092488814
0.6452225981920492
0.5324112570378929
0.20162916238768958
0.46370005534845404
0.33667671811417677
0.027219115174375474
0.994449707592139
0.00832555876695551
0.4875441016629338
0.7728380676999222
0.3490479865577072
0.6019811829028185
0.722585171519313
0.17009000468533486
0.7605510430003051
0.36021866256487556
0.08577064267592505
0.8791565434075892
0.681273305992363
0.5426662199897692
0.1901520450192038
0.46504766726866364
0.8339245470415335
0.2510663046268746
0.6234311872685794
0.6903424689371604
0.7154628758726176
0.7080559395835735
0.18797763239126652
0.9685227881709579
0.07846772510674782
0.38242823124164715
0.9343074822099879
0.6612986827094574
0.5080692035553511
0.7379115131334402
0.1471611176384613
0.7873169990780298
0.3271138128184248
0.025965421402361244
0.9923326545977034
0.5115317740710452
0.23667343871784396
0.3951119438861497
0.9074551416561007
0.6390767502307426
0.5574981600511819
0.22723337923525833
0.4092114730447065
0.3900890408840496
0.43099498614901677
0.9160389919998124
0.6259720295493025
0.5620225722377654
0.7194704351131804
0.17104283906519413
0.7590688476047944
0.3613972063176334
0.5829047269362491
0.6266232869820669
0.06202583879348822
0.46947751386323944
0.796028942684643
0.8215826597588602
0.2676909943402279
0.09859332739142701
0.9780943239456974
0.5348195222322829
0.20170843787491322
0.9631233783147763
0.08680913364514709
0.9020147712144535
0.18214172462467104
0.7893031523854006
0.3162894418637734
0.029473994771251455
0.4871021896833554
0.7703270945057739
0.34548592448118143
0.10875499449321069
0.47761648590676486
0.7835753316467162
0.32513291510986164
0.5289632249623537
0.2397582875273656
0.39233190708910115
0.4137013141880743
0.8872605326469056
0.6847953630494885
0.03555492585292086
0.9471558933728375
0.5812354973750189
0.13211597621557303
0.30964044301072136
0.5980412502540275
0.22843047478818335
0.4093153104186058
0.8899488113529515
0.18076380528509617
0.7914763921580743
0.3132775384001434
0.5310755769896787
0.7346367539139464
0.1480453459371347
0.28586751996772364
0.5714447679929435
0.1428366664040368
0.28576038606115617
0.07148198294453323
0.8930211671104189
0.1609565315884538
0.7595494242850691
0.8626595657260623
0.3350390984560363
0.5052557598683052
0.2426122710458003
0.8866314169135876
0.6739596619736403
0.05156247489503585
0.4861977615801152
0.27278624949394725
0.09863324507023208
0.47705060968291946
0.2849123741616495
0.5765377185307443
0.1509406135592144
0.3048393201606814
0.10527178319171071
0.9710601169790607
0.043539524427615106
0.950323343189666
0.0901478530431632
0.3960902092512697
0.9079399410111364
0.14030261297011748
0.8051882615545765
0.8547328962304164
0.34705155665869825
0.10881916739162989
0.47794556902954355
0.7835699314018711
0.8251335037930403
0.27896258086548187
0.11475976079236716
0.9548287435027305
0.06995415038545616
0.40288151282584295
0.9269925810513087
0.6722629589494318
0.05460249292082153
0.4884174629987683
0.267390019929735
0.10093009160482325
0.48154050577431917
0.793440126319183
0.3259683807846159
0.5286256767285522
0.7383117233985104
0.14256293245125562
0.7881087337445933
0.32565705859451555
0.02762775306473486
0.48981033920426853
0.26724155753618106
0.6011213067104109
0.23119205189868808
0.9190892285841983
0.13699974038172513
0.8101330336940009
0.3492688928672578
0.10308125705341808
0.47239227549289353
0.2955660453881137
0.5722802534583025
0.1415949123329483
0.7885842279647477
0.8249366385862231
0.7784651401161682
0.36356004257686436
0.5796599435561802
0.632465117087122
0.059118877921719104
0.9738293162081391
0.5395154846773949
0.6912465255591087
0.21706697944318876
0.9556841094163246
0.5666002135258168
0.15034811277291737
0.3076853080128785
0.10488646136946045
0.4720958933176007
0.29631226483616047
0.07170789377414621
0.3929951647296548
0.9110566288873088
0.13445278140716255
0.8003426257928368
0.3659533549216576
0.5841285462956876
0.13162737045786344
0.3113480674510356
0.0964545824972447
0.4812985110038426
0.2947834958031308
0.07554119432461448
0.40243534214096144
0.927719057071954
0.6728897981520277
0.5531653327634558
0.24105659723863937
0.3972346921218559
0.9129379937949125
0.13950521501828916
0.30746771761914715
0.6024008747772314
0.22251270606648177
0.9202597538533155
0.13535743954707868
0.29710116976639256
0.6171076745376922
0.20716630655806512
0.939267832931364
0.0931145565409679
0.3917023831163533
0.9125706711784005
0.6394488275691401
0.5574438262265176
0.2273110922833439
0.41001087878248654
0.3890196325664874
0.4322329120186623
0.4142880245053675
0.37882784332032315
0.43568165533361025
0.4089927906752564
0.887548441416584
0.6854028784728143
0.536470878549153
0.6954162330657709
0.707013940642355
0.6934026320232078
0.21772394576692022
0.4556560218334198
0.8165483921475243
0.275177426636219
0.6204374618537258
0.6982653196901083
0.20653879546443932
0.44459027287666686
0.3409273290890269
0.519981345103588
0.22052389482269064
0.9211672827368602
0.6339065310603473
0.5492661489697639
0.7390929321118165
0.6423410982533824
0.538449591724202
0.20026019107899629
0.46523474421701394
0.3339185908844229
0.0011400895600672811
0.49829415915883146
0.25256259096204303
0.12127818397129886
0.4433273419563193
0.33699310739757493
0.5257612944114953
0.24309640293358825
0.3863930604129564
0.424317136668833
0.42602524865651503
0.9237063942709938
0.6788936676748563
0.5520331677689683
0.7344505020882934
0.14833952239132486
0.2853337489941623
0.0720605309761595
0.3938632840581704
0.4131151683977805
0.8881702952203341
0.6838578989263624
0.03671410898095928
0.4470059392915573
0.33170386889833026
0.006350715091684833
0.49829048092942685
0.7528088979015592
0.37176324546453543
0.06741616694489494
0.8988767106784508
0.6834384898247663
0.5412792712741066
0.6880815699405503
0.7180016301572323
0.20450698395143263
0.44372792638023384
0.34270936850225553
0.5182245064643212
0.2226651783566922
0.91600235257647
0.12794959713937715
0.811982809798792
0.8450160334759858
0.35749120864784345
0.6043884407845326
0.219397985143587
0.9209111592208501
0.13427355355815962
0.7990779806859791
0.8638849362905603
0.32929466979112476
0.5063026169373188
0.748847817449132
0.627712585410336
0.5594383216521237
0.724443180632079
0.6652905147348065
0.502071858238196
0.7470142839592882
0.13045537495054305
0.8063010569603648
0.35503593151224777
0.5964133880916052
0.23062502726679668
0.9196913934429176
0.6380562935955822
0.0586626298900228
0.47450630125240423
0.29019750317092985
0.5647113899758551
0.6529491889814381
0.5519493597385008
0.7348211739154067
0.648260458081495
0.03542957658646628
0.9468862721114419
0.5817460264661349
0.13153231947217137
0.8107600687362719
0.3466346184432041
0.10602488115546294
0.48159530764678493
0.7932625560788438
0.8257922159100417
0.27901380861294456
0.11493424541549757
0.9547958974726498
0.5700339369650465
0.6530400974443182
0.05196457207784988
0.48482882126700133
0.7732795091869775
0.34792376126279123
0.10314488311996683
0.9723619246506132
0.5456117951544002
0.19745579900336452
0.4540685501997359
0.8199047315865755
0.7779559390328359
0.3643180592916906
0.5785840076569002
0.63261233700905
0.05890937245567329
0.47413689497625455
0.7907477904227562
0.816083240089938
0.779796709161019
0.3615703152609058
0.5828905769158155
0.12664070454775356
0.31205361007596366
0.09442345963907428
0.4836090126191266
0.7904871599748731
0.8147595678165089
0.27786064869724214
0.6144895519537386
0.7035107664414681
0.1952221334213391
0.9649795401201118
0.08379642918589525
0.37632052987464704
0.4356413350906223
0.9091639438120183
0.13724638993153349
0.8097554150735959
0.8481111376604531
0.35335306092747487
0.09692544094286859
0.9835202380490955
0.04046698153251782
0.9397880473406985
0.5903486849565525
0.645727481081849
0.5316605819971301
0.20301270054187626
0.9611061917676125
0.0896527053846512
0.4007459202548489
0.9302532574220095
0.16712035276577808
0.2532338275341317
0.6241175049508456
0.6889458278019447
0.7170848598179873
0.7056398764834739
0.19155544403474778
0.962697832059348
0.08921934923273511
0.401449297380168
0.9329900534357876
0.6674180359987076
0.5033285162062384
0.24940201023127884
0.8764015086053405
0.18594899112940766
0.28406673262361437
0.5748784342140425
0.6533724369655829
0.5512600092915818
0.2361059115792159
0.3978028406854719
0.9112379423750099
0.13328065403038636
0.800568253849633
0.8655538691964466
0.3344969699101057
0.006098039651988074
0.4989095813652966
0.252612313372083
0.621146625635447
0.6933492113312241
0.7119293388095684
0.2133559926878661
0.9617119225149509
0.08967393945204094
0.9006625106558204
0.680286781367613
0.5421923755202442
0.19086374211474322
0.468106562475441
0.32912073368788697
0.006319019594229758
0.9988241629034746
0.0027555918495636433
0.49684365178109147
0.25571108574513346
0.6185085741162766
0.6973594475712162
0.7040833759820089
0.19486777103156783
0.46552801330108196
0.8332192867819685
0.2504478747432586
0.1248183784482535
0.43777439938276075
0.3433691570244264
0.01631833569263108
0.4757742813671939
0.7943956956150942
0.8245502593345009
0.7788340666447766
0.864982788451016
0.8297233213379513
0.25737198791466653
0.621815586782759
0.6925217440002598
0.21121935092378408
0.9644286067050416
0.08852884088992141
0.3984875245660078
0.4335802255955059
0.41603782639140263
0.8759509195806459
0.6870503023092169
0.5319250243192073
0.7023604207788594
0.21235905680805445
0.963199815218104
0.08645052346400917
0.9016066480835434
0.18299426400335506
0.79240742768161
0.8158487173204776
0.2806905985926278
0.6107639586552978
0.2094039222865831
0.44426362242666073
0.34245472360635176
0.5176309241214767
0.2236223975487519
0.4155429661623202
0.8786391604808159
0.6861993398051709
0.033216249983524904
0.45019280709675513
0.3413124730286654
0.021234415558865294
0.47034757953952067
0.2964356337033678
0.07103639928391203
0.893697171995882
0.6633609986165538
0.012771538487868384
0.4964830180979334
0.7557943317224272
0.8683265368454158
0.8225103213626426
0.26623451814521104
0.6007702930655796
0.7319012606458273
0.6682920271414332
0.0131879280670546
0.9977962496341206
0.5055031444644555
0.24369891537935473
0.38646674260962754
0.9244579060759861
0.1758132601098623
0.29878201728570275
0.11629538788110949
0.4583999972091988
0.8129228561010677
0.28116933125420474
0.10950030220556073
0.46075385334552266
0.31674329249653965
0.5250076083757449
0.7458295221149456
0.6354071211535484
0.04688931824057363
0.49218129643122666
0.2695410331070889
0.09568845032481477
0.9834205726510845
0.5405020167236216
0.18973573297262192
0.9653964303142857
0.08315920270979404
0.8752919519029092
0.18712310818955302
0.7819384250033181
0.3273385373177007
0.524868971464457
0.7444653500278946
0.6333024527993985
0.05004822905175388
0.9915781671588775
0.02093353244708851
0.969149524345994
0.5467650079808664
0.6954927477054298
0.20682191729429178
0.44367385111399926
0.342303630663082
0.5177984888141509
0.7235540387337096
0.16566126979887486
0.7534770155034494
0.3737536701373756
0.5646136391151231
0.6530796011211351
0.05261109469574876
0.4856588075053878
0.7715118054766208
0.8505762779095676
0.35792667226633057
0.6037349934340455
0.2196493096416816
0.921518810937414
0.13334678453975357
0.30004110047593713
0.6165963767271023
0.708406223799102
0.18788086870335974
0.46868235617876053
0.8282875008590054
0.2575692292302847
0.6214596172503661
0.6929326602257788
0.21255419423687272
0.46440258985967375
0.33861388091463596
0.5235814403567929
0.7458864830841776
0.635084155772347
0.04738902882672846
0.9914479279832449
0.020884748722892255
0.9691652114852332
0.5468057925463654
0.19548551214393228
0.9568332442140672
0.06871789661818184
0.40486541436985135
0.9239518784161191
0.1765741048147902
0.7986765600799117
0.3665603556728456
0.08310977334622294
0.8754583713889588
0.18730073908227496
0.28156420998857357
0.07765416230540723
0.8991437583754305
0.1827785068016965
0.29223851958522573
0.5655485301977023
0.15570565211237408
0.29818004986736923
0.6152609270357061
0.7099554715387058
0.6938558560796082
0.21702883506077342
0.45595494136796333
0.31705225713085383
0.5244221069442574
0.744617377902614
0.6335660309705418
0.5506351474905387
0.24058424544637091
0.39707454125164077
0.9123237197636627
0.6395720230066217
0.0572589059593156
0.9766116410319228
0.035147419053828344
0.4511929911968764
0.33884314270108007
0.023970439069671556
0.4953105696768034
0.26118551957188174
0.6126173249795102
0.20998789562145248
0.9428611741168424
0.5861985475348774
0.6519543263420928
0.5573544639337342
0.7267277186037973
0.15992391927284189
0.26403610763372853
0.6196948795113713
0.19545774775906466
0.4568439630966168
0.3187052820867393
0.029876893968321383
0.9865569752000738
0.020423966430826113
0.4703406137705315
0.2964460190269165
0.5710170664242469
0.14371949509950355
0.7883432207163423
0.8253148648364004
0.27777489233994856
0.6150759501615539
0.2043716246553231
0.44347695488249883
0.8427229531225748
0.7681459484156221
0.8477853986842092
0.35333006788278
0.5970196021953598
0.2334994534321595
0.4154998571029864
0.8772423777845688
0.6841517600696534
0.036272487457608804
0.4455917541345116
0.3316133309563156
0.006488191749667749
0.49808414731523953
0.25288140945485793
0.12167018590844236
0.44252577525912784
0.33621324456180446
0.026930148509563878
0.4947763465461321
0.7578661178704351
0.8632621004653629
0.33401692897314206
0.5067871065111831
0.24862467477214523
0.3770955394138582
0.9343566908501089
0.661941528058378
0.5090560918906704
0.23644637971301563
0.39545631542569026
0.9077920897980221
0.6402659439481795
0.055233713443158194
0.47971070362837054
0.2845843370305374
0.5775180852797348
0.6498400872515049
0.5570394240203314
0.22742916032439098
0.9098490349133499
0.6391957593150437
0.05683136099833064
0.47749709934578277
0.28473472862970084
0.5768117873521987
0.6504387902386952
0.5556528498127591
0.729997526621446
0.15891187111265026
0.26188402305706404
0.12281428390997462
0.44274707735166885
0.3360033695353195
0.5272449540498201
0.7443198431574274
0.6335851447365712
0.5505989058874547
0.24050890628132038
0.3970797850342933
0.4123148927465081
0.8895919308706652
0.1822139050345868
0.7892096609284636
0.3162160867941566
0.529643276007846
0.2369112093874719
0.3947595478675794
0.4081205702677835
0.389772807888221
0.9309662670711987
0.6661125902901404
0.0009551557595841587
0.9995458034682088
0.500685355567839
0.24923137441510335
0.8764276040019467
0.6858783613715786
0.5337168209662195
0.6994553169352002
0.21668622852303088
0.9581775968836155
0.06279463990358636
0.9058700440800749
0.6725689417799003
0.053898387122899294
0.989709119516192
0.015955361886881292
0.976097955746809
0.04369705301360227
0.45032743585761636
0.8401338466501329
0.2711105045455042
0.09541709767654538
0.9840716190810781
0.03976362699177116
0.9406292777566705
0.09320647447020747
0.3919362007873133
0.912127173767658
0.1396217468136456
0.3071689572825562
0.10174847187590785
0.4726252493564971
0.7949993703514338
0.8231259444437455
0.2662953953258693
0.6006189032632392
0.7318841452943161
0.1683023518708069
0.26320395671064034
0.6227723091142252
0.1930389248591382
0.46241001138696447
0.8395881078904495
0.7760220439231489
0.3672245942580048
0.07417169352993369
0.8926639703277033
0.16103457717690617
0.7594561679579783
0.36283372665639035
0.08465590261039324
0.3810727941454388
0.9364779669558629
0.658759612502763
0.5118682143802289
0.7478534418914933
0.6302340131660458
0.5547710515675135
0.2303511721547693
0.9083797376079019
0.1374916672357358
0.8103645701194182
0.848907256993698
0.35166966190445237
0.09761769688338973
0.48248733778018504
0.7918939933006186
0.3131660910730716
0.030312377348309383
0.48578239147900604
0.2718185162812006
0.10011536281672306
0.4826394557603635
0.7919099886203185
0.8131135502189863
0.28033360859262757
0.11081074169487692
0.4592726604314521
0.8189187681127805
0.2794343515706714
0.11209850254817866
0.45783649777877145
0.3142371940484736
0.03062976070214063
0.9854293440293986
0.02185795092373155
0.47552172277937643
0.2955675153352786
0.0722737307078205
0.8915898812119849
0.6635955553501844
0.01242691554944031
0.49723639761214145
0.2541606921586208
0.6187599752447568
0.19893630576552823
0.9557535687927157
0.5666137874068227
0.6503560055862181
0.057703691243659705
0.9798814693349414
0.5346030834480189
0.202554787567351
0.9622811333974823
0.588317568792263
0.6493230270280037
0.5582420261634979
0.7290587121678982
0.6564734740240965
0.5155339300690684
0.7423241128271911
0.6365293289127294
0.549173768638866
0.7388619538105559
0.641830095089972
0.03751425675000064
0.4520294561807532
0.3385614322614856
0.5234693654347211
0.2460464361065533
0.38485234646941535
0.4227530116040725
0.42937756452010944
0.9263110030442476
0.6730377869389486
0.5531912758015096
0.24104450616869144
0.39722279520356096
0.4129624990746379
0.8894673878967296
0.18240051087923348
0.7899073270091321
0.31623967638006434
0.5295467437827028
0.23693752114195377
0.8947167422447819
0.1581690282037016
0.2647303397243377
0.11853139972663485
0.4476912413665559
0.32901245445827954
0.007457881729351357
0.49664096598280594
0.7551015533390455
0.8675919374800287
0.8241003754665144
0.7677595014683902
0.8484218425292056
0.3533447525696829
0.5969522234809119
0.7335103695222642
0.6654816353111528
0.002265829185489565
0.9966088893124834
0.5051171910308767
0.7425702763430309
0.6366329868324101
0.048964399116812274
0.4890696177317295
0.2674331789603457
0.6009254422097001
0.7315502221754286
0.6684369977156166
0.5134587383654434
0.7473900174663868
0.628930471080821
0.0566352954483591
0.979500659101177
0.5346562149934471
0.20241408675792627
0.46201156653114595
0.3383625957649201
0.5242106084187981
0.7459106583264656
0.13504027831368148
0.7974701010098215
0.36641691980184987
0.5834388940129429
0.1253299476520624
0.3120375110011082
0.09447808089316823
0.48353131173644215
0.7903318470634986
0.3145670867234003
0.028279546910198405
0.4898072421201505
0.7672423828626052
0.8511200719804037
0.3561934272001963
0.10658662943751551
0.48074511729646474
0.7945092351001222
0.32582953487872146
0.028864370164228603
0.48996808219817467
0.2672461034380831
0.6010879111709073
0.23119602611404844
0.41907522157998756
0.8870124069508165
0.6851712542993482
0.5368259433307685
0.19696699699852616
0.9567554798268247
0.06904864960233681
0.40448462826316245
0.42476827109931037
0.9263565809815191
0.6729994915076531
0.053035216056741774
0.9908250044391025
0.02170088581624441
0.47550915661850013
0.2955410631839186
0.5723134051950183
0.6415910540963523
0.03859095013467595
0.9499279972515069
0.5909850278985687
0.14478798699565232
0.7828335166850593
0.32782539719482884
0.5241329819546081
0.245325185242109
0.8861932569707278
0.1751361319620628
0.30373640108155087
0.6147386692464352
0.2033805455721449
0.4449329981871415
0.34053507301723585
0.5206925150123425
0.2192073359619826
0.9217078553920146
0.13306345726596192
0.8004124509170651
0.8659096439077985
0.33419217518530786
0.5068008064699825
0.7486221925937571
0.1271010582568124
0.8093828640703578
0.3494675940310117
0.1028776227904018
0.4708094583766069
0.2939236184756737
0.07571613500476815
0.404004042618908
0.9274574159935582
0.1735435982409399
0.3043838093581144
0.11398289352655411
0.9543005563027691
0.06879330985248089
0.9051184607378673
0.1745798666961491
0.8016067624266725
0.3611905196448788
0.5853049209399614
0.6299774278013501
0.5551600120088551
0.7302640324051026
0.6585102312092204
0.5122346839343663
0.7473044491489418
0.1292893742211163
0.8065563656564336
0.3546262135496363
0.5969821889011655
0.733494240703294
0.6655061898345593
0.5022309113119263
0.746657478477573
0.6300291612860747
0.054987253388389945
0.9800801569072064
0.03390811482677236
0.9493860214715824
0.5915617113059852
0.6458610432746354
0.5313309971534181
0.7030045175633859
0.7111201318912208
0.21463084101560526
0.46321022711344995
0.33644991810433567
0.526605700928485
0.7454919603769667
0.13615754432976246
0.8002230645797681
0.3666288531385362
0.5834264361474197
0.6254182473057881
0.06242957667564042
0.4689243293250911
0.7966831840458326
0.8206699690199457
0.7691257002879865
0.850226282607764
0.8574817783373874
0.35446432151366025
0.5942810636770446
0.7335947361716535
0.6654942100285552
0.0022774921380914748
0.9965838809730485
0.5051260858599562
0.7425550425832625
0.6366561961476691
0.04898346774280071
0.9890257669321727
0.017453231383115053
0.9758953482087236
0.043969958438538015
0.9497025175078306
0.09156332016573288
0.39586208655964583
0.906333247810835
0.14050775769283064
0.30486336344620213
0.6052664965973236
0.22101037937682122
0.9184844979608897
0.13792978393030353
0.3089764931355603
0.5995235489681363
0.22767543091322295
0.40850306654465385
0.3873064390500076
0.9347876501269639
0.660566480102716
0.5096538200741634
0.23747336390079
0.39775831310544163
0.911243694863515
0.13325653175706975
0.3006055180740077
0.11550585558870807
0.9595842490671203
0.5685582134465221
0.6552197973069269
0.5494044959486928
0.7384238947997801
0.14236606907797977
0.78840592893539
0.8252188655897044
0.7778274594456889
0.8650011488934979
0.829455701081315
0.25594236367032863
0.12390658434014767
0.940117164660478
0.08988530308124609
0.39642586006084457
0.9073143348796293
0.6390590161608998
0.5575266662344802
0.7271865668881219
0.6592358929337934
0.015114459005417302
0.4934415936586447
0.7598414400126785
0.8602535774407443
0.3356267139897682
0.5044335833517835
0.2433505823428277
0.38522208179347217
0.9226856770401355
0.17944810847984627
0.8011412946507335
0.8609120393812191
0.33558913436718285
0.5044290666410234
0.743356668332126
0.13521107617998496
0.797675515175797
0.8669714257412124
0.33238641542266123
0.0015429277264047414
0.4996406407444738
0.7505467287846841
0.8742409438127652
0.8138827267393935
0.2796661022293847
0.11224295027204789
0.45767318713478744
0.8134903394093271
0.27978022751631215
0.6120688973460346
0.2078741775767412
0.4392913004558068
0.3430238039290998
0.016721954219974577
0.9750393792346586
0.04574266794952564
0.44801808582269587
0.3289494486525655
0.5076749366417062
0.7464374245610088
0.13046605451381765
0.30637993206619285
0.10514263014192693
0.4711923126887996
0.2932124995277263
0.5760504211066291
0.1535024951735977
0.3010572923813015
0.6109145531372633
0.7105965839582495
0.1919481716467999
0.9621390198008157
0.5882894255919382
0.14930420336895622
0.30828653695061803
0.6040395062591415
0.7189407408004627
0.17183303731144406
0.2578792596468702
0.6131887398951221
0.7091546114243101
0.6941416198387742
0.21763790628756396
0.45589368118089624
0.31714373064460233
0.525261033559218
0.24543376415385865
0.3857594204309862
0.42526712702238
0.42899482417851686
0.9268222306563985
0.17227052873931825
0.8046132515592035
0.36345365789020434
0.5798815038288012
0.13219382663373835
0.3096514895441942
0.5980228888220154
0.2284544290159829
0.9093325203284621
0.6399074769287836
0.5557791630271822
0.22895356416120194
0.40706201989087276
0.3903878579440061
0.43005087226629257
0.9175457916862797
0.1275880429893732
0.8086503604135942
0.34958942933008075
0.6025728031236213
0.7211450870381668
0.16878644589451142
0.26345288805896416
0.6224297872977331
0.19147840261575766
0.4627862107590772
0.8390238237334415
0.7766207537206355
0.3702270267822314
0.07369165815180168
0.8938647409086116
0.6631092578172684
0.013179607660276815
0.4963476918928791
0.25547849194845185
0.6188575784326531
0.19891876576002687
0.955772726709256
0.06661559888743795
0.4003550745546818
0.9327012691355776
0.167384865693748
0.7533515686809551
0.37442833301611245
0.5638457816967275
0.6547234532772563
0.04971419699722901
0.9889053861843422
0.5166576563206036
0.7250755118147936
0.670688497077208
0.01057275099446997
0.9851326956995763
0.5233080383623019
0.22297275115852244
0.41554468794493005
0.8786361528909765
0.6861971153994091
0.03320624912157655
0.9501944707881194
0.09130997571628541
0.8962386419589166
0.15783930270117708
0.26519417186500505
0.6178950176108629
0.198403525253525
0.456301025551511
0.3194547791790683
0.028752520738635212
0.9886097385315225
0.5171163940394763
0.7263128960330505
0.6685872984526213
0.5127441716031171
0.24657384573947638
0.8806356197746936
0.18100017218966968
0.29112234845524654
0.5634538068552501
0.15579586708918214
0.7975600736390334
0.3664194083539769
0.5834581685776357
0.6253317992959637
0.5620366342773195
0.7194755671662278
0.17103180312551558
0.759081229189178
0.36143932555569336
0.5829632013919763
0.12653200275963172
0.8121632424299605
0.8442866075783968
0.8586311833641957
0.352922426071018
0.5961065513256472
0.731336091295816
0.16961316115339287
0.2632194184116088
0.6227509051677771
0.1930728459265083
0.9625918728706893
0.08956732420483604
0.9010799293173477
0.6798752086760942
0.5429322962008882
0.6895402604422998
0.7157240617088974
0.20867480590823106
0.43900624304660596
0.343448051949963
0.5163263560680207
0.7257856643409468
0.1693786879768595
0.7620534155576024
0.37257640800089575
0.06808858003932983
0.9000644551415462
0.18310835151351057
0.2917475449794438
0.06262330009485595
0.40606505030882545
0.4222134634037502
0.9293028586544096
0.676495600695489
0.5480160581646487
0.24049165021278895
0.39709219825454056
0.9122963921108749
0.1396121717407368
0.8072157335118391
0.8517107468796894
0.8474686896952335
0.3577680653252173
0.10409879445796832
0.9689781705965288
0.5467921434901655
0.19543690580758266
0.45684512206935324
0.31870055571198463
0.529885644064052
0.7365437252447009
0.1454285564541351
0.2828499444585759
0.07769538188586012
0.89914488454815
0.6827789600065444
0.5422397192160133
0.6905505454924423
0.7182027405069675
0.7044341705623083
0.193380230513867
0.9677441812236793
0.5806102906353772
0.12909982280689292
0.30659536775783636
0.10456008871551603
0.972074000077555
0.04631455722847022
0.44670248054899275
0.8304975029022899
0.25481092993868515
0.6188212029519491
0.19878241553669795
0.95580176851945
0.56655008578673
0.15018345435964875
0.30793652674765326
0.10451779898721725
0.9721611568529624
0.04615388563252054
0.44639812046079896
0.3305250238336157
0.004700881458120421
0.49392549361800775
0.7610958943259902
0.8623854492325336
0.8353281357267406
0.2553085777326487
0.6175869284779765
0.19910884590353817
0.9552592014952097
0.067174259951571
0.40021517302375287
0.9328803971002344
0.16708947278675623
0.2534017442376353
0.6243081310531124
0.18853781130746938
0.4671935219084844
0.8309785164019559
0.2545698267931584
0.11821398395113647
0.9477401793410536
0.07888005470158532
0.8826643649954349
0.683938037691405
0.5367150287493132
0.1970031308592297
0.9567087817704305
0.5688603631278966
0.6545372178370599
0.5496883138839621
0.7389459999685641
0.6416420371388085
0.03753742482513189
0.9519956274598371
0.08863863931037486
0.899268730165204
0.18345330114243552
0.7913638660102151
0.8130915309884585
0.780500047490932
0.860761354706483
0.3343636574863922
0.006772703753085807
0.4986931952298619
0.7519623826956376
0.8720585721603129
0.31789275925257243
0.025121883722022176
0.9957723078259733
0.010264008247759193
0.9846040183329023
0.5233381130965427
0.22281295972061343
0.4157805622671731
0.8782841926440597
0.686606091883732
0.5325985068921
0.20159816517843865
0.463778024277417
0.3365595281647984
0.026426206808537245
0.9955798859882634
0.011024762061424553
0.9873691664834041
0.022856436058646068
0.474046890711179
0.289479218859924
0.06633147204411216
0.40447201795177534
0.9246106673963368
0.6766216561372858
0.5486663909396157
0.2414616489841137
0.39562862494494766
0.9066791929362807
0.1404694923257921
0.30495223368052393
0.6050735866010655
0.7214198477740865
0.6681296353926882
0.01343080066726543
0.49743600736837834
0.753968537930632
0.3690471931186039
0.07341288268798962
0.8938489147694781
0.663193912972929
0.5131439411488827
0.7464054907322861
0.13040034694131464
0.8063831822073553
0.35512255286448635
0.09622337622568011
0.9806668504315894
0.044884362374432385
0.9502820989873726
0.09023618380888365
0.39641881475108676
0.4073897529451642
0.3889193049399182
0.932250337820733
0.16424656359595247
0.25387429614784196
0.6231258020270616
0.1903122543299105
0.4655092577158939
0.3330490638327319
0.0004302189336158335
0.9998468867270276
0.5002606680209283
0.7496089979831595
0.6257162036781665
0.5616860495065339
0.21997092943638563
0.9200438479601871
0.13568130624480546
0.797454603103688
0.3663486129953526
0.5832897034124471
0.12507308169733733
0.8124056445958558
0.3439221103035379
0.10917834652354941
0.9769204385229386
0.5347490586573258
0.201782693649875
0.46295143821043894
0.8368838799069636
0.7769008695031516
0.8698203388485126
0.8205138858756982
0.769477141846437
0.8496981833595783
0.8582958617189433
0.35415824683150277
0.5937645687372424
0.2343684391817078
0.9140724645985756
0.1288917841447983
0.31056953163351864
0.5966533398313913
0.7309966724424157
0.6691318991652224
0.5121751382539514
0.7478811547916848
0.6301316349708941
0.5548035050160252
0.23041873547481373
0.908282021060586
0.6375772067985963
0.5602357531897724
0.22416245259228162
0.41571338023641147
0.3786310136783868
0.9362348682188895
0.1583923226571642
0.7626637782086618
0.8726374260149896
0.8179969878110569
0.2749576453352347
0.6208296031982172
0.6979098079900723
0.7031395871890709
0.19530589380883612
0.4648536592721939
0.8339699878997635
0.250999104231596
0.6235089879191946
0.6902248607948422
0.2156395096972119
0.4587677752424497
0.3138329370995052
0.5293746315874159
0.23718995993840508
0.39519950552494265
0.40726204693783075
0.8891071679827292
0.1824530061276164
0.28980089791002683
0.06628284524776973
0.40460417908616364
0.924343984661391
0.17601550923427567
0.7987228008569218
0.866370890638791
0.8332640322914813
0.25011921222903766
0.1249432556796819
0.9375855932885315
0.0936540350667201
0.8908033993211575
0.6638597517739981
0.012027194577967748
0.49758856123662554
0.2556013372668531
0.11879580371896736
0.44876759362523444
0.33076350967166945
0.5041142021655105
0.24410342291230336
0.8858294693054631
0.6751963857386727
0.5541307170351502
0.7396657567587681
0.1409934617113322
0.78899820879451
0.3243762294878252
0.5290606557391584
0.2396122028294485
0.39070770391845144
0.41394631192088127
0.8869006763852667
0.18533599097281694
0.7864502113952767
0.3203408957924694
0.5195211128739174
0.7246247036964633
0.17087544815149158
0.7602960238291416
0.35957123097614385
0.0859044756507501
0.8789864237478469
0.18152036625542678
0.2921745127532631
0.5657055756018963
0.6553478866699152
0.04824343271320686
0.990654633671511
0.5223799254745245
0.22522305601160042
0.41998221588437445
0.385712718765717
0.9224076112150215
0.6789043346070684
0.0522010923596099
0.9846875963557977
0.02297626467770897
0.4733787398727145
0.29017794571700506
0.06473498899140395
0.4029052054975182
0.9269076889322605
0.17216898425249383
0.8043075738823973
0.8639752364833839
0.8292891536839306
0.7563106484885793
0.3738655721535906
0.5652092289237771
0.6531941908469889
0.5525611631164793
0.7356114995491225
0.6465827506908681
0.538068103545811
0.20170222647720948
0.963087038253434
0.5868807493534405
0.6519359635130968
0.557252811442595
0.22662274999311194
0.9101269706734456
0.6387158554280177
0.0575666022778023
0.47712761274306104
0.7843085810891353
0.8274510379997082
0.7745095386635512
0.8696078824286815
0.3210783668910153
0.5193628342822194
0.22487776397611015
0.42052690850687213
0.384957245842088
0.9228092925623059
0.6792664979293477
0.55142044252716
0.2354000996274408
0.3969618394912686
0.4128580239776056
0.3895020416530315
0.4324786765500903
0.9148968341469299
0.12875445862300694
0.8108975934737828
0.34629093896364793
0.6056857815128751
0.23234428674913943
0.9190769536362495
0.13700956961838529
0.8101726346067153
0.8493238732335158
0.8532114566769451
0.8473801420477685
0.3581111757666804
0.6037033343454823
0.21969010811881162
0.42147385550197214
0.8834486686682794
0.17486133021884598
0.30417958507314324
0.6145357025961857
0.7032007527304813
0.19521466703736223
0.46502149384468794
0.8337792749225628
0.2512852263171226
0.6230759751924779
0.6904165697633289
0.21535194717580453
0.9582230328815058
0.5629115619522054
0.6561362641805317
0.5470458422205411
0.24199608695926145
0.8948870415333658
0.6577915228845086
0.5152663492481224
0.24273316719336435
0.8859613460372202
0.6752103461767547
0.05407913139788434
0.9896820843569003
0.516027151432354
0.22644952195696533
0.9181401253154036
0.13847991620423272
0.809927185298875
0.8477391601481941
0.35339984291931614
0.5968610197887756
0.23367575544398278
0.915112327929819
0.1273477354843635
0.30949913460062817
0.5992890149354935
0.22808063772390597
0.409900840400951
0.3892991896136664
0.9316781247616746
0.6649904422229156
0.003506158391246572
0.498678007745184
0.7519848975643981
0.372022657393245
0.06795786521979608
0.4000477984081954
0.9331619458680507
0.16672842140542343
0.750155814923346
0.8747705691203009
0.3128599419724196
0.5308326946978923
0.7350014963303693
0.14749877620488405
0.7865720246627461
0.32064556307159364
0.5190624188107904
0.7253130986937322
0.17008890176657587
0.760506921011256
0.3602162406023126
0.08577439506188966
0.3791518652578816
0.9312741247995291
0.16766424701199867
0.25265425897669047
0.6212935090588871
0.693304385553347
0.7120042096066754
0.7132742331596091
0.21182716990006156
0.46448676503496245
0.8384280693717301
0.7736728053714614
0.3709928005700931
0.5724246864265297
0.6413715618255083
0.5389354471408296
0.6995323830924463
0.7163274991326034
0.20871569469454698
0.4391313531959895
0.3432714731898159
0.5163430304673966
0.7257305523962714
0.16922431567218155
0.7617885865329299
0.37294235909939744
0.06754006410483271
0.8986908723891247
0.18321565838414244
0.291708651377121
0.06268903554882854
0.9062184853537474
0.17195374370203353
0.30456939234863967
0.6134584421815816
0.7048753388517071
0.6946440506435465
0.7158502405509353
0.20750564101035707
0.43923035662737675
0.3431156962760724
0.5167071108007804
0.2250767262012232
0.42068575898883864
0.8855738853453659
0.6726310016238131
0.054560823482461274
0.9885971646581311
0.017108068655943498
0.4762949569558259
0.2936223189753946
0.07520678042783402
0.4028301199141424
0.4274950126709882
0.42321060597896576
0.9278066381521057
0.17860636487603188
0.8033796343661379
0.3652431694790721
0.5849479878961574
0.6313675728160888
0.06076209442107938
0.4716029660485219
0.29358743273769505
0.07524409116012976
0.9028237207676284
0.6775103296968155
0.04818763065850362
0.9903411015984602
0.5224381776060909
0.22513179792440496
0.42011868124245666
0.38570650431211106
0.4224473240610678
0.4288595314719714
0.9270575946429744
0.6719747623719741
0.5546600608795416
0.7383264622185379
0.14252604226930998
0.28816455343621783
0.07556620650575496
0.40276492561679333
0.9276538371632341
0.17297624729690142
0.30303587490925565
0.6158197227632627
0.20920689395279624
0.4442463145824149
0.8424196203995962
0.26763678560382687
0.09860776420100592
0.47806706206756644
0.2848544469161425
0.07687253539916128
0.9005910939595196
0.18060774184414186
0.2925659108441323
0.5650898393651005
0.652399574231822
0.05271167471073568
0.9853858531860169
0.021925038716290146
0.975428489386104
0.5456778299121652
0.6981153952947352
0.7039294160495047
0.6950867374252994
0.7151862085738685
0.7086005061282776
0.18919018661836162
0.9684272444574162
0.5786263031477574
0.6320777412329335
0.5599419966747519
0.7230774330091663
0.16593507607467473
0.7530543330067303
0.3743250038824044
0.5635737979901023
0.15476328250952065
0.7995933574566152
0.3640870330273174
0.5798622859292664
0.1321921806083992
0.8096482663240749
0.348029753746232
0.10345128757762723
0.4718372364586685
0.2961506495485082
0.5713995322876144
0.6430266163952183
0.5359560195356607
0.19705028177122585
0.456408459256636
0.3194165888126008
0.5286876244354062
0.23870687460293993
0.8924890650087036
0.6632196466671303
0.012998527177842334
0.496190159174148
0.7558368613244966
0.8681983098213095
0.32270635091117583
0.016444015636807308
0.4763420737290289
0.2933309874206316
0.07575440432992764
0.4039465184905566
0.9272834664443508
0.6735357931174804
0.5544093413918745
0.7389731465373188
0.14178633558913134
0.2875667831103783
0.07698112438083626
0.40112993645016104
0.9305395274714101
0.1677898203197401
0.2522220003011171
0.12169948406517506
0.9425766588828992
0.08638298278674483
0.9021677428099792
0.18191274406854063
0.7896614331111778
0.31562995418789797
0.030707366910064593
0.48568486026488245
0.771503707714146
0.35055694595212117
0.6079556775512174
0.2287069957528729
0.4071836479124613
0.8902049062307924
0.680325746856397
0.542041897366289
0.19090455828700215
0.9680396011390258
0.07919825750286691
0.3813251613464672
0.43631352350348607
0.9090101068140939
0.6374767206434626
0.560417953733122
0.7239492221851833
0.1640800111927092
0.7538801023911219
0.37308609660249203
0.5653708569298033
0.6529203367244918
0.5519001317152288
0.7346500558196567
0.1480253940098919
0.7857896677451208
0.8213460755359847
0.2680457365640905
0.09841969140688889
0.4783470561087597
0.2844480380299501
0.5772651912993751
0.14984982396708801
0.8069645659998059
0.8520570252730977
0.34692215151153505
0.6087674091977533
0.727963121200446
0.15860463643912226
0.762581341463374
0.37273002715664916
0.06792293806211092
0.4001375058433041
0.9332486441417132
0.16654091366217472
0.25019727263133973
0.6249645670468453
0.6875847399060149
0.7186544964497443
0.7033027236466296
0.1951070837676525
0.9651520084298681
0.0835260571911931
0.8766950485005509
0.18715518503449857
0.7817753901181277
0.3273454979644157
0.5248661524383351
0.24446963347145356
0.38332702848128974
0.9250437979062553
0.17908494063885882
0.8021733860950917
0.8597930528630968
0.3358674867195077
0.5040799418929964
0.24394875168218277
0.3860996772709768
0.424887510627741
0.4290836863219738
0.9271839689172339
0.17227445263415575
0.8045776900544297
0.36346231191419065
0.5798696105775889
0.632148843316827
0.05958936910610646
0.9731197777728084
0.04081625890103169
0.44074496399844065
0.8427888356382027
0.7670667483762372
0.34989578995737247
0.10798408897244371
0.4786660624668002
0.7820335733413231
0.32798914914019406
0.523765317251673
0.7456098994589411
0.13549140124814585
0.7970070387236774
0.8669899336236995
0.3323896183865145
0.5015453056257684
0.7496352895104792
0.6255489768809639
0.06173757399665192
0.9701377870514989
0.5452971127524506
0.6981681191828102
0.20378542071557604
0.44438290418474935
0.3412994173995685
0.019797262299107388
0.47031274921027943
0.7966137010953389
0.8209638482076116
0.7685551850590855
0.8510734798328485
0.3566908074426465
0.6055892807780765
0.2323636268847622
0.919033697922714
0.6371050377201755
0.5604557842889335
0.7237699254765175
0.16436037799576297
0.7535205873427913
0.8737513750384096
0.3146173202258069
0.02808929333696142
0.9901097886031494
0.516910632053623
0.72463405286544
0.6708938475057948
0.5102646655577701
0.7346068165497854
0.14833774536964484
0.28531401796499267
0.5720295094652101
0.14390933854156174
0.2881681309081614
0.5755679926078301
0.6527698755962774
0.05264547248953022
0.4854859015904367
0.7717874811205547
0.35019422287587076
0.6076432434201706
0.7294043947185855
0.6568737853085622
0.014704611065099016
0.49363010574597865
0.760043182206573
0.35993904233328067
0.0851071759534534
0.3801822835521307
0.4297876099299174
0.41794160931021906
0.37699765258003026
0.9345190220337827
0.1616982976847794
0.2594066322490107
0.11285081392270513
0.45969109499128535
0.8185200586449355
0.7800328897719737
0.3621810444747098
0.5828271927312016
0.12673590748454444
0.311880035122158
0.09480394172715023
0.982794102281332
0.5419298167980742
0.6881429934874177
0.21778574815834872
0.4545875906769652
0.3186088184011169
0.5299012411851436
0.2365223542728927
0.39546442401479
0.4077799301885534
0.3902834681211971
0.930232223647181
0.6672165739582852
0.003329344355734065
0.4994043293991126
0.7513975264737383
0.8734535109542776
0.3153085065714549
0.02801481683854945
0.4892888098838739
0.7660667891032062
0.8514035952393897
0.8557381015270948
0.8570489017001819
0.3571277973242104
0.6071343992080074
0.7321207266068086
0.16964141456992365
0.26339257054496557
0.6227677457791287
0.6930800388508942
0.7126116589060985
0.2145646017161198
0.9635878212284297
0.5861467419599649
0.6523088666726835
0.05672781867906451
0.9774431481200736
0.0348467092262581
0.9517015724268276
0.08807699996395968
0.3993829993705731
0.43318312513292767
0.41663210710976273
0.8750600125931669
0.18747203701059334
0.281292012456106
0.07807730714557692
0.8985262130736373
0.6834912063204683
0.041169924777932465
0.9382470350537915
0.09362126965424977
0.3909401668643113
0.4135902340931352
0.3874281175376382
0.43473461057874374
0.41041337480419315
0.38439722498878837
0.9254815054300707
0.17843028588686138
0.8029439049132634
0.36617535396362655
0.08455678800237365
0.3810081037809141
0.9363346765749156
0.6590355902153533
0.5125462311552837
0.24790816035238095
0.38022827316308394
0.92977990640793
0.6679531643458176
0.501991762284888
0.7470123718958348
0.13046205867431127
0.3062910324370023
0.10501711661345325
0.47138874846859835
0.29317729754257016
0.07613377916277386
0.40340804180596024
0.926172276987927
0.17376039081136696
0.3038745359808672
0.11450452561257407
0.9532434502034448
0.5702571343281306
0.15242871327791363
0.8026374774344731
0.36052790327812545
0.0842701343644876
0.3814111280371435
0.9356958675198257
0.658986958413152
0.5125590675743297
0.24788504632306285
0.380133246362675
0.9298078790307045
0.6679104901559185
0.5020414721220732
0.2469683242670726
0.38052413662080653
0.4311673968913965
0.9177172923809849
0.6275744673912413
0.05864214338362217
0.974598058470292
0.040056038182228804
0.9399179133761209
0.09061916742939502
0.8963130775664467
0.15749925267300569
0.26378360655508004
0.12007166151306592
0.4458690861647483
0.3312041213212069
0.0071308241167571396
0.4971775673038792
0.2543562297069002
0.11896159587195143
0.948510761896614
0.5811726549873129
0.13227339091827162
0.30989093327661976
0.5976638459251262
0.22851189028006047
0.9091852914134506
0.1401302202430088
0.30591801047557965
0.6036229842575267
0.21968760879826732
0.4214528103475459
0.8834458440542221
0.6748618706769776
0.5541783012449741
0.23953332935343497
0.3907009912945796
0.4139638351625763
0.8868972689961083
0.6853441884741187
0.03644116359646432
0.4453420697536785
0.3320174203836359
0.5058805962326005
0.24899923501652665
0.3774854594958015
0.9337873097974807
0.6620641593763139
0.5088569158106111
0.23672228638315573
0.8954354325542226
0.6578845680051018
0.5151892155117821
0.7429098561406136
0.13587983322213404
0.3000865038775373
0.11628413101425394
0.9584018015884794
0.562916096416302
0.1561752313573379
0.29705021652625874
0.6169935781508684
0.20738316790084355
0.43904733427916653
0.3433902316610329
0.5161732376436703
0.22580225364072248
0.9193542177672498
0.637098167266231
0.06048331590136513
0.9737893073470332
0.5393161618849263
0.19102767985896207
0.4674906156724319
0.8302663237845991
0.25484468569629826
0.11874005338177085
0.9488773790362757
0.08062071411404759
0.8791309176303912
0.18155158261652105
0.2921257589769084
0.06573292991379276
0.9053697976050898
0.6733173757384066
0.5530126982193906
0.740797297185054
0.646631813084241
0.0378954250481911
0.9520072143059224
0.5887166269531008
0.649273693386931
0.05845436477102339
0.9788640584738459
0.031841375574003905
0.952375385153573
0.5873232329613529
0.15076870593475178
0.8056009579449892
0.8551380680582952
0.34619914880022407
0.6057013978424948
0.7323208624729887
0.16910446065594442
0.2619768920703791
0.6226749821216799
0.19306272582616657
0.9626041347219143
0.08954490852192976
0.401090657687746
0.9298886795586441
0.16791209080838598
0.2520381435751915
0.6219733319885563
0.6930471453815699
0.21244356126408093
0.464541837136494
0.3385919413412921
0.5236372232320718
0.24603884614771232
0.8848561545019038
0.6727472990751266
0.05435567346285097
0.488779056846397
0.2668333220644854
0.5999979740590788
0.23331193381454796
0.9166336771158967
0.12504949970752932
0.31249063194263726
0.5937717410561163
0.7343510311038699
0.6641071631456725
0.0038554679485969245
0.9981240019551478
0.5028150703874417
0.2467615872155875
0.8799186850374099
0.18012400093721226
0.7928044255822897
0.814703672163887
0.27795239025726914
0.6144437233160716
0.703579509514384
0.19514956619241275
0.46508818422444165
0.8336177869641688
0.25164863787358627
0.6247245513950475
0.18818784598261118
0.9679623716219794
0.07955833221785724
0.8811822550778743
0.1860391193185933
0.7834413507953286
0.8250840813561808
0.27897938224487007
0.6147989098390099
0.7048239100840874
0.19496193784289062
0.965370070975041
0.08320253883721307
0.875455652596429
0.6873372272530105
0.5314941591932438
0.20275876490632072
0.9616089303744957
0.5890807608666364
0.6518097669177223
0.5579298808879685
0.7295190654695034
0.15965822894941084
0.2649090970226098
0.11826135445153341
0.9477376684662886
0.5788979919161648
0.13262957645929419
0.30886837755679153
0.0992279811471235
0.4782332240429241
0.28485506639117375
0.5768678506137803
0.1505997896019835
0.3056288043153472
0.6050677199382335
0.22133947917609476
0.4180251136131119
0.388652306079166
0.4346039723022841
0.910597872978542
0.6346067454433069
0.05007403148920275
0.4913262586342171
0.7709461956110317
0.3440728696004953
0.1088907627563458
0.47728910195291974
0.28431240341160446
0.5774414670013357
0.6495276642672252
0.5570883234031498
0.2273562729533296
0.4099421570135746
0.38902353995945305
0.932211999228457
0.16418963103205897
0.25371561490464956
0.6233939857047517
0.6900349101924803
0.7150697199977003
0.2089057735283859
0.9386116308160126
0.5920997198845726
0.6431634224718437
0.03537908280850388
0.44717742467764765
0.8311908175528515
0.25713552089291625
0.12217025776044466
0.44186770112719387
0.8376906713529024
0.27668237723992206
0.12013268459122628
0.9487074615026359
0.08134096840512939
0.3819101157714613
0.9349644924513996
0.660572075023083
0.5096912338631228
0.23747922040638514
0.3977560876519419
0.9112398842116818
0.6332622518821154
0.5506026525108609
0.7405025101325009
0.6470892561192159
0.5373007010493893
0.7021057092060801
0.7134470528108068
0.21108753071166575
0.9646492289321031
0.08824347163317725
0.8990087704150937
0.6827444746741094
0.04229001665953547
0.9405322750390042
0.0932337224658113
0.3918877014948521
0.41218371444847435
0.8895541098027024
0.18230094565660693
0.28911009535659105
0.5663977994408924
0.6543171951489057
0.5497742669540457
0.23881528148194775
0.8917923402623273
0.6625556451035663
0.014471129194134846
0.49490249808877707
0.7586542940407526
0.36311725177802145
0.584230372303864
0.6314688508282416
0.060731297999154776
0.9716476781177334
0.5435360995470546
0.20032180525595322
0.9651423069881275
0.5835976342495997
0.6266792207898106
0.5621793900500052
0.21924617764307186
0.9211307635414414
0.6341769294231199
0.049230755830649287
0.9891500171506777
0.5172677790105809
0.7261124916549306
0.6686437701573595
0.012907360127428547
0.4965387376723811
0.7556802957842592
0.3684329234820325
0.07238305459031835
0.8915513030951843
0.6636534825956915
0.5123362109588925
0.7471287916705478
0.6293678551155608
0.5564365285681561
0.2298002394672949
0.4092097054817714
0.8901226936141029
0.680929255700903
0.5411137607588898
0.6884600424673408
0.21830181902623735
0.45379733116715215
0.3195491051010322
0.028763508918927982
0.4885932637262158
0.7671177489100955
0.8513070201152004
0.8560962296323851
0.856482570321532
0.3559087739267852
0.10726588589022867
0.48171035389532335
0.29306137649109587
0.5761550064780749
0.15336093364749104
0.8012087187089492
0.36117545652086847
0.08522045824793167
0.3799818126135506
0.9301570403622463
0.6677680986758787
0.5022713873477187
0.7466103273327462
0.13011694903252646
0.8050706246285699
0.8553844909765758
0.8458371503511444
0.8562595332332421
0.35727353623951785
0.1067903682414908
0.4805634262156673
0.7949057773221284
0.8252348407113459
0.27777321956818923
0.6150784560595639
0.2043659659102559
0.9434512895240914
0.09275811328552663
0.8931047127989586
0.1603429345996119
0.7597335571190342
0.8623834265454207
0.3353311106620822
0.0053041455103084445
0.9925950659962837
0.011599616176681593
0.4865106404176913
0.7702955592540093
0.8455337609630078
0.8586682200839277
0.35265415703179315
0.5961408962029964
0.23128075161366723
0.4196847267157864
0.38805866803159006
0.4336590757011436
0.9120118641876616
0.6339677536161616
0.04911333860945888
0.48883380863117054
0.7667536083608866
0.8499006414494943
0.3580230507068336
0.6037206041801255
0.719671877217479
0.17147637603920884
0.2584409693372436
0.6123395015019923
0.21039699771790765
0.44270552319358103
0.33594219575752504
0.027337719628121704
0.9941516384133138
0.508776418515481
0.23781218056683429
0.39718797913519666
0.9122765794745646
0.6394129049149342
0.05748223583213985
0.9773757568036672
0.03491388476686552
0.9515374493785203
0.5884408962156158
0.6485886558657512
0.05839801105321385
0.4788712231675163
0.7818163084157277
0.3272774447395932
0.02471649253857322
0.4942364192684181
0.7587679182179272
0.8628265924926382
0.3346701835980639
0.5060667436628137
0.7489875200262759
0.6275258317182306
0.5587418035429437
0.7244218691193964
0.665385651809629
0.0020479478989727795
0.9970545070245862
0.5054105971648823
0.743837766116485
0.13644116031355225
0.2995201811136212
0.11346583787235431
0.45504735843860544
0.319412843324244
0.5286932349845301
0.7387060660403222
0.14249070998630486
0.2882170908560511
0.07548880190006457
0.4024568892491516
0.4276943659351673
0.4229192651982885
0.42812969294027425
0.428636759868823
0.9283951967081521
0.1777817086840514
0.3037028794642538
0.6157424359989818
0.7091990919434465
0.19425801013130695
0.9674173135135788
0.08012404557666741
0.37987499762675725
0.43117175609222613
0.41769561389810406
0.3776089964376297
0.4336020175542217
0.4120969887881074
0.3838114718673751
0.9242909002641682
0.17655193086829968
0.2986487853922881
0.6164837653050199
0.2081173695914913
0.43794696958502755
0.8435678883106448
0.7658981712302193
0.851183741731802
0.356159941671649
0.10663018224295229
0.980925901705632
0.044755081326002255
0.45044562220573425
0.8399646728939842
0.2714260295033455
0.5948150343901943
0.7328089233487844
0.16690193020622246
0.2506238022178877
0.12407967465696856
0.9389424770488404
0.5920745805487968
0.1431421822635457
0.7853024659270886
0.32207682615262456
0.018898951646406204
0.9756808474194258
0.5444171147828456
0.6995031082187779
0.21637035254389048
0.9586485498293769
0.0640109374653548
0.9059977548604365
0.17250513966428116
0.8037425288930535
0.8646987066313159
0.328455540118739
0.5073473275115248
0.7468222806346603
0.13001455110497773
0.8049781882145908
0.3550947661860846
0.5963939214707352
0.2306533775990829
0.9198911012208555
0.13777224501245655
0.3089666492305696
0.5995459535333794
0.7276957087451592
0.1584564387158025
0.26231737033231184
0.6222750718588941
0.19183940085349604
0.9627370479865931
0.5891290559084155
0.15146269963588566
0.8080843048228417
0.3547700451745186
0.09675512032117695
0.9837889516784344
0.04046086352900602
0.43985802156385034
0.8407012493407819
0.2711785339342896
0.09524642070755363
0.9840836149815004
0.03975946141872555
0.9406364197202493
0.09322726211394183
0.3919318400148768
0.41213275847258046
0.8896438835654408
0.6821397976891603
0.5392946099746041
0.1913065174012445
0.9669546406366862
0.5808185829082504
0.12974922455032356
0.30647867027437314
0.6047428164747544
0.22180067631416023
0.921328387077665
0.13412166276248172
0.7988489854615182
0.8642285492678639
0.32963373960228637
0.5075178050901741
0.2467808884975966
0.3800728079804685
0.4301428040198516
0.41780508545343764
0.3771990986424498
0.9342033191933297
0.661317158548627
0.008268462377600372
0.9881162263045553
0.02173287168261595
0.47521319246152416
0.7951148113934323
0.8231969868356828
0.2661812014703173
0.10073606652440503
0.981739409500733
0.5430773977132048
0.7011329444940202
0.21588640491245314
0.9574204598902725
0.5643882365548052
0.1554356274427846
0.7980965662572999
0.3653561350365635
0.0849004283954855
0.3814384805446025
0.4356855371443089
0.40897217867313884
0.3875264008238446
0.4353281741787214
0.4114914446254261
0.8828849704004824
0.6756763665180188
0.5528917078627273
0.24097590023302473
0.397327134385705
0.9129244843206834
0.13941020471975207
0.807494130654959
0.3523584204958752
0.5974389317270834
0.7327783700020518
0.6665814823354594
0.00012789590982720256
0.999815919843968
0.5003381095011719
0.24961490603163838
0.8757152233447414
0.18668850173708051
0.7824825066199992
0.326291977573419
0.026311070891097188
0.9927599561342504
0.010890598350670189
0.9876048048608936
0.5225603162543848
0.22409433804568835
0.4143505963147618
0.8784893940901384
0.6861731129756663
0.5332403324136976
0.7001471456896979
0.7163965796062257
0.708638773241546
0.1889969925978221
0.9684597892919555
0.5788199538656045
0.6320449956401717
0.5600237480830401
0.22298749894252978
0.41555311749107204
0.37865781094296835
0.4361679658468347
0.4082518698705826
0.38768716843333095
0.9350789239688311
0.1618347395269666
0.2594451865879819
0.6128006076032761
0.7097053386096377
0.6935024483536836
0.7175664643873461
0.20588544895872474
0.9421636496845167
0.08776184788439423
0.9016834069334436
0.1826349543116521
0.2924538194492925
0.06571386352879927
0.905337365984451
0.6732477659243159
0.05314764188369736
0.9911403852165677
0.5221471491968259
0.22466139486641623
0.4208890871377662
0.8852757995773572
0.172094887442654
0.30460944640799426
0.11341361908125691
0.45488058487535454
0.3196943566435948
0.5284006665751804
0.738649007602362
0.6425167965935543
0.038239203655393794
0.4504539627232589
0.8399595866212621
0.7714331969909836
0.34480335933039896
0.10779499451746233
0.47942865727236494
0.7818950894870795
0.8271579059073702
0.7748901155136991
0.3694069897464942
0.07089721274678595
0.3937763778376393
0.9134863083600067
0.638075141760055
0.059015857172198594
0.9745256498281378
0.04016488962224685
0.4397564822284039
0.34042634171782993
0.02073351151193492
0.4691591400478501
0.2967648457852192
0.5704934678506106
0.14432274163118564
0.2874222605896648
0.0766791166679468
0.4006101472477894
0.4305866089707706
0.41761286242399365
0.8774879249103833
0.18383013128186576
0.28700669275713153
0.07144308771239594
0.8928372832015157
0.6607595723762643
0.5089827121701092
0.236773948505288
0.39533165385364555
0.40798671494121663
0.3900035855185706
0.43074219865957275
0.9163886689348146
0.625912908144528
0.5621682391793001
0.7192477604548912
0.6711302668554708
0.009177585743600503
0.48673001071438193
0.7703937438491266
0.34538643865380436
0.60893837644835
0.7272861036180984
0.6593235724139959
0.014929593628039584
0.4932391927286517
0.26015745362383313
0.11028369219275191
0.9606130139436573
0.566896795615321
0.6496549258590676
0.057011751807294786
0.9774706837779377
0.03483163253986277
0.4516627350822091
0.8381311357661616
0.27429768326692283
0.6207819756527897
0.6977943226811476
0.20330899371765554
0.9452816651610192
0.08992052363464609
0.8963692182442173
0.6574071658833418
0.5139507636486087
0.7446993914491031
0.6329528211208526
0.5505745979316998
0.7405520421161782
0.6469998152460903
0.03734377337968908
0.4520428917312529
0.33853723990614526
0.02345179978874512
0.4960885127657093
0.7597734808223322
0.8603400208812673
0.33547035334049724
0.004614599485648796
0.49333082491648383
0.2600200980086811
0.6099708140827715
0.21016681028413586
0.44281417402089573
0.33626702113542706
0.5268819229968358
0.744867936213268
0.6329422367271036
0.05058665233082138
0.49059113636030816
0.27205552693339996
0.0997377947496716
0.4832134391181171
0.7918424538511317
0.3133359058992937
0.5311100364488084
0.7347225165867712
0.648054038581904
0.035870679013896734
0.9464533808641136
0.5803352507937234
0.6295144167961553
0.05585259830695577
0.4789673972991295
0.7820698793511838
0.8279063150694128
0.27379628439666703
0.6206779137719423
0.1978932275378611
0.45316019232268445
0.3202606991690118
0.02742342191049829
0.9901186855277047
0.5167829686834011
0.724886850832263
0.6704831779061351
0.5099154998606537
0.7351572985353414
0.6483017094724346
0.5354840326763224
0.6967818206176162
0.2067806399136316
0.44397969942656346
0.3418434276827611
0.5185468491399661
0.2231639479578007
0.4152541972580366
0.8773647597408853
0.6844564008642919
0.03679202077910304
0.9468301857996266
0.0817769878776744
0.881485400517704
0.1855849375424441
0.2841302231827285
0.07479648661683314
0.40346275831689127
0.42605598916998133
0.9234160245978273
0.6793443543137982
0.05132654568296857
0.4855750322458334
0.7718816080596298
0.850478400796419
0.35808695858577266
0.6035560740856454
0.2196663731301669
0.42147797136567533
0.8834386219677981
0.17484206712106243
0.8041510171024129
0.8645899949187879
0.32814553266507573
0.007783639070112258
0.9961391880642623
0.5058064775948878
0.743243410543073
0.13513895217329264
0.797787988994969
0.36685564438812435
0.5825290641223546
0.6262083149631508
0.06093548284843564
0.9715931631799322
0.04358682536985725
0.9502448815910611
0.09032252794713713
0.39626212243456393
0.9075685392890591
0.13877692152163945
0.3075969776546117
0.10208211312419735
0.47187790329917334
0.29634891377645545
0.0716205624921713
0.3926036081975326
0.9111253441369627
0.13428856214159168
0.30052411323413253
0.6158643418166321
0.7090159893268719
0.1942885476455558
0.46737156313611194
0.8302232922869734
0.7546958177699707
0.8689977005706169
0.8235786444274709
0.7686613706464414
0.35105164980632253
0.10672331490786746
0.9805438506882638
0.5448247220774647
0.7003715604660101
0.21512970863841474
0.9585593727824744
0.06411418510833755
0.9058124840958044
0.6725925632345024
0.5538557893887628
0.7395364620897453
0.6406953685218468
0.038958856399403885
0.44937803194625303
0.8415655854041688
0.7708704901742749
0.8438163501559757
0.859277383016888
0.8517413503723219
0.8474528317165095
0.3577272557595279
0.10403438468347304
0.4689789424010087
0.29677572700893506
0.5704690691200085
0.14429645682685077
0.7874635326152202
0.32674320723162964
0.5255178259685636
0.24297373785520904
0.3865775277663488
0.4241658470709808
0.9263732996769249
0.6730783928360324
0.5531438369071111
0.24110040432424285
0.39715383772272617
0.9121447007928509
0.1395954497565981
0.30720886573544703
0.10169054599828087
0.47247181049897335
0.2952596961695235
0.07285777959623374
0.3908516282681376
0.9139838792325463
0.13685390882892534
0.8103615433792584
0.8489737545023672
0.8516633498365991
0.8476291915285401
0.8574662776081823
0.8544409028836526
0.8443154484266415
0.8585277828678954
0.3528409588325303
0.09579965673037805
0.4814228236209601
0.794467819709098
0.3258802269701846
0.5290172435343266
0.23995287154684775
0.392299431405263
0.4137824545032345
0.8874136035447009
0.6847793869674206
0.03560964573989622
0.4471086385019589
0.3313249912462197
0.5069536322844215
0.24750841525383294
0.8792299498745706
0.1811594263999723
0.7927221521385945
0.8150677006924525
0.777398992824601
0.365214512887178
0.07913523018942215
0.38130103691946715
0.9363646122219507
0.15896064604748972
0.2625661184429191
0.6228744858526625
0.19264544930774719
0.9610361175436992
0.08982600210583769
0.40043299747048877
0.4306162991269957
0.4175692803983111
0.377582847897429
0.9336257877293974
0.6620633449347224
0.5088736197794788
0.23672008811263368
0.8954424852854572
0.6578781616990454
0.01513969711959362
0.9929193881980609
0.01086553605273366
0.9876079756941181
0.022555321804247797
0.9741025417170022
0.03934974237927236
0.44099088362418115
0.8424356638861354
0.2676289366208948
0.5986176599981263
0.22805019168299623
0.40988546778680757
0.88932219077833
0.6816436509543564
0.5400383979431354
0.1909190330770798
0.9675278279464692
0.5802028838952538
0.6296966362860985
0.05649362760595977
0.9798367813637014
0.03427314927102998
0.9526185982394964
0.5872015963250306
0.6504647717229091
0.055570247408468276
0.9801536172162741
0.5337388271873351
0.699454942077864
0.21669435687363148
0.958161589660449
0.0627578548155725
0.9058789552364033
0.17255465278867632
0.803912165138172
0.36469220762955956
0.07845807625562884
0.382343405042775
0.9342975116160233
0.16129978056414984
0.25806558804470114
0.11290210243896581
0.45967570354696363
0.8185440394154284
0.28024249072768725
0.11189340730197728
0.95716013488709
0.0642674271366559
0.9056130198878236
0.672952555352822
0.05319517440511845
0.49101189777138643
0.2722864748502616
0.10035935021005571
0.9832505437952932
0.04184883047128096
0.9383273614803329
0.5936114648648072
0.6409703702374827
0.5386665228288621
0.19993574809632264
0.4659807932039257
0.3322788410296198
0.00158567339531146
0.4996969274652656
0.2506989879475441
0.12422713005798869
0.4389053829072509
0.34213214449118823
0.5180823613482062
0.722876700136112
0.6659367198299151
0.503063319134526
0.24932665113010444
0.37607296579517424
0.9360126513929572
0.15896981459809467
0.7625257151084952
0.8728282488300465
0.8177422267035581
0.773509803111665
0.8709891109319869
0.3224226134188939
0.016366199066396803
0.9764275027555414
0.5432938004378229
0.20068528279080056
0.46655211012694053
0.33361922172480263
0.0015244265086948872
0.999727997201262
0.0006531024118885398
0.9990365741832647
0.0014623351453337818
0.49829489819239825
0.7525576536136214
0.371287500980543
0.06831671128747985
0.8994818878709339
0.6820349176996388
0.03996689908672124
0.9410872527223546
0.09233832088648342
0.39281142174149863
0.4110270084638614
0.3844361112569459
0.9253070680424571
0.6784618640958797
0.5528648134786636
0.24101626322953962
0.39732963682035916
0.4129243078932632
0.38941023376537487
0.9324940873193555
0.6648584706126712
0.0036888574832119048
0.9984035409288481
0.5025186736893374
0.7462219894805457
0.6306751220836304
0.05600244557717815
0.9786193555919454
0.5322092530841473
0.7026799756858964
0.7116204303165432
0.7140788741526194
0.21431450522504747
0.9641727882844862
0.08889754448318854
0.9018404545495287
0.6828838568471838
0.542088213347597
0.6908962395973504
0.21805044004577212
0.45417481698677875
0.31875398743432015
0.5302022547984961
0.7369843346823473
0.6445845405978616
0.5331918537267484
0.20216540584806353
0.962378802272724
0.08817770724999718
0.39899872793466784
0.4327676455723122
0.9172872065391857
0.1280366020218935
0.3119735514919739
0.0950355836248491
0.482446625479497
0.7919875015795697
0.31299915464478545
0.03050559331313707
0.48574010597076267
0.7718862326873932
0.3504719132615719
0.1080817295005545
0.9785672560392413
0.03221779587329365
0.4526585122803226
0.8366459338285495
0.27653394590015523
0.12037167817470618
0.4483498056069948
0.83150468475651
0.7571452685224358
0.3720947332039941
0.06689046107931063
0.9001566597144119
0.6829681523959152
0.042076108686160296
0.9407997184316628
0.5931949556688778
0.14200879231793806
0.7874789113993756
0.8270867058890872
0.7760325390263461
0.8672013125033118
0.8242137817433104
0.7675865314959083
0.3486211569106672
0.10304867255035788
0.9723878666118253
0.04557622197899036
0.4472759334894363
0.32908711303025484
0.5073469658091199
0.7467998003121465
0.1300445630622562
0.30493519696756266
0.10510125776636414
0.4713764338812325
0.2931795046897605
0.5761313548136968
0.6533830038679298
0.5511776400380768
0.236252338741906
0.8976356520142872
0.16142793986364268
0.25791963210213
0.11324265217990614
0.4590499346377328
0.8192378364328761
0.2799628263746854
0.11136685902602039
0.45794983822270297
0.3140558658342343
0.030900328332791105
0.4848995382199064
0.7726583220355678
0.34908537004957907
0.10189074560184963
