0.37416388938436285
0.5623599725367967
0.8435409124940634
0.2655900819518138
0.1483852430828847
0.34764749827445485
0.05272130703087896
0.07909938012016937
0.13427407768904231
0.8342279686185066
0.7532950816676021
0.37994371124659665
0.19589212985010818
0.3646392480295617
0.04708094260422513
0.0862464819510933
0.6372432580974419
0.5852899529854767
0.37794255890185013
0.6928904051019344
0.6023277036147192
0.41158062205067836
0.14862140992772765
0.855805650295224
0.287645481468644
0.7132237888581585
0.5717888381041121
0.9284878531179857
0.8929778425663244
0.9820764867763501
0.9732368023542222
0.9955304907925893
0.9933111151331104
0.49887978041078895
0.74832730012713
0.12472065567271784
0.18708194469218142
0.7811799862538464
0.4217704562470317
0.632795040961355
0.07419262154144235
0.6738237491226755
0.02636065351543948
0.039549690060084686
0.5671370388299692
0.9171139842947014
0.37664754083380103
0.6899718556087464
0.09794606492505409
0.6823196240002289
0.023540471302112564
0.5431232409609947
0.818621629034169
0.29264497649273835
0.18897127945092507
0.8464452025364153
0.3011638518073596
0.7057903110107873
0.5743107049493119
0.427902825147612
0.143822740734322
0.8566118944145273
0.7858944190375041
0.9642439265444409
0.9464889212686103
0.9910382433736231
0.9866184011625592
0.9977652453817427
0.4966555575665552
0.24943989020539448
0.374163650063565
0.06236032783635892
0.5935409723315388
0.3905899931269232
0.21088522812351584
0.3163975204806775
0.5370963107561693
0.33691187456133775
0.01318032675771974
0.5197748450154904
0.7835685194004327
0.4585569921473507
0.18832377041690052
0.3449859278043732
0.5489730324479751
0.34115981200011447
0.5117702356365044
0.7715616204659455
0.4093108145170845
0.6463224882318173
0.5944856397109106
0.42322260126820765
0.1505819259036798
0.8528951554908417
0.28715535247465596
0.7139514125592541
0.5719113703526091
0.9283059471927118
0.8929472095042001
0.9821219632576685
0.9732444606197532
0.9955191216722596
0.9933092005667277
0.49888262269087136
0.7483277787687257
0.12471994510269724
0.6870818250172306
0.5311801639036275
0.2967704861657694
0.6952949965489097
0.10544261406175792
0.15819876024033874
0.26854815537808463
0.668455937266117
0.506590163364308
0.7598874224931933
0.39178425970021635
0.7292784960591234
0.09416188520845026
0.1724929639021866
0.27448651622398756
0.17057990600005724
0.7558851178037003
0.3857808102329727
0.20465540725854225
0.8231612441013567
0.2972428198554553
0.7116113006195519
0.575290962937288
0.42644757774542086
0.14357767623732798
0.8569757062650751
0.7859556851617526
0.964152973581804
0.9464736047375482
0.9910609816142824
0.9866222302953247
0.9977595608215779
0.49665460028336383
0.24944131134543568
0.37416388938436285
0.5623599725367967
0.8435409124940634
0.2655900819518138
0.1483852430828847
0.34764749827445485
0.05272130703087896
0.07909938012016937
0.13427407768904231
0.8342279686185066
0.7532950816676021
0.37994371124659665
0.19589212985010818
0.3646392480295617
0.04708094260422513
0.0862464819510933
0.6372432580974419
0.5852899529854767
0.37794255890185013
0.6928904051019344
0.6023277036147192
0.41158062205067836
0.14862140992772765
0.855805650295224
0.287645481468644
0.7132237888581585
0.5717888381041121
0.9284878531179857
0.8929778425663244
0.9820764867763501
0.9732368023542222
0.9955304907925893
0.9933111151331104
0.49887978041078895
0.74832730012713
0.12472065567271784
0.18708194469218142
0.7811799862538464
0.4217704562470317
0.632795040961355
0.07419262154144235
0.6738237491226755
0.02636065351543948
0.039549690060084686
0.5671370388299692
0.9171139842947014
0.37664754083380103
0.6899718556087464
0.09794606492505409
0.6823196240002289
0.023540471302112564
0.5431232409609947
0.818621629034169
0.29264497649273835
0.18897127945092507
0.8464452025364153
0.3011638518073596
0.7057903110107873
0.5743107049493119
0.427902825147612
0.143822740734322
0.8566118944145273
0.7858944190375041
0.9642439265444409
0.9464889212686103
0.9910382433736231
0.9866184011625592
0.9977652453817427
0.4966555575665552
0.24943989020539448
0.374163650063565
0.06236032783635892
0.5935409723315388
0.3905899931269232
0.21088522812351584
0.3163975204806775
0.5370963107561693
0.33691187456133775
0.01318032675771974
0.5197748450154904
0.7835685194004327
0.4585569921473507
0.18832377041690052
0.3449859278043732
0.5489730324479751
0.34115981200011447
0.5117702356365044
0.7715616204659455
0.4093108145170845
0.6463224882318173
0.5944856397109106
0.42322260126820765
0.1505819259036798
0.8528951554908417
0.28715535247465596
0.7139514125592541
0.5719113703526091
0.9283059471927118
0.8929472095042001
0.9821219632576685
0.9732444606197532
0.9955191216722596
0.9933092005667277
0.49888262269087136
0.7483277787687257
0.12471994510269724
0.6870818250172306
0.5311801639036275
0.2967704861657694
0.6952949965489097
0.10544261406175792
0.15819876024033874
0.26854815537808463
0.668455937266117
0.506590163364308
0.7598874224931933
0.39178425970021635
0.7292784960591234
0.09416188520845026
0.1724929639021866
0.27448651622398756
0.17057990600005724
0.7558851178037003
0.3857808102329727
0.20465540725854225
0.8231612441013567
0.2972428198554553
0.7116113006195519
0.575290962937288
0.42644757774542086
0.14357767623732798
0.8569757062650751
0.7859556851617526
0.964152973581804
0.9464736047375482
0.9910609816142824
0.9866222302953247
0.9977595608215779
0.49665460028336383
0.24944131134543568
0.37416388938436285
0.5623599725367967
0.8435409124940634
0.2655900819518138
0.1483852430828847
0.34764749827445485
0.05272130703087896
0.07909938012016937
0.13427407768904231
0.8342279686185066
0.7532950816676021
0.37994371124659665
0.19589212985010818
0.3646392480295617
0.04708094260422513
0.0862464819510933
0.6372432580974419
0.5852899529854767
0.37794255890185013
0.6928904051019344
0.6023277036147192
0.41158062205067836
0.14862140992772765
0.855805650295224
0.287645481468644
0.7132237888581585
0.5717888381041121
0.9284878531179857
0.8929778425663244
0.9820764867763501
0.9732368023542222
0.9955304907925893
0.9933111151331104
0.49887978041078895
0.74832730012713
0.12472065567271784
0.18708194469218142
0.7811799862538464
0.4217704562470317
0.632795040961355
0.07419262154144235
0.6738237491226755
0.02636065351543948
0.039549690060084686
0.5671370388299692
0.9171139842947014
0.37664754083380103
0.6899718556087464
0.09794606492505409
0.6823196240002289
0.023540471302112564
0.5431232409609947
0.818621629034169
0.29264497649273835
0.18897127945092507
0.8464452025364153
0.3011638518073596
0.7057903110107873
0.5743107049493119
0.427902825147612
0.143822740734322
0.8566118944145273
0.7858944190375041
0.9642439265444409
0.9464889212686103
0.9910382433736231
0.9866184011625592
0.9977652453817427
0.4966555575665552
0.24943989020539448
0.374163650063565
0.06236032783635892
0.5935409723315388
0.3905899931269232
0.21088522812351584
0.3163975204806775
0.5370963107561693
0.33691187456133775
0.01318032675771974
0.5197748450154904
0.7835685194004327
0.4585569921473507
0.18832377041690052
0.3449859278043732
0.5489730324479751
0.34115981200011447
0.5117702356365044
0.7715616204659455
0.4093108145170845
0.6463224882318173
0.5944856397109106
0.42322260126820765
0.1505819259036798
0.8528951554908417
0.28715535247465596
0.7139514125592541
0.5719113703526091
0.9283059471927118
0.8929472095042001
0.9821219632576685
0.9732444606197532
0.9955191216722596
0.9933092005667277
0.49888262269087136
0.7483277787687257
0.12471994510269724
0.6870818250172306
0.5311801639036275
0.2967704861657694
0.6952949965489097
0.10544261406175792
0.15819876024033874
0.26854815537808463
0.668455937266117
0.506590163364308
0.7598874224931933
0.39178425970021635
0.7292784960591234
0.09416188520845026
0.1724929639021866
0.27448651622398756
0.17057990600005724
0.7558851178037003
0.3857808102329727
0.20465540725854225
0.8231612441013567
0.2972428198554553
0.7116113006195519
0.575290962937288
0.42644757774542086
0.14357767623732798
0.8569757062650751
0.7859556851617526
0.964152973581804
0.9464736047375482
0.9910609816142824
0.9866222302953247
0.9977595608215779
0.49665460028336383
0.24944131134543568
0.37416388938436285
0.5623599725367967
0.8435409124940634
0.2655900819518138
0.1483852430828847
0.34764749827445485
0.05272130703087896
0.07909938012016937
0.13427407768904231
0.8342279686185066
0.7532950816676021
0.37994371124659665
0.19589212985010818
0.3646392480295617
0.04708094260422513
0.0862464819510933
0.6372432580974419
0.5852899529854767
0.37794255890185013
0.6928904051019344
0.6023277036147192
0.41158062205067836
0.14862140992772765
0.855805650295224
0.287645481468644
0.7132237888581585
0.5717888381041121
0.9284878531179857
0.8929778425663244
0.9820764867763501
0.9732368023542222
0.9955304907925893
0.9933111151331104
0.49887978041078895
0.74832730012713
0.12472065567271784
0.18708194469218142
0.7811799862538464
0.4217704562470317
0.632795040961355
0.07419262154144235
0.6738237491226755
0.02636065351543948
0.039549690060084686
0.5671370388299692
0.9171139842947014
0.37664754083380103
0.6899718556087464
0.09794606492505409
0.6823196240002289
0.023540471302112564
0.5431232409609947
0.818621629034169
0.29264497649273835
0.18897127945092507
0.8464452025364153
0.3011638518073596
0.7057903110107873
0.5743107049493119
0.427902825147612
0.143822740734322
0.8566118944145273
0.7858944190375041
0.9642439265444409
0.9464889212686103
0.9910382433736231
0.9866184011625592
0.9977652453817427
0.4966555575665552
0.24943989020539448
0.374163650063565
0.06236032783635892
0.5935409723315388
0.3905899931269232
0.21088522812351584
0.3163975204806775
0.5370963107561693
0.33691187456133775
0.01318032675771974
0.5197748450154904
0.7835685194004327
0.4585569921473507
0.18832377041690052
0.3449859278043732
0.5489730324479751
0.34115981200011447
0.5117702356365044
0.7715616204659455
0.4093108145170845
0.6463224882318173
0.5944856397109106
0.42322260126820765
0.1505819259036798
0.8528951554908417
0.28715535247465596
0.7139514125592541
0.5719113703526091
0.9283059471927118
0.8929472095042001
0.9821219632576685
0.9732444606197532
0.9955191216722596
0.9933092005667277
0.49888262269087136
0.7483277787687257
0.12471994510269724
0.6870818250172306
0.5311801639036275
0.2967704861657694
0.6952949965489097
0.10544261406175792
0.15819876024033874
0.26854815537808463
0.668455937266117
0.506590163364308
0.7598874224931933
0.39178425970021635
0.7292784960591234
0.09416188520845026
0.1724929639021866
0.27448651622398756
0.17057990600005724
0.7558851178037003
0.3857808102329727
0.20465540725854225
0.8231612441013567
0.2972428198554553
0.7116113006195519
0.575290962937288
0.42644757774542086
0.14357767623732798
0.8569757062650751
0.7859556851617526
0.964152973581804
0.9464736047375482
0.9910609816142824
0.9866222302953247
0.9977595608215779
0.49665460028336383
0.24944131134543568
0.37416388938436285
0.5623599725367967
0.8435409124940634
0.2655900819518138
0.1483852430828847
0.34764749827445485
0.05272130703087896
0.07909938012016937
0.13427407768904231
0.8342279686185066
0.7532950816676021
0.37994371124659665
0.19589212985010818
0.3646392480295617
0.04708094260422513
0.0862464819510933
0.6372432580974419
0.5852899529854767
0.37794255890185013
0.6928904051019344
0.6023277036147192
0.41158062205067836
0.14862140992772765
0.855805650295224
0.287645481468644
0.7132237888581585
0.5717888381041121
0.9284878531179857
0.8929778425663244
0.9820764867763501
0.9732368023542222
0.9955304907925893
0.9933111151331104
0.49887978041078895
0.74832730012713
0.12472065567271784
0.18708194469218142
0.7811799862538464
0.4217704562470317
0.632795040961355
0.07419262154144235
0.6738237491226755
0.02636065351543948
0.039549690060084686
0.5671370388299692
0.9171139842947014
0.37664754083380103
0.6899718556087464
0.09794606492505409
0.6823196240002289
0.023540471302112564
0.5431232409609947
0.818621629034169
0.29264497649273835
0.18897127945092507
0.8464452025364153
0.3011638518073596
0.7057903110107873
0.5743107049493119
0.427902825147612
0.143822740734322
0.8566118944145273
0.7858944190375041
0.9642439265444409
0.9464889212686103
0.9910382433736231
0.9866184011625592
0.9977652453817427
0.4966555575665552
0.24943989020539448
0.374163650063565
0.06236032783635892
0.5935409723315388
0.3905899931269232
0.21088522812351584
0.3163975204806775
0.5370963107561693
0.33691187456133775
0.01318032675771974
0.5197748450154904
0.7835685194004327
0.4585569921473507
0.18832377041690052
0.3449859278043732
0.5489730324479751
0.34115981200011447
0.5117702356365044
0.7715616204659455
0.4093108145170845
0.6463224882318173
0.5944856397109106
0.42322260126820765
0.1505819259036798
0.8528951554908417
0.28715535247465596
0.7139514125592541
0.5719113703526091
0.9283059471927118
0.8929472095042001
0.9821219632576685
0.9732444606197532
0.9955191216722596
0.9933092005667277
0.49888262269087136
0.7483277787687257
0.12471994510269724
0.6870818250172306
0.5311801639036275
0.2967704861657694
0.6952949965489097
0.10544261406175792
0.15819876024033874
0.26854815537808463
0.668455937266117
0.506590163364308
0.7598874224931933
0.39178425970021635
0.7292784960591234
0.09416188520845026
0.1724929639021866
0.27448651622398756
0.17057990600005724
0.7558851178037003
0.3857808102329727
0.20465540725854225
0.8231612441013567
0.2972428198554553
0.7116113006195519
0.575290962937288
0.42644757774542086
0.14357767623732798
0.8569757062650751
0.7859556851617526
0.964152973581804
0.9464736047375482
0.9910609816142824
0.9866222302953247
0.9977595608215779
0.49665460028336383
0.24944131134543568
0.37416388938436285
0.5623599725367967
0.8435409124940634
0.2655900819518138
0.1483852430828847
0.34764749827445485
0.05272130703087896
0.07909938012016937
0.13427407768904231
0.8342279686185066
0.7532950816676021
0.37994371124659665
0.19589212985010818
0.3646392480295617
0.04708094260422513
0.0862464819510933
0.6372432580974419
0.5852899529854767
0.37794255890185013
0.6928904051019344
0.6023277036147192
0.41158062205067836
0.14862140992772765
0.855805650295224
0.287645481468644
0.7132237888581585
0.5717888381041121
0.9284878531179857
0.8929778425663244
0.9820764867763501
0.9732368023542222
0.9955304907925893
0.9933111151331104
0.49887978041078895
0.74832730012713
0.12472065567271784
0.18708194469218142
0.7811799862538464
0.4217704562470317
0.632795040961355
0.07419262154144235
0.6738237491226755
0.02636065351543948
0.039549690060084686
0.5671370388299692
0.9171139842947014
0.37664754083380103
0.6899718556087464
0.09794606492505409
0.6823196240002289
0.023540471302112564
0.5431232409609947
0.818621629034169
0.29264497649273835
0.18897127945092507
0.8464452025364153
0.3011638518073596
0.7057903110107873
0.5743107049493119
0.427902825147612
0.143822740734322
0.8566118944145273
0.7858944190375041
0.9642439265444409
0.9464889212686103
0.9910382433736231
0.9866184011625592
0.9977652453817427
0.4966555575665552
0.24943989020539448
0.374163650063565
0.06236032783635892
0.5935409723315388
0.3905899931269232
0.21088522812351584
0.3163975204806775
0.5370963107561693
0.33691187456133775
0.01318032675771974
0.5197748450154904
0.7835685194004327
0.4585569921473507
0.18832377041690052
0.3449859278043732
0.5489730324479751
0.34115981200011447
0.5117702356365044
0.7715616204659455
0.4093108145170845
0.6463224882318173
0.5944856397109106
0.42322260126820765
0.1505819259036798
0.8528951554908417
0.28715535247465596
0.7139514125592541
0.5719113703526091
0.9283059471927118
0.8929472095042001
0.9821219632576685
0.9732444606197532
0.9955191216722596
0.9933092005667277
0.49888262269087136
0.7483277787687257
0.12471994510269724
0.6870818250172306
0.5311801639036275
0.2967704861657694
0.6952949965489097
0.10544261406175792
0.15819876024033874
0.26854815537808463
0.668455937266117
0.506590163364308
0.7598874224931933
0.39178425970021635
0.7292784960591234
0.09416188520845026
0.1724929639021866
0.27448651622398756
0.17057990600005724
0.7558851178037003
0.3857808102329727
0.20465540725854225
0.8231612441013567
0.2972428198554553
0.7116113006195519
0.575290962937288
0.42644757774542086
0.14357767623732798
0.8569757062650751
0.7859556851617526
0.964152973581804
0.9464736047375482
0.9910609816142824
0.9866222302953247
0.9977595608215779
0.49665460028336383
0.24944131134543568
0.37416388938436285
0.5623599725367967
0.8435409124940634
0.2655900819518138
0.1483852430828847
0.34764749827445485
0.05272130703087896
0.07909938012016937
0.13427407768904231
0.8342279686185066
0.7532950816676021
0.37994371124659665
0.19589212985010818
0.3646392480295617
0.04708094260422513
0.0862464819510933
0.6372432580974419
0.5852899529854767
0.37794255890185013
0.6928904051019344
0.6023277036147192
0.41158062205067836
0.14862140992772765
0.855805650295224
0.287645481468644
0.7132237888581585
0.5717888381041121
0.9284878531179857
0.8929778425663244
0.9820764867763501
0.9732368023542222
0.9955304907925893
0.9933111151331104
0.49887978041078895
0.74832730012713
0.12472065567271784
0.18708194469218142
0.7811799862538464
0.4217704562470317
0.632795040961355
0.07419262154144235
0.6738237491226755
0.02636065351543948
0.039549690060084686
0.5671370388299692
0.9171139842947014
0.37664754083380103
0.6899718556087464
0.09794606492505409
0.6823196240002289
0.023540471302112564
0.5431232409609947
0.818621629034169
0.29264497649273835
0.18897127945092507
0.8464452025364153
0.3011638518073596
0.7057903110107873
0.5743107049493119
0.427902825147612
0.143822740734322
0.8566118944145273
0.7858944190375041
0.9642439265444409
0.9464889212686103
0.9910382433736231
0.9866184011625592
0.9977652453817427
0.4966555575665552
0.24943989020539448
0.374163650063565
0.06236032783635892
0.5935409723315388
0.3905899931269232
0.21088522812351584
0.3163975204806775
0.5370963107561693
0.33691187456133775
0.01318032675771974
0.5197748450154904
0.7835685194004327
0.4585569921473507
0.18832377041690052
0.3449859278043732
0.5489730324479751
0.34115981200011447
0.5117702356365044
0.7715616204659455
0.4093108145170845
0.6463224882318173
0.5944856397109106
0.42322260126820765
0.1505819259036798
0.8528951554908417
0.28715535247465596
0.7139514125592541
0.5719113703526091
0.9283059471927118
0.8929472095042001
0.9821219632576685
0.9732444606197532
0.9955191216722596
0.9933092005667277
0.49888262269087136
0.7483277787687257
0.12471994510269724
0.6870818250172306
0.5311801639036275
0.2967704861657694
0.6952949965489097
0.10544261406175792
0.15819876024033874
0.26854815537808463
0.668455937266117
0.506590163364308
0.7598874224931933
0.39178425970021635
0.7292784960591234
0.09416188520845026
0.1724929639021866
0.27448651622398756
0.17057990600005724
0.7558851178037003
0.3857808102329727
0.20465540725854225
0.8231612441013567
0.2972428198554553
0.7116113006195519
0.575290962937288
0.42644757774542086
0.14357767623732798
0.8569757062650751
0.7859556851617526
0.964152973581804
0.9464736047375482
0.9910609816142824
0.9866222302953247
0.9977595608215779
0.49665460028336383
0.24944131134543568
0.37416388938436285
0.5623599725367967
0.8435409124940634
0.2655900819518138
0.1483852430828847
0.34764749827445485
0.05272130703087896
0.07909938012016937
0.13427407768904231
0.8342279686185066
0.7532950816676021
0.37994371124659665
0.19589212985010818
0.3646392480295617
0.04708094260422513
0.0862464819510933
0.6372432580974419
0.5852899529854767
0.37794255890185013
0.6928904051019344
0.6023277036147192
0.41158062205067836
0.14862140992772765
0.855805650295224
0.287645481468644
0.7132237888581585
0.5717888381041121
0.9284878531179857
0.8929778425663244
0.9820764867763501
0.9732368023542222
0.9955304907925893
0.9933111151331104
0.49887978041078895
0.74832730012713
0.12472065567271784
0.18708194469218142
0.7811799862538464
0.4217704562470317
0.632795040961355
0.07419262154144235
0.6738237491226755
0.02636065351543948
0.039549690060084686
0.5671370388299692
0.9171139842947014
0.37664754083380103
0.6899718556087464
0.09794606492505409
0.6823196240002289
0.023540471302112564
0.5431232409609947
0.818621629034169
0.29264497649273835
0.18897127945092507
0.8464452025364153
0.3011638518073596
0.7057903110107873
0.5743107049493119
0.427902825147612
0.143822740734322
0.8566118944145273
0.7858944190375041
0.9642439265444409
0.9464889212686103
0.9910382433736231
0.9866184011625592
0.9977652453817427
0.4966555575665552
0.24943989020539448
0.374163650063565
0.06236032783635892
0.5935409723315388
0.3905899931269232
0.21088522812351584
0.3163975204806775
0.5370963107561693
0.33691187456133775
0.01318032675771974
0.5197748450154904
0.7835685194004327
0.4585569921473507
0.18832377041690052
0.3449859278043732
0.5489730324479751
0.34115981200011447
0.5117702356365044
0.7715616204659455
0.4093108145170845
0.6463224882318173
0.5944856397109106
0.42322260126820765
0.1505819259036798
0.8528951554908417
0.28715535247465596
0.7139514125592541
0.5719113703526091
0.9283059471927118
0.8929472095042001
0.9821219632576685
0.9732444606197532
0.9955191216722596
0.9933092005667277
0.49888262269087136
0.7483277787687257
0.12471994510269724
0.6870818250172306
0.5311801639036275
0.2967704861657694
0.6952949965489097
0.10544261406175792
0.15819876024033874
0.26854815537808463
0.668455937266117
0.506590163364308
0.7598874224931933
0.39178425970021635
0.7292784960591234
0.09416188520845026
0.1724929639021866
0.27448651622398756
0.17057990600005724
0.7558851178037003
0.3857808102329727
0.20465540725854225
0.8231612441013567
0.2972428198554553
0.7116113006195519
0.575290962937288
0.42644757774542086
0.14357767623732798
0.8569757062650751
0.7859556851617526
0.964152973581804
0.9464736047375482
0.9910609816142824
0.9866222302953247
0.9977595608215779
0.49665460028336383
0.24944131134543568
0.37416388938436285
0.5623599725367967
0.8435409124940634
0.2655900819518138
0.1483852430828847
0.34764749827445485
0.05272130703087896
0.07909938012016937
0.13427407768904231
0.8342279686185066
0.7532950816676021
0.37994371124659665
0.19589212985010818
0.3646392480295617
0.04708094260422513
0.0862464819510933
0.6372432580974419
0.5852899529854767
0.37794255890185013
0.6928904051019344
0.6023277036147192
0.41158062205067836
0.14862140992772765
0.855805650295224
0.287645481468644
0.7132237888581585
0.5717888381041121
0.9284878531179857
0.8929778425663244
0.9820764867763501
0.9732368023542222
0.9955304907925893
0.9933111151331104
0.49887978041078895
0.74832730012713
0.12472065567271784
0.18708194469218142
0.7811799862538464
0.4217704562470317
0.632795040961355
0.07419262154144235
0.6738237491226755
0.02636065351543948
0.039549690060084686
0.5671370388299692
0.9171139842947014
0.37664754083380103
0.6899718556087464
0.09794606492505409
0.6823196240002289
0.023540471302112564
0.5431232409609947
0.818621629034169
0.29264497649273835
0.18897127945092507
0.8464452025364153
0.3011638518073596
0.7057903110107873
0.5743107049493119
0.427902825147612
0.143822740734322
0.8566118944145273
0.7858944190375041
0.9642439265444409
0.9464889212686103
0.9910382433736231
0.9866184011625592
0.9977652453817427
0.4966555575665552
0.24943989020539448
0.374163650063565
0.06236032783635892
0.5935409723315388
0.3905899931269232
0.21088522812351584
0.3163975204806775
0.5370963107561693
0.33691187456133775
0.01318032675771974
0.5197748450154904
0.7835685194004327
0.4585569921473507
0.18832377041690052
0.3449859278043732
0.5489730324479751
0.34115981200011447
0.5117702356365044
0.7715616204659455
0.4093108145170845
0.6463224882318173
0.5944856397109106
0.42322260126820765
0.1505819259036798
0.8528951554908417
0.28715535247465596
0.7139514125592541
0.5719113703526091
0.9283059471927118
0.8929472095042001
0.9821219632576685
0.9732444606197532
0.9955191216722596
0.9933092005667277
0.49888262269087136
0.7483277787687257
0.12471994510269724
0.6870818250172306
0.5311801639036275
0.2967704861657694
0.6952949965489097
0.10544261406175792
0.15819876024033874
0.26854815537808463
0.668455937266117
0.506590163364308
0.7598874224931933
0.39178425970021635
0.7292784960591234
0.09416188520845026
0.1724929639021866
0.27448651622398756
0.17057990600005724
0.7558851178037003
0.3857808102329727
0.20465540725854225
0.8231612441013567
0.2972428198554553
0.7116113006195519
0.575290962937288
0.42644757774542086
0.14357767623732798
0.8569757062650751
0.7859556851617526
0.964152973581804
0.9464736047375482
0.9910609816142824
0.9866222302953247
0.9977595608215779
0.49665460028336383
0.24944131134543568
0.37416388938436285
0.5623599725367967
0.8435409124940634
0.2655900819518138
0.1483852430828847
0.34764749827445485
0.05272130703087896
0.07909938012016937
0.13427407768904231
0.8342279686185066
0.7532950816676021
0.37994371124659665
0.19589212985010818
0.3646392480295617
0.04708094260422513
0.0862464819510933
0.6372432580974419
0.5852899529854767
0.37794255890185013
0.6928904051019344
0.6023277036147192
0.41158062205067836
0.14862140992772765
0.855805650295224
0.287645481468644
0.7132237888581585
0.5717888381041121
0.9284878531179857
0.8929778425663244
0.9820764867763501
0.9732368023542222
0.9955304907925893
0.9933111151331104
0.49887978041078895
0.74832730012713
0.12472065567271784
0.18708194469218142
0.7811799862538464
0.4217704562470317
0.632795040961355
0.07419262154144235
0.6738237491226755
0.02636065351543948
0.039549690060084686
0.5671370388299692
0.9171139842947014
0.37664754083380103
0.6899718556087464
0.09794606492505409
0.6823196240002289
0.023540471302112564
0.5431232409609947
0.818621629034169
0.29264497649273835
0.18897127945092507
0.8464452025364153
0.3011638518073596
0.7057903110107873
0.5743107049493119
0.427902825147612
0.143822740734322
0.8566118944145273
0.7858944190375041
0.9642439265444409
0.9464889212686103
0.9910382433736231
0.9866184011625592
0.9977652453817427
0.4966555575665552
0.24943989020539448
0.374163650063565
0.06236032783635892
0.5935409723315388
0.3905899931269232
0.21088522812351584
0.3163975204806775
0.5370963107561693
0.33691187456133775
0.01318032675771974
0.5197748450154904
0.7835685194004327
0.4585569921473507
0.18832377041690052
0.3449859278043732
0.5489730324479751
0.34115981200011447
0.5117702356365044
0.7715616204659455
0.4093108145170845
0.6463224882318173
0.5944856397109106
0.42322260126820765
0.1505819259036798
0.8528951554908417
0.28715535247465596
0.7139514125592541
0.5719113703526091
0.9283059471927118
0.8929472095042001
0.9821219632576685
0.9732444606197532
0.9955191216722596
0.9933092005667277
0.49888262269087136
0.7483277787687257
0.12471994510269724
0.6870818250172306
0.5311801639036275
0.2967704861657694
0.6952949965489097
0.10544261406175792
0.15819876024033874
0.26854815537808463
0.668455937266117
0.506590163364308
0.7598874224931933
0.39178425970021635
0.7292784960591234
0.09416188520845026
0.1724929639021866
0.27448651622398756
0.17057990600005724
0.7558851178037003
0.3857808102329727
0.20465540725854225
0.8231612441013567
0.2972428198554553
0.7116113006195519
0.575290962937288
0.42644757774542086
0.14357767623732798
0.8569757062650751
0.7859556851617526
0.964152973581804
0.9464736047375482
0.9910609816142824
0.9866222302953247
0.9977595608215779
0.49665460028336383
0.24944131134543568
0.37416388938436285
0.5623599725367967
0.8435409124940634
0.2655900819518138
0.1483852430828847
0.34764749827445485
0.05272130703087896
0.07909938012016937
0.13427407768904231
0.8342279686185066
0.7532950816676021
0.37994371124659665
0.19589212985010818
0.3646392480295617
0.04708094260422513
0.0862464819510933
0.6372432580974419
0.5852899529854767
0.37794255890185013
0.6928904051019344
0.6023277036147192
0.41158062205067836
0.14862140992772765
0.855805650295224
0.287645481468644
0.7132237888581585
0.5717888381041121
0.9284878531179857
0.8929778425663244
0.9820764867763501
0.9732368023542222
0.9955304907925893
0.9933111151331104
0.49887978041078895
0.74832730012713
0.12472065567271784
0.18708194469218142
0.7811799862538464
0.4217704562470317
0.632795040961355
0.07419262154144235
0.6738237491226755
0.02636065351543948
0.039549690060084686
0.5671370388299692
0.9171139842947014
0.37664754083380103
0.6899718556087464
0.09794606492505409
0.6823196240002289
0.023540471302112564
0.5431232409609947
0.818621629034169
0.29264497649273835
0.18897127945092507
0.8464452025364153
0.3011638518073596
0.7057903110107873
0.5743107049493119
0.427902825147612
0.143822740734322
0.8566118944145273
0.7858944190375041
0.9642439265444409
0.9464889212686103
0.9910382433736231
0.9866184011625592
0.9977652453817427
0.4966555575665552
0.24943989020539448
0.374163650063565
0.06236032783635892
0.5935409723315388
0.3905899931269232
0.21088522812351584
0.3163975204806775
0.5370963107561693
0.33691187456133775
0.01318032675771974
0.5197748450154904
0.7835685194004327
0.4585569921473507
0.18832377041690052
0.3449859278043732
0.5489730324479751
0.34115981200011447
0.5117702356365044
0.7715616204659455
0.4093108145170845
0.6463224882318173
0.5944856397109106
0.42322260126820765
0.1505819259036798
0.8528951554908417
0.28715535247465596
0.7139514125592541
0.5719113703526091
0.9283059471927118
0.8929472095042001
0.9821219632576685
0.9732444606197532
0.9955191216722596
0.9933092005667277
0.49888262269087136
0.7483277787687257
0.12471994510269724
0.6870818250172306
0.5311801639036275
0.2967704861657694
0.6952949965489097
0.10544261406175792
0.15819876024033874
0.26854815537808463
0.668455937266117
0.506590163364308
0.7598874224931933
0.39178425970021635
0.7292784960591234
0.09416188520845026
0.1724929639021866
0.27448651622398756
0.17057990600005724
0.7558851178037003
0.3857808102329727
0.20465540725854225
0.8231612441013567
0.2972428198554553
0.7116113006195519
0.575290962937288
0.42644757774542086
0.14357767623732798
0.8569757062650751
0.7859556851617526
0.964152973581804
0.9464736047375482
0.9910609816142824
0.9866222302953247
0.9977595608215779
0.49665460028336383
0.24944131134543568
0.37416388938436285
0.5623599725367967
0.8435409124940634
0.2655900819518138
0.1483852430828847
0.34764749827445485
0.05272130703087896
0.07909938012016937
0.13427407768904231
0.8342279686185066
0.7532950816676021
0.37994371124659665
0.19589212985010818
0.3646392480295617
0.04708094260422513
0.0862464819510933
0.6372432580974419
0.5852899529854767
0.37794255890185013
0.6928904051019344
0.6023277036147192
0.41158062205067836
0.14862140992772765
0.855805650295224
0.287645481468644
0.7132237888581585
0.5717888381041121
0.9284878531179857
0.8929778425663244
0.9820764867763501
0.9732368023542222
0.9955304907925893
0.9933111151331104
0.49887978041078895
0.74832730012713
0.12472065567271784
0.18708194469218142
0.7811799862538464
0.4217704562470317
0.632795040961355
0.07419262154144235
0.6738237491226755
0.02636065351543948
0.039549690060084686
0.5671370388299692
0.9171139842947014
0.37664754083380103
0.6899718556087464
0.09794606492505409
0.6823196240002289
0.023540471302112564
0.5431232409609947
0.818621629034169
0.29264497649273835
0.18897127945092507
0.8464452025364153
0.3011638518073596
0.7057903110107873
0.5743107049493119
0.427902825147612
0.143822740734322
0.8566118944145273
0.7858944190375041
0.9642439265444409
0.9464889212686103
0.9910382433736231
0.9866184011625592
0.9977652453817427
0.4966555575665552
0.24943989020539448
0.374163650063565
0.06236032783635892
0.5935409723315388
0.3905899931269232
0.21088522812351584
0.3163975204806775
0.5370963107561693
0.33691187456133775
0.01318032675771974
0.5197748450154904
0.7835685194004327
0.4585569921473507
0.18832377041690052
0.3449859278043732
0.5489730324479751
0.34115981200011447
0.5117702356365044
0.7715616204659455
0.4093108145170845
0.6463224882318173
0.5944856397109106
0.42322260126820765
0.1505819259036798
0.8528951554908417
0.28715535247465596
0.7139514125592541
0.5719113703526091
0.9283059471927118
0.8929472095042001
0.9821219632576685
0.9732444606197532
0.9955191216722596
0.9933092005667277
0.49888262269087136
0.7483277787687257
0.12471994510269724
0.6870818250172306
0.5311801639036275
0.2967704861657694
0.6952949965489097
0.10544261406175792
0.15819876024033874
0.26854815537808463
0.668455937266117
0.506590163364308
0.7598874224931933
0.39178425970021635
0.7292784960591234
0.09416188520845026
0.1724929639021866
0.27448651622398756
0.17057990600005724
0.7558851178037003
0.3857808102329727
0.20465540725854225
0.8231612441013567
0.2972428198554553
0.7116113006195519
0.575290962937288
0.42644757774542086
0.14357767623732798
0.8569757062650751
0.7859556851617526
0.964152973581804
0.9464736047375482
0.9910609816142824
0.9866222302953247
0.9977595608215779
0.49665460028336383
0.24944131134543568
0.37416388938436285
0.5623599725367967
0.8435409124940634
0.2655900819518138
0.1483852430828847
0.34764749827445485
0.05272130703087896
0.07909938012016937
0.13427407768904231
0.8342279686185066
0.7532950816676021
0.37994371124659665
0.19589212985010818
0.3646392480295617
0.04708094260422513
0.0862464819510933
0.6372432580974419
0.5852899529854767
0.37794255890185013
0.6928904051019344
0.6023277036147192
0.41158062205067836
0.14862140992772765
0.855805650295224
0.287645481468644
0.7132237888581585
0.5717888381041121
0.9284878531179857
0.8929778425663244
0.9820764867763501
0.9732368023542222
0.9955304907925893
0.9933111151331104
0.49887978041078895
0.74832730012713
0.12472065567271784
0.18708194469218142
0.7811799862538464
0.4217704562470317
0.632795040961355
0.07419262154144235
0.6738237491226755
0.02636065351543948
0.039549690060084686
0.5671370388299692
0.9171139842947014
0.37664754083380103
0.6899718556087464
0.09794606492505409
0.6823196240002289
0.023540471302112564
0.5431232409609947
0.818621629034169
0.29264497649273835
0.18897127945092507
0.8464452025364153
0.3011638518073596
0.7057903110107873
0.5743107049493119
0.427902825147612
0.143822740734322
0.8566118944145273
0.7858944190375041
0.9642439265444409
0.9464889212686103
0.9910382433736231
0.9866184011625592
0.9977652453817427
0.4966555575665552
0.24943989020539448
0.374163650063565
0.06236032783635892
0.5935409723315388
0.3905899931269232
0.21088522812351584
0.3163975204806775
0.5370963107561693
0.33691187456133775
0.01318032675771974
0.5197748450154904
0.7835685194004327
0.4585569921473507
0.18832377041690052
0.3449859278043732
0.5489730324479751
0.34115981200011447
0.5117702356365044
0.7715616204659455
0.4093108145170845
0.6463224882318173
0.5944856397109106
0.42322260126820765
0.1505819259036798
0.8528951554908417
0.28715535247465596
0.7139514125592541
0.5719113703526091
0.9283059471927118
0.8929472095042001
0.9821219632576685
0.9732444606197532
0.9955191216722596
0.9933092005667277
0.49888262269087136
0.7483277787687257
0.12471994510269724
0.6870818250172306
0.5311801639036275
0.2967704861657694
0.6952949965489097
0.10544261406175792
0.15819876024033874
0.26854815537808463
0.668455937266117
0.506590163364308
0.7598874224931933
0.39178425970021635
0.7292784960591234
0.09416188520845026
0.1724929639021866
0.27448651622398756
0.17057990600005724
0.7558851178037003
0.3857808102329727
0.20465540725854225
0.8231612441013567
0.2972428198554553
0.7116113006195519
0.575290962937288
0.42644757774542086
0.14357767623732798
0.8569757062650751
0.7859556851617526
0.964152973581804
0.9464736047375482
0.9910609816142824
0.9866222302953247
0.9977595608215779
0.49665460028336383
0.24944131134543568
0.37416388938436285
0.5623599725367967
0.8435409124940634
0.2655900819518138
0.1483852430828847
0.34764749827445485
0.05272130703087896
0.07909938012016937
0.13427407768904231
0.8342279686185066
0.7532950816676021
0.37994371124659665
0.19589212985010818
0.3646392480295617
0.04708094260422513
0.0862464819510933
0.6372432580974419
0.5852899529854767
0.37794255890185013
0.6928904051019344
0.6023277036147192
0.41158062205067836
0.14862140992772765
0.855805650295224
0.287645481468644
0.7132237888581585
0.5717888381041121
0.9284878531179857
0.8929778425663244
0.9820764867763501
0.9732368023542222
0.9955304907925893
0.9933111151331104
0.49887978041078895
0.74832730012713
0.12472065567271784
0.18708194469218142
0.7811799862538464
0.4217704562470317
0.632795040961355
0.07419262154144235
0.6738237491226755
0.02636065351543948
0.039549690060084686
0.5671370388299692
0.9171139842947014
0.37664754083380103
0.6899718556087464
0.09794606492505409
0.6823196240002289
0.023540471302112564
0.5431232409609947
0.818621629034169
0.29264497649273835
0.18897127945092507
0.8464452025364153
0.3011638518073596
0.7057903110107873
0.5743107049493119
0.427902825147612
0.143822740734322
0.8566118944145273
0.7858944190375041
0.9642439265444409
0.9464889212686103
0.9910382433736231
0.9866184011625592
0.9977652453817427
0.4966555575665552
0.24943989020539448
0.374163650063565
0.06236032783635892
0.5935409723315388
0.3905899931269232
0.21088522812351584
0.3163975204806775
0.5370963107561693
0.33691187456133775
0.01318032675771974
0.5197748450154904
0.7835685194004327
0.4585569921473507
0.18832377041690052
0.3449859278043732
0.5489730324479751
0.34115981200011447
0.5117702356365044
0.7715616204659455
0.4093108145170845
0.6463224882318173
0.5944856397109106
0.42322260126820765
0.1505819259036798
0.8528951554908417
0.28715535247465596
0.7139514125592541
0.5719113703526091
0.9283059471927118
0.8929472095042001
0.9821219632576685
0.9732444606197532
0.9955191216722596
0.9933092005667277
0.49888262269087136
0.7483277787687257
0.12471994510269724
0.6870818250172306
0.5311801639036275
0.2967704861657694
0.6952949965489097
0.10544261406175792
0.15819876024033874
0.26854815537808463
0.668455937266117
0.506590163364308
0.7598874224931933
0.39178425970021635
0.7292784960591234
0.09416188520845026
0.1724929639021866
0.27448651622398756
0.17057990600005724
0.7558851178037003
0.3857808102329727
0.20465540725854225
0.8231612441013567
0.2972428198554553
0.7116113006195519
0.575290962937288
0.42644757774542086
0.14357767623732798
0.8569757062650751
0.7859556851617526
0.964152973581804
0.9464736047375482
0.9910609816142824
0.9866222302953247
0.9977595608215779
0.49665460028336383
0.24944131134543568
0.37416388938436285
0.5623599725367967
0.8435409124940634
0.2655900819518138
0.1483852430828847
0.34764749827445485
0.05272130703087896
0.07909938012016937
0.13427407768904231
0.8342279686185066
0.7532950816676021
0.37994371124659665
0.19589212985010818
0.3646392480295617
0.04708094260422513
0.0862464819510933
0.6372432580974419
0.5852899529854767
0.37794255890185013
0.6928904051019344
0.6023277036147192
0.41158062205067836
0.14862140992772765
0.855805650295224
0.287645481468644
0.7132237888581585
0.5717888381041121
0.9284878531179857
0.8929778425663244
0.9820764867763501
0.9732368023542222
0.9955304907925893
0.9933111151331104
0.49887978041078895
0.74832730012713
0.12472065567271784
0.18708194469218142
0.7811799862538464
0.4217704562470317
0.632795040961355
0.07419262154144235
0.6738237491226755
0.02636065351543948
0.039549690060084686
0.5671370388299692
0.9171139842947014
0.37664754083380103
0.6899718556087464
0.09794606492505409
0.6823196240002289
0.023540471302112564
0.5431232409609947
0.818621629034169
0.29264497649273835
0.18897127945092507
0.8464452025364153
0.3011638518073596
0.7057903110107873
0.5743107049493119
0.427902825147612
0.143822740734322
0.8566118944145273
0.7858944190375041
0.9642439265444409
0.9464889212686103
0.9910382433736231
0.9866184011625592
0.9977652453817427
0.4966555575665552
0.24943989020539448
0.374163650063565
0.06236032783635892
0.5935409723315388
0.3905899931269232
0.21088522812351584
0.3163975204806775
0.5370963107561693
0.33691187456133775
0.01318032675771974
0.5197748450154904
0.7835685194004327
0.4585569921473507
0.18832377041690052
0.3449859278043732
0.5489730324479751
0.34115981200011447
0.5117702356365044
0.7715616204659455
0.4093108145170845
0.6463224882318173
0.5944856397109106
0.42322260126820765
0.1505819259036798
0.8528951554908417
0.28715535247465596
0.7139514125592541
0.5719113703526091
0.9283059471927118
0.8929472095042001
0.9821219632576685
0.9732444606197532
0.9955191216722596
0.9933092005667277
0.49888262269087136
0.7483277787687257
0.12471994510269724
0.6870818250172306
0.5311801639036275
0.2967704861657694
0.6952949965489097
0.10544261406175792
0.15819876024033874
0.26854815537808463
0.668455937266117
0.506590163364308
0.7598874224931933
0.39178425970021635
0.7292784960591234
0.09416188520845026
0.1724929639021866
0.27448651622398756
0.17057990600005724
0.7558851178037003
0.3857808102329727
0.20465540725854225
0.8231612441013567
0.2972428198554553
0.7116113006195519
0.575290962937288
0.42644757774542086
0.14357767623732798
0.8569757062650751
0.7859556851617526
0.964152973581804
0.9464736047375482
0.9910609816142824
0.9866222302953247
0.9977595608215779
0.49665460028336383
0.24944131134543568
0.37416388938436285
0.5623599725367967
0.8435409124940634
0.2655900819518138
0.1483852430828847
0.34764749827445485
0.05272130703087896
0.07909938012016937
0.13427407768904231
0.8342279686185066
0.7532950816676021
0.37994371124659665
0.19589212985010818
0.3646392480295617
0.04708094260422513
0.0862464819510933
0.6372432580974419
0.5852899529854767
0.37794255890185013
0.6928904051019344
0.6023277036147192
0.41158062205067836
0.14862140992772765
0.855805650295224
0.287645481468644
0.7132237888581585
0.5717888381041121
0.9284878531179857
0.8929778425663244
0.9820764867763501
0.9732368023542222
0.9955304907925893
0.9933111151331104
0.49887978041078895
0.74832730012713
0.12472065567271784
0.18708194469218142
0.7811799862538464
0.4217704562470317
0.632795040961355
0.07419262154144235
0.6738237491226755
0.02636065351543948
0.039549690060084686
0.5671370388299692
0.9171139842947014
0.37664754083380103
0.6899718556087464
0.09794606492505409
0.6823196240002289
0.023540471302112564
0.5431232409609947
0.818621629034169
0.29264497649273835
0.18897127945092507
0.8464452025364153
0.3011638518073596
0.7057903110107873
0.5743107049493119
0.427902825147612
0.143822740734322
0.8566118944145273
0.7858944190375041
0.9642439265444409
0.9464889212686103
0.9910382433736231
0.9866184011625592
0.9977652453817427
0.4966555575665552
0.24943989020539448
0.374163650063565
0.06236032783635892
0.5935409723315388
0.3905899931269232
0.21088522812351584
0.3163975204806775
0.5370963107561693
0.33691187456133775
0.01318032675771974
0.5197748450154904
0.7835685194004327
0.4585569921473507
0.18832377041690052
0.3449859278043732
0.5489730324479751
0.34115981200011447
0.5117702356365044
0.7715616204659455
0.4093108145170845
0.6463224882318173
0.5944856397109106
0.42322260126820765
0.1505819259036798
0.8528951554908417
0.28715535247465596
0.7139514125592541
0.5719113703526091
0.9283059471927118
0.8929472095042001
0.9821219632576685
0.9732444606197532
0.9955191216722596
0.9933092005667277
0.49888262269087136
0.7483277787687257
0.12471994510269724
0.6870818250172306
0.5311801639036275
0.2967704861657694
0.6952949965489097
0.10544261406175792
0.15819876024033874
0.26854815537808463
0.668455937266117
0.506590163364308
0.7598874224931933
0.39178425970021635
0.7292784960591234
0.09416188520845026
0.1724929639021866
0.27448651622398756
0.17057990600005724
0.7558851178037003
0.3857808102329727
0.20465540725854225
0.8231612441013567
0.2972428198554553
0.7116113006195519
0.575290962937288
0.42644757774542086
0.14357767623732798
0.8569757062650751
0.7859556851617526
0.964152973581804
0.9464736047375482
0.9910609816142824
0.9866222302953247
0.9977595608215779
0.49665460028336383
0.24944131134543568
0.37416388938436285
0.5623599725367967
0.8435409124940634
0.2655900819518138
0.1483852430828847
0.34764749827445485
0.05272130703087896
0.07909938012016937
0.13427407768904231
0.8342279686185066
0.7532950816676021
0.37994371124659665
0.19589212985010818
0.3646392480295617
0.04708094260422513
0.0862464819510933
0.6372432580974419
0.5852899529854767
0.37794255890185013
0.6928904051019344
0.6023277036147192
0.41158062205067836
0.14862140992772765
0.855805650295224
0.287645481468644
0.7132237888581585
0.5717888381041121
0.9284878531179857
0.8929778425663244
0.9820764867763501
0.9732368023542222
0.9955304907925893
0.9933111151331104
0.49887978041078895
0.74832730012713
0.12472065567271784
0.18708194469218142
0.7811799862538464
0.4217704562470317
0.632795040961355
0.07419262154144235
0.6738237491226755
0.02636065351543948
0.039549690060084686
0.5671370388299692
0.9171139842947014
0.37664754083380103
0.6899718556087464
0.09794606492505409
0.6823196240002289
0.023540471302112564
0.5431232409609947
0.818621629034169
0.29264497649273835
0.18897127945092507
0.8464452025364153
0.3011638518073596
0.7057903110107873
0.5743107049493119
0.427902825147612
0.143822740734322
0.8566118944145273
0.7858944190375041
0.9642439265444409
0.9464889212686103
0.9910382433736231
0.9866184011625592
0.9977652453817427
0.4966555575665552
0.24943989020539448
0.374163650063565
0.06236032783635892
0.5935409723315388
0.3905899931269232
0.21088522812351584
0.3163975204806775
0.5370963107561693
0.33691187456133775
0.01318032675771974
0.5197748450154904
0.7835685194004327
0.4585569921473507
0.18832377041690052
0.3449859278043732
0.5489730324479751
0.34115981200011447
0.5117702356365044
0.7715616204659455
0.4093108145170845
0.6463224882318173
0.5944856397109106
0.42322260126820765
0.1505819259036798
0.8528951554908417
0.28715535247465596
0.7139514125592541
0.5719113703526091
0.9283059471927118
0.8929472095042001
0.9821219632576685
0.9732444606197532
0.9955191216722596
0.9933092005667277
0.49888262269087136
0.7483277787687257
0.12471994510269724
0.6870818250172306
0.5311801639036275
0.2967704861657694
0.6952949965489097
0.10544261406175792
0.15819876024033874
0.26854815537808463
0.668455937266117
0.506590163364308
0.7598874224931933
0.39178425970021635
0.7292784960591234
0.09416188520845026
0.1724929639021866
0.27448651622398756
0.17057990600005724
0.7558851178037003
0.3857808102329727
0.20465540725854225
0.8231612441013567
0.2972428198554553
0.7116113006195519
0.575290962937288
0.42644757774542086
0.14357767623732798
0.8569757062650751
0.7859556851617526
0.964152973581804
0.9464736047375482
0.9910609816142824
0.9866222302953247
0.9977595608215779
0.49665460028336383
0.24944131134543568
0.37416388938436285
0.5623599725367967
0.8435409124940634
0.2655900819518138
0.1483852430828847
0.34764749827445485
0.05272130703087896
0.07909938012016937
0.13427407768904231
0.8342279686185066
0.7532950816676021
0.37994371124659665
0.19589212985010818
0.3646392480295617
0.04708094260422513
0.0862464819510933
0.6372432580974419
0.5852899529854767
0.37794255890185013
0.6928904051019344
0.6023277036147192
0.41158062205067836
0.14862140992772765
0.855805650295224
0.287645481468644
0.7132237888581585
0.5717888381041121
0.9284878531179857
0.8929778425663244
0.9820764867763501
0.9732368023542222
0.9955304907925893
0.9933111151331104
0.49887978041078895
0.74832730012713
0.12472065567271784
0.18708194469218142
0.7811799862538464
0.4217704562470317
0.632795040961355
0.07419262154144235
0.6738237491226755
0.02636065351543948
0.039549690060084686
0.5671370388299692
0.9171139842947014
0.37664754083380103
0.6899718556087464
0.09794606492505409
0.6823196240002289
0.023540471302112564
0.5431232409609947
0.818621629034169
0.29264497649273835
0.18897127945092507
0.8464452025364153
0.3011638518073596
0.7057903110107873
0.5743107049493119
0.427902825147612
0.143822740734322
0.8566118944145273
0.7858944190375041
0.9642439265444409
0.9464889212686103
0.9910382433736231
0.9866184011625592
0.9977652453817427
0.4966555575665552
0.24943989020539448
0.374163650063565
0.06236032783635892
0.5935409723315388
0.3905899931269232
0.21088522812351584
0.3163975204806775
0.5370963107561693
0.33691187456133775
0.01318032675771974
0.5197748450154904
0.7835685194004327
0.4585569921473507
0.18832377041690052
0.3449859278043732
0.5489730324479751
0.34115981200011447
0.5117702356365044
0.7715616204659455
0.4093108145170845
0.6463224882318173
0.5944856397109106
0.42322260126820765
0.1505819259036798
0.8528951554908417
0.28715535247465596
0.7139514125592541
0.5719113703526091
0.9283059471927118
0.8929472095042001
0.9821219632576685
0.9732444606197532
0.9955191216722596
0.9933092005667277
0.49888262269087136
0.7483277787687257
0.12471994510269724
0.6870818250172306
0.5311801639036275
0.2967704861657694
0.6952949965489097
0.10544261406175792
0.15819876024033874
0.26854815537808463
0.668455937266117
0.506590163364308
0.7598874224931933
0.39178425970021635
0.7292784960591234
0.09416188520845026
0.1724929639021866
0.27448651622398756
0.17057990600005724
0.7558851178037003
0.3857808102329727
0.20465540725854225
0.8231612441013567
0.2972428198554553
0.7116113006195519
0.575290962937288
0.42644757774542086
0.14357767623732798
0.8569757062650751
0.7859556851617526
0.964152973581804
0.9464736047375482
0.9910609816142824
0.9866222302953247
0.9977595608215779
0.49665460028336383
0.24944131134543568
0.37416388938436285
0.5623599725367967
0.8435409124940634
0.2655900819518138
0.1483852430828847
0.34764749827445485
0.05272130703087896
0.07909938012016937
0.13427407768904231
0.8342279686185066
0.7532950816676021
0.37994371124659665
0.19589212985010818
0.3646392480295617
0.04708094260422513
0.0862464819510933
0.6372432580974419
0.5852899529854767
0.37794255890185013
0.6928904051019344
0.6023277036147192
0.41158062205067836
0.14862140992772765
0.855805650295224
0.287645481468644
0.7132237888581585
0.5717888381041121
0.9284878531179857
0.8929778425663244
0.9820764867763501
0.9732368023542222
0.9955304907925893
0.9933111151331104
0.49887978041078895
0.74832730012713
0.12472065567271784
0.18708194469218142
0.7811799862538464
0.4217704562470317
0.632795040961355
0.07419262154144235
0.6738237491226755
0.02636065351543948
0.039549690060084686
0.5671370388299692
0.9171139842947014
0.37664754083380103
0.6899718556087464
0.09794606492505409
0.6823196240002289
0.023540471302112564
0.5431232409609947
0.818621629034169
0.29264497649273835
0.18897127945092507
0.8464452025364153
0.3011638518073596
0.7057903110107873
0.5743107049493119
0.427902825147612
0.143822740734322
0.8566118944145273
0.7858944190375041
0.9642439265444409
0.9464889212686103
0.9910382433736231
0.9866184011625592
0.9977652453817427
0.4966555575665552
0.24943989020539448
0.374163650063565
0.06236032783635892
0.5935409723315388
0.3905899931269232
0.21088522812351584
0.3163975204806775
0.5370963107561693
0.33691187456133775
0.01318032675771974
0.5197748450154904
0.7835685194004327
0.4585569921473507
0.18832377041690052
0.3449859278043732
0.5489730324479751
0.34115981200011447
0.5117702356365044
0.7715616204659455
0.4093108145170845
0.6463224882318173
0.5944856397109106
0.42322260126820765
0.1505819259036798
0.8528951554908417
0.28715535247465596
0.7139514125592541
0.5719113703526091
0.9283059471927118
0.8929472095042001
0.9821219632576685
0.9732444606197532
0.9955191216722596
0.9933092005667277
0.49888262269087136
0.7483277787687257
0.12471994510269724
0.6870818250172306
0.5311801639036275
0.2967704861657694
0.6952949965489097
0.10544261406175792
0.15819876024033874
0.26854815537808463
0.668455937266117
0.506590163364308
0.7598874224931933
0.39178425970021635
0.7292784960591234
0.09416188520845026
0.1724929639021866
0.27448651622398756
0.17057990600005724
0.7558851178037003
0.3857808102329727
0.20465540725854225
0.8231612441013567
0.2972428198554553
0.7116113006195519
0.575290962937288
0.42644757774542086
0.14357767623732798
0.8569757062650751
0.7859556851617526
0.964152973581804
0.9464736047375482
0.9910609816142824
0.9866222302953247
0.9977595608215779
0.49665460028336383
0.24944131134543568
0.37416388938436285
0.5623599725367967
0.8435409124940634
0.2655900819518138
0.1483852430828847
0.34764749827445485
0.05272130703087896
0.07909938012016937
0.13427407768904231
0.8342279686185066
0.7532950816676021
0.37994371124659665
0.19589212985010818
0.3646392480295617
0.04708094260422513
0.0862464819510933
0.6372432580974419
0.5852899529854767
0.37794255890185013
0.6928904051019344
0.6023277036147192
0.41158062205067836
0.14862140992772765
0.855805650295224
0.287645481468644
0.7132237888581585
0.5717888381041121
0.9284878531179857
0.8929778425663244
0.9820764867763501
0.9732368023542222
0.9955304907925893
0.9933111151331104
0.49887978041078895
0.74832730012713
0.12472065567271784
0.18708194469218142
0.7811799862538464
0.4217704562470317
0.632795040961355
0.07419262154144235
0.6738237491226755
0.02636065351543948
0.039549690060084686
0.5671370388299692
0.9171139842947014
0.37664754083380103
0.6899718556087464
0.09794606492505409
0.6823196240002289
0.023540471302112564
0.5431232409609947
0.818621629034169
0.29264497649273835
0.18897127945092507
0.8464452025364153
0.3011638518073596
0.7057903110107873
0.5743107049493119
0.427902825147612
0.143822740734322
0.8566118944145273
0.7858944190375041
0.9642439265444409
0.9464889212686103
0.9910382433736231
0.9866184011625592
0.9977652453817427
0.4966555575665552
0.24943989020539448
0.374163650063565
0.06236032783635892
0.5935409723315388
0.3905899931269232
0.21088522812351584
0.3163975204806775
0.5370963107561693
0.33691187456133775
0.01318032675771974
0.5197748450154904
0.7835685194004327
0.4585569921473507
0.18832377041690052
0.3449859278043732
0.5489730324479751
0.34115981200011447
0.5117702356365044
0.7715616204659455
0.4093108145170845
0.6463224882318173
0.5944856397109106
0.42322260126820765
0.1505819259036798
0.8528951554908417
0.28715535247465596
0.7139514125592541
0.5719113703526091
0.9283059471927118
0.8929472095042001
0.9821219632576685
0.9732444606197532
0.9955191216722596
0.9933092005667277
0.49888262269087136
0.7483277787687257
0.12471994510269724
0.6870818250172306
0.5311801639036275
0.2967704861657694
0.6952949965489097
0.10544261406175792
0.15819876024033874
0.26854815537808463
0.668455937266117
0.506590163364308
0.7598874224931933
0.39178425970021635
0.7292784960591234
0.09416188520845026
0.1724929639021866
0.27448651622398756
0.17057990600005724
0.7558851178037003
0.3857808102329727
0.20465540725854225
0.8231612441013567
0.2972428198554553
0.7116113006195519
0.575290962937288
0.42644757774542086
0.14357767623732798
0.8569757062650751
0.7859556851617526
0.964152973581804
0.9464736047375482
0.9910609816142824
0.9866222302953247
0.9977595608215779
0.49665460028336383
0.24944131134543568
0.37416388938436285
0.5623599725367967
0.8435409124940634
0.2655900819518138
0.1483852430828847
0.34764749827445485
0.05272130703087896
0.07909938012016937
0.13427407768904231
0.8342279686185066
0.7532950816676021
0.37994371124659665
0.19589212985010818
0.3646392480295617
0.04708094260422513
0.0862464819510933
0.6372432580974419
0.5852899529854767
0.37794255890185013
0.6928904051019344
0.6023277036147192
0.41158062205067836
0.14862140992772765
0.855805650295224
0.287645481468644
0.7132237888581585
0.5717888381041121
0.9284878531179857
0.8929778425663244
0.9820764867763501
0.9732368023542222
0.9955304907925893
0.9933111151331104
0.49887978041078895
0.74832730012713
0.12472065567271784
0.18708194469218142
0.7811799862538464
0.4217704562470317
0.632795040961355
0.07419262154144235
0.6738237491226755
0.02636065351543948
0.039549690060084686
0.5671370388299692
0.9171139842947014
0.37664754083380103
0.6899718556087464
0.09794606492505409
0.6823196240002289
0.023540471302112564
0.5431232409609947
0.818621629034169
0.29264497649273835
0.18897127945092507
0.8464452025364153
0.3011638518073596
0.7057903110107873
0.5743107049493119
0.427902825147612
0.143822740734322
0.8566118944145273
0.7858944190375041
0.9642439265444409
0.9464889212686103
0.9910382433736231
0.9866184011625592
0.9977652453817427
0.4966555575665552
0.24943989020539448
0.374163650063565
0.06236032783635892
0.5935409723315388
0.3905899931269232
0.21088522812351584
0.3163975204806775
0.5370963107561693
0.33691187456133775
0.01318032675771974
0.5197748450154904
0.7835685194004327
0.4585569921473507
0.18832377041690052
0.3449859278043732
0.5489730324479751
0.34115981200011447
0.5117702356365044
0.7715616204659455
0.4093108145170845
0.6463224882318173
0.5944856397109106
0.42322260126820765
0.1505819259036798
0.8528951554908417
0.28715535247465596
0.7139514125592541
0.5719113703526091
0.9283059471927118
0.8929472095042001
0.9821219632576685
0.9732444606197532
0.9955191216722596
0.9933092005667277
0.49888262269087136
0.7483277787687257
0.12471994510269724
0.6870818250172306
0.5311801639036275
0.2967704861657694
0.6952949965489097
0.10544261406175792
0.15819876024033874
0.26854815537808463
0.668455937266117
0.506590163364308
0.7598874224931933
0.39178425970021635
0.7292784960591234
0.09416188520845026
0.1724929639021866
0.27448651622398756
0.17057990600005724
0.7558851178037003
0.3857808102329727
0.20465540725854225
0.8231612441013567
0.2972428198554553
0.7116113006195519
0.575290962937288
0.42644757774542086
0.14357767623732798
0.8569757062650751
0.7859556851617526
0.964152973581804
0.9464736047375482
0.9910609816142824
0.9866222302953247
0.9977595608215779
0.49665460028336383
0.24944131134543568
0.37416388938436285
0.5623599725367967
0.8435409124940634
0.2655900819518138
0.1483852430828847
0.34764749827445485
0.05272130703087896
0.07909938012016937
0.13427407768904231
0.8342279686185066
0.7532950816676021
0.37994371124659665
0.19589212985010818
0.3646392480295617
0.04708094260422513
0.0862464819510933
0.6372432580974419
0.5852899529854767
0.37794255890185013
0.6928904051019344
0.6023277036147192
0.41158062205067836
0.14862140992772765
0.855805650295224
0.287645481468644
0.7132237888581585
0.5717888381041121
0.9284878531179857
0.8929778425663244
0.9820764867763501
0.9732368023542222
0.9955304907925893
0.9933111151331104
0.49887978041078895
0.74832730012713
0.12472065567271784
0.18708194469218142
0.7811799862538464
0.4217704562470317
0.632795040961355
0.07419262154144235
0.6738237491226755
0.02636065351543948
0.039549690060084686
0.5671370388299692
0.9171139842947014
0.37664754083380103
0.6899718556087464
0.09794606492505409
0.6823196240002289
0.023540471302112564
0.5431232409609947
0.818621629034169
0.29264497649273835
0.18897127945092507
0.8464452025364153
0.3011638518073596
0.7057903110107873
0.5743107049493119
0.427902825147612
0.143822740734322
0.8566118944145273
0.7858944190375041
0.9642439265444409
0.9464889212686103
0.9910382433736231
0.9866184011625592
0.9977652453817427
0.4966555575665552
0.24943989020539448
0.374163650063565
0.06236032783635892
0.5935409723315388
0.3905899931269232
0.21088522812351584
0.3163975204806775
0.5370963107561693
0.33691187456133775
0.01318032675771974
0.5197748450154904
0.7835685194004327
0.4585569921473507
0.18832377041690052
0.3449859278043732
0.5489730324479751
0.34115981200011447
0.5117702356365044
0.7715616204659455
0.4093108145170845
0.6463224882318173
0.5944856397109106
0.42322260126820765
0.1505819259036798
0.8528951554908417
0.28715535247465596
0.7139514125592541
0.5719113703526091
0.9283059471927118
0.8929472095042001
0.9821219632576685
0.9732444606197532
0.9955191216722596
0.9933092005667277
0.49888262269087136
0.7483277787687257
0.12471994510269724
0.6870818250172306
0.5311801639036275
0.2967704861657694
0.6952949965489097
0.10544261406175792
0.15819876024033874
0.26854815537808463
0.668455937266117
0.506590163364308
0.7598874224931933
0.39178425970021635
0.7292784960591234
0.09416188520845026
0.1724929639021866
0.27448651622398756
0.17057990600005724
0.7558851178037003
0.3857808102329727
0.20465540725854225
0.8231612441013567
0.2972428198554553
0.7116113006195519
0.575290962937288
0.42644757774542086
0.14357767623732798
0.8569757062650751
0.7859556851617526
0.964152973581804
0.9464736047375482
0.9910609816142824
0.9866222302953247
0.9977595608215779
0.49665460028336383
0.24944131134543568
0.37416388938436285
0.5623599725367967
0.8435409124940634
0.2655900819518138
0.1483852430828847
0.34764749827445485
0.05272130703087896
0.07909938012016937
0.13427407768904231
0.8342279686185066
0.7532950816676021
0.37994371124659665
0.19589212985010818
0.3646392480295617
0.04708094260422513
0.0862464819510933
0.6372432580974419
0.5852899529854767
0.37794255890185013
0.6928904051019344
0.6023277036147192
0.41158062205067836
0.14862140992772765
0.855805650295224
0.287645481468644
0.7132237888581585
0.5717888381041121
0.9284878531179857
0.8929778425663244
0.9820764867763501
0.9732368023542222
0.9955304907925893
0.9933111151331104
0.49887978041078895
0.74832730012713
0.12472065567271784
0.18708194469218142
0.7811799862538464
0.4217704562470317
0.632795040961355
0.07419262154144235
0.6738237491226755
0.02636065351543948
0.039549690060084686
0.5671370388299692
0.9171139842947014
0.37664754083380103
0.6899718556087464
0.09794606492505409
0.6823196240002289
0.023540471302112564
0.5431232409609947
0.818621629034169
0.29264497649273835
0.18897127945092507
0.8464452025364153
0.3011638518073596
0.7057903110107873
0.5743107049493119
0.427902825147612
0.143822740734322
0.8566118944145273
0.7858944190375041
0.9642439265444409
0.9464889212686103
0.9910382433736231
0.9866184011625592
0.9977652453817427
0.4966555575665552
0.24943989020539448
0.374163650063565
0.06236032783635892
0.5935409723315388
0.3905899931269232
0.21088522812351584
0.3163975204806775
0.5370963107561693
0.33691187456133775
0.01318032675771974
0.5197748450154904
0.7835685194004327
0.4585569921473507
0.18832377041690052
0.3449859278043732
0.5489730324479751
0.34115981200011447
0.5117702356365044
0.7715616204659455
0.4093108145170845
0.6463224882318173
0.5944856397109106
0.42322260126820765
0.1505819259036798
0.8528951554908417
0.28715535247465596
0.7139514125592541
0.5719113703526091
0.9283059471927118
0.8929472095042001
0.9821219632576685
0.9732444606197532
0.9955191216722596
0.9933092005667277
0.49888262269087136
0.7483277787687257
0.12471994510269724
0.6870818250172306
0.5311801639036275
0.2967704861657694
0.6952949965489097
0.10544261406175792
0.15819876024033874
0.26854815537808463
0.668455937266117
0.506590163364308
0.7598874224931933
0.39178425970021635
0.7292784960591234
0.09416188520845026
0.1724929639021866
0.27448651622398756
0.17057990600005724
0.7558851178037003
0.3857808102329727
0.20465540725854225
0.8231612441013567
0.2972428198554553
0.7116113006195519
0.575290962937288
0.42644757774542086
0.14357767623732798
0.8569757062650751
0.7859556851617526
0.964152973581804
0.9464736047375482
0.9910609816142824
0.9866222302953247
0.9977595608215779
0.49665460028336383
0.24944131134543568
0.37416388938436285
0.5623599725367967
0.8435409124940634
0.2655900819518138
0.1483852430828847
0.34764749827445485
0.05272130703087896
0.07909938012016937
0.13427407768904231
0.8342279686185066
0.7532950816676021
0.37994371124659665
0.19589212985010818
0.3646392480295617
0.04708094260422513
0.0862464819510933
0.6372432580974419
0.5852899529854767
0.37794255890185013
0.6928904051019344
0.6023277036147192
0.41158062205067836
0.14862140992772765
0.855805650295224
0.287645481468644
0.7132237888581585
0.5717888381041121
0.9284878531179857
0.8929778425663244
0.9820764867763501
0.9732368023542222
0.9955304907925893
0.9933111151331104
0.49887978041078895
0.74832730012713
0.12472065567271784
0.18708194469218142
0.7811799862538464
0.4217704562470317
0.632795040961355
0.07419262154144235
0.6738237491226755
0.02636065351543948
0.039549690060084686
0.5671370388299692
0.9171139842947014
0.37664754083380103
0.6899718556087464
0.09794606492505409
0.6823196240002289
0.023540471302112564
0.5431232409609947
0.818621629034169
0.29264497649273835
0.18897127945092507
0.8464452025364153
0.3011638518073596
0.7057903110107873
0.5743107049493119
0.427902825147612
0.143822740734322
0.8566118944145273
0.7858944190375041
0.9642439265444409
0.9464889212686103
0.9910382433736231
0.9866184011625592
0.9977652453817427
0.4966555575665552
0.24943989020539448
0.374163650063565
0.06236032783635892
0.5935409723315388
0.3905899931269232
0.21088522812351584
0.3163975204806775
0.5370963107561693
0.33691187456133775
0.01318032675771974
0.5197748450154904
0.7835685194004327
0.4585569921473507
0.18832377041690052
0.3449859278043732
0.5489730324479751
0.34115981200011447
0.5117702356365044
0.7715616204659455
0.4093108145170845
0.6463224882318173
0.5944856397109106
0.42322260126820765
0.1505819259036798
0.8528951554908417
0.28715535247465596
0.7139514125592541
0.5719113703526091
0.9283059471927118
0.8929472095042001
0.9821219632576685
0.9732444606197532
0.9955191216722596
0.9933092005667277
0.49888262269087136
0.7483277787687257
0.12471994510269724
0.6870818250172306
0.5311801639036275
0.2967704861657694
0.6952949965489097
0.10544261406175792
0.15819876024033874
0.26854815537808463
0.668455937266117
0.506590163364308
0.7598874224931933
0.39178425970021635
0.7292784960591234
0.09416188520845026
0.1724929639021866
0.27448651622398756
0.17057990600005724
0.7558851178037003
0.3857808102329727
0.20465540725854225
0.8231612441013567
0.2972428198554553
0.7116113006195519
0.575290962937288
0.42644757774542086
0.14357767623732798
0.8569757062650751
0.7859556851617526
0.964152973581804
0.9464736047375482
0.9910609816142824
0.9866222302953247
0.9977595608215779
0.49665460028336383
0.24944131134543568
0.37416388938436285
0.5623599725367967
0.8435409124940634
0.2655900819518138
0.1483852430828847
0.34764749827445485
0.05272130703087896
0.07909938012016937
0.13427407768904231
0.8342279686185066
0.7532950816676021
0.37994371124659665
0.19589212985010818
0.3646392480295617
0.04708094260422513
0.0862464819510933
0.6372432580974419
0.5852899529854767
0.37794255890185013
0.6928904051019344
0.6023277036147192
0.41158062205067836
0.14862140992772765
0.855805650295224
0.287645481468644
0.7132237888581585
0.5717888381041121
0.9284878531179857
0.8929778425663244
0.9820764867763501
0.9732368023542222
0.9955304907925893
0.9933111151331104
0.49887978041078895
0.74832730012713
0.12472065567271784
0.18708194469218142
0.7811799862538464
0.4217704562470317
0.632795040961355
0.07419262154144235
0.6738237491226755
0.02636065351543948
0.039549690060084686
0.5671370388299692
0.9171139842947014
0.37664754083380103
0.6899718556087464
0.09794606492505409
0.6823196240002289
0.023540471302112564
0.5431232409609947
0.818621629034169
0.29264497649273835
0.18897127945092507
0.8464452025364153
0.3011638518073596
0.7057903110107873
0.5743107049493119
0.427902825147612
0.143822740734322
0.8566118944145273
0.7858944190375041
0.9642439265444409
0.9464889212686103
0.9910382433736231
0.9866184011625592
0.9977652453817427
0.4966555575665552
0.24943989020539448
0.374163650063565
0.06236032783635892
0.5935409723315388
0.3905899931269232
0.21088522812351584
0.3163975204806775
0.5370963107561693
0.33691187456133775
0.01318032675771974
0.5197748450154904
0.7835685194004327
0.4585569921473507
0.18832377041690052
0.3449859278043732
0.5489730324479751
0.34115981200011447
0.5117702356365044
0.7715616204659455
0.4093108145170845
0.6463224882318173
0.5944856397109106
0.42322260126820765
0.1505819259036798
0.8528951554908417
0.28715535247465596
0.7139514125592541
0.5719113703526091
0.9283059471927118
0.8929472095042001
0.9821219632576685
0.9732444606197532
0.9955191216722596
0.9933092005667277
0.49888262269087136
0.7483277787687257
0.12471994510269724
0.6870818250172306
0.5311801639036275
0.2967704861657694
0.6952949965489097
0.10544261406175792
0.15819876024033874
0.26854815537808463
0.668455937266117
0.506590163364308
0.7598874224931933
0.39178425970021635
0.7292784960591234
0.09416188520845026
0.1724929639021866
0.27448651622398756
0.17057990600005724
0.7558851178037003
0.3857808102329727
0.20465540725854225
0.8231612441013567
0.2972428198554553
0.7116113006195519
0.575290962937288
0.42644757774542086
0.14357767623732798
0.8569757062650751
0.7859556851617526
0.964152973581804
0.9464736047375482
0.9910609816142824
0.9866222302953247
0.9977595608215779
0.49665460028336383
0.24944131134543568
0.37416388938436285
0.5623599725367967
0.8435409124940634
0.2655900819518138
0.1483852430828847
0.34764749827445485
0.05272130703087896
0.07909938012016937
0.13427407768904231
0.8342279686185066
0.7532950816676021
0.37994371124659665
0.19589212985010818
0.3646392480295617
0.04708094260422513
0.0862464819510933
0.6372432580974419
0.5852899529854767
0.37794255890185013
0.6928904051019344
0.6023277036147192
0.41158062205067836
0.14862140992772765
0.855805650295224
0.287645481468644
0.7132237888581585
0.5717888381041121
0.9284878531179857
0.8929778425663244
0.9820764867763501
0.9732368023542222
0.9955304907925893
0.9933111151331104
0.49887978041078895
0.74832730012713
0.12472065567271784
0.18708194469218142
0.7811799862538464
0.4217704562470317
0.632795040961355
0.07419262154144235
0.6738237491226755
0.02636065351543948
0.039549690060084686
0.5671370388299692
0.9171139842947014
0.37664754083380103
0.6899718556087464
0.09794606492505409
0.6823196240002289
0.023540471302112564
0.5431232409609947
0.818621629034169
0.29264497649273835
0.18897127945092507
0.8464452025364153
0.3011638518073596
0.7057903110107873
0.5743107049493119
0.427902825147612
0.143822740734322
0.8566118944145273
0.7858944190375041
0.9642439265444409
0.9464889212686103
0.9910382433736231
0.9866184011625592
0.9977652453817427
0.4966555575665552
0.24943989020539448
0.374163650063565
0.06236032783635892
0.5935409723315388
0.3905899931269232
0.21088522812351584
0.3163975204806775
0.5370963107561693
0.33691187456133775
0.01318032675771974
0.5197748450154904
0.7835685194004327
0.4585569921473507
0.18832377041690052
0.3449859278043732
0.5489730324479751
0.34115981200011447
0.5117702356365044
0.7715616204659455
0.4093108145170845
0.6463224882318173
0.5944856397109106
0.42322260126820765
0.1505819259036798
0.8528951554908417
0.28715535247465596
0.7139514125592541
0.5719113703526091
0.9283059471927118
0.8929472095042001
0.9821219632576685
0.9732444606197532
0.9955191216722596
0.9933092005667277
0.49888262269087136
0.7483277787687257
0.12471994510269724
0.6870818250172306
0.5311801639036275
0.2967704861657694
0.6952949965489097
0.10544261406175792
0.15819876024033874
0.26854815537808463
0.668455937266117
0.506590163364308
0.7598874224931933
0.39178425970021635
0.7292784960591234
0.09416188520845026
0.1724929639021866
0.27448651622398756
0.17057990600005724
0.7558851178037003
0.3857808102329727
0.20465540725854225
0.8231612441013567
0.2972428198554553
0.7116113006195519
0.575290962937288
0.42644757774542086
0.14357767623732798
0.8569757062650751
0.7859556851617526
0.964152973581804
0.9464736047375482
0.9910609816142824
0.9866222302953247
0.9977595608215779
0.49665460028336383
0.24944131134543568
0.37416388938436285
0.5623599725367967
0.8435409124940634
0.2655900819518138
0.1483852430828847
0.34764749827445485
0.05272130703087896
0.07909938012016937
0.13427407768904231
0.8342279686185066
0.7532950816676021
0.37994371124659665
0.19589212985010818
0.3646392480295617
0.04708094260422513
0.0862464819510933
0.6372432580974419
0.5852899529854767
0.37794255890185013
0.6928904051019344
0.6023277036147192
0.41158062205067836
0.14862140992772765
0.855805650295224
0.287645481468644
0.7132237888581585
0.5717888381041121
0.9284878531179857
0.8929778425663244
0.9820764867763501
0.9732368023542222
0.9955304907925893
0.9933111151331104
0.49887978041078895
0.74832730012713
0.12472065567271784
0.18708194469218142
0.7811799862538464
0.4217704562470317
0.632795040961355
0.07419262154144235
0.6738237491226755
0.02636065351543948
0.039549690060084686
0.5671370388299692
0.9171139842947014
0.37664754083380103
0.6899718556087464
0.09794606492505409
0.6823196240002289
0.023540471302112564
0.5431232409609947
0.818621629034169
0.29264497649273835
0.18897127945092507
0.8464452025364153
0.3011638518073596
0.7057903110107873
0.5743107049493119
0.427902825147612
0.143822740734322
0.8566118944145273
0.7858944190375041
0.9642439265444409
0.9464889212686103
0.9910382433736231
0.9866184011625592
0.9977652453817427
0.4966555575665552
0.24943989020539448
0.374163650063565
0.06236032783635892
0.5935409723315388
0.3905899931269232
0.21088522812351584
0.3163975204806775
0.5370963107561693
0.33691187456133775
0.01318032675771974
0.5197748450154904
0.7835685194004327
0.4585569921473507
0.18832377041690052
0.3449859278043732
0.5489730324479751
0.34115981200011447
0.5117702356365044
0.7715616204659455
0.4093108145170845
0.6463224882318173
0.5944856397109106
0.42322260126820765
0.1505819259036798
0.8528951554908417
0.28715535247465596
0.7139514125592541
0.5719113703526091
0.9283059471927118
0.8929472095042001
0.9821219632576685
0.9732444606197532
0.9955191216722596
0.9933092005667277
0.49888262269087136
0.7483277787687257
0.12471994510269724
0.6870818250172306
0.5311801639036275
0.2967704861657694
0.6952949965489097
0.10544261406175792
0.15819876024033874
0.26854815537808463
0.668455937266117
0.506590163364308
0.7598874224931933
0.39178425970021635
0.7292784960591234
0.09416188520845026
0.1724929639021866
0.27448651622398756
0.17057990600005724
0.7558851178037003
0.3857808102329727
0.20465540725854225
0.8231612441013567
0.2972428198554553
0.7116113006195519
0.575290962937288
0.42644757774542086
0.14357767623732798
0.8569757062650751
0.7859556851617526
0.964152973581804
0.9464736047375482
0.9910609816142824
0.9866222302953247
0.9977595608215779
0.49665460028336383
0.24944131134543568
0.37416388938436285
0.5623599725367967
0.8435409124940634
0.2655900819518138
0.1483852430828847
0.34764749827445485
0.05272130703087896
0.07909938012016937
0.13427407768904231
0.8342279686185066
0.7532950816676021
0.37994371124659665
0.19589212985010818
0.3646392480295617
0.04708094260422513
0.0862464819510933
0.6372432580974419
0.5852899529854767
0.37794255890185013
0.6928904051019344
0.6023277036147192
0.41158062205067836
0.14862140992772765
0.855805650295224
0.287645481468644
0.7132237888581585
0.5717888381041121
0.9284878531179857
0.8929778425663244
0.9820764867763501
0.9732368023542222
0.9955304907925893
0.9933111151331104
0.49887978041078895
0.74832730012713
0.12472065567271784
0.18708194469218142
0.7811799862538464
0.4217704562470317
0.632795040961355
0.07419262154144235
0.6738237491226755
0.02636065351543948
0.039549690060084686
0.5671370388299692
0.9171139842947014
0.37664754083380103
0.6899718556087464
0.09794606492505409
0.6823196240002289
0.023540471302112564
0.5431232409609947
0.818621629034169
0.29264497649273835
0.18897127945092507
0.8464452025364153
0.3011638518073596
0.7057903110107873
0.5743107049493119
0.427902825147612
0.143822740734322
0.8566118944145273
0.7858944190375041
0.9642439265444409
0.9464889212686103
0.9910382433736231
0.9866184011625592
0.9977652453817427
0.4966555575665552
0.24943989020539448
0.374163650063565
0.06236032783635892
0.5935409723315388
0.3905899931269232
0.21088522812351584
0.3163975204806775
0.5370963107561693
0.33691187456133775
0.01318032675771974
0.5197748450154904
0.7835685194004327
0.4585569921473507
0.18832377041690052
0.3449859278043732
0.5489730324479751
0.34115981200011447
0.5117702356365044
0.7715616204659455
0.4093108145170845
0.6463224882318173
0.5944856397109106
0.42322260126820765
0.1505819259036798
0.8528951554908417
0.28715535247465596
0.7139514125592541
0.5719113703526091
0.9283059471927118
0.8929472095042001
0.9821219632576685
0.9732444606197532
0.9955191216722596
0.9933092005667277
0.49888262269087136
0.7483277787687257
0.12471994510269724
0.6870818250172306
0.5311801639036275
0.2967704861657694
0.6952949965489097
0.10544261406175792
0.15819876024033874
0.26854815537808463
0.668455937266117
0.506590163364308
0.7598874224931933
0.39178425970021635
0.7292784960591234
0.09416188520845026
0.1724929639021866
0.27448651622398756
0.17057990600005724
0.7558851178037003
0.3857808102329727
0.20465540725854225
0.8231612441013567
0.2972428198554553
0.7116113006195519
0.575290962937288
0.42644757774542086
0.14357767623732798
0.8569757062650751
0.7859556851617526
0.964152973581804
0.9464736047375482
0.9910609816142824
0.9866222302953247
0.9977595608215779
0.49665460028336383
0.24944131134543568
0.37416388938436285
0.5623599725367967
0.8435409124940634
0.2655900819518138
0.1483852430828847
0.34764749827445485
0.05272130703087896
0.07909938012016937
0.13427407768904231
0.8342279686185066
0.7532950816676021
0.37994371124659665
0.19589212985010818
0.3646392480295617
0.04708094260422513
0.0862464819510933
0.6372432580974419
0.5852899529854767
0.37794255890185013
0.6928904051019344
0.6023277036147192
0.41158062205067836
0.14862140992772765
0.855805650295224
0.287645481468644
0.7132237888581585
0.5717888381041121
0.9284878531179857
0.8929778425663244
0.9820764867763501
0.9732368023542222
0.9955304907925893
0.9933111151331104
0.49887978041078895
0.74832730012713
0.12472065567271784
0.18708194469218142
0.7811799862538464
0.4217704562470317
0.632795040961355
0.07419262154144235
0.6738237491226755
0.02636065351543948
0.039549690060084686
0.5671370388299692
0.9171139842947014
0.37664754083380103
0.6899718556087464
0.09794606492505409
0.6823196240002289
0.023540471302112564
0.5431232409609947
0.818621629034169
0.29264497649273835
0.18897127945092507
0.8464452025364153
0.3011638518073596
0.7057903110107873
0.5743107049493119
0.427902825147612
0.143822740734322
0.8566118944145273
0.7858944190375041
0.9642439265444409
0.9464889212686103
0.9910382433736231
0.9866184011625592
0.9977652453817427
0.4966555575665552
0.24943989020539448
0.374163650063565
0.06236032783635892
0.5935409723315388
0.3905899931269232
0.21088522812351584
0.3163975204806775
0.5370963107561693
0.33691187456133775
0.01318032675771974
0.5197748450154904
0.7835685194004327
0.4585569921473507
0.18832377041690052
0.3449859278043732
0.5489730324479751
0.34115981200011447
0.5117702356365044
0.7715616204659455
0.4093108145170845
0.6463224882318173
0.5944856397109106
0.42322260126820765
0.1505819259036798
0.8528951554908417
0.28715535247465596
0.7139514125592541
0.5719113703526091
0.9283059471927118
0.8929472095042001
0.9821219632576685
0.9732444606197532
0.9955191216722596
0.9933092005667277
0.49888262269087136
0.7483277787687257
0.12471994510269724
0.6870818250172306
0.5311801639036275
0.2967704861657694
0.6952949965489097
0.10544261406175792
0.15819876024033874
0.26854815537808463
0.668455937266117
0.506590163364308
0.7598874224931933
0.39178425970021635
0.7292784960591234
0.09416188520845026
0.1724929639021866
0.27448651622398756
0.17057990600005724
0.7558851178037003
0.3857808102329727
0.20465540725854225
0.8231612441013567
0.2972428198554553
0.7116113006195519
0.575290962937288
0.42644757774542086
0.14357767623732798
0.8569757062650751
0.7859556851617526
0.964152973581804
0.9464736047375482
0.9910609816142824
0.9866222302953247
0.9977595608215779
0.49665460028336383
0.24944131134543568
0.37416388938436285
0.5623599725367967
0.8435409124940634
0.2655900819518138
0.1483852430828847
0.34764749827445485
0.05272130703087896
0.07909938012016937
0.13427407768904231
0.8342279686185066
0.7532950816676021
0.37994371124659665
0.19589212985010818
0.3646392480295617
0.04708094260422513
0.0862464819510933
0.6372432580974419
0.5852899529854767
0.37794255890185013
0.6928904051019344
0.6023277036147192
0.41158062205067836
0.14862140992772765
0.855805650295224
0.287645481468644
0.7132237888581585
0.5717888381041121
0.9284878531179857
0.8929778425663244
0.9820764867763501
0.9732368023542222
0.9955304907925893
0.9933111151331104
0.49887978041078895
0.74832730012713
0.12472065567271784
0.18708194469218142
0.7811799862538464
0.4217704562470317
0.632795040961355
0.07419262154144235
0.6738237491226755
0.02636065351543948
0.039549690060084686
0.5671370388299692
0.9171139842947014
0.37664754083380103
0.6899718556087464
0.09794606492505409
0.6823196240002289
0.023540471302112564
0.5431232409609947
0.818621629034169
0.29264497649273835
0.18897127945092507
0.8464452025364153
0.3011638518073596
0.7057903110107873
0.5743107049493119
0.427902825147612
0.143822740734322
0.8566118944145273
0.7858944190375041
0.9642439265444409
0.9464889212686103
0.9910382433736231
0.9866184011625592
0.9977652453817427
0.4966555575665552
0.24943989020539448
0.374163650063565
0.06236032783635892
0.5935409723315388
0.3905899931269232
0.21088522812351584
0.3163975204806775
0.5370963107561693
0.33691187456133775
0.01318032675771974
0.5197748450154904
0.7835685194004327
0.4585569921473507
0.18832377041690052
0.3449859278043732
0.5489730324479751
0.34115981200011447
0.5117702356365044
0.7715616204659455
0.4093108145170845
0.6463224882318173
0.5944856397109106
0.42322260126820765
0.1505819259036798
0.8528951554908417
0.28715535247465596
0.7139514125592541
0.5719113703526091
0.9283059471927118
0.8929472095042001
0.9821219632576685
0.9732444606197532
0.9955191216722596
0.9933092005667277
0.49888262269087136
0.7483277787687257
0.12471994510269724
0.6870818250172306
0.5311801639036275
0.2967704861657694
0.6952949965489097
0.10544261406175792
0.15819876024033874
0.26854815537808463
0.668455937266117
0.506590163364308
0.7598874224931933
0.39178425970021635
0.7292784960591234
0.09416188520845026
0.1724929639021866
0.27448651622398756
0.17057990600005724
0.7558851178037003
0.3857808102329727
0.20465540725854225
0.8231612441013567
0.2972428198554553
0.7116113006195519
0.575290962937288
0.42644757774542086
0.14357767623732798
0.8569757062650751
0.7859556851617526
0.964152973581804
0.9464736047375482
0.9910609816142824
0.9866222302953247
0.9977595608215779
0.49665460028336383
0.24944131134543568
0.37416388938436285
0.5623599725367967
0.8435409124940634
0.2655900819518138
0.1483852430828847
0.34764749827445485
0.05272130703087896
0.07909938012016937
0.13427407768904231
0.8342279686185066
0.7532950816676021
0.37994371124659665
0.19589212985010818
0.3646392480295617
0.04708094260422513
0.0862464819510933
0.6372432580974419
0.5852899529854767
0.37794255890185013
0.6928904051019344
0.6023277036147192
0.41158062205067836
0.14862140992772765
0.855805650295224
0.287645481468644
0.7132237888581585
0.5717888381041121
0.9284878531179857
0.8929778425663244
0.9820764867763501
0.9732368023542222
0.9955304907925893
0.9933111151331104
0.49887978041078895
0.74832730012713
0.12472065567271784
0.18708194469218142
0.7811799862538464
0.4217704562470317
0.632795040961355
0.07419262154144235
0.6738237491226755
0.02636065351543948
0.039549690060084686
0.5671370388299692
0.9171139842947014
0.37664754083380103
0.6899718556087464
0.09794606492505409
0.6823196240002289
0.023540471302112564
0.5431232409609947
0.818621629034169
0.29264497649273835
0.18897127945092507
0.8464452025364153
0.3011638518073596
0.7057903110107873
0.5743107049493119
0.427902825147612
0.143822740734322
0.8566118944145273
0.7858944190375041
0.9642439265444409
0.9464889212686103
0.9910382433736231
0.9866184011625592
0.9977652453817427
0.4966555575665552
0.24943989020539448
0.374163650063565
0.06236032783635892
0.5935409723315388
0.3905899931269232
0.21088522812351584
0.3163975204806775
0.5370963107561693
0.33691187456133775
0.01318032675771974
0.5197748450154904
0.7835685194004327
0.4585569921473507
0.18832377041690052
0.3449859278043732
0.5489730324479751
0.34115981200011447
0.5117702356365044
0.7715616204659455
0.4093108145170845
0.6463224882318173
0.5944856397109106
0.42322260126820765
0.1505819259036798
0.8528951554908417
0.28715535247465596
0.7139514125592541
0.5719113703526091
0.9283059471927118
0.8929472095042001
0.9821219632576685
0.9732444606197532
0.9955191216722596
0.9933092005667277
0.49888262269087136
0.7483277787687257
0.12471994510269724
0.6870818250172306
0.5311801639036275
0.2967704861657694
0.6952949965489097
0.10544261406175792
0.15819876024033874
0.26854815537808463
0.668455937266117
0.506590163364308
0.7598874224931933
0.39178425970021635
0.7292784960591234
0.09416188520845026
0.1724929639021866
0.27448651622398756
0.17057990600005724
0.7558851178037003
0.3857808102329727
0.20465540725854225
0.8231612441013567
0.2972428198554553
0.7116113006195519
0.575290962937288
0.42644757774542086
0.14357767623732798
0.8569757062650751
0.7859556851617526
0.964152973581804
0.9464736047375482
0.9910609816142824
0.9866222302953247
0.9977595608215779
0.49665460028336383
0.24944131134543568
0.37416388938436285
0.5623599725367967
0.8435409124940634
0.2655900819518138
0.1483852430828847
0.34764749827445485
0.05272130703087896
0.07909938012016937
0.13427407768904231
0.8342279686185066
0.7532950816676021
0.37994371124659665
0.19589212985010818
0.3646392480295617
0.04708094260422513
0.0862464819510933
0.6372432580974419
0.5852899529854767
0.37794255890185013
0.6928904051019344
0.6023277036147192
0.41158062205067836
0.14862140992772765
0.855805650295224
0.287645481468644
0.7132237888581585
0.5717888381041121
0.9284878531179857
0.8929778425663244
0.9820764867763501
0.9732368023542222
0.9955304907925893
0.9933111151331104
0.49887978041078895
0.74832730012713
0.12472065567271784
0.18708194469218142
0.7811799862538464
0.4217704562470317
0.632795040961355
0.07419262154144235
0.6738237491226755
0.02636065351543948
0.039549690060084686
0.5671370388299692
0.9171139842947014
0.37664754083380103
0.6899718556087464
0.09794606492505409
0.6823196240002289
0.023540471302112564
0.5431232409609947
0.818621629034169
0.29264497649273835
0.18897127945092507
0.8464452025364153
0.3011638518073596
0.7057903110107873
0.5743107049493119
0.427902825147612
0.143822740734322
0.8566118944145273
0.7858944190375041
0.9642439265444409
0.9464889212686103
0.9910382433736231
0.9866184011625592
0.9977652453817427
0.4966555575665552
0.24943989020539448
0.374163650063565
0.06236032783635892
0.5935409723315388
0.3905899931269232
0.21088522812351584
0.3163975204806775
0.5370963107561693
0.33691187456133775
0.01318032675771974
0.5197748450154904
0.7835685194004327
0.4585569921473507
0.18832377041690052
0.3449859278043732
0.5489730324479751
0.34115981200011447
0.5117702356365044
0.7715616204659455
0.4093108145170845
0.6463224882318173
0.5944856397109106
0.42322260126820765
0.1505819259036798
0.8528951554908417
0.28715535247465596
0.7139514125592541
0.5719113703526091
0.9283059471927118
0.8929472095042001
0.9821219632576685
0.9732444606197532
0.9955191216722596
0.9933092005667277
0.49888262269087136
0.7483277787687257
0.12471994510269724
0.6870818250172306
0.5311801639036275
0.2967704861657694
0.6952949965489097
0.10544261406175792
0.15819876024033874
0.26854815537808463
0.668455937266117
0.506590163364308
0.7598874224931933
0.39178425970021635
0.7292784960591234
0.09416188520845026
0.1724929639021866
0.27448651622398756
0.17057990600005724
0.7558851178037003
0.3857808102329727
0.20465540725854225
0.8231612441013567
0.2972428198554553
0.7116113006195519
0.575290962937288
0.42644757774542086
0.14357767623732798
0.8569757062650751
0.7859556851617526
0.964152973581804
0.9464736047375482
0.9910609816142824
0.9866222302953247
0.9977595608215779
0.49665460028336383
0.24944131134543568
0.37416388938436285
0.5623599725367967
0.8435409124940634
0.2655900819518138
0.1483852430828847
0.34764749827445485
0.05272130703087896
0.07909938012016937
0.13427407768904231
0.8342279686185066
0.7532950816676021
0.37994371124659665
0.19589212985010818
0.3646392480295617
0.04708094260422513
0.0862464819510933
0.6372432580974419
0.5852899529854767
0.37794255890185013
0.6928904051019344
0.6023277036147192
0.41158062205067836
0.14862140992772765
0.855805650295224
0.287645481468644
0.7132237888581585
0.5717888381041121
0.9284878531179857
0.8929778425663244
0.9820764867763501
0.9732368023542222
0.9955304907925893
0.9933111151331104
0.49887978041078895
0.74832730012713
0.12472065567271784
0.18708194469218142
0.7811799862538464
0.4217704562470317
0.632795040961355
0.07419262154144235
0.6738237491226755
0.02636065351543948
0.039549690060084686
0.5671370388299692
0.9171139842947014
0.37664754083380103
0.6899718556087464
0.09794606492505409
0.6823196240002289
0.023540471302112564
0.5431232409609947
0.818621629034169
0.29264497649273835
0.18897127945092507
0.8464452025364153
0.3011638518073596
0.7057903110107873
0.5743107049493119
0.427902825147612
0.143822740734322
0.8566118944145273
0.7858944190375041
0.9642439265444409
0.9464889212686103
0.9910382433736231
0.9866184011625592
0.9977652453817427
0.4966555575665552
0.24943989020539448
0.374163650063565
0.06236032783635892
0.5935409723315388
0.3905899931269232
0.21088522812351584
0.3163975204806775
0.5370963107561693
0.33691187456133775
0.01318032675771974
0.5197748450154904
0.7835685194004327
0.4585569921473507
0.18832377041690052
0.3449859278043732
0.5489730324479751
0.34115981200011447
0.5117702356365044
0.7715616204659455
0.4093108145170845
0.6463224882318173
0.5944856397109106
0.42322260126820765
0.1505819259036798
0.8528951554908417
0.28715535247465596
0.7139514125592541
0.5719113703526091
0.9283059471927118
0.8929472095042001
0.9821219632576685
0.9732444606197532
0.9955191216722596
0.9933092005667277
0.49888262269087136
0.7483277787687257
0.12471994510269724
0.6870818250172306
0.5311801639036275
0.2967704861657694
0.6952949965489097
0.10544261406175792
0.15819876024033874
0.26854815537808463
0.668455937266117
0.506590163364308
0.7598874224931933
0.39178425970021635
0.7292784960591234
0.09416188520845026
0.1724929639021866
0.27448651622398756
0.17057990600005724
0.7558851178037003
0.3857808102329727
0.20465540725854225
0.8231612441013567
0.2972428198554553
0.7116113006195519
0.575290962937288
0.42644757774542086
0.14357767623732798
0.8569757062650751
0.7859556851617526
0.964152973581804
0.9464736047375482
0.9910609816142824
0.9866222302953247
0.9977595608215779
0.49665460028336383
0.24944131134543568
0.37416388938436285
0.5623599725367967
0.8435409124940634
0.2655900819518138
0.1483852430828847
0.34764749827445485
0.05272130703087896
0.07909938012016937
0.13427407768904231
0.8342279686185066
0.7532950816676021
0.37994371124659665
0.19589212985010818
0.3646392480295617
0.04708094260422513
0.0862464819510933
0.6372432580974419
0.5852899529854767
0.37794255890185013
0.6928904051019344
0.6023277036147192
0.41158062205067836
0.14862140992772765
0.855805650295224
0.287645481468644
0.7132237888581585
0.5717888381041121
0.9284878531179857
0.8929778425663244
0.9820764867763501
0.9732368023542222
0.9955304907925893
0.9933111151331104
0.49887978041078895
0.74832730012713
0.12472065567271784
0.18708194469218142
0.7811799862538464
0.4217704562470317
0.632795040961355
0.07419262154144235
0.6738237491226755
0.02636065351543948
0.039549690060084686
0.5671370388299692
0.9171139842947014
0.37664754083380103
0.6899718556087464
0.09794606492505409
0.6823196240002289
0.023540471302112564
0.5431232409609947
0.818621629034169
0.29264497649273835
0.18897127945092507
0.8464452025364153
0.3011638518073596
0.7057903110107873
0.5743107049493119
0.427902825147612
0.143822740734322
0.8566118944145273
0.7858944190375041
0.9642439265444409
0.9464889212686103
0.9910382433736231
0.9866184011625592
0.9977652453817427
0.4966555575665552
0.24943989020539448
0.374163650063565
0.06236032783635892
0.5935409723315388
0.3905899931269232
0.21088522812351584
0.3163975204806775
0.5370963107561693
0.33691187456133775
0.01318032675771974
0.5197748450154904
0.7835685194004327
0.4585569921473507
0.18832377041690052
0.3449859278043732
0.5489730324479751
0.34115981200011447
0.5117702356365044
0.7715616204659455
0.4093108145170845
0.6463224882318173
0.5944856397109106
0.42322260126820765
0.1505819259036798
0.8528951554908417
0.28715535247465596
0.7139514125592541
0.5719113703526091
0.9283059471927118
0.8929472095042001
0.9821219632576685
0.9732444606197532
0.9955191216722596
0.9933092005667277
0.49888262269087136
0.7483277787687257
0.12471994510269724
0.6870818250172306
0.5311801639036275
0.2967704861657694
0.6952949965489097
0.10544261406175792
0.15819876024033874
0.26854815537808463
0.668455937266117
0.506590163364308
0.7598874224931933
0.39178425970021635
0.7292784960591234
0.09416188520845026
0.1724929639021866
0.27448651622398756
0.17057990600005724
0.7558851178037003
0.3857808102329727
0.20465540725854225
0.8231612441013567
0.2972428198554553
0.7116113006195519
0.575290962937288
0.42644757774542086
0.14357767623732798
0.8569757062650751
0.7859556851617526
0.964152973581804
0.9464736047375482
0.9910609816142824
0.9866222302953247
0.9977595608215779
0.49665460028336383
0.24944131134543568
0.37416388938436285
0.5623599725367967
0.8435409124940634
0.2655900819518138
0.1483852430828847
0.34764749827445485
0.05272130703087896
0.07909938012016937
0.13427407768904231
0.8342279686185066
0.7532950816676021
0.37994371124659665
0.19589212985010818
0.3646392480295617
0.04708094260422513
0.0862464819510933
0.6372432580974419
0.5852899529854767
0.37794255890185013
0.6928904051019344
0.6023277036147192
0.41158062205067836
0.14862140992772765
0.855805650295224
0.287645481468644
0.7132237888581585
0.5717888381041121
0.9284878531179857
0.8929778425663244
0.9820764867763501
0.9732368023542222
0.9955304907925893
0.9933111151331104
0.49887978041078895
0.74832730012713
0.12472065567271784
0.18708194469218142
0.7811799862538464
0.4217704562470317
0.632795040961355
0.07419262154144235
0.6738237491226755
0.02636065351543948
0.039549690060084686
0.5671370388299692
0.9171139842947014
0.37664754083380103
0.6899718556087464
0.09794606492505409
0.6823196240002289
0.023540471302112564
0.5431232409609947
0.818621629034169
0.29264497649273835
0.18897127945092507
0.8464452025364153
0.3011638518073596
0.7057903110107873
0.5743107049493119
0.427902825147612
0.143822740734322
0.8566118944145273
0.7858944190375041
0.9642439265444409
0.9464889212686103
0.9910382433736231
0.9866184011625592
0.9977652453817427
0.4966555575665552
0.24943989020539448
0.374163650063565
0.06236032783635892
0.5935409723315388
0.3905899931269232
0.21088522812351584
0.3163975204806775
0.5370963107561693
0.33691187456133775
0.01318032675771974
0.5197748450154904
0.7835685194004327
0.4585569921473507
0.18832377041690052
0.3449859278043732
0.5489730324479751
0.34115981200011447
0.5117702356365044
0.7715616204659455
0.4093108145170845
0.6463224882318173
0.5944856397109106
0.42322260126820765
0.1505819259036798
0.8528951554908417
0.28715535247465596
0.7139514125592541
0.5719113703526091
0.9283059471927118
0.8929472095042001
0.9821219632576685
0.9732444606197532
0.9955191216722596
0.9933092005667277
0.49888262269087136
0.7483277787687257
0.12471994510269724
0.6870818250172306
0.5311801639036275
0.2967704861657694
0.6952949965489097
0.10544261406175792
0.15819876024033874
0.26854815537808463
0.668455937266117
0.506590163364308
0.7598874224931933
0.39178425970021635
0.7292784960591234
0.09416188520845026
0.1724929639021866
0.27448651622398756
0.17057990600005724
0.7558851178037003
0.3857808102329727
0.20465540725854225
0.8231612441013567
0.2972428198554553
0.7116113006195519
0.575290962937288
0.42644757774542086
0.14357767623732798
0.8569757062650751
0.7859556851617526
0.964152973581804
0.9464736047375482
0.9910609816142824
0.9866222302953247
0.9977595608215779
0.49665460028336383
0.24944131134543568
0.37416388938436285
0.5623599725367967
0.8435409124940634
0.2655900819518138
0.1483852430828847
0.34764749827445485
0.05272130703087896
0.07909938012016937
0.13427407768904231
0.8342279686185066
0.7532950816676021
0.37994371124659665
0.19589212985010818
0.3646392480295617
0.04708094260422513
0.0862464819510933
0.6372432580974419
0.5852899529854767
0.37794255890185013
0.6928904051019344
0.6023277036147192
0.41158062205067836
0.14862140992772765
0.855805650295224
0.287645481468644
0.7132237888581585
0.5717888381041121
0.9284878531179857
0.8929778425663244
0.9820764867763501
0.9732368023542222
0.9955304907925893
0.9933111151331104
0.49887978041078895
0.74832730012713
0.12472065567271784
0.18708194469218142
0.7811799862538464
0.4217704562470317
0.632795040961355
0.07419262154144235
0.6738237491226755
0.02636065351543948
0.039549690060084686
0.5671370388299692
0.9171139842947014
0.37664754083380103
0.6899718556087464
0.09794606492505409
0.6823196240002289
0.023540471302112564
0.5431232409609947
0.818621629034169
0.29264497649273835
0.18897127945092507
0.8464452025364153
0.3011638518073596
0.7057903110107873
0.5743107049493119
0.427902825147612
0.143822740734322
0.8566118944145273
0.7858944190375041
0.9642439265444409
0.9464889212686103
0.9910382433736231
0.9866184011625592
0.9977652453817427
0.4966555575665552
0.24943989020539448
0.374163650063565
0.06236032783635892
0.5935409723315388
0.3905899931269232
0.21088522812351584
0.3163975204806775
0.5370963107561693
0.33691187456133775
0.01318032675771974
0.5197748450154904
0.7835685194004327
0.4585569921473507
0.18832377041690052
0.3449859278043732
0.5489730324479751
0.34115981200011447
0.5117702356365044
0.7715616204659455
0.4093108145170845
0.6463224882318173
0.5944856397109106
0.42322260126820765
0.1505819259036798
0.8528951554908417
0.28715535247465596
0.7139514125592541
0.5719113703526091
0.9283059471927118
0.8929472095042001
0.9821219632576685
