0.37416388938436285
0.811520077259047
0.7153279445774388
0.011460306093795225
0.9932708730339073
0.4920730557059869
0.7225303608865943
0.09135626387433149
0.9457540354051162
0.9371838038205169
0.28040283208247274
0.9833938103110995
0.9418802144064102
0.9372401051223278
0.28034037721226923
0.4833925347193144
0.6918856733536813
0.06222582538612187
0.967864985082997
0.8896026496950071
0.8637008490914013
0.5385779756179545
0.4956035006325692
0.734612252766965
0.1092445662652608
0.8823574273847044
0.37060367918456905
0.29711717151803896
0.9529960379295517
0.929251886846032
0.25335964176338166
0.996275009441888
0.9960002885491122
0.9861841173260473
0.4829249338945374
0.6923734993615653
0.061982974322745577
0.9670090747822542
0.8884401281247847
0.3600954869762063
0.796489939064486
0.7259557917423081
0.0880104265816044
0.9413379895850085
0.43532515957485884
0.5241579900903162
0.4761774314392824
0.21423706013592891
0.750119746720884
0.2499318122281693
0.8747785090527032
0.5622435805853456
0.967877328133909
0.8895294955873396
0.8636441071575973
0.5388752857688814
0.9958048462576699
0.9853820502466988
0.9843596368737053
0.9452589675493073
0.933528456807835
0.7673506717837881
0.7487785750709008
0.12170302073354833
0.9335289319860749
0.26736068702302873
0.9987506863835733
0.9966726294660475
0.996044634754071
0.9862554038409144
0.4831668100960087
0.19163696648320183
0.8123614926880691
0.7182657609228045
0.5151365771598648
0.49047806483577006
0.2205805498524569
0.8423444916552398
0.5751626605633646
0.9876792318827938
0.9805904458917212
0.941344619699521
0.9353314633190166
0.7741526944737416
0.7261359969561454
0.08935473163728602
0.9377430230088066
0.9373742267198395
0.7808188534982037
0.733842669025762
0.06851073444704525
0.9941220352775417
0.4911537115694955
0.7191753275401425
0.09328554381499998
0.9526132949977182
0.4279424542328343
0.5017127078899648
0.4987772534659598
0.24669694973272271
0.871025084721623
0.5485877979954239
0.4519023858301807
0.17638492208789103
0.8827433455153368
0.3708517391933128
0.7985838096064981
0.7012935874809045
0.05267280311090872
0.9421673110045958
0.9367503960966133
0.2800912301754579
0.9805902834923472
0.9413433367444668
0.9353313278406858
0.2741479333199095
0.47614997340133414
0.7143459575308952
0.0002155005931854248
0.9998464286036324
0.9995845704979729
0.99949990955065
0.9982732869393658
0.9978647809184622
0.9927978152118158
0.9921263525902759
0.9724425023596268
0.966537047032034
0.8828806407109369
0.8749944422743283
0.0624884512508288
0.9687327064748388
0.8905644741316792
0.8671264630102087
0.5349426250322722
0.9977874689502642
0.4922561564890202
0.24218365759588778
0.8476428687281441
0.5292805581993889
0.47748219218919985
0.20257547864457592
0.8027646522095893
0.689437024993822
0.5614690102811437
0.4652636077662464
0.1362533550709486
0.9936408977664541
0.9914379054389428
0.9714975277602207
0.9669184407393914
0.8886091409658547
0.8601358081505168
0.546120397222694
0.9754177053691819
0.46105137464473955
0.1327229588641785
0.9959105326852296
0.9860533436294645
0.48243670325609855
0.19335122226038948
0.8095418717421126
0.7143248365900945
0.00013720939750783145
0.9999919516849332
0.49997278838418424
0.7499657950538676
0.12488937340094708
0.937372207059525
0.2808141690620687
0.48382615845184773
0.6935422353853937
0.0565482294477988
0.9598225680820178
0.8906291112944018
0.874999968073098
0.5624998883286025
0.46874988070339896
0.14062458256375976
0.9921869930985849
0.9726544759178068
0.9667949591821525
0.8837823572102934
0.37450358268688433
0.3107625394477509
0.9666442795714829
0.8833770488854498
0.37499233867856674
0.31247318541863933
0.9687174558348488
0.8905110954947304
0.8670653998560738
0.5347288995690178
0.497527949482901
0.24330094823380932
0.8671793918183539
0.5351278714369982
0.9980162300344091
0.9930568065901753
0.9915690403722692
0.9709799270494841
0.4687498741550371
0.6406245747057255
0.24218696568277664
0.8476545214361977
0.5292948782152962
0.4775322526402306
0.20262814307352528
0.8029508552572224
0.6892990933265537
0.5611092883336823
0.46580511759384535
0.13621520984452218
0.9923782347177621
0.9920005793974269
0.9723682398325764
0.46584987465757877
0.6347470264590811
0.24896597207407467
0.8715182463056408
0.05813017685431987
0.9545658230490517
0.9054796397394966
0.8581617027230095
0.5041463300294708
0.49986371767590754
0.24955740378936753
0.874488689849386
0.5607562207151204
0.9665541560098063
0.883544178417651
0.874632684601238
0.5619469414523337
0.4668235636781901
0.6386432491417509
0.2353200380166527
0.8587765023112297
0.005969546706182882
0.9940619356348179
0.49099848966579884
0.7189939625968691
0.0936275711574126
0.9526972165040206
0.9291668203368317
0.7520885278645437
0.7499856437498238
0.12498420468182303
0.937444716488244
0.7811832276056521
0.2341527407988906
0.8200535131327342
0.6202235393866431
0.4227366444829386
0.01500916393706575
0.9905279865197372
0.9706550207629334
0.9676975866022985
0.8869777928048279
0.86327290526242
0.544894099002704
0.9696941969159525
0.9681529692315962
0.8887795348709915
0.8651574740651995
0.03592518714140169
0.9992618522956036
0.498892770963721
0.7461247284372803
0.12109345573117025
0.9238272309012245
0.7646474539942574
0.7387660890526604
0.1013141795701813
0.9014753437950276
0.3446493725059554
0.7805547349562403
0.7329028910316993
0.06810724263777956
0.9961885683296714
0.9959983970038593
0.48618697325582616
0.2329196652281098
0.8173818288196344
0.6245082762907259
0.9357868349179626
0.27916088976780884
0.47709566209232435
0.7031011261569802
0.05464971822220832
0.9412914514250588
0.9354204535193276
0.7739715873904061
0.7265167087025475
0.08977503326605074
0.9392127356841229
0.4362771677551791
0.5279471863468643
0.48039972412516363
0.19702475887606852
0.8112754988833331
0.21545028581749648
0.7616443599981721
0.743910785560729
0.11595581629080698
0.9068372082256246
0.8124037440284155
0.21859836287330836
0.7651667551544961
0.7416822763916571
0.09589181834599003
0.9060635640344117
0.8590965231414884
0.006837831548182294
0.9951162171200849
0.4868130143149756
0.7341267437732313
0.06944384728558362
0.9950408641889226
0.9866103825333994
0.9843710801505949
0.9452990208810661
0.9335770907346159
0.2675218581862282
0.49896192544838414
0.7463667391857598
0.1210764644201845
0.9237676260236185
0.7645873716974165
0.7385558028763626
0.1015471110586077
0.9022899046249222
0.845637794554932
0.5300447810150217
0.48071275555412285
0.19128370698308572
0.8101191517489497
0.711393593926914
0.5074595203332137
0.49534660248900764
0.2352141995797865
0.8584059486456681
0.5068320035352372
0.9926620124606416
0.49192664012662135
0.2217461015097797
0.8408167282759678
0.5737265071074944
0.49241784200421534
0.2420487250201404
0.84717339972849
0.5288048332731705
0.47777934730402194
0.2029894865117967
0.8042439003183972
0.6908912805083673
0.05880736475228332
0.9646148410392925
0.37670132363564335
0.12314213602803648
0.9354532814759295
0.7742696251661982
0.7256011733843479
0.08885952271521091
0.9399145878560375
0.9372233133472037
0.7802815967879724
0.7333983997523319
0.0668944290082436
0.9997557399910875
0.49914509017253295
0.7489618952095043
0.1213666333060246
0.933576574374456
0.26751801796490327
0.9989618956751656
0.9963666349358391
0.9960765763826203
0.9862680174119305
0.9833368938125204
0.9416791284165811
0.9374828333675396
0.7811899168591481
0.7343134859984275
0.07009720106725581
0.9958323165483307
0.9854131079919171
0.984374998108251
0.9453124934516381
0.9335937420546543
0.7675780972640496
0.7490234075521585
0.12158192650531419
0.9333494822203647
0.7667231878440361
0.7499384878610726
0.12478470758651383
0.93723857353325
0.7803350074391346
0.7333984056895133
0.06689441998605616
0.9997557401366066
0.9991450905508827
0.9989618956751656
0.9963666349358391
0.9960765763826203
0.9862680174119305
0.9833368938125204
0.9416791284165811
0.9374828333675396
0.7811899168591481
0.7343134859984275
0.07009720106725581
0.9958323165483307
0.9854131079919171
0.984374998108251
0.9453124934516381
0.9335937420546543
0.7675780972640496
0.7490234075521585
0.12158192650531419
0.9333494822203647
0.7667231878440361
0.7499384878610726
0.12478470758651383
0.93723857353325
0.7803350074391346
0.7333984056895133
0.06689441998605616
0.9997557401366066
0.9991450905508827
0.9989618956751656
0.9963666349358391
0.9960765763826203
0.9862680174119305
0.9833368938125204
0.9416791284165811
0.9374828333675396
0.7811899168591481
0.7343134859984275
0.07009720106725581
0.9958323165483307
0.9854131079919171
0.984374998108251
0.9453124934516381
0.9335937420546543
0.7675780972640496
0.7490234075521585
0.12158192650531419
0.9333494822203647
0.7667231878440361
0.7499384878610726
0.12478470758651383
0.93723857353325
0.7803350074391346
0.7333984056895133
0.06689441998605616
0.9997557401366066
0.9991450905508827
0.9989618956751656
0.9963666349358391
0.9960765763826203
0.9862680174119305
0.9833368938125204
0.9416791284165811
0.9374828333675396
0.7811899168591481
0.7343134859984275
0.07009720106725581
0.9958323165483307
0.9854131079919171
0.984374998108251
0.9453124934516381
0.9335937420546543
0.7675780972640496
0.7490234075521585
0.12158192650531419
0.9333494822203647
0.7667231878440361
0.7499384878610726
0.12478470758651383
0.93723857353325
0.7803350074391346
0.7333984056895133
0.06689441998605616
0.9997557401366066
0.9991450905508827
0.9989618956751656
0.9963666349358391
0.9960765763826203
0.9862680174119305
0.9833368938125204
0.9416791284165811
0.9374828333675396
0.7811899168591481
0.7343134859984275
0.07009720106725581
0.9958323165483307
0.9854131079919171
0.984374998108251
0.9453124934516381
0.9335937420546543
0.7675780972640496
0.7490234075521585
0.12158192650531419
0.9333494822203647
0.7667231878440361
0.7499384878610726
0.12478470758651383
0.93723857353325
0.7803350074391346
0.7333984056895133
0.06689441998605616
0.9997557401366066
0.9991450905508827
0.9989618956751656
0.9963666349358391
0.9960765763826203
0.9862680174119305
0.9833368938125204
0.9416791284165811
0.9374828333675396
0.7811899168591481
0.7343134859984275
0.07009720106725581
0.9958323165483307
0.9854131079919171
0.984374998108251
0.9453124934516381
0.9335937420546543
0.7675780972640496
0.7490234075521585
0.12158192650531419
0.9333494822203647
0.7667231878440361
0.7499384878610726
0.12478470758651383
0.93723857353325
0.7803350074391346
0.7333984056895133
0.06689441998605616
0.9997557401366066
0.9991450905508827
0.9989618956751656
0.9963666349358391
0.9960765763826203
0.9862680174119305
0.9833368938125204
0.9416791284165811
0.9374828333675396
0.7811899168591481
0.7343134859984275
0.07009720106725581
0.9958323165483307
0.9854131079919171
0.984374998108251
0.9453124934516381
0.9335937420546543
0.7675780972640496
0.7490234075521585
0.12158192650531419
0.9333494822203647
0.7667231878440361
0.7499384878610726
0.12478470758651383
0.93723857353325
0.7803350074391346
0.7333984056895133
0.06689441998605616
0.9997557401366066
0.9991450905508827
0.9989618956751656
0.9963666349358391
0.9960765763826203
0.9862680174119305
0.9833368938125204
0.9416791284165811
0.9374828333675396
0.7811899168591481
0.7343134859984275
0.07009720106725581
0.9958323165483307
0.9854131079919171
0.984374998108251
0.9453124934516381
0.9335937420546543
0.7675780972640496
0.7490234075521585
0.12158192650531419
0.9333494822203647
0.7667231878440361
0.7499384878610726
0.12478470758651383
0.93723857353325
0.7803350074391346
0.7333984056895133
0.06689441998605616
0.9997557401366066
0.9991450905508827
0.9989618956751656
0.9963666349358391
0.9960765763826203
0.9862680174119305
0.9833368938125204
0.9416791284165811
0.9374828333675396
0.7811899168591481
0.7343134859984275
0.07009720106725581
0.9958323165483307
0.9854131079919171
0.984374998108251
0.9453124934516381
0.9335937420546543
0.7675780972640496
0.7490234075521585
0.12158192650531419
0.9333494822203647
0.7667231878440361
0.7499384878610726
0.12478470758651383
0.93723857353325
0.7803350074391346
0.7333984056895133
0.06689441998605616
0.9997557401366066
0.9991450905508827
0.9989618956751656
0.9963666349358391
0.9960765763826203
0.9862680174119305
0.9833368938125204
0.9416791284165811
0.9374828333675396
0.7811899168591481
0.7343134859984275
0.07009720106725581
0.9958323165483307
0.9854131079919171
0.984374998108251
0.9453124934516381
0.9335937420546543
0.7675780972640496
0.7490234075521585
0.12158192650531419
0.9333494822203647
0.7667231878440361
0.7499384878610726
0.12478470758651383
0.93723857353325
0.7803350074391346
0.7333984056895133
0.06689441998605616
0.9997557401366066
0.9991450905508827
0.9989618956751656
0.9963666349358391
0.9960765763826203
0.9862680174119305
0.9833368938125204
0.9416791284165811
0.9374828333675396
0.7811899168591481
0.7343134859984275
0.07009720106725581
0.9958323165483307
0.9854131079919171
0.984374998108251
0.9453124934516381
0.9335937420546543
0.7675780972640496
0.7490234075521585
0.12158192650531419
0.9333494822203647
0.7667231878440361
0.7499384878610726
0.12478470758651383
0.93723857353325
0.7803350074391346
0.7333984056895133
0.06689441998605616
0.9997557401366066
0.9991450905508827
0.9989618956751656
0.9963666349358391
0.9960765763826203
0.9862680174119305
0.9833368938125204
0.9416791284165811
0.9374828333675396
0.7811899168591481
0.7343134859984275
0.07009720106725581
0.9958323165483307
0.9854131079919171
0.984374998108251
0.9453124934516381
0.9335937420546543
0.7675780972640496
0.7490234075521585
0.12158192650531419
0.9333494822203647
0.7667231878440361
0.7499384878610726
0.12478470758651383
0.93723857353325
0.7803350074391346
0.7333984056895133
0.06689441998605616
0.9997557401366066
0.9991450905508827
0.9989618956751656
0.9963666349358391
0.9960765763826203
0.9862680174119305
0.9833368938125204
0.9416791284165811
0.9374828333675396
0.7811899168591481
0.7343134859984275
0.07009720106725581
0.9958323165483307
0.9854131079919171
0.984374998108251
0.9453124934516381
0.9335937420546543
0.7675780972640496
0.7490234075521585
0.12158192650531419
0.9333494822203647
0.7667231878440361
0.7499384878610726
0.12478470758651383
0.93723857353325
0.7803350074391346
0.7333984056895133
0.06689441998605616
0.9997557401366066
0.9991450905508827
0.9989618956751656
0.9963666349358391
0.9960765763826203
0.9862680174119305
0.9833368938125204
0.9416791284165811
0.9374828333675396
0.7811899168591481
0.7343134859984275
0.07009720106725581
0.9958323165483307
0.9854131079919171
0.984374998108251
0.9453124934516381
0.9335937420546543
0.7675780972640496
0.7490234075521585
0.12158192650531419
0.9333494822203647
0.7667231878440361
0.7499384878610726
0.12478470758651383
0.93723857353325
0.7803350074391346
0.7333984056895133
0.06689441998605616
0.9997557401366066
0.9991450905508827
0.9989618956751656
0.9963666349358391
0.9960765763826203
0.9862680174119305
0.9833368938125204
0.9416791284165811
0.9374828333675396
0.7811899168591481
0.7343134859984275
0.07009720106725581
0.9958323165483307
0.9854131079919171
0.984374998108251
0.9453124934516381
0.9335937420546543
0.7675780972640496
0.7490234075521585
0.12158192650531419
0.9333494822203647
0.7667231878440361
0.7499384878610726
0.12478470758651383
0.93723857353325
0.7803350074391346
0.7333984056895133
0.06689441998605616
0.9997557401366066
0.9991450905508827
0.9989618956751656
0.9963666349358391
0.9960765763826203
0.9862680174119305
0.9833368938125204
0.9416791284165811
0.9374828333675396
0.7811899168591481
0.7343134859984275
0.07009720106725581
0.9958323165483307
0.9854131079919171
0.984374998108251
0.9453124934516381
0.9335937420546543
0.7675780972640496
0.7490234075521585
0.12158192650531419
0.9333494822203647
0.7667231878440361
0.7499384878610726
0.12478470758651383
0.93723857353325
0.7803350074391346
0.7333984056895133
0.06689441998605616
0.9997557401366066
0.9991450905508827
0.9989618956751656
0.9963666349358391
0.9960765763826203
0.9862680174119305
0.9833368938125204
0.9416791284165811
0.9374828333675396
0.7811899168591481
0.7343134859984275
0.07009720106725581
0.9958323165483307
0.9854131079919171
0.984374998108251
0.9453124934516381
0.9335937420546543
0.7675780972640496
0.7490234075521585
0.12158192650531419
0.9333494822203647
0.7667231878440361
0.7499384878610726
0.12478470758651383
0.93723857353325
0.7803350074391346
0.7333984056895133
0.06689441998605616
0.9997557401366066
0.9991450905508827
0.9989618956751656
0.9963666349358391
0.9960765763826203
0.9862680174119305
0.9833368938125204
0.9416791284165811
0.9374828333675396
0.7811899168591481
0.7343134859984275
0.07009720106725581
0.9958323165483307
0.9854131079919171
0.984374998108251
0.9453124934516381
0.9335937420546543
0.7675780972640496
0.7490234075521585
0.12158192650531419
0.9333494822203647
0.7667231878440361
0.7499384878610726
0.12478470758651383
0.93723857353325
0.7803350074391346
0.7333984056895133
0.06689441998605616
0.9997557401366066
0.9991450905508827
0.9989618956751656
0.9963666349358391
0.9960765763826203
0.9862680174119305
0.9833368938125204
0.9416791284165811
0.9374828333675396
0.7811899168591481
0.7343134859984275
0.07009720106725581
0.9958323165483307
0.9854131079919171
0.984374998108251
0.9453124934516381
0.9335937420546543
0.7675780972640496
0.7490234075521585
0.12158192650531419
0.9333494822203647
0.7667231878440361
0.7499384878610726
0.12478470758651383
0.93723857353325
0.7803350074391346
0.7333984056895133
0.06689441998605616
0.9997557401366066
0.9991450905508827
0.9989618956751656
0.9963666349358391
0.9960765763826203
0.9862680174119305
0.9833368938125204
0.9416791284165811
0.9374828333675396
0.7811899168591481
0.7343134859984275
0.07009720106725581
0.9958323165483307
0.9854131079919171
0.984374998108251
0.9453124934516381
0.9335937420546543
0.7675780972640496
0.7490234075521585
0.12158192650531419
0.9333494822203647
0.7667231878440361
0.7499384878610726
0.12478470758651383
0.93723857353325
0.7803350074391346
0.7333984056895133
0.06689441998605616
0.9997557401366066
0.9991450905508827
0.9989618956751656
0.9963666349358391
0.9960765763826203
0.9862680174119305
0.9833368938125204
0.9416791284165811
0.9374828333675396
0.7811899168591481
0.7343134859984275
0.07009720106725581
0.9958323165483307
0.9854131079919171
0.984374998108251
0.9453124934516381
0.9335937420546543
0.7675780972640496
0.7490234075521585
0.12158192650531419
0.9333494822203647
0.7667231878440361
0.7499384878610726
0.12478470758651383
0.93723857353325
0.7803350074391346
0.7333984056895133
0.06689441998605616
0.9997557401366066
0.9991450905508827
0.9989618956751656
0.9963666349358391
0.9960765763826203
0.9862680174119305
0.9833368938125204
0.9416791284165811
0.9374828333675396
0.7811899168591481
0.7343134859984275
0.07009720106725581
0.9958323165483307
0.9854131079919171
0.984374998108251
0.9453124934516381
0.9335937420546543
0.7675780972640496
0.7490234075521585
0.12158192650531419
0.9333494822203647
0.7667231878440361
0.7499384878610726
0.12478470758651383
0.93723857353325
0.7803350074391346
0.7333984056895133
0.06689441998605616
0.9997557401366066
0.9991450905508827
0.9989618956751656
0.9963666349358391
0.9960765763826203
0.9862680174119305
0.9833368938125204
0.9416791284165811
0.9374828333675396
0.7811899168591481
0.7343134859984275
0.07009720106725581
0.9958323165483307
0.9854131079919171
0.984374998108251
0.9453124934516381
0.9335937420546543
0.7675780972640496
0.7490234075521585
0.12158192650531419
0.9333494822203647
0.7667231878440361
0.7499384878610726
0.12478470758651383
0.93723857353325
0.7803350074391346
0.7333984056895133
0.06689441998605616
0.9997557401366066
0.9991450905508827
0.9989618956751656
0.9963666349358391
0.9960765763826203
0.9862680174119305
0.9833368938125204
0.9416791284165811
0.9374828333675396
0.7811899168591481
0.7343134859984275
0.07009720106725581
0.9958323165483307
0.9854131079919171
0.984374998108251
0.9453124934516381
0.9335937420546543
0.7675780972640496
0.7490234075521585
0.12158192650531419
0.9333494822203647
0.7667231878440361
0.7499384878610726
0.12478470758651383
0.93723857353325
0.7803350074391346
0.7333984056895133
0.06689441998605616
0.9997557401366066
0.9991450905508827
0.9989618956751656
0.9963666349358391
0.9960765763826203
0.9862680174119305
0.9833368938125204
0.9416791284165811
0.9374828333675396
0.7811899168591481
0.7343134859984275
0.07009720106725581
0.9958323165483307
0.9854131079919171
0.984374998108251
0.9453124934516381
0.9335937420546543
0.7675780972640496
0.7490234075521585
0.12158192650531419
0.9333494822203647
0.7667231878440361
0.7499384878610726
0.12478470758651383
0.93723857353325
0.7803350074391346
0.7333984056895133
0.06689441998605616
0.9997557401366066
0.9991450905508827
0.9989618956751656
0.9963666349358391
0.9960765763826203
0.9862680174119305
0.9833368938125204
0.9416791284165811
0.9374828333675396
0.7811899168591481
0.7343134859984275
0.07009720106725581
0.9958323165483307
0.9854131079919171
0.984374998108251
0.9453124934516381
0.9335937420546543
0.7675780972640496
0.7490234075521585
0.12158192650531419
0.9333494822203647
0.7667231878440361
0.7499384878610726
0.12478470758651383
0.93723857353325
0.7803350074391346
0.7333984056895133
0.06689441998605616
0.9997557401366066
0.9991450905508827
0.9989618956751656
0.9963666349358391
0.9960765763826203
0.9862680174119305
0.9833368938125204
0.9416791284165811
0.9374828333675396
0.7811899168591481
0.7343134859984275
0.07009720106725581
0.9958323165483307
0.9854131079919171
0.984374998108251
0.9453124934516381
0.9335937420546543
0.7675780972640496
0.7490234075521585
0.12158192650531419
0.9333494822203647
0.7667231878440361
0.7499384878610726
0.12478470758651383
0.93723857353325
0.7803350074391346
0.7333984056895133
0.06689441998605616
0.9997557401366066
0.9991450905508827
0.9989618956751656
0.9963666349358391
0.9960765763826203
0.9862680174119305
0.9833368938125204
0.9416791284165811
0.9374828333675396
0.7811899168591481
0.7343134859984275
0.07009720106725581
0.9958323165483307
0.9854131079919171
0.984374998108251
0.9453124934516381
0.9335937420546543
0.7675780972640496
0.7490234075521585
0.12158192650531419
0.9333494822203647
0.7667231878440361
0.7499384878610726
0.12478470758651383
0.93723857353325
0.7803350074391346
0.7333984056895133
0.06689441998605616
0.9997557401366066
0.9991450905508827
0.9989618956751656
0.9963666349358391
0.9960765763826203
0.9862680174119305
0.9833368938125204
0.9416791284165811
0.9374828333675396
0.7811899168591481
0.7343134859984275
0.07009720106725581
0.9958323165483307
0.9854131079919171
0.984374998108251
0.9453124934516381
0.9335937420546543
0.7675780972640496
0.7490234075521585
0.12158192650531419
0.9333494822203647
0.7667231878440361
0.7499384878610726
0.12478470758651383
0.93723857353325
0.7803350074391346
0.7333984056895133
0.06689441998605616
0.9997557401366066
0.9991450905508827
0.9989618956751656
0.9963666349358391
0.9960765763826203
0.9862680174119305
0.9833368938125204
0.9416791284165811
0.9374828333675396
0.7811899168591481
0.7343134859984275
0.07009720106725581
0.9958323165483307
0.9854131079919171
0.984374998108251
0.9453124934516381
0.9335937420546543
0.7675780972640496
0.7490234075521585
0.12158192650531419
0.9333494822203647
0.7667231878440361
0.7499384878610726
0.12478470758651383
0.93723857353325
0.7803350074391346
0.7333984056895133
0.06689441998605616
0.9997557401366066
0.9991450905508827
0.9989618956751656
0.9963666349358391
0.9960765763826203
0.9862680174119305
0.9833368938125204
0.9416791284165811
0.9374828333675396
0.7811899168591481
0.7343134859984275
0.07009720106725581
0.9958323165483307
0.9854131079919171
0.984374998108251
0.9453124934516381
0.9335937420546543
0.7675780972640496
0.7490234075521585
0.12158192650531419
0.9333494822203647
0.7667231878440361
0.7499384878610726
0.12478470758651383
0.93723857353325
0.7803350074391346
0.7333984056895133
0.06689441998605616
0.9997557401366066
0.9991450905508827
0.9989618956751656
0.9963666349358391
0.9960765763826203
0.9862680174119305
0.9833368938125204
0.9416791284165811
0.9374828333675396
0.7811899168591481
0.7343134859984275
0.07009720106725581
0.9958323165483307
0.9854131079919171
0.984374998108251
0.9453124934516381
0.9335937420546543
0.7675780972640496
0.7490234075521585
0.12158192650531419
0.9333494822203647
0.7667231878440361
0.7499384878610726
0.12478470758651383
0.93723857353325
0.7803350074391346
0.7333984056895133
0.06689441998605616
0.9997557401366066
0.9991450905508827
0.9989618956751656
0.9963666349358391
0.9960765763826203
0.9862680174119305
0.9833368938125204
0.9416791284165811
0.9374828333675396
0.7811899168591481
0.7343134859984275
0.07009720106725581
0.9958323165483307
0.9854131079919171
0.984374998108251
0.9453124934516381
0.9335937420546543
0.7675780972640496
0.7490234075521585
0.12158192650531419
0.9333494822203647
0.7667231878440361
0.7499384878610726
0.12478470758651383
0.93723857353325
0.7803350074391346
0.7333984056895133
0.06689441998605616
0.9997557401366066
0.9991450905508827
0.9989618956751656
0.9963666349358391
0.9960765763826203
0.9862680174119305
0.9833368938125204
0.9416791284165811
0.9374828333675396
0.7811899168591481
0.7343134859984275
0.07009720106725581
0.9958323165483307
0.9854131079919171
0.984374998108251
0.9453124934516381
0.9335937420546543
0.7675780972640496
0.7490234075521585
0.12158192650531419
0.9333494822203647
0.7667231878440361
0.7499384878610726
0.12478470758651383
0.93723857353325
0.7803350074391346
0.7333984056895133
0.06689441998605616
0.9997557401366066
0.9991450905508827
0.9989618956751656
0.9963666349358391
0.9960765763826203
0.9862680174119305
0.9833368938125204
0.9416791284165811
0.9374828333675396
0.7811899168591481
0.7343134859984275
0.07009720106725581
0.9958323165483307
0.9854131079919171
0.984374998108251
0.9453124934516381
0.9335937420546543
0.7675780972640496
0.7490234075521585
0.12158192650531419
0.9333494822203647
0.7667231878440361
0.7499384878610726
0.12478470758651383
0.93723857353325
0.7803350074391346
0.7333984056895133
0.06689441998605616
0.9997557401366066
0.9991450905508827
0.9989618956751656
0.9963666349358391
0.9960765763826203
0.9862680174119305
0.9833368938125204
0.9416791284165811
0.9374828333675396
0.7811899168591481
0.7343134859984275
0.07009720106725581
0.9958323165483307
0.9854131079919171
0.984374998108251
0.9453124934516381
0.9335937420546543
0.7675780972640496
0.7490234075521585
0.12158192650531419
0.9333494822203647
0.7667231878440361
0.7499384878610726
0.12478470758651383
0.93723857353325
0.7803350074391346
0.7333984056895133
0.06689441998605616
0.9997557401366066
0.9991450905508827
0.9989618956751656
0.9963666349358391
0.9960765763826203
0.9862680174119305
0.9833368938125204
0.9416791284165811
0.9374828333675396
0.7811899168591481
0.7343134859984275
0.07009720106725581
0.9958323165483307
0.9854131079919171
0.984374998108251
0.9453124934516381
0.9335937420546543
0.7675780972640496
0.7490234075521585
0.12158192650531419
0.9333494822203647
0.7667231878440361
0.7499384878610726
0.12478470758651383
0.93723857353325
0.7803350074391346
0.7333984056895133
0.06689441998605616
0.9997557401366066
0.9991450905508827
0.9989618956751656
0.9963666349358391
0.9960765763826203
0.9862680174119305
0.9833368938125204
0.9416791284165811
0.9374828333675396
0.7811899168591481
0.7343134859984275
0.07009720106725581
0.9958323165483307
0.9854131079919171
0.984374998108251
0.9453124934516381
0.9335937420546543
0.7675780972640496
0.7490234075521585
0.12158192650531419
0.9333494822203647
0.7667231878440361
0.7499384878610726
0.12478470758651383
0.93723857353325
0.7803350074391346
0.7333984056895133
0.06689441998605616
0.9997557401366066
0.9991450905508827
0.9989618956751656
0.9963666349358391
0.9960765763826203
0.9862680174119305
0.9833368938125204
0.9416791284165811
0.9374828333675396
0.7811899168591481
0.7343134859984275
0.07009720106725581
0.9958323165483307
0.9854131079919171
0.984374998108251
0.9453124934516381
0.9335937420546543
0.7675780972640496
0.7490234075521585
0.12158192650531419
0.9333494822203647
0.7667231878440361
0.7499384878610726
0.12478470758651383
0.93723857353325
0.7803350074391346
0.7333984056895133
0.06689441998605616
0.9997557401366066
0.9991450905508827
0.9989618956751656
0.9963666349358391
0.9960765763826203
0.9862680174119305
0.9833368938125204
0.9416791284165811
0.9374828333675396
0.7811899168591481
0.7343134859984275
0.07009720106725581
0.9958323165483307
0.9854131079919171
0.984374998108251
0.9453124934516381
0.9335937420546543
0.7675780972640496
0.7490234075521585
0.12158192650531419
0.9333494822203647
0.7667231878440361
0.7499384878610726
0.12478470758651383
0.93723857353325
0.7803350074391346
0.7333984056895133
0.06689441998605616
0.9997557401366066
0.9991450905508827
0.9989618956751656
0.9963666349358391
0.9960765763826203
0.9862680174119305
0.9833368938125204
0.9416791284165811
0.9374828333675396
0.7811899168591481
0.7343134859984275
0.07009720106725581
0.9958323165483307
0.9854131079919171
0.984374998108251
0.9453124934516381
0.9335937420546543
0.7675780972640496
0.7490234075521585
0.12158192650531419
0.9333494822203647
0.7667231878440361
0.7499384878610726
0.12478470758651383
0.93723857353325
0.7803350074391346
0.7333984056895133
0.06689441998605616
0.9997557401366066
0.9991450905508827
0.9989618956751656
0.9963666349358391
0.9960765763826203
0.9862680174119305
0.9833368938125204
0.9416791284165811
0.9374828333675396
0.7811899168591481
0.7343134859984275
0.07009720106725581
0.9958323165483307
0.9854131079919171
0.984374998108251
0.9453124934516381
0.9335937420546543
0.7675780972640496
0.7490234075521585
0.12158192650531419
0.9333494822203647
0.7667231878440361
0.7499384878610726
0.12478470758651383
0.93723857353325
0.7803350074391346
0.7333984056895133
0.06689441998605616
0.9997557401366066
0.9991450905508827
0.9989618956751656
0.9963666349358391
0.9960765763826203
0.9862680174119305
0.9833368938125204
0.9416791284165811
0.9374828333675396
0.7811899168591481
0.7343134859984275
0.07009720106725581
0.9958323165483307
0.9854131079919171
0.984374998108251
0.9453124934516381
0.9335937420546543
0.7675780972640496
0.7490234075521585
0.12158192650531419
0.9333494822203647
0.7667231878440361
0.7499384878610726
0.12478470758651383
0.93723857353325
0.7803350074391346
0.7333984056895133
0.06689441998605616
0.9997557401366066
0.9991450905508827
0.9989618956751656
0.9963666349358391
0.9960765763826203
0.9862680174119305
0.9833368938125204
0.9416791284165811
0.9374828333675396
0.7811899168591481
0.7343134859984275
0.07009720106725581
0.9958323165483307
0.9854131079919171
0.984374998108251
0.9453124934516381
0.9335937420546543
0.7675780972640496
0.7490234075521585
0.12158192650531419
0.9333494822203647
0.7667231878440361
0.7499384878610726
0.12478470758651383
0.93723857353325
0.7803350074391346
0.7333984056895133
0.06689441998605616
0.9997557401366066
0.9991450905508827
0.9989618956751656
0.9963666349358391
0.9960765763826203
0.9862680174119305
0.9833368938125204
0.9416791284165811
0.9374828333675396
0.7811899168591481
0.7343134859984275
0.07009720106725581
0.9958323165483307
0.9854131079919171
0.984374998108251
0.9453124934516381
0.9335937420546543
0.7675780972640496
0.7490234075521585
0.12158192650531419
0.9333494822203647
0.7667231878440361
0.7499384878610726
0.12478470758651383
0.93723857353325
0.7803350074391346
0.7333984056895133
0.06689441998605616
0.9997557401366066
0.9991450905508827
0.9989618956751656
0.9963666349358391
0.9960765763826203
0.9862680174119305
0.9833368938125204
0.9416791284165811
0.9374828333675396
0.7811899168591481
0.7343134859984275
0.07009720106725581
0.9958323165483307
0.9854131079919171
0.984374998108251
0.9453124934516381
0.9335937420546543
0.7675780972640496
0.7490234075521585
0.12158192650531419
0.9333494822203647
0.7667231878440361
0.7499384878610726
0.12478470758651383
0.93723857353325
0.7803350074391346
0.7333984056895133
0.06689441998605616
0.9997557401366066
0.9991450905508827
0.9989618956751656
0.9963666349358391
0.9960765763826203
0.9862680174119305
0.9833368938125204
0.9416791284165811
0.9374828333675396
0.7811899168591481
0.7343134859984275
0.07009720106725581
0.9958323165483307
0.9854131079919171
0.984374998108251
0.9453124934516381
0.9335937420546543
0.7675780972640496
0.7490234075521585
0.12158192650531419
0.9333494822203647
0.7667231878440361
0.7499384878610726
0.12478470758651383
0.93723857353325
0.7803350074391346
0.7333984056895133
0.06689441998605616
0.9997557401366066
0.9991450905508827
0.9989618956751656
0.9963666349358391
0.9960765763826203
0.9862680174119305
0.9833368938125204
0.9416791284165811
0.9374828333675396
0.7811899168591481
0.7343134859984275
0.07009720106725581
0.9958323165483307
0.9854131079919171
0.984374998108251
0.9453124934516381
0.9335937420546543
0.7675780972640496
0.7490234075521585
0.12158192650531419
0.9333494822203647
0.7667231878440361
0.7499384878610726
0.12478470758651383
0.93723857353325
0.7803350074391346
0.7333984056895133
0.06689441998605616
0.9997557401366066
0.9991450905508827
0.9989618956751656
0.9963666349358391
0.9960765763826203
0.9862680174119305
0.9833368938125204
0.9416791284165811
0.9374828333675396
0.7811899168591481
0.7343134859984275
0.07009720106725581
0.9958323165483307
0.9854131079919171
0.984374998108251
0.9453124934516381
0.9335937420546543
0.7675780972640496
0.7490234075521585
0.12158192650531419
0.9333494822203647
0.7667231878440361
0.7499384878610726
0.12478470758651383
0.93723857353325
0.7803350074391346
0.7333984056895133
0.06689441998605616
0.9997557401366066
0.9991450905508827
0.9989618956751656
0.9963666349358391
0.9960765763826203
0.9862680174119305
0.9833368938125204
0.9416791284165811
0.9374828333675396
0.7811899168591481
0.7343134859984275
0.07009720106725581
0.9958323165483307
0.9854131079919171
0.984374998108251
0.9453124934516381
0.9335937420546543
0.7675780972640496
0.7490234075521585
0.12158192650531419
0.9333494822203647
0.7667231878440361
0.7499384878610726
0.12478470758651383
0.93723857353325
0.7803350074391346
0.7333984056895133
0.06689441998605616
0.9997557401366066
0.9991450905508827
0.9989618956751656
0.9963666349358391
0.9960765763826203
0.9862680174119305
0.9833368938125204
0.9416791284165811
0.9374828333675396
0.7811899168591481
0.7343134859984275
0.07009720106725581
0.9958323165483307
0.9854131079919171
0.984374998108251
0.9453124934516381
0.9335937420546543
0.7675780972640496
0.7490234075521585
0.12158192650531419
0.9333494822203647
0.7667231878440361
0.7499384878610726
0.12478470758651383
0.93723857353325
0.7803350074391346
0.7333984056895133
0.06689441998605616
0.9997557401366066
0.9991450905508827
0.9989618956751656
0.9963666349358391
0.9960765763826203
0.9862680174119305
0.9833368938125204
0.9416791284165811
0.9374828333675396
0.7811899168591481
0.7343134859984275
0.07009720106725581
0.9958323165483307
0.9854131079919171
0.984374998108251
0.9453124934516381
0.9335937420546543
0.7675780972640496
0.7490234075521585
0.12158192650531419
0.9333494822203647
0.7667231878440361
0.7499384878610726
0.12478470758651383
0.93723857353325
0.7803350074391346
0.7333984056895133
0.06689441998605616
0.9997557401366066
0.9991450905508827
0.9989618956751656
0.9963666349358391
0.9960765763826203
0.9862680174119305
0.9833368938125204
0.9416791284165811
0.9374828333675396
0.7811899168591481
0.7343134859984275
0.07009720106725581
0.9958323165483307
0.9854131079919171
0.984374998108251
0.9453124934516381
0.9335937420546543
0.7675780972640496
0.7490234075521585
0.12158192650531419
0.9333494822203647
0.7667231878440361
0.7499384878610726
0.12478470758651383
0.93723857353325
0.7803350074391346
0.7333984056895133
0.06689441998605616
0.9997557401366066
0.9991450905508827
0.9989618956751656
0.9963666349358391
0.9960765763826203
0.9862680174119305
0.9833368938125204
0.9416791284165811
0.9374828333675396
0.7811899168591481
0.7343134859984275
0.07009720106725581
0.9958323165483307
0.9854131079919171
0.984374998108251
0.9453124934516381
0.9335937420546543
0.7675780972640496
0.7490234075521585
0.12158192650531419
0.9333494822203647
0.7667231878440361
0.7499384878610726
0.12478470758651383
0.93723857353325
0.7803350074391346
0.7333984056895133
0.06689441998605616
0.9997557401366066
0.9991450905508827
0.9989618956751656
0.9963666349358391
0.9960765763826203
0.9862680174119305
0.9833368938125204
0.9416791284165811
0.9374828333675396
0.7811899168591481
0.7343134859984275
0.07009720106725581
0.9958323165483307
0.9854131079919171
0.984374998108251
0.9453124934516381
0.9335937420546543
0.7675780972640496
0.7490234075521585
0.12158192650531419
0.9333494822203647
0.7667231878440361
0.7499384878610726
0.12478470758651383
0.93723857353325
0.7803350074391346
0.7333984056895133
0.06689441998605616
0.9997557401366066
0.9991450905508827
0.9989618956751656
0.9963666349358391
0.9960765763826203
0.9862680174119305
0.9833368938125204
0.9416791284165811
0.9374828333675396
0.7811899168591481
0.7343134859984275
0.07009720106725581
0.9958323165483307
0.9854131079919171
0.984374998108251
0.9453124934516381
0.9335937420546543
0.7675780972640496
0.7490234075521585
0.12158192650531419
0.9333494822203647
0.7667231878440361
0.7499384878610726
0.12478470758651383
0.93723857353325
0.7803350074391346
0.7333984056895133
0.06689441998605616
0.9997557401366066
0.9991450905508827
0.9989618956751656
0.9963666349358391
0.9960765763826203
0.9862680174119305
0.9833368938125204
0.9416791284165811
0.9374828333675396
0.7811899168591481
0.7343134859984275
0.07009720106725581
0.9958323165483307
0.9854131079919171
0.984374998108251
0.9453124934516381
0.9335937420546543
0.7675780972640496
0.7490234075521585
0.12158192650531419
0.9333494822203647
0.7667231878440361
0.7499384878610726
0.12478470758651383
0.93723857353325
0.7803350074391346
0.7333984056895133
0.06689441998605616
0.9997557401366066
0.9991450905508827
0.9989618956751656
0.9963666349358391
0.9960765763826203
0.9862680174119305
0.9833368938125204
0.9416791284165811
0.9374828333675396
0.7811899168591481
0.7343134859984275
0.07009720106725581
0.9958323165483307
0.9854131079919171
0.984374998108251
0.9453124934516381
0.9335937420546543
0.7675780972640496
0.7490234075521585
0.12158192650531419
0.9333494822203647
0.7667231878440361
0.7499384878610726
0.12478470758651383
0.93723857353325
0.7803350074391346
0.7333984056895133
0.06689441998605616
0.9997557401366066
0.9991450905508827
0.9989618956751656
0.9963666349358391
0.9960765763826203
0.9862680174119305
0.9833368938125204
0.9416791284165811
0.9374828333675396
0.7811899168591481
0.7343134859984275
0.07009720106725581
0.9958323165483307
0.9854131079919171
0.984374998108251
0.9453124934516381
0.9335937420546543
0.7675780972640496
0.7490234075521585
0.12158192650531419
0.9333494822203647
0.7667231878440361
0.7499384878610726
0.12478470758651383
0.93723857353325
0.7803350074391346
0.7333984056895133
0.06689441998605616
0.9997557401366066
0.9991450905508827
0.9989618956751656
0.9963666349358391
0.9960765763826203
0.9862680174119305
0.9833368938125204
0.9416791284165811
0.9374828333675396
0.7811899168591481
0.7343134859984275
0.07009720106725581
0.9958323165483307
0.9854131079919171
0.984374998108251
0.9453124934516381
0.9335937420546543
0.7675780972640496
0.7490234075521585
0.12158192650531419
0.9333494822203647
0.7667231878440361
0.7499384878610726
0.12478470758651383
0.93723857353325
0.7803350074391346
0.7333984056895133
0.06689441998605616
0.9997557401366066
0.9991450905508827
0.9989618956751656
0.9963666349358391
0.9960765763826203
0.9862680174119305
0.9833368938125204
0.9416791284165811
0.9374828333675396
0.7811899168591481
0.7343134859984275
0.07009720106725581
0.9958323165483307
0.9854131079919171
0.984374998108251
0.9453124934516381
0.9335937420546543
0.7675780972640496
0.7490234075521585
0.12158192650531419
0.9333494822203647
0.7667231878440361
0.7499384878610726
0.12478470758651383
0.93723857353325
0.7803350074391346
0.7333984056895133
0.06689441998605616
0.9997557401366066
0.9991450905508827
0.9989618956751656
0.9963666349358391
0.9960765763826203
0.9862680174119305
0.9833368938125204
0.9416791284165811
0.9374828333675396
0.7811899168591481
0.7343134859984275
0.07009720106725581
0.9958323165483307
0.9854131079919171
0.984374998108251
0.9453124934516381
0.9335937420546543
0.7675780972640496
0.7490234075521585
0.12158192650531419
0.9333494822203647
0.7667231878440361
0.7499384878610726
0.12478470758651383
0.93723857353325
0.7803350074391346
0.7333984056895133
0.06689441998605616
0.9997557401366066
0.9991450905508827
0.9989618956751656
0.9963666349358391
0.9960765763826203
0.9862680174119305
0.9833368938125204
0.9416791284165811
0.9374828333675396
0.7811899168591481
0.7343134859984275
0.07009720106725581
0.9958323165483307
0.9854131079919171
0.984374998108251
0.9453124934516381
0.9335937420546543
0.7675780972640496
0.7490234075521585
0.12158192650531419
0.9333494822203647
0.7667231878440361
0.7499384878610726
0.12478470758651383
0.93723857353325
0.7803350074391346
0.7333984056895133
0.06689441998605616
0.9997557401366066
0.9991450905508827
0.9989618956751656
0.9963666349358391
0.9960765763826203
0.9862680174119305
0.9833368938125204
0.9416791284165811
0.9374828333675396
0.7811899168591481
0.7343134859984275
0.07009720106725581
0.9958323165483307
0.9854131079919171
0.984374998108251
0.9453124934516381
0.9335937420546543
0.7675780972640496
0.7490234075521585
0.12158192650531419
0.9333494822203647
0.7667231878440361
0.7499384878610726
0.12478470758651383
0.93723857353325
0.7803350074391346
0.7333984056895133
0.06689441998605616
0.9997557401366066
0.9991450905508827
0.9989618956751656
0.9963666349358391
0.9960765763826203
0.9862680174119305
0.9833368938125204
0.9416791284165811
0.9374828333675396
0.7811899168591481
0.7343134859984275
0.07009720106725581
0.9958323165483307
0.9854131079919171
0.984374998108251
0.9453124934516381
0.9335937420546543
0.7675780972640496
0.7490234075521585
0.12158192650531419
0.9333494822203647
0.7667231878440361
0.7499384878610726
0.12478470758651383
0.93723857353325
0.7803350074391346
0.7333984056895133
0.06689441998605616
0.9997557401366066
0.9991450905508827
0.9989618956751656
0.9963666349358391
0.9960765763826203
0.9862680174119305
0.9833368938125204
0.9416791284165811
0.9374828333675396
0.7811899168591481
0.7343134859984275
0.07009720106725581
0.9958323165483307
0.9854131079919171
0.984374998108251
0.9453124934516381
0.9335937420546543
0.7675780972640496
0.7490234075521585
0.12158192650531419
0.9333494822203647
0.7667231878440361
0.7499384878610726
0.12478470758651383
0.93723857353325
0.7803350074391346
0.7333984056895133
0.06689441998605616
0.9997557401366066
0.9991450905508827
0.9989618956751656
0.9963666349358391
0.9960765763826203
0.9862680174119305
0.9833368938125204
0.9416791284165811
0.9374828333675396
0.7811899168591481
0.7343134859984275
0.07009720106725581
0.9958323165483307
0.9854131079919171
0.984374998108251
0.9453124934516381
0.9335937420546543
0.7675780972640496
0.7490234075521585
0.12158192650531419
0.9333494822203647
0.7667231878440361
0.7499384878610726
0.12478470758651383
0.93723857353325
0.7803350074391346
0.7333984056895133
0.06689441998605616
0.9997557401366066
0.9991450905508827
0.9989618956751656
0.9963666349358391
0.9960765763826203
0.9862680174119305
0.9833368938125204
0.9416791284165811
0.9374828333675396
0.7811899168591481
0.7343134859984275
0.07009720106725581
0.9958323165483307
0.9854131079919171
0.984374998108251
0.9453124934516381
0.9335937420546543
0.7675780972640496
0.7490234075521585
0.12158192650531419
0.9333494822203647
0.7667231878440361
0.7499384878610726
0.12478470758651383
0.93723857353325
0.7803350074391346
0.7333984056895133
0.06689441998605616
0.9997557401366066
0.9991450905508827
0.9989618956751656
0.9963666349358391
0.9960765763826203
0.9862680174119305
0.9833368938125204
0.9416791284165811
0.9374828333675396
0.7811899168591481
0.7343134859984275
0.07009720106725581
0.9958323165483307
0.9854131079919171
0.984374998108251
0.9453124934516381
0.9335937420546543
0.7675780972640496
0.7490234075521585
0.12158192650531419
0.9333494822203647
0.7667231878440361
0.7499384878610726
0.12478470758651383
0.93723857353325
0.7803350074391346
0.7333984056895133
0.06689441998605616
0.9997557401366066
0.9991450905508827
0.9989618956751656
0.9963666349358391
0.9960765763826203
0.9862680174119305
0.9833368938125204
0.9416791284165811
0.9374828333675396
0.7811899168591481
0.7343134859984275
0.07009720106725581
0.9958323165483307
0.9854131079919171
0.984374998108251
0.9453124934516381
0.9335937420546543
0.7675780972640496
0.7490234075521585
0.12158192650531419
0.9333494822203647
0.7667231878440361
0.7499384878610726
0.12478470758651383
0.93723857353325
0.7803350074391346
0.7333984056895133
0.06689441998605616
0.9997557401366066
0.9991450905508827
0.9989618956751656
0.9963666349358391
0.9960765763826203
0.9862680174119305
0.9833368938125204
0.9416791284165811
0.9374828333675396
0.7811899168591481
0.7343134859984275
0.07009720106725581
0.9958323165483307
0.9854131079919171
0.984374998108251
0.9453124934516381
0.9335937420546543
0.7675780972640496
0.7490234075521585
0.12158192650531419
0.9333494822203647
0.7667231878440361
0.7499384878610726
0.12478470758651383
0.93723857353325
0.7803350074391346
0.7333984056895133
0.06689441998605616
0.9997557401366066
0.9991450905508827
0.9989618956751656
0.9963666349358391
0.9960765763826203
0.9862680174119305
0.9833368938125204
0.9416791284165811
0.9374828333675396
0.7811899168591481
0.7343134859984275
0.07009720106725581
0.9958323165483307
0.9854131079919171
0.984374998108251
0.9453124934516381
0.9335937420546543
0.7675780972640496
0.7490234075521585
0.12158192650531419
0.9333494822203647
0.7667231878440361
0.7499384878610726
0.12478470758651383
0.93723857353325
0.7803350074391346
0.7333984056895133
0.06689441998605616
0.9997557401366066
0.9991450905508827
0.9989618956751656
0.9963666349358391
0.9960765763826203
0.9862680174119305
0.9833368938125204
0.9416791284165811
0.9374828333675396
0.7811899168591481
0.7343134859984275
0.07009720106725581
0.9958323165483307
0.9854131079919171
0.984374998108251
0.9453124934516381
0.9335937420546543
0.7675780972640496
0.7490234075521585
0.12158192650531419
0.9333494822203647
0.7667231878440361
0.7499384878610726
0.12478470758651383
0.93723857353325
0.7803350074391346
0.7333984056895133
0.06689441998605616
0.9997557401366066
0.9991450905508827
0.9989618956751656
0.9963666349358391
0.9960765763826203
0.9862680174119305
0.9833368938125204
0.9416791284165811
0.9374828333675396
0.7811899168591481
0.7343134859984275
0.07009720106725581
0.9958323165483307
0.9854131079919171
0.984374998108251
0.9453124934516381
0.9335937420546543
0.7675780972640496
0.7490234075521585
0.12158192650531419
0.9333494822203647
0.7667231878440361
0.7499384878610726
0.12478470758651383
0.93723857353325
0.7803350074391346
0.7333984056895133
0.06689441998605616
0.9997557401366066
0.9991450905508827
0.9989618956751656
0.9963666349358391
0.9960765763826203
0.9862680174119305
0.9833368938125204
0.9416791284165811
0.9374828333675396
0.7811899168591481
0.7343134859984275
0.07009720106725581
0.9958323165483307
0.9854131079919171
0.984374998108251
0.9453124934516381
0.9335937420546543
0.7675780972640496
0.7490234075521585
0.12158192650531419
0.9333494822203647
0.7667231878440361
0.7499384878610726
0.12478470758651383
0.93723857353325
0.7803350074391346
0.7333984056895133
0.06689441998605616
0.9997557401366066
0.9991450905508827
0.9989618956751656
0.9963666349358391
0.9960765763826203
0.9862680174119305
0.9833368938125204
0.9416791284165811
0.9374828333675396
0.7811899168591481
0.7343134859984275
0.07009720106725581
0.9958323165483307
0.9854131079919171
0.984374998108251
0.9453124934516381
0.9335937420546543
0.7675780972640496
0.7490234075521585
0.12158192650531419
0.9333494822203647
0.7667231878440361
0.7499384878610726
0.12478470758651383
0.93723857353325
0.7803350074391346
0.7333984056895133
0.06689441998605616
0.9997557401366066
0.9991450905508827
0.9989618956751656
0.9963666349358391
0.9960765763826203
0.9862680174119305
0.9833368938125204
0.9416791284165811
0.9374828333675396
0.7811899168591481
0.7343134859984275
0.07009720106725581
0.9958323165483307
0.9854131079919171
0.984374998108251
0.9453124934516381
0.9335937420546543
0.7675780972640496
0.7490234075521585
0.12158192650531419
0.9333494822203647
0.7667231878440361
0.7499384878610726
0.12478470758651383
0.93723857353325
0.7803350074391346
0.7333984056895133
0.06689441998605616
0.9997557401366066
0.9991450905508827
0.9989618956751656
0.9963666349358391
0.9960765763826203
0.9862680174119305
0.9833368938125204
0.9416791284165811
0.9374828333675396
0.7811899168591481
0.7343134859984275
0.07009720106725581
0.9958323165483307
0.9854131079919171
0.984374998108251
0.9453124934516381
0.9335937420546543
0.7675780972640496
0.7490234075521585
0.12158192650531419
0.9333494822203647
0.7667231878440361
0.7499384878610726
0.12478470758651383
0.93723857353325
0.7803350074391346
0.7333984056895133
0.06689441998605616
0.9997557401366066
0.9991450905508827
0.9989618956751656
0.9963666349358391
0.9960765763826203
0.9862680174119305
0.9833368938125204
0.9416791284165811
0.9374828333675396
0.7811899168591481
0.7343134859984275
0.07009720106725581
0.9958323165483307
0.9854131079919171
0.984374998108251
0.9453124934516381
0.9335937420546543
0.7675780972640496
0.7490234075521585
0.12158192650531419
0.9333494822203647
0.7667231878440361
0.7499384878610726
0.12478470758651383
0.93723857353325
0.7803350074391346
0.7333984056895133
0.06689441998605616
0.9997557401366066
0.9991450905508827
0.9989618956751656
0.9963666349358391
0.9960765763826203
0.9862680174119305
0.9833368938125204
0.9416791284165811
0.9374828333675396
0.7811899168591481
0.7343134859984275
0.07009720106725581
0.9958323165483307
0.9854131079919171
0.984374998108251
0.9453124934516381
0.9335937420546543
0.7675780972640496
0.7490234075521585
0.12158192650531419
0.9333494822203647
0.7667231878440361
0.7499384878610726
0.12478470758651383
0.93723857353325
0.7803350074391346
0.7333984056895133
0.06689441998605616
0.9997557401366066
0.9991450905508827
0.9989618956751656
0.9963666349358391
0.9960765763826203
0.9862680174119305
0.9833368938125204
0.9416791284165811
0.9374828333675396
0.7811899168591481
0.7343134859984275
0.07009720106725581
0.9958323165483307
0.9854131079919171
0.984374998108251
0.9453124934516381
0.9335937420546543
0.7675780972640496
0.7490234075521585
0.12158192650531419
0.9333494822203647
0.7667231878440361
0.7499384878610726
0.12478470758651383
0.93723857353325
0.7803350074391346
0.7333984056895133
0.06689441998605616
0.9997557401366066
0.9991450905508827
0.9989618956751656
0.9963666349358391
0.9960765763826203
0.9862680174119305
0.9833368938125204
0.9416791284165811
0.9374828333675396
0.7811899168591481
0.7343134859984275
0.07009720106725581
0.9958323165483307
0.9854131079919171
0.984374998108251
0.9453124934516381
0.9335937420546543
0.7675780972640496
0.7490234075521585
0.12158192650531419
0.9333494822203647
0.7667231878440361
0.7499384878610726
0.12478470758651383
0.93723857353325
0.7803350074391346
0.7333984056895133
0.06689441998605616
0.9997557401366066
0.9991450905508827
0.9989618956751656
0.9963666349358391
0.9960765763826203
0.9862680174119305
0.9833368938125204
0.9416791284165811
0.9374828333675396
0.7811899168591481
0.7343134859984275
0.07009720106725581
0.9958323165483307
0.9854131079919171
0.984374998108251
0.9453124934516381
0.9335937420546543
0.7675780972640496
0.7490234075521585
0.12158192650531419
0.9333494822203647
0.7667231878440361
0.7499384878610726
0.12478470758651383
0.93723857353325
0.7803350074391346
0.7333984056895133
0.06689441998605616
0.9997557401366066
0.9991450905508827
0.9989618956751656
0.9963666349358391
0.9960765763826203
0.9862680174119305
0.9833368938125204
0.9416791284165811
0.9374828333675396
0.7811899168591481
0.7343134859984275
0.07009720106725581
0.9958323165483307
0.9854131079919171
0.984374998108251
0.9453124934516381
0.9335937420546543
0.7675780972640496
0.7490234075521585
0.12158192650531419
0.9333494822203647
0.7667231878440361
0.7499384878610726
0.12478470758651383
0.93723857353325
0.7803350074391346
0.7333984056895133
0.06689441998605616
0.9997557401366066
0.9991450905508827
0.9989618956751656
0.9963666349358391
0.9960765763826203
0.9862680174119305
0.9833368938125204
0.9416791284165811
0.9374828333675396
0.7811899168591481
0.7343134859984275
0.07009720106725581
0.9958323165483307
0.9854131079919171
0.984374998108251
0.9453124934516381
0.9335937420546543
0.7675780972640496
0.7490234075521585
0.12158192650531419
0.9333494822203647
0.7667231878440361
0.7499384878610726
0.12478470758651383
0.93723857353325
0.7803350074391346
0.7333984056895133
0.06689441998605616
0.9997557401366066
0.9991450905508827
0.9989618956751656
0.9963666349358391
0.9960765763826203
0.9862680174119305
0.9833368938125204
0.9416791284165811
0.9374828333675396
0.7811899168591481
0.7343134859984275
0.07009720106725581
0.9958323165483307
0.9854131079919171
0.984374998108251
0.9453124934516381
0.9335937420546543
0.7675780972640496
0.7490234075521585
0.12158192650531419
0.9333494822203647
0.7667231878440361
0.7499384878610726
0.12478470758651383
0.93723857353325
0.7803350074391346
0.7333984056895133
0.06689441998605616
0.9997557401366066
0.9991450905508827
0.9989618956751656
0.9963666349358391
0.9960765763826203
0.9862680174119305
0.9833368938125204
0.9416791284165811
0.9374828333675396
0.7811899168591481
0.7343134859984275
0.07009720106725581
0.9958323165483307
0.9854131079919171
0.984374998108251
0.9453124934516381
0.9335937420546543
0.7675780972640496
0.7490234075521585
0.12158192650531419
0.9333494822203647
0.7667231878440361
0.7499384878610726
0.12478470758651383
0.93723857353325
0.7803350074391346
0.7333984056895133
0.06689441998605616
0.9997557401366066
0.9991450905508827
0.9989618956751656
0.9963666349358391
0.9960765763826203
0.9862680174119305
0.9833368938125204
0.9416791284165811
0.9374828333675396
0.7811899168591481
0.7343134859984275
0.07009720106725581
0.9958323165483307
0.9854131079919171
0.984374998108251
0.9453124934516381
0.9335937420546543
0.7675780972640496
0.7490234075521585
0.12158192650531419
0.9333494822203647
0.7667231878440361
0.7499384878610726
0.12478470758651383
0.93723857353325
0.7803350074391346
0.7333984056895133
0.06689441998605616
0.9997557401366066
0.9991450905508827
0.9989618956751656
0.9963666349358391
0.9960765763826203
0.9862680174119305
0.9833368938125204
0.9416791284165811
0.9374828333675396
0.7811899168591481
0.7343134859984275
0.07009720106725581
0.9958323165483307
0.9854131079919171
0.984374998108251
0.9453124934516381
0.9335937420546543
0.7675780972640496
0.7490234075521585
0.12158192650531419
0.9333494822203647
0.7667231878440361
0.7499384878610726
0.12478470758651383
0.93723857353325
0.7803350074391346
0.7333984056895133
0.06689441998605616
0.9997557401366066
0.9991450905508827
0.9989618956751656
0.9963666349358391
0.9960765763826203
0.9862680174119305
0.9833368938125204
0.9416791284165811
0.9374828333675396
0.7811899168591481
0.7343134859984275
0.07009720106725581
0.9958323165483307
0.9854131079919171
0.984374998108251
0.9453124934516381
0.9335937420546543
0.7675780972640496
0.7490234075521585
0.12158192650531419
0.9333494822203647
0.7667231878440361
0.7499384878610726
0.12478470758651383
0.93723857353325
0.7803350074391346
0.7333984056895133
0.06689441998605616
0.9997557401366066
0.9991450905508827
0.9989618956751656
0.9963666349358391
0.9960765763826203
0.9862680174119305
0.9833368938125204
0.9416791284165811
0.9374828333675396
0.7811899168591481
0.7343134859984275
0.07009720106725581
0.9958323165483307
0.9854131079919171
0.984374998108251
0.9453124934516381
0.9335937420546543
0.7675780972640496
0.7490234075521585
0.12158192650531419
0.9333494822203647
0.7667231878440361
0.7499384878610726
0.12478470758651383
0.93723857353325
0.7803350074391346
0.7333984056895133
0.06689441998605616
0.9997557401366066
0.9991450905508827
0.9989618956751656
0.9963666349358391
0.9960765763826203
0.9862680174119305
0.9833368938125204
0.9416791284165811
0.9374828333675396
0.7811899168591481
0.7343134859984275
0.07009720106725581
0.9958323165483307
0.9854131079919171
0.984374998108251
0.9453124934516381
0.9335937420546543
0.7675780972640496
0.7490234075521585
0.12158192650531419
0.9333494822203647
0.7667231878440361
0.7499384878610726
0.12478470758651383
0.93723857353325
0.7803350074391346
0.7333984056895133
0.06689441998605616
0.9997557401366066
0.9991450905508827
0.9989618956751656
0.9963666349358391
0.9960765763826203
0.9862680174119305
0.9833368938125204
0.9416791284165811
0.9374828333675396
0.7811899168591481
0.7343134859984275
0.07009720106725581
0.9958323165483307
0.9854131079919171
0.984374998108251
0.9453124934516381
0.9335937420546543
0.7675780972640496
0.7490234075521585
0.12158192650531419
0.9333494822203647
0.7667231878440361
0.7499384878610726
0.12478470758651383
0.93723857353325
0.7803350074391346
0.7333984056895133
0.06689441998605616
0.9997557401366066
0.9991450905508827
0.9989618956751656
0.9963666349358391
0.9960765763826203
0.9862680174119305
0.9833368938125204
0.9416791284165811
0.9374828333675396
0.7811899168591481
0.7343134859984275
0.07009720106725581
0.9958323165483307
0.9854131079919171
0.984374998108251
0.9453124934516381
0.9335937420546543
0.7675780972640496
0.7490234075521585
0.12158192650531419
0.9333494822203647
0.7667231878440361
0.7499384878610726
0.12478470758651383
0.93723857353325
0.7803350074391346
0.7333984056895133
0.06689441998605616
0.9997557401366066
0.9991450905508827
0.9989618956751656
0.9963666349358391
0.9960765763826203
0.9862680174119305
0.9833368938125204
0.9416791284165811
0.9374828333675396
0.7811899168591481
0.7343134859984275
0.07009720106725581
0.9958323165483307
0.9854131079919171
0.984374998108251
0.9453124934516381
0.9335937420546543
0.7675780972640496
0.7490234075521585
0.12158192650531419
0.9333494822203647
0.7667231878440361
0.7499384878610726
0.12478470758651383
0.93723857353325
0.7803350074391346
0.7333984056895133
0.06689441998605616
0.9997557401366066
0.9991450905508827
0.9989618956751656
0.9963666349358391
0.9960765763826203
0.9862680174119305
0.9833368938125204
0.9416791284165811
0.9374828333675396
0.7811899168591481
0.7343134859984275
0.07009720106725581
0.9958323165483307
0.9854131079919171
0.984374998108251
0.9453124934516381
0.9335937420546543
0.7675780972640496
0.7490234075521585
0.12158192650531419
0.9333494822203647
0.7667231878440361
0.7499384878610726
0.12478470758651383
0.93723857353325
0.7803350074391346
0.7333984056895133
0.06689441998605616
0.9997557401366066
0.9991450905508827
0.9989618956751656
0.9963666349358391
0.9960765763826203
0.9862680174119305
0.9833368938125204
0.9416791284165811
0.9374828333675396
0.7811899168591481
0.7343134859984275
0.07009720106725581
0.9958323165483307
0.9854131079919171
0.984374998108251
0.9453124934516381
0.9335937420546543
0.7675780972640496
0.7490234075521585
0.12158192650531419
0.9333494822203647
0.7667231878440361
0.7499384878610726
0.12478470758651383
0.93723857353325
0.7803350074391346
0.7333984056895133
0.06689441998605616
0.9997557401366066
0.9991450905508827
0.9989618956751656
0.9963666349358391
0.9960765763826203
0.9862680174119305
0.9833368938125204
0.9416791284165811
0.9374828333675396
0.7811899168591481
0.7343134859984275
0.07009720106725581
0.9958323165483307
0.9854131079919171
0.984374998108251
0.9453124934516381
0.9335937420546543
0.7675780972640496
0.7490234075521585
0.12158192650531419
0.9333494822203647
0.7667231878440361
0.7499384878610726
0.12478470758651383
0.93723857353325
0.7803350074391346
0.7333984056895133
0.06689441998605616
0.9997557401366066
0.9991450905508827
0.9989618956751656
0.9963666349358391
0.9960765763826203
0.9862680174119305
0.9833368938125204
0.9416791284165811
0.9374828333675396
0.7811899168591481
0.7343134859984275
0.07009720106725581
0.9958323165483307
0.9854131079919171
0.984374998108251
0.9453124934516381
0.9335937420546543
0.7675780972640496
0.7490234075521585
0.12158192650531419
0.9333494822203647
0.7667231878440361
0.7499384878610726
0.12478470758651383
0.93723857353325
0.7803350074391346
0.7333984056895133
0.06689441998605616
0.9997557401366066
0.9991450905508827
0.9989618956751656
0.9963666349358391
0.9960765763826203
0.9862680174119305
0.9833368938125204
0.9416791284165811
0.9374828333675396
0.7811899168591481
0.7343134859984275
0.07009720106725581
0.9958323165483307
0.9854131079919171
0.984374998108251
0.9453124934516381
0.9335937420546543
0.7675780972640496
0.7490234075521585
0.12158192650531419
0.9333494822203647
0.7667231878440361
0.7499384878610726
0.12478470758651383
0.93723857353325
0.7803350074391346
0.7333984056895133
0.06689441998605616
0.9997557401366066
0.9991450905508827
0.9989618956751656
0.9963666349358391
0.9960765763826203
0.9862680174119305
0.9833368938125204
0.9416791284165811
0.9374828333675396
0.7811899168591481
0.7343134859984275
0.07009720106725581
0.9958323165483307
0.9854131079919171
0.984374998108251
0.9453124934516381
0.9335937420546543
0.7675780972640496
0.7490234075521585
0.12158192650531419
0.9333494822203647
0.7667231878440361
0.7499384878610726
0.12478470758651383
0.93723857353325
0.7803350074391346
0.7333984056895133
0.06689441998605616
0.9997557401366066
0.9991450905508827
0.9989618956751656
0.9963666349358391
0.9960765763826203
0.9862680174119305
0.9833368938125204
0.9416791284165811
0.9374828333675396
0.7811899168591481
0.7343134859984275
0.07009720106725581
0.9958323165483307
0.9854131079919171
0.984374998108251
0.9453124934516381
0.9335937420546543
0.7675780972640496
0.7490234075521585
0.12158192650531419
0.9333494822203647
0.7667231878440361
0.7499384878610726
0.12478470758651383
0.93723857353325
0.7803350074391346
0.7333984056895133
0.06689441998605616
0.9997557401366066
0.9991450905508827
0.9989618956751656
0.9963666349358391
0.9960765763826203
0.9862680174119305
0.9833368938125204
0.9416791284165811
0.9374828333675396
0.7811899168591481
0.7343134859984275
0.07009720106725581
0.9958323165483307
0.9854131079919171
0.984374998108251
0.9453124934516381
0.9335937420546543
0.7675780972640496
0.7490234075521585
0.12158192650531419
0.9333494822203647
0.7667231878440361
0.7499384878610726
0.12478470758651383
0.93723857353325
0.7803350074391346
0.7333984056895133
0.06689441998605616
0.9997557401366066
0.9991450905508827
0.9989618956751656
0.9963666349358391
0.9960765763826203
0.9862680174119305
0.9833368938125204
0.9416791284165811
0.9374828333675396
0.7811899168591481
0.7343134859984275
0.07009720106725581
0.9958323165483307
0.9854131079919171
0.984374998108251
0.9453124934516381
0.9335937420546543
0.7675780972640496
0.7490234075521585
0.12158192650531419
0.9333494822203647
0.7667231878440361
0.7499384878610726
0.12478470758651383
0.93723857353325
0.7803350074391346
0.7333984056895133
0.06689441998605616
0.9997557401366066
0.9991450905508827
0.9989618956751656
0.9963666349358391
0.9960765763826203
0.9862680174119305
0.9833368938125204
0.9416791284165811
0.9374828333675396
0.7811899168591481
0.7343134859984275
0.07009720106725581
0.9958323165483307
0.9854131079919171
0.984374998108251
0.9453124934516381
0.9335937420546543
0.7675780972640496
0.7490234075521585
0.12158192650531419
0.9333494822203647
0.7667231878440361
0.7499384878610726
0.12478470758651383
0.93723857353325
0.7803350074391346
0.7333984056895133
0.06689441998605616
0.9997557401366066
0.9991450905508827
0.9989618956751656
0.9963666349358391
0.9960765763826203
0.9862680174119305
0.9833368938125204
0.9416791284165811
0.9374828333675396
0.7811899168591481
0.7343134859984275
0.07009720106725581
0.9958323165483307
0.9854131079919171
0.984374998108251
0.9453124934516381
0.9335937420546543
0.7675780972640496
0.7490234075521585
0.12158192650531419
0.9333494822203647
0.7667231878440361
0.7499384878610726
0.12478470758651383
0.93723857353325
0.7803350074391346
0.7333984056895133
0.06689441998605616
0.9997557401366066
0.9991450905508827
0.9989618956751656
0.9963666349358391
0.9960765763826203
0.9862680174119305
0.9833368938125204
0.9416791284165811
0.9374828333675396
0.7811899168591481
0.7343134859984275
0.07009720106725581
0.9958323165483307
0.9854131079919171
0.984374998108251
0.9453124934516381
0.9335937420546543
0.7675780972640496
0.7490234075521585
0.12158192650531419
0.9333494822203647
0.7667231878440361
0.7499384878610726
0.12478470758651383
0.93723857353325
0.7803350074391346
0.7333984056895133
0.06689441998605616
0.9997557401366066
0.9991450905508827
0.9989618956751656
0.9963666349358391
0.9960765763826203
0.9862680174119305
0.9833368938125204
0.9416791284165811
0.9374828333675396
0.7811899168591481
0.7343134859984275
0.07009720106725581
0.9958323165483307
0.9854131079919171
0.984374998108251
0.9453124934516381
0.9335937420546543
0.7675780972640496
0.7490234075521585
0.12158192650531419
0.9333494822203647
0.7667231878440361
0.7499384878610726
0.12478470758651383
0.93723857353325
0.7803350074391346
0.7333984056895133
0.06689441998605616
0.9997557401366066
0.9991450905508827
0.9989618956751656
0.9963666349358391
0.9960765763826203
0.9862680174119305
0.9833368938125204
0.9416791284165811
0.9374828333675396
0.7811899168591481
0.7343134859984275
0.07009720106725581
0.9958323165483307
0.9854131079919171
0.984374998108251
0.9453124934516381
0.9335937420546543
0.7675780972640496
0.7490234075521585
0.12158192650531419
0.9333494822203647
0.7667231878440361
0.7499384878610726
0.12478470758651383
0.93723857353325
0.7803350074391346
0.7333984056895133
0.06689441998605616
0.9997557401366066
0.9991450905508827
0.9989618956751656
0.9963666349358391
0.9960765763826203
0.9862680174119305
0.9833368938125204
0.9416791284165811
0.9374828333675396
0.7811899168591481
0.7343134859984275
0.07009720106725581
0.9958323165483307
0.9854131079919171
0.984374998108251
0.9453124934516381
0.9335937420546543
0.7675780972640496
0.7490234075521585
0.12158192650531419
0.9333494822203647
0.7667231878440361
0.7499384878610726
0.12478470758651383
0.93723857353325
0.7803350074391346
0.7333984056895133
0.06689441998605616
0.9997557401366066
0.9991450905508827
0.9989618956751656
0.9963666349358391
0.9960765763826203
0.9862680174119305
0.9833368938125204
0.9416791284165811
0.9374828333675396
0.7811899168591481
0.7343134859984275
0.07009720106725581
0.9958323165483307
0.9854131079919171
0.984374998108251
0.9453124934516381
0.9335937420546543
0.7675780972640496
0.7490234075521585
0.12158192650531419
0.9333494822203647
0.7667231878440361
0.7499384878610726
0.12478470758651383
0.93723857353325
0.7803350074391346
0.7333984056895133
0.06689441998605616
0.9997557401366066
0.9991450905508827
0.9989618956751656
0.9963666349358391
0.9960765763826203
0.9862680174119305
0.9833368938125204
0.9416791284165811
0.9374828333675396
0.7811899168591481
0.7343134859984275
0.07009720106725581
0.9958323165483307
0.9854131079919171
0.984374998108251
0.9453124934516381
0.9335937420546543
0.7675780972640496
0.7490234075521585
0.12158192650531419
0.9333494822203647
0.7667231878440361
0.7499384878610726
0.12478470758651383
0.93723857353325
0.7803350074391346
0.7333984056895133
0.06689441998605616
0.9997557401366066
0.9991450905508827
0.9989618956751656
0.9963666349358391
0.9960765763826203
0.9862680174119305
0.9833368938125204
0.9416791284165811
0.9374828333675396
0.7811899168591481
0.7343134859984275
0.07009720106725581
0.9958323165483307
0.9854131079919171
0.984374998108251
0.9453124934516381
0.9335937420546543
0.7675780972640496
0.7490234075521585
0.12158192650531419
0.9333494822203647
0.7667231878440361
0.7499384878610726
0.12478470758651383
0.93723857353325
0.7803350074391346
0.7333984056895133
0.06689441998605616
0.9997557401366066
0.9991450905508827
0.9989618956751656
0.9963666349358391
0.9960765763826203
0.9862680174119305
0.9833368938125204
0.9416791284165811
0.9374828333675396
0.7811899168591481
0.7343134859984275
0.07009720106725581
0.9958323165483307
0.9854131079919171
0.984374998108251
0.9453124934516381
0.9335937420546543
0.7675780972640496
0.7490234075521585
0.12158192650531419
0.9333494822203647
0.7667231878440361
0.7499384878610726
0.12478470758651383
0.93723857353325
0.7803350074391346
0.7333984056895133
0.06689441998605616
0.9997557401366066
0.9991450905508827
0.9989618956751656
0.9963666349358391
0.9960765763826203
0.9862680174119305
0.9833368938125204
0.9416791284165811
0.9374828333675396
0.7811899168591481
0.7343134859984275
0.07009720106725581
0.9958323165483307
0.9854131079919171
0.984374998108251
0.9453124934516381
0.9335937420546543
0.7675780972640496
0.7490234075521585
0.12158192650531419
0.9333494822203647
0.7667231878440361
0.7499384878610726
0.12478470758651383
0.93723857353325
0.7803350074391346
0.7333984056895133
0.06689441998605616
0.9997557401366066
0.9991450905508827
0.9989618956751656
0.9963666349358391
0.9960765763826203
0.9862680174119305
0.9833368938125204
0.9416791284165811
0.9374828333675396
0.7811899168591481
0.7343134859984275
0.07009720106725581
0.9958323165483307
0.9854131079919171
0.984374998108251
0.9453124934516381
0.9335937420546543
0.7675780972640496
0.7490234075521585
0.12158192650531419
0.9333494822203647
0.7667231878440361
0.7499384878610726
0.12478470758651383
0.93723857353325
0.7803350074391346
0.7333984056895133
0.06689441998605616
0.9997557401366066
0.9991450905508827
0.9989618956751656
0.9963666349358391
0.9960765763826203
0.9862680174119305
0.9833368938125204
0.9416791284165811
0.9374828333675396
0.7811899168591481
0.7343134859984275
0.07009720106725581
0.9958323165483307
0.9854131079919171
0.984374998108251
0.9453124934516381
0.9335937420546543
0.7675780972640496
0.7490234075521585
0.12158192650531419
0.9333494822203647
0.7667231878440361
0.7499384878610726
0.12478470758651383
0.93723857353325
0.7803350074391346
0.7333984056895133
0.06689441998605616
0.9997557401366066
0.9991450905508827
0.9989618956751656
0.9963666349358391
0.9960765763826203
0.9862680174119305
0.9833368938125204
0.9416791284165811
0.9374828333675396
0.7811899168591481
0.7343134859984275
0.07009720106725581
0.9958323165483307
0.9854131079919171
0.984374998108251
0.9453124934516381
0.9335937420546543
0.7675780972640496
0.7490234075521585
0.12158192650531419
0.9333494822203647
0.7667231878440361
0.7499384878610726
0.12478470758651383
0.93723857353325
0.7803350074391346
0.7333984056895133
0.06689441998605616
0.9997557401366066
0.9991450905508827
0.9989618956751656
0.9963666349358391
0.9960765763826203
0.9862680174119305
0.9833368938125204
0.9416791284165811
0.9374828333675396
0.7811899168591481
0.7343134859984275
0.07009720106725581
0.9958323165483307
0.9854131079919171
0.984374998108251
0.9453124934516381
0.9335937420546543
0.7675780972640496
0.7490234075521585
0.12158192650531419
0.9333494822203647
0.7667231878440361
0.7499384878610726
0.12478470758651383
0.93723857353325
0.7803350074391346
0.7333984056895133
0.06689441998605616
0.9997557401366066
0.9991450905508827
0.9989618956751656
0.9963666349358391
0.9960765763826203
0.9862680174119305
0.9833368938125204
0.9416791284165811
0.9374828333675396
0.7811899168591481
0.7343134859984275
0.07009720106725581
0.9958323165483307
0.9854131079919171
0.984374998108251
0.9453124934516381
0.9335937420546543
0.7675780972640496
0.7490234075521585
0.12158192650531419
0.9333494822203647
0.7667231878440361
0.7499384878610726
0.12478470758651383
0.93723857353325
0.7803350074391346
0.7333984056895133
0.06689441998605616
0.9997557401366066
0.9991450905508827
0.9989618956751656
0.9963666349358391
0.9960765763826203
0.9862680174119305
0.9833368938125204
0.9416791284165811
0.9374828333675396
0.7811899168591481
0.7343134859984275
0.07009720106725581
0.9958323165483307
0.9854131079919171
0.984374998108251
0.9453124934516381
0.9335937420546543
0.7675780972640496
0.7490234075521585
0.12158192650531419
0.9333494822203647
0.7667231878440361
0.7499384878610726
0.12478470758651383
0.93723857353325
0.7803350074391346
0.7333984056895133
0.06689441998605616
0.9997557401366066
0.9991450905508827
0.9989618956751656
0.9963666349358391
0.9960765763826203
0.9862680174119305
0.9833368938125204
0.9416791284165811
0.9374828333675396
0.7811899168591481
0.7343134859984275
0.07009720106725581
0.9958323165483307
0.9854131079919171
0.984374998108251
0.9453124934516381
0.9335937420546543
0.7675780972640496
0.7490234075521585
0.12158192650531419
0.9333494822203647
0.7667231878440361
0.7499384878610726
0.12478470758651383
0.93723857353325
0.7803350074391346
0.7333984056895133
0.06689441998605616
0.9997557401366066
0.9991450905508827
0.9989618956751656
0.9963666349358391
0.9960765763826203
0.9862680174119305
0.9833368938125204
0.9416791284165811
0.9374828333675396
0.7811899168591481
0.7343134859984275
0.07009720106725581
0.9958323165483307
0.9854131079919171
0.984374998108251
0.9453124934516381
0.9335937420546543
0.7675780972640496
0.7490234075521585
0.12158192650531419
0.9333494822203647
0.7667231878440361
0.7499384878610726
0.12478470758651383
0.93723857353325
0.7803350074391346
0.7333984056895133
0.06689441998605616
0.9997557401366066
0.9991450905508827
0.9989618956751656
0.9963666349358391
0.9960765763826203
0.9862680174119305
0.9833368938125204
0.9416791284165811
0.9374828333675396
0.7811899168591481
0.7343134859984275
0.07009720106725581
0.9958323165483307
0.9854131079919171
0.984374998108251
0.9453124934516381
0.9335937420546543
0.7675780972640496
0.7490234075521585
0.12158192650531419
0.9333494822203647
0.7667231878440361
0.7499384878610726
0.12478470758651383
0.93723857353325
0.7803350074391346
0.7333984056895133
0.06689441998605616
0.9997557401366066
0.9991450905508827
0.9989618956751656
0.9963666349358391
0.9960765763826203
0.9862680174119305
0.9833368938125204
0.9416791284165811
0.9374828333675396
0.7811899168591481
0.7343134859984275
0.07009720106725581
0.9958323165483307
0.9854131079919171
0.984374998108251
0.9453124934516381
0.9335937420546543
0.7675780972640496
0.7490234075521585
0.12158192650531419
0.9333494822203647
0.7667231878440361
0.7499384878610726
0.12478470758651383
0.93723857353325
0.7803350074391346
0.7333984056895133
0.06689441998605616
0.9997557401366066
0.9991450905508827
0.9989618956751656
0.9963666349358391
0.9960765763826203
0.9862680174119305
0.9833368938125204
0.9416791284165811
0.9374828333675396
0.7811899168591481
0.7343134859984275
0.07009720106725581
0.9958323165483307
0.9854131079919171
0.984374998108251
0.9453124934516381
0.9335937420546543
0.7675780972640496
0.7490234075521585
0.12158192650531419
0.9333494822203647
0.7667231878440361
0.7499384878610726
0.12478470758651383
0.93723857353325
0.7803350074391346
0.7333984056895133
0.06689441998605616
0.9997557401366066
0.9991450905508827
0.9989618956751656
0.9963666349358391
0.9960765763826203
0.9862680174119305
0.9833368938125204
0.9416791284165811
0.9374828333675396
0.7811899168591481
0.7343134859984275
0.07009720106725581
0.9958323165483307
0.9854131079919171
0.984374998108251
0.9453124934516381
0.9335937420546543
0.7675780972640496
0.7490234075521585
0.12158192650531419
0.9333494822203647
0.7667231878440361
0.7499384878610726
0.12478470758651383
0.93723857353325
0.7803350074391346
0.7333984056895133
0.06689441998605616
0.9997557401366066
0.9991450905508827
0.9989618956751656
0.9963666349358391
0.9960765763826203
0.9862680174119305
0.9833368938125204
0.9416791284165811
0.9374828333675396
0.7811899168591481
0.7343134859984275
0.07009720106725581
0.9958323165483307
0.9854131079919171
0.984374998108251
0.9453124934516381
0.9335937420546543
0.7675780972640496
0.7490234075521585
0.12158192650531419
0.9333494822203647
0.7667231878440361
0.7499384878610726
0.12478470758651383
0.93723857353325
0.7803350074391346
0.7333984056895133
0.06689441998605616
0.9997557401366066
0.9991450905508827
0.9989618956751656
0.9963666349358391
0.9960765763826203
0.9862680174119305
0.9833368938125204
0.9416791284165811
0.9374828333675396
0.7811899168591481
0.7343134859984275
0.07009720106725581
0.9958323165483307
0.9854131079919171
0.984374998108251
0.9453124934516381
0.9335937420546543
0.7675780972640496
0.7490234075521585
0.12158192650531419
0.9333494822203647
0.7667231878440361
0.7499384878610726
0.12478470758651383
0.93723857353325
0.7803350074391346
0.7333984056895133
0.06689441998605616
0.9997557401366066
0.9991450905508827
0.9989618956751656
0.9963666349358391
0.9960765763826203
0.9862680174119305
0.9833368938125204
0.9416791284165811
0.9374828333675396
0.7811899168591481
0.7343134859984275
0.07009720106725581
0.9958323165483307
0.9854131079919171
0.984374998108251
0.9453124934516381
0.9335937420546543
0.7675780972640496
0.7490234075521585
0.12158192650531419
0.9333494822203647
0.7667231878440361
0.7499384878610726
0.12478470758651383
0.93723857353325
0.7803350074391346
0.7333984056895133
0.06689441998605616
0.9997557401366066
0.9991450905508827
0.9989618956751656
0.9963666349358391
0.9960765763826203
0.9862680174119305
0.9833368938125204
0.9416791284165811
0.9374828333675396
0.7811899168591481
0.7343134859984275
0.07009720106725581
0.9958323165483307
0.9854131079919171
0.984374998108251
0.9453124934516381
0.9335937420546543
0.7675780972640496
0.7490234075521585
0.12158192650531419
0.9333494822203647
0.7667231878440361
0.7499384878610726
0.12478470758651383
0.93723857353325
0.7803350074391346
0.7333984056895133
0.06689441998605616
0.9997557401366066
0.9991450905508827
0.9989618956751656
0.9963666349358391
0.9960765763826203
0.9862680174119305
0.9833368938125204
0.9416791284165811
0.9374828333675396
0.7811899168591481
0.7343134859984275
0.07009720106725581
0.9958323165483307
0.9854131079919171
0.984374998108251
0.9453124934516381
0.9335937420546543
0.7675780972640496
0.7490234075521585
0.12158192650531419
0.9333494822203647
0.7667231878440361
0.7499384878610726
0.12478470758651383
0.93723857353325
0.7803350074391346
0.7333984056895133
0.06689441998605616
0.9997557401366066
0.9991450905508827
0.9989618956751656
0.9963666349358391
0.9960765763826203
0.9862680174119305
0.9833368938125204
0.9416791284165811
0.9374828333675396
0.7811899168591481
0.7343134859984275
0.07009720106725581
0.9958323165483307
0.9854131079919171
0.984374998108251
0.9453124934516381
0.9335937420546543
0.7675780972640496
0.7490234075521585
0.12158192650531419
0.9333494822203647
0.7667231878440361
0.7499384878610726
0.12478470758651383
0.93723857353325
0.7803350074391346
0.7333984056895133
0.06689441998605616
0.9997557401366066
0.9991450905508827
0.9989618956751656
0.9963666349358391
0.9960765763826203
0.9862680174119305
0.9833368938125204
0.9416791284165811
0.9374828333675396
0.7811899168591481
0.7343134859984275
0.07009720106725581
0.9958323165483307
0.9854131079919171
0.984374998108251
0.9453124934516381
0.9335937420546543
0.7675780972640496
0.7490234075521585
0.12158192650531419
0.9333494822203647
0.7667231878440361
0.7499384878610726
0.12478470758651383
0.93723857353325
0.7803350074391346
0.7333984056895133
0.06689441998605616
0.9997557401366066
0.9991450905508827
0.9989618956751656
0.9963666349358391
0.9960765763826203
0.9862680174119305
0.9833368938125204
0.9416791284165811
0.9374828333675396
0.7811899168591481
0.7343134859984275
0.07009720106725581
0.9958323165483307
0.9854131079919171
0.984374998108251
0.9453124934516381
0.9335937420546543
0.7675780972640496
0.7490234075521585
0.12158192650531419
0.9333494822203647
0.7667231878440361
0.7499384878610726
0.12478470758651383
0.93723857353325
0.7803350074391346
0.7333984056895133
0.06689441998605616
0.9997557401366066
0.9991450905508827
0.9989618956751656
0.9963666349358391
0.9960765763826203
0.9862680174119305
0.9833368938125204
0.9416791284165811
0.9374828333675396
0.7811899168591481
0.7343134859984275
0.07009720106725581
0.9958323165483307
0.9854131079919171
0.984374998108251
0.9453124934516381
0.9335937420546543
0.7675780972640496
0.7490234075521585
0.12158192650531419
0.9333494822203647
0.7667231878440361
0.7499384878610726
0.12478470758651383
0.93723857353325
0.7803350074391346
0.7333984056895133
0.06689441998605616
0.9997557401366066
0.9991450905508827
0.9989618956751656
0.9963666349358391
0.9960765763826203
0.9862680174119305
0.9833368938125204
0.9416791284165811
0.9374828333675396
0.7811899168591481
0.7343134859984275
0.07009720106725581
0.9958323165483307
0.9854131079919171
0.984374998108251
0.9453124934516381
0.9335937420546543
0.7675780972640496
0.7490234075521585
0.12158192650531419
0.9333494822203647
0.7667231878440361
0.7499384878610726
0.12478470758651383
0.93723857353325
0.7803350074391346
0.7333984056895133
0.06689441998605616
0.9997557401366066
0.9991450905508827
0.9989618956751656
0.9963666349358391
0.9960765763826203
0.9862680174119305
0.9833368938125204
0.9416791284165811
0.9374828333675396
0.7811899168591481
0.7343134859984275
0.07009720106725581
0.9958323165483307
0.9854131079919171
0.984374998108251
0.9453124934516381
0.9335937420546543
0.7675780972640496
0.7490234075521585
0.12158192650531419
0.9333494822203647
0.7667231878440361
0.7499384878610726
0.12478470758651383
0.93723857353325
0.7803350074391346
0.7333984056895133
0.06689441998605616
0.9997557401366066
0.9991450905508827
0.9989618956751656
0.9963666349358391
0.9960765763826203
0.9862680174119305
0.9833368938125204
0.9416791284165811
0.9374828333675396
0.7811899168591481
0.7343134859984275
0.07009720106725581
0.9958323165483307
0.9854131079919171
0.984374998108251
0.9453124934516381
0.9335937420546543
0.7675780972640496
0.7490234075521585
0.12158192650531419
0.9333494822203647
0.7667231878440361
0.7499384878610726
0.12478470758651383
0.93723857353325
0.7803350074391346
0.7333984056895133
0.06689441998605616
0.9997557401366066
0.9991450905508827
0.9989618956751656
0.9963666349358391
0.9960765763826203
0.9862680174119305
0.9833368938125204
0.9416791284165811
0.9374828333675396
0.7811899168591481
0.7343134859984275
0.07009720106725581
0.9958323165483307
0.9854131079919171
0.984374998108251
0.9453124934516381
0.9335937420546543
0.7675780972640496
0.7490234075521585
0.12158192650531419
0.9333494822203647
0.7667231878440361
0.7499384878610726
0.12478470758651383
0.93723857353325
0.7803350074391346
0.7333984056895133
0.06689441998605616
0.9997557401366066
0.9991450905508827
0.9989618956751656
0.9963666349358391
0.9960765763826203
0.9862680174119305
0.9833368938125204
0.9416791284165811
0.9374828333675396
0.7811899168591481
0.7343134859984275
0.07009720106725581
0.9958323165483307
0.9854131079919171
0.984374998108251
0.9453124934516381
0.9335937420546543
0.7675780972640496
0.7490234075521585
0.12158192650531419
0.9333494822203647
0.7667231878440361
0.7499384878610726
0.12478470758651383
0.93723857353325
0.7803350074391346
0.7333984056895133
0.06689441998605616
0.9997557401366066
0.9991450905508827
0.9989618956751656
0.9963666349358391
0.9960765763826203
0.9862680174119305
0.9833368938125204
0.9416791284165811
0.9374828333675396
0.7811899168591481
0.7343134859984275
0.07009720106725581
0.9958323165483307
0.9854131079919171
0.984374998108251
0.9453124934516381
0.9335937420546543
0.7675780972640496
0.7490234075521585
0.12158192650531419
0.9333494822203647
0.7667231878440361
0.7499384878610726
0.12478470758651383
0.93723857353325
0.7803350074391346
0.7333984056895133
0.06689441998605616
0.9997557401366066
0.9991450905508827
0.9989618956751656
0.9963666349358391
0.9960765763826203
0.9862680174119305
0.9833368938125204
0.9416791284165811
0.9374828333675396
0.7811899168591481
0.7343134859984275
0.07009720106725581
0.9958323165483307
0.9854131079919171
0.984374998108251
0.9453124934516381
0.9335937420546543
0.7675780972640496
0.7490234075521585
0.12158192650531419
0.9333494822203647
0.7667231878440361
0.7499384878610726
0.12478470758651383
0.93723857353325
0.7803350074391346
0.7333984056895133
0.06689441998605616
0.9997557401366066
0.9991450905508827
0.9989618956751656
0.9963666349358391
0.9960765763826203
0.9862680174119305
0.9833368938125204
0.9416791284165811
0.9374828333675396
0.7811899168591481
0.7343134859984275
0.07009720106725581
0.9958323165483307
0.9854131079919171
0.984374998108251
0.9453124934516381
0.9335937420546543
0.7675780972640496
0.7490234075521585
0.12158192650531419
0.9333494822203647
0.7667231878440361
0.7499384878610726
0.12478470758651383
0.93723857353325
0.7803350074391346
0.7333984056895133
0.06689441998605616
0.9997557401366066
0.9991450905508827
0.9989618956751656
0.9963666349358391
0.9960765763826203
0.9862680174119305
0.9833368938125204
0.9416791284165811
0.9374828333675396
0.7811899168591481
0.7343134859984275
0.07009720106725581
0.9958323165483307
0.9854131079919171
0.984374998108251
0.9453124934516381
0.9335937420546543
0.7675780972640496
0.7490234075521585
0.12158192650531419
0.9333494822203647
0.7667231878440361
0.7499384878610726
0.12478470758651383
0.93723857353325
0.7803350074391346
0.7333984056895133
0.06689441998605616
0.9997557401366066
0.9991450905508827
0.9989618956751656
0.9963666349358391
0.9960765763826203
0.9862680174119305
0.9833368938125204
0.9416791284165811
0.9374828333675396
0.7811899168591481
0.7343134859984275
0.07009720106725581
0.9958323165483307
0.9854131079919171
0.984374998108251
0.9453124934516381
0.9335937420546543
0.7675780972640496
0.7490234075521585
0.12158192650531419
0.9333494822203647
0.7667231878440361
0.7499384878610726
0.12478470758651383
0.93723857353325
0.7803350074391346
0.7333984056895133
0.06689441998605616
0.9997557401366066
0.9991450905508827
0.9989618956751656
0.9963666349358391
0.9960765763826203
0.9862680174119305
0.9833368938125204
0.9416791284165811
0.9374828333675396
0.7811899168591481
0.7343134859984275
0.07009720106725581
0.9958323165483307
0.9854131079919171
0.984374998108251
0.9453124934516381
0.9335937420546543
0.7675780972640496
0.7490234075521585
0.12158192650531419
0.9333494822203647
0.7667231878440361
0.7499384878610726
0.12478470758651383
0.93723857353325
0.7803350074391346
0.7333984056895133
0.06689441998605616
0.9997557401366066
0.9991450905508827
0.9989618956751656
0.9963666349358391
0.9960765763826203
0.9862680174119305
0.9833368938125204
0.9416791284165811
0.9374828333675396
0.7811899168591481
0.7343134859984275
0.07009720106725581
0.9958323165483307
0.9854131079919171
0.984374998108251
0.9453124934516381
0.9335937420546543
0.7675780972640496
0.7490234075521585
0.12158192650531419
0.9333494822203647
0.7667231878440361
0.7499384878610726
0.12478470758651383
0.93723857353325
0.7803350074391346
0.7333984056895133
0.06689441998605616
0.9997557401366066
0.9991450905508827
0.9989618956751656
0.9963666349358391
0.9960765763826203
0.9862680174119305
0.9833368938125204
0.9416791284165811
0.9374828333675396
0.7811899168591481
0.7343134859984275
0.07009720106725581
0.9958323165483307
0.9854131079919171
0.984374998108251
0.9453124934516381
0.9335937420546543
0.7675780972640496
0.7490234075521585
0.12158192650531419
0.9333494822203647
0.7667231878440361
0.7499384878610726
0.12478470758651383
0.93723857353325
0.7803350074391346
0.7333984056895133
0.06689441998605616
0.9997557401366066
0.9991450905508827
0.9989618956751656
0.9963666349358391
0.9960765763826203
0.9862680174119305
0.9833368938125204
0.9416791284165811
0.9374828333675396
0.7811899168591481
0.7343134859984275
0.07009720106725581
0.9958323165483307
0.9854131079919171
0.984374998108251
0.9453124934516381
0.9335937420546543
0.7675780972640496
0.7490234075521585
0.12158192650531419
0.9333494822203647
0.7667231878440361
0.7499384878610726
0.12478470758651383
0.93723857353325
0.7803350074391346
0.7333984056895133
0.06689441998605616
0.9997557401366066
0.9991450905508827
0.9989618956751656
0.9963666349358391
0.9960765763826203
0.9862680174119305
0.9833368938125204
0.9416791284165811
0.9374828333675396
0.7811899168591481
0.7343134859984275
0.07009720106725581
0.9958323165483307
0.9854131079919171
0.984374998108251
0.9453124934516381
0.9335937420546543
0.7675780972640496
0.7490234075521585
0.12158192650531419
0.9333494822203647
0.7667231878440361
0.7499384878610726
0.12478470758651383
0.93723857353325
0.7803350074391346
0.7333984056895133
0.06689441998605616
0.9997557401366066
0.9991450905508827
0.9989618956751656
0.9963666349358391
0.9960765763826203
0.9862680174119305
0.9833368938125204
0.9416791284165811
0.9374828333675396
0.7811899168591481
0.7343134859984275
0.07009720106725581
0.9958323165483307
0.9854131079919171
0.984374998108251
0.9453124934516381
0.9335937420546543
0.7675780972640496
0.7490234075521585
0.12158192650531419
0.9333494822203647
0.7667231878440361
0.7499384878610726
0.12478470758651383
0.93723857353325
0.7803350074391346
0.7333984056895133
0.06689441998605616
0.9997557401366066
0.9991450905508827
0.9989618956751656
0.9963666349358391
0.9960765763826203
0.9862680174119305
0.9833368938125204
0.9416791284165811
0.9374828333675396
0.7811899168591481
0.7343134859984275
0.07009720106725581
0.9958323165483307
0.9854131079919171
0.984374998108251
0.9453124934516381
0.9335937420546543
0.7675780972640496
0.7490234075521585
0.12158192650531419
0.9333494822203647
0.7667231878440361
0.7499384878610726
0.12478470758651383
0.93723857353325
0.7803350074391346
0.7333984056895133
0.06689441998605616
0.9997557401366066
0.9991450905508827
0.9989618956751656
0.9963666349358391
0.9960765763826203
0.9862680174119305
0.9833368938125204
0.9416791284165811
0.9374828333675396
0.7811899168591481
0.7343134859984275
0.07009720106725581
0.9958323165483307
0.9854131079919171
0.984374998108251
0.9453124934516381
0.9335937420546543
0.7675780972640496
0.7490234075521585
0.12158192650531419
0.9333494822203647
0.7667231878440361
0.7499384878610726
0.12478470758651383
0.93723857353325
0.7803350074391346
0.7333984056895133
0.06689441998605616
0.9997557401366066
0.9991450905508827
0.9989618956751656
0.9963666349358391
0.9960765763826203
0.9862680174119305
0.9833368938125204
0.9416791284165811
0.9374828333675396
0.7811899168591481
0.7343134859984275
0.07009720106725581
0.9958323165483307
0.9854131079919171
0.984374998108251
0.9453124934516381
0.9335937420546543
0.7675780972640496
0.7490234075521585
0.12158192650531419
0.9333494822203647
0.7667231878440361
0.7499384878610726
0.12478470758651383
0.93723857353325
0.7803350074391346
0.7333984056895133
0.06689441998605616
0.9997557401366066
0.9991450905508827
0.9989618956751656
0.9963666349358391
0.9960765763826203
0.9862680174119305
0.9833368938125204
0.9416791284165811
0.9374828333675396
0.7811899168591481
0.7343134859984275
0.07009720106725581
0.9958323165483307
0.9854131079919171
0.984374998108251
0.9453124934516381
0.9335937420546543
0.7675780972640496
0.7490234075521585
0.12158192650531419
0.9333494822203647
0.7667231878440361
0.7499384878610726
0.12478470758651383
0.93723857353325
0.7803350074391346
0.7333984056895133
0.06689441998605616
0.9997557401366066
0.9991450905508827
0.9989618956751656
0.9963666349358391
0.9960765763826203
0.9862680174119305
0.9833368938125204
0.9416791284165811
0.9374828333675396
0.7811899168591481
0.7343134859984275
0.07009720106725581
0.9958323165483307
0.9854131079919171
0.984374998108251
0.9453124934516381
0.9335937420546543
0.7675780972640496
0.7490234075521585
0.12158192650531419
0.9333494822203647
0.7667231878440361
0.7499384878610726
0.12478470758651383
0.93723857353325
0.7803350074391346
0.7333984056895133
0.06689441998605616
0.9997557401366066
0.9991450905508827
0.9989618956751656
0.9963666349358391
0.9960765763826203
0.9862680174119305
0.9833368938125204
0.9416791284165811
0.9374828333675396
0.7811899168591481
0.7343134859984275
0.07009720106725581
0.9958323165483307
0.9854131079919171
0.984374998108251
0.9453124934516381
0.9335937420546543
0.7675780972640496
0.7490234075521585
0.12158192650531419
0.9333494822203647
0.7667231878440361
0.7499384878610726
0.12478470758651383
0.93723857353325
0.7803350074391346
0.7333984056895133
0.06689441998605616
0.9997557401366066
0.9991450905508827
0.9989618956751656
0.9963666349358391
0.9960765763826203
0.9862680174119305
0.9833368938125204
0.9416791284165811
0.9374828333675396
0.7811899168591481
0.7343134859984275
0.07009720106725581
0.9958323165483307
0.9854131079919171
0.984374998108251
0.9453124934516381
0.9335937420546543
0.7675780972640496
0.7490234075521585
0.12158192650531419
0.9333494822203647
0.7667231878440361
0.7499384878610726
0.12478470758651383
0.93723857353325
0.7803350074391346
0.7333984056895133
0.06689441998605616
0.9997557401366066
0.9991450905508827
0.9989618956751656
0.9963666349358391
0.9960765763826203
0.9862680174119305
0.9833368938125204
0.9416791284165811
0.9374828333675396
0.7811899168591481
0.7343134859984275
0.07009720106725581
0.9958323165483307
0.9854131079919171
0.984374998108251
0.9453124934516381
0.9335937420546543
0.7675780972640496
0.7490234075521585
0.12158192650531419
0.9333494822203647
0.7667231878440361
0.7499384878610726
0.12478470758651383
0.93723857353325
0.7803350074391346
0.7333984056895133
0.06689441998605616
0.9997557401366066
0.9991450905508827
0.9989618956751656
0.9963666349358391
0.9960765763826203
0.9862680174119305
0.9833368938125204
0.9416791284165811
0.9374828333675396
0.7811899168591481
0.7343134859984275
0.07009720106725581
0.9958323165483307
0.9854131079919171
0.984374998108251
0.9453124934516381
0.9335937420546543
0.7675780972640496
0.7490234075521585
0.12158192650531419
0.9333494822203647
0.7667231878440361
0.7499384878610726
0.12478470758651383
0.93723857353325
0.7803350074391346
0.7333984056895133
0.06689441998605616
0.9997557401366066
0.9991450905508827
0.9989618956751656
0.9963666349358391
0.9960765763826203
0.9862680174119305
0.9833368938125204
0.9416791284165811
0.9374828333675396
0.7811899168591481
0.7343134859984275
0.07009720106725581
0.9958323165483307
0.9854131079919171
0.984374998108251
0.9453124934516381
0.9335937420546543
0.7675780972640496
0.7490234075521585
0.12158192650531419
0.9333494822203647
0.7667231878440361
0.7499384878610726
0.12478470758651383
0.93723857353325
0.7803350074391346
0.7333984056895133
0.06689441998605616
0.9997557401366066
0.9991450905508827
0.9989618956751656
0.9963666349358391
0.9960765763826203
0.9862680174119305
0.9833368938125204
0.9416791284165811
0.9374828333675396
0.7811899168591481
0.7343134859984275
0.07009720106725581
0.9958323165483307
0.9854131079919171
0.984374998108251
0.9453124934516381
0.9335937420546543
0.7675780972640496
0.7490234075521585
0.12158192650531419
0.9333494822203647
0.7667231878440361
0.7499384878610726
0.12478470758651383
0.93723857353325
0.7803350074391346
0.7333984056895133
0.06689441998605616
0.9997557401366066
0.9991450905508827
0.9989618956751656
0.9963666349358391
0.9960765763826203
0.9862680174119305
0.9833368938125204
0.9416791284165811
0.9374828333675396
0.7811899168591481
0.7343134859984275
0.07009720106725581
0.9958323165483307
0.9854131079919171
0.984374998108251
0.9453124934516381
0.9335937420546543
0.7675780972640496
0.7490234075521585
0.12158192650531419
0.9333494822203647
0.7667231878440361
0.7499384878610726
0.12478470758651383
0.93723857353325
0.7803350074391346
0.7333984056895133
0.06689441998605616
0.9997557401366066
0.9991450905508827
0.9989618956751656
0.9963666349358391
0.9960765763826203
0.9862680174119305
0.9833368938125204
0.9416791284165811
0.9374828333675396
0.7811899168591481
0.7343134859984275
0.07009720106725581
0.9958323165483307
0.9854131079919171
0.984374998108251
0.9453124934516381
0.9335937420546543
0.7675780972640496
0.7490234075521585
0.12158192650531419
0.9333494822203647
0.7667231878440361
0.7499384878610726
0.12478470758651383
0.93723857353325
0.7803350074391346
0.7333984056895133
0.06689441998605616
0.9997557401366066
0.9991450905508827
0.9989618956751656
0.9963666349358391
0.9960765763826203
0.9862680174119305
0.9833368938125204
0.9416791284165811
