3.814697265625e-06
1.33514404296875e-05
1.811981201171875e-05
5.8650970458984375e-05
6.556510925292969e-05
0.0002282857894897461
0.0002757906913757324
0.0009649693965911865
0.001003548502922058
0.003455124795436859
0.004755090922117233
0.014903297647833824
0.01699234824627638
0.05784457689151168
0.0720554634463042
0.24852438212838024
0.25344048551050946
0.8796853086387273
0.2025997417513281
0.36042765981983393
0.7770848043146543
0.4145742001128383
0.6697214379382785
0.6606181745883077
0.6860950257687364
0.6277488829800859
0.693702394812135
0.6052786209620535
0.9145028244529385
0.16856820363318548
0.41396331376745366
0.17991639013052918
0.8869858059624676
0.2098808641312644
0.3302365505951457
0.8431960403395351
0.31360812089405954
0.8476239371811971
0.30084527723374777
0.459203682403313
0.08135612387559377
0.7162534829985816
0.5674851680523716
0.9820951084257104
0.03581168845994398
0.12466565574868582
0.6256591509154532
0.6891154387267306
0.5964090213819873
0.9282821449451149
0.1433751031581778
0.9983869637071621
0.0037230560556054115
0.0043336632661521435
0.014252093387767673
0.018479085876606405
0.060693317267578095
0.06590159222832881
0.7236655804153997
0.5601728194742464
0.8172764005721547
0.35863557987613603
0.7829720346198883
0.48671401280444115
0.5309979395824485
0.7817541326512583
0.48613918462069705
0.5258314109814819
0.7925904949661344
0.4774448949901853
0.04416408823453821
0.599423624254996
0.9340265324572101
0.13145108308526687
0.9481569421768654
0.11931886506499723
0.1361181590182241
0.9621231786732096
0.07795087754493579
0.2347404110187199
0.7741717674362008
0.41931355430278927
0.6613230255316012
0.68540297501022
0.6291958335204981
0.7021186184720136
0.6113753646495752
0.9053600931656547
0.22040774329798296
0.2994345937331673
0.4676591328170616
0.06466341015766375
0.7258973121934105
0.556010007916484
0.8274329902487807
0.3608204725314863
0.776405901502585
0.41563217458315194
0.6708108441671357
0.658384778740583
0.6790805307682604
0.6417892877070699
0.7459557509282604
0.5080885530624073
0.7783079878427088
0.4131142969999928
0.18118718123878352
0.8895261618599761
0.2053227320429869
0.34362842826521955
0.31268482029554434
0.3440880435227882
0.2976604188152123
0.4623575206787791
0.07723331535817124
0.736037732247496
0.5259864366380498
0.7918943206022959
0.4787437452469021
0.542268622550182
0.8530142570089083
0.29592887149192393
0.9702455363003537
0.04966772368061356
0.5920645857986528
0.9413276379345916
0.09781358583131805
0.18597320767003112
0.8785415680904407
0.19208042178070173
0.3589841458888259
0.2821611658728216
0.4854823566565756
0.027313219296047464
0.5391235595161561
0.8556824134429917
0.28739938998478465
0.49605576673639007
0.007885367114795372
0.5275789951265324
0.787371301848907
0.49603150627808645
0.5079369878803845
0.777777541661635
0.4126990054792259
0.1825370063597802
0.8849259907437954
0.2142758081899956
0.32144789764424786
0.8749340438225772
0.2501319107832387
0.8754538106149994
0.18805722246179357
0.3457002488139551
0.29883483101730235
0.4677826034312602
0.06399431292084046
0.7214681915647816
0.5532143488526344
0.8315596394531894
0.34063247410813347
0.8197723582561594
0.35266006900928915
0.7965109035139903
0.46942836392554455
0.04844031159882434
0.5887902377580758
0.9474195840302855
0.12053212607861497
0.6339394311944488
0.7187239191262051
0.5625607745896559
0.9688115532044321
0.047090387815842405
0.5862296169216279
0.9501647459110245
0.11627208555000834
0.6423036007035989
0.7446751151583157
0.5105825295322575
0.7757091055973433
0.41783534368732944
0.6643277613620739
0.6688723445404321
0.6632356917543802
0.6816153872059658
0.6387299280322623
0.7061226405203342
0.5915311705612112
0.941939550510142
0.10922416829271242
0.15654212664230727
0.9228209107241128
0.1494753659935668
0.48410128097748384
0.5317850341962185
0.8611712882993743
0.27570423876750283
0.417844115087064
0.16431182992528193
0.9188357331149746
0.16328972397604957
0.4314771920617204
0.1389996463258285
0.9568639811768662
0.09017363796010613
0.1941663573961705
0.3538698054617271
0.7927524705301039
0.47696477972203866
0.543636677757604
0.851202730089426
0.3053687941574026
0.4508015691244509
0.11414393564336933
0.6476725979300682
0.736148938187398
0.5257398194808047
0.7927583917044103
0.4770404349837918
0.04347799203242175
0.601367990981089
0.9301358245429583
0.13728634762810543
0.46090499064303003
0.0781900261354167
0.7111648372083437
0.5744969369843602
0.9912000797048677
0.017600913357455283
0.061569444224005565
0.5640490216028411
0.9716309862560593
0.05284798989305273
0.08119389388593845
0.7167912130535115
0.5664169507217593
0.9824464789708145
0.03422400337876752
0.11484104426926933
0.6454362578515429
0.7413549883640371
0.5175643815309741
0.8066663236240856
0.4482823596918024
0.6187545088760089
0.8895663674920797
0.205244164011674
0.8431731849850621
0.31365005567204207
0.8475534042227082
0.3010162630234845
0.9592472476360854
0.08196711097843945
0.21497298160102218
0.31879499478964135
0.8551000671868678
0.28992192656733096
0.9816416798857972
0.03697606941568665
0.6213591548439581
0.881763421872165
0.19741446996340528
0.3705809020611923
0.2588455868244637
0.40583174661151133
0.2197257431980688
0.797853463300271
0.4643573882058263
0.5710516176186502
0.9974456324998755
0.00509532488649711
0.01349099082290195
0.5198744196968619
0.8035205086925998
0.4555176475259941
0.09337544863228686
0.6883710770343896
0.5949661287013441
0.9255464904999826
0.15273888141382486
0.47531496541341767
0.5571787544467952
0.8230809477390721
0.36946310425992124
0.2615656825073529
0.39874363466515206
0.2312960744893644
0.7883804060111288
0.4936136471806094
0.5147258287179284
0.7672996328328736
0.4321976092760451
0.6357384764996823
0.7128964972216636
0.5732530834211502
0.9936763319419697
0.01445004899869673
0.5180359445803333
0.8120575603679754
0.43831656425027177
0.595043459761655
0.9251622988376766
0.1535816527029965
0.9740592130983714
0.05969395337160677
0.06830095098121092
0.2305665282474365
0.7872875108441804
0.495493404683657
0.5089984055957757
0.7810752601944841
0.4066137549816631
0.6726123374828603
0.6497935979859903
0.7336006667173933
0.5330410785973072
0.8616516199253965
0.28109534370014444
0.9065593161794823
0.17271310510113835
0.3996909705456346
0.733878881088458
0.5322422838944476
0.8628468750976026
0.2781503636215348
0.41344115367974155
0.18092971251462586
0.890063122700667
0.20425256458111107
0.3398168826242909
0.8203624348971061
0.37117650714935735
0.7560600418073591
0.38607756490819156
0.7122198709985241
0.5774857338692527
0.9856439975555986
0.026823714753845707
0.540102564409608
0.8591069706017151
0.2817937030631583
0.48615565107320435
0.02575109977624379
0.5427379843604285
0.8519468749291264
0.2936988780857064
0.9760789160791319
0.05543437274172902
0.07557866699062288
0.2394962835824117
0.2712507962132804
0.9261720102222171
0.14720012329053134
0.48684959969250485
0.5301422624324914
0.7834659668151289
0.4921235078072641
0.01575396690168418
0.5551240797212813
0.8248276674421504
0.3670687735721003
0.26581264616106637
0.43003787923953496
0.13748286411282606
0.9604375711351167
0.07912873942404985
0.2143921903334558
0.3211619972717017
0.8723243692656979
0.25527547413366847
0.38791706765186973
0.20878390266443603
0.8324932870746125
0.3345322979730554
0.8308743167144712
0.34213854069821537
0.81621923239436
0.34809135014074855
0.31115367615711875
0.44031421138788573
0.09980217789416201
0.6829790248011705
0.634041957790032
0.7181700588262174
0.5636903858976439
0.9724582005001139
0.05123218335211277
0.08454639744013548
0.20604454865679145
0.3418171543162316
0.8154806069796905
0.34920239422353916
0.30953002025489695
0.4444164054875728
0.10323208782938309
0.6704889312095474
0.6591481491923332
0.6777974479191471
0.6437754240469076
0.7478571712854318
0.5043484846246429
0.7642675082315691
0.3934573967126198
0.7482738814724144
0.5032073182519525
0.7553612146584783
0.38771509437356144
0.7085490354220383
0.5828407002263702
0.9602903648628853
0.0794211775646545
0.21422003975021653
0.8215580100950319
0.374430677795317
0.7511382569500711
0.3788288525538519
0.6915610450669192
0.6078413446084596
0.9098055876675062
0.17650695313932374
0.39796170065528713
0.23512811565888114
0.7748304535343777
0.4210432884283364
0.658188067143783
0.6738513264863286
0.6553161969641224
0.7203133830043953
0.5497373235411942
0.8419335109938402
0.31587354879593477
0.8487197389767971
0.3102512190816924
0.9420147279161029
0.10925590834813192
0.15643847346655093
0.9222227970894892
0.14920769532909617
0.48192683057277463
0.03614538084366359
0.6225794720521662
0.8796884958865121
0.20259691352839582
0.8604315752454568
0.27706550020957366
0.9146178075752687
0.16990278754383326
0.41019442258402705
0.6856499097775668
0.6280880993290339
0.6932937252568081
0.6056002955592703
0.912565354257822
0.18316979522933252
0.8837634204828646
0.2158791102701798
0.3179366334225051
0.8564296361000743
0.28811723075341433
0.9937604378792457
0.014552403066772968
0.017800774745410308
0.5618124667380471
0.8139359750202857
0.3467278886237182
0.802336552151246
0.45794896502047777
0.585060094948858
0.954765376431169
0.0885124871856533
0.19795820963918231
0.8697083440201823
0.2607092565158382
0.9004564748029225
0.22971876949304715
0.29080672093550675
0.4829093162261415
0.03466952880262397
0.6140162587689701
0.8978334205457941
0.23554514601710252
0.7772159860760439
0.4143171634641476
0.6688476710987743
0.6633137648459524
0.6814291443733964
0.6391518177697435
0.7065595488238614
0.5906326421536505
0.9447725515638012
0.10265957791125402
0.17151237613870762
0.9069255822396372
0.1734454456018284
0.4012780542834662
0.728690024552634
0.5423758086981252
0.8527830945968162
0.2966310614719987
0.9691165233962238
0.04754720701021142
0.5874951122968923
0.9520754059776664
0.11147800230537541
0.655736851360416
0.7197839303407818
0.5503601766249631
0.8408008107217029
0.31937488025869243
0.3531316104636062
0.2958119780232664
0.47088367425021715
0.054082253453088924
0.5792973479547072
0.9647116377600469
0.07057671522488818
0.24699935139506124
0.7569779783079866
0.38475713680963963
0.7168137395638041
0.5654856025357731
0.9741923323017545
0.059565179341007024
0.06934632066986524
0.7280523397785146
0.5456956191337667
0.8461697949678637
0.3042443484882824
0.9539502846018877
0.08720708161126822
0.20260370353935286
0.3604175554064568
0.2770823177706916
0.4145853663503658
0.16979874766548164
0.9104025322885718
0.1864082895917818
0.37714519834844396
0.6947014088218566
0.6027849281672388
0.9212669794505928
0.15741691936273128
0.42563716642325744
0.6526309634500649
0.7255610671127215
0.5566979951399844
0.8233093484304845
0.3688770782027859
0.26419899842585437
0.3934150147542823
0.2483261607994791
0.753905576915713
0.3789076557732187
0.7011747929209378
0.6123099975520745
0.9038209735590499
0.22341064317151904
0.311936967773363
0.9386242752661929
0.09763546774047427
0.6758225763041992
0.6465848278603517
0.7374718995415606
0.5292065916000865
0.7853272837237455
0.49844104348449036
0.5036366934364196
0.754452999914065
0.390447086567292
0.20347318999120034
0.8367058442963753
0.325680413399823
0.8642651289119385
0.27100434905150905
0.9265419693838339
0.1478620993439108
0.48553441173862666
0.5272221930208616
0.7892473878455348
0.48080660245614126
0.5378951019083615
0.869583364808932
0.2613146369403694
0.39936531535931863
0.23155900408164598
0.7867601599136833
0.4968208073405549
0.5073354245978408
0.7585681679775007
0.403729141515214
0.7237926436064299
0.5604790926445276
0.8165408646746073
0.35787007689941674
0.7847481350763701
0.4892178215668537
0.5225403143267613
0.7985513538587838
0.4634442230744753
0.07322551790275611
0.7441738153866027
0.5108551570447162
0.7750430912419688
0.4206513944081962
0.6586981683503836
0.678476042492548
0.642973520909436
0.7497281282849144
0.5005399286746979
0.7517885417037178
0.3772860989556648
0.6951350981544238
0.6019096730742604
0.9187375268957112
0.16356957715470344
0.430673566123005
0.6401653947250452
0.7038910192204639
0.5873926079075318
0.9521679684985429
0.1108918575628195
0.6512020669470076
0.7288496809778735
0.5427894463937264
0.8519020371604711
0.29376033079461195
0.47601615186431445
0.05576100750477053
0.5778166988457087
0.9849925622111186
0.025093856937019154
0.5455296975851525
0.8465626834076829
0.302930295758415
0.9564104982127901
0.09108512219972908
0.19279923604335636
0.3565900113317184
0.7870946376060601
0.49611839675344527
0.5059035279555246
0.760837518813787
0.40007407939992845
0.7330534312641248
0.5339234105485957
0.8657507128082216
0.26834598628920503
0.4360331888019573
0.12842190361698158
0.9421524438948836
0.10878333903383464
0.15746778174070641
0.4255439060216304
0.1527194402005989
0.9753094687766861
0.05719297379255295
0.07321728393435478
0.24419804476201534
0.26080926042050123
0.9001272595487535
0.2329486056987662
0.7840393627702724
0.4905159780755639
0.5195250394754112
0.8086080819193739
0.44337610102957115
0.6045483286434319
0.9155981686199084
0.17089451916399412
0.9082109867886174
0.1787378925946541
0.39212693492299877
0.24498963335645385
0.760020494897617
0.4022458796389401
0.7267906086053699
0.5432451687811408
0.8505728762829676
0.3066710985440295
0.44827278846059926
0.1187593479116913
0.6395496002223808
0.7053039371385239
0.5930551589117385
0.9389583321171813
0.09669484972255304
0.17726157311699353
0.8953173526388127
0.24165057524805889
0.26671506380080245
0.4332442448067013
0.13353996971272863
0.9663185576500837
0.06716501212213188
0.23380363982869312
0.2823917517380323
0.48819525065482594
0.027523392956936732
0.5374820338620339
0.8707984919892624
0.25841878351639025
0.40418294075061567
0.22286783167510293
0.8108561263943557
0.4412678893422708
0.5979329707915895
0.9365152665995993
0.12696946685900912
0.44439312265603803
0.1030960782954935
0.6708948555460665
0.6582090986194089
0.6787222805141937
0.6421129675582051
0.744915252114879
0.5102299571153708
0.7769109823857434
0.4148667615954764
0.6693051712063607
0.6613915648777038
0.6849530929757748
0.630122424219735
0.7009366787679028
0.6136772073805332
0.8971880507015157
0.2368643610388972
0.2801208400342148
0.4085083199024666
0.17953496411792003
0.8909149917599279
0.24312611756613478
0.2627681019657757
0.3962315224634949
0.23878695504390635
0.7732543271558825
0.42230238078627735
0.6490178049425595
0.7323460714542307
0.5353028950630687
0.8735184055403806
0.2534519463661127
0.879749959189212
0.20241509028710425
0.36076442047487944
0.776513273071032
0.4160002575372346
0.6699525949952658
0.6592868112493306
0.6773918731196318
0.6452458157436922
0.74173490141402
0.5164767932146788
0.8059138385870028
0.45252626162255183
0.6105560259602498
0.9021794712170959
0.22689487182651646
0.7937696528097149
0.47592968703247607
0.555950756999664
0.8276137190114241
0.3604051733855158
0.7769282524241135
0.41503033993649296
0.1689627573650796
0.9116821079223882
0.184387250803411
0.382171721663326
0.6965791459660977
0.6244739577232394
0.8760497305775061
0.19115405224147253
0.8481605868146289
0.3123105324921198
0.9379418728349265
0.09434635867364705
0.17373214790131897
0.40061309485463426
0.7297815474157687
0.54049794212915
0.8584479427954648
0.2828027495415881
0.9872497529140674
0.02939962182426825
0.034340408601565287
0.6151559716381598
0.8946881234296598
0.24066020449390635
0.26916767851798795
0.43427127521135844
0.13242685972363688
0.9462057968194131
0.12223587126936764
0.13077252468792722
0.4494010357593652
0.1156024488445837
0.6442280644259881
0.7466804506257176
0.5077456138387788
0.7579481795546599
0.4027900018845685
0.7251855296490248
0.5575623468030244
0.8223681537492666
0.3702781490283087
0.7596868592663668
0.404454397095833
0.7221049361105543
0.5518839077558368
0.8339369766472373
0.33214184606913477
0.8341332084382884
0.3315183832892217
0.8408768651715945
0.3179411571472883
0.8564444212242961
0.2880875817791093
0.4936547846009489
0.014410800562473014
0.517954209324671
0.8122213324531913
0.43805739426170476
0.09569983449182473
0.6738356037822086
0.6552813685848378
0.7202423550770618
0.5495980365085416
0.8422789008473046
0.31593236821936443
0.8484055375156458
0.31194556248374283
0.938608837663196
0.09762059638160281
0.6758526766498107
0.6467230212292634
0.7375595779740252
0.5287107703625225
0.7863608878687955
0.49783513246802613
0.5043812299554702
0.7641897986177355
0.39334269511164166
0.2485223581606988
0.7534475022985134
0.3796711574541405
0.7026283479644917
0.6103685387060978
0.9019112197565846
0.22736700187670067
0.2943048154411372
0.4738894154143054
0.059957248595310375
0.5676160203584004
0.9822005010792054
0.035568480321671814
0.12368096326827072
0.6276676223205868
0.6938837418565527
0.6043666104960721
0.9162663170136511
0.16785646489006467
0.9142722137912642
0.16828177450224757
0.4129603288602084
0.6818914239993319
0.6366062510933261
0.7111464717891067
0.5745331090001855
0.9910876291105524
0.017824756650952622
0.5623845146328676
0.8126928534475155
0.3441117315669544
0.7976164406572934
0.4623099232558161
0.5773636762751266
0.9861322438518982
0.025847356067970395
0.04254356899764389
0.10251562221674249
0.1689998226647731
0.9116973153140862
0.18455520266434178
0.38185927280574106
0.1968198271060828
0.8738783229200635
0.25225098116789013
0.8827637356589548
0.1954262410872616
0.37123244439135306
0.2563430201553274
0.3862399636709597
0.21169861932867207
0.8255950851889793
0.3644312467658892
0.7713816470350139
0.4260167941101827
0.646745706879301
0.7382193002849817
0.5274673505045939
0.7875394016155042
0.49570290645351633
0.5087236483523156
0.7784511364297941
0.41207875494728796
0.18365501801599748
0.8810732467973139
0.19853296282235533
0.3686153727467172
0.7647245252446737
0.3923191939247772
0.7446522882091813
0.5105417364393361
0.7758526218240149
0.4175401658867486
0.6648587485251483
0.6692868669051677
0.6614336868806276
0.685006161336787
0.630004456237657
0.7008064575493336
0.6139539089344908
0.8980439482838847
0.23528036259813234
0.2745564622746315
0.4218648522219155
0.15627029552706517
0.9219260070531163
0.14851858525071293
0.48067240201635286
0.5374344332085457
0.8709328769473359
0.25813430568086915
0.4031630459066946
0.22590033800224774
0.8060289854474831
0.4523951854207553
0.6107240030250978
0.9015606502071023
0.2283880967006553
0.7951773785462137
0.4725572292227298
0.5510067095747218
0.8342654083098751
0.3320261293556541
0.8398539539193735
0.31838475793483667
0.3545330935448874
0.29062867056927644
0.4833176157262642
0.033364661008818075
0.6166221574239898
0.8917559348628856
0.24601960758445784
0.2579649792460259
0.40280171603080817
0.22514374504680745
0.8074577907391358
0.44758346263552085
0.6209615850530099
0.8830768289044499
0.21574965634499677
0.8194772571732756
0.35350645263679326
0.7949406591942534
0.47173750327783637
0.052314640750410035
0.5829851054295432
0.9600032339803874
0.07968788666767068
0.7138008600741159
0.5723987715318799
0.9955681762949098
0.00886272342177108
0.030996105953818187
0.5317577582609374
0.8611361043876968
0.27583573112497106
0.9175706354144495
0.16498073982074857
0.4190428720321506
0.6618003494804725
0.6842118014756124
0.6325342585332692
0.6958677897055168
0.6230277013382874
0.8789446266018786
0.20127512788167223
0.3624638897308614
0.279230239946628
0.41028923346311785
0.18599806368001737
0.8784939408360515
0.19236820528749377
0.3584228834952228
0.7827593959809747
0.48715454794000834
0.5295934520545416
0.7851124124717899
0.4883719555218704
0.5216690598463174
0.8001429738942534
0.4661164739227388
0.06782802302041091
0.7315352707228158
0.5368078799219802
0.871677659888519
0.2577504334039986
0.8829366338904947
0.21527808197424747
0.8189479230495635
0.35441585595253855
0.7911682880367152
0.47990437742555514
0.5401843329600524
0.8593567479401827
0.2812874606170226
0.48449078350677155
0.02357404204667546
0.5434130711073522
0.850183698697947
0.30756693074363284
0.4473814571101684
0.12025364159489982
0.6347214789420832
0.7168832596507855
0.5656232520123012
0.9744816457969137
0.058848593675065786
0.06923848282895051
0.7287430188443977
0.5422702803625725
0.8530167863355018
0.2959205025690608
0.9702624886704143
0.04964645556174219
0.09211274643894285
0.19127828505588695
0.3479140797571745
0.31142024221480824
0.4396939074213151
0.10083631743327715
0.6810406233707909
0.6398566215066239
0.7049064340244513
0.588249251479283
0.9489861362671945
0.11757488281000406
0.13743912236532196
0.46047713243751787
0.07889311588951387
0.712399620009819
0.577154156868346
0.9858512934006285
0.026144038885831833
0.04143049381673336
0.10513071995228529
0.16476902132853866
0.4194939776789397
0.6609510028501973
0.6868622612382751
0.6262717132922262
0.6908769872097764
0.5987143876263872
0.9352616022515576
0.12947774911299348
0.45308055984787643
0.6094620026415214
0.8986299445095938
0.2308335085399449
0.2878451773431152
0.9945114593720064
0.011428176163462922
0.5240339660376776
0.7948256496456452
0.47287910646991804
0.5608354917203542
0.8163783180061728
0.3477082968747709
0.3106260217318777
0.44064141987473704
0.0994291847164277
0.6839347587956581
0.6316499646054581
0.6976995616860222
0.620706096291542
0.88371162864496
0.2159752362058498
0.31829034371185116
0.35560693152365275
0.287591216590954
0.4956204938062001
0.008560550952097401
0.5287406043207739
0.7862678385572508
0.49800582413445227
0.00398930351366289
0.5138718589150812
0.7688852489227429
0.43488587319734506
0.13024349746410735
0.950450270291185
0.11464816541410983
0.14573607582133263
0.49002199637470767
0.5200075622124132
0.8032504233997315
0.4558464460133109
0.09228205648832954
0.6909251219185535
0.5983970180386677
0.9369176651525777
0.1261951387859881
0.4412210981827229
0.5980875886743888
0.9361409952107351
0.12784007983282208
0.4435339996125549
0.6048752408241853
0.915278135536937
0.17164099449291825
0.40664166840724647
0.6725870169466361
0.6499432732525747
0.7332555432803929
0.5334886738855857
0.8671657186350785
0.2656707154237665
0.9297791747085284
0.13688701950013638
0.45937405060976744
0.581769862677902
0.9653665263031144
0.070188912039157
0.22681014947011136
0.7938276686763857
0.4757840569363907
0.5565037875785492
0.8264405876980163
0.3632034586626105
0.777499806456035
0.4125258538406342
0.6832500271266326
0.633530586695997
0.7163324956782162
0.5671841816802043
0.9838567249826156
0.03227409679675475
0.11287909836391918
0.6532705733843613
0.7257006648578681
0.5562867791741155
0.8268652624101378
0.36189434834523126
0.780237718106946
0.40827450423967093
0.6789496449637227
0.6423453868483193
0.7445298110251315
0.5114557196502574
0.7739623610978015
0.41979578632162884
0.6604084943828639
0.6864285517949611
0.6271741515083704
0.6946338611887768
0.6029784585989546
0.921012420207262
0.15785293842782266
0.924554306169739
0.15479954855982214
0.471452419355046
0.5531564798147883
0.8316754408879206
0.3405400972987991
0.3198961278249044
0.3525326032831799
0.2939603743434418
0.47413680687895976
0.059380106889875606
0.569776368298335
0.9776500379666686
0.04653050148044713
0.5944694828649517
0.9233700132463127
0.15115424609393813
0.9789901451731566
0.042506214580498636
0.10233498242450878
0.169413576455554
0.9111724150425289
0.18516425241250545
0.3797936248010956
0.7023234750085976
0.6112221326911822
0.9006283587950747
0.22975109657272696
0.2904215108137578
0.9836383260553703
0.03296742934617214
0.611722268658923
0.9059805700671859
0.21929648920195177
0.29865038287243806
0.46323859904077835
0.07401198890875094
0.742669917672174
0.5122206621454097
0.7732124088215642
0.4222984866355546
0.6490536419150885
0.7321274273563176
0.5357606424076948
0.8748916416661814
0.25020188649068587
0.37533245611120947
0.18830100269406103
0.8450700595567469
0.30009115661960095
0.9662844819831662
0.06743866513716057
0.2320050944981631
0.7861271475267131
0.49903399258619174
0.50148938325583
0.7527299277717248
0.38131987742963247
0.19878221259568818
0.8679999195446726
0.263027397217229
0.8958190133562312
0.23960481325048022
0.7707903737027664
0.4272279706201516
0.6455450119392481
0.7398619753075764
0.5203998333017807
0.8039116070140153
0.4549252180440817
0.08819644074537791
0.6990677434077952
0.6174799670698121
0.8876635129272472
0.2100245663896203
0.32980971364304423
0.8384350209962577
0.32306892369524576
0.36950288075604476
0.26148252180428244
0.39883133783587255
0.23117737509892322
0.7886291375907604
0.4929952152306214
0.5130482806707732
0.7707816581823863
0.42715643433621153
0.6456775898986962
0.7401419129455462
0.5197463936347049
0.8030270799063146
0.45699896922451444
0.08990810296381824
0.6935778069600929
0.6047950767097063
0.9154709999565966
0.1710044493083842
0.40786927691078745
0.1744862844061572
0.904937220242573
0.22140609193593264
0.3032719097100198
0.9558989896904677
0.09210922513739206
0.6912620525399689
0.5979437491623685
0.9364977555524092
0.12701201089657843
0.44440127059351653
0.6032559966552071
0.9204410568927415
0.1590430525247939
0.4280028784123715
0.1444538545620162
0.9962485315918457
0.0062789591029286385
0.011367862578481436
0.02416251297108829
0.04444531293120235
0.0984106000396423
0.18693734690896235
0.8761282118794043
0.1913772159605287
0.34770472077070735
0.31063686838024296
0.44061638848506846
0.09946101126843132
0.6838976299914066
0.6317775190109387
0.6973633903253358
0.6202953034080565
0.8846535075281281
0.2170063279918395
0.3157431553991046
0.3489967369532678
0.3098191443423275
0.442763483064482
0.10664552092202939
0.6619511902390514
0.6839098442578688
0.6317073038953822
0.6975246793590486
0.6209876134817023
0.883050523174461
0.21510215202579275
0.3192311187449377
0.35375899870996363
0.29223811425617896
0.4779074231919367
0.04608906709472649
0.5955583621107507
0.9241145542473532
0.15622598089976236
0.46880564335151576
0.046947291964897886
0.5861744453723077
0.9494749003788456
0.11611169690149836
0.6428070997644681
0.7492906343541108
0.5013851137482561
0.7530887005268596
0.38079312263289467
0.6993511051114183
0.6156868839170784
0.89411499016569
0.2470634492347017
0.2568487699027173
0.8842974590079393
0.21758049994241446
0.3149000165867619
0.8511580781487282
0.30561841395683587
0.950279682292603
0.11494118088739924
0.6451339458872098
0.74208073731279
0.5158615918480791
0.8049432811676525
0.4500945490435697
0.6164434582169633
0.8923610204365104
0.24454384707496502
0.7614082756044809
0.3990589181194082
0.732140461623203
0.5357181230210699
0.8749903840362094
0.25001923186937347
0.8750518962915521
0.18757978989742696
0.3439604475861415
0.797187480784487
0.46176974900299683
0.575482986838324
0.9897200912237167
0.020568393199937418
0.5523078852274921
0.832978701335378
0.3350096302747261
0.32967908031423576
0.33881092033698224
0.3223714836931322
0.37027120697894134
0.2596919572970364
0.4044479170406703
0.2221409812627826
0.8018079881148878
0.4585799245396629
0.5829622519086115
0.960045151936356
0.07978530036052689
0.2134925016143825
0.8231369463319425
0.36937974707689136
0.7609963688882999
0.3998058194410987
0.7336220707220491
0.533000475494191
0.8617942430137191
0.28080501744989306
0.9070789596880786
0.1731546349474229
0.4017986999533605
0.22764450221438892
0.7965419903339352
0.4694121804786846
0.548480799596291
0.838619667396415
0.3227601920370944
0.8698834826645907
0.26015673321671784
0.9020797362318262
0.22709077337640338
0.7947827631433029
0.47293419804191217
0.5615130575315561
0.8144737657858059
0.3506362421612721
0.30623579330858774
0.45210338148172013
0.11141337177832611
0.6554710470081773
0.7205675438744947
0.5490973808045965
0.8436697290744632
0.31266053990111686
0.3441589583235327
0.29752289564930834
0.46257902463548817
0.07679690854274668
0.7370159548299853
0.5298726713517681
0.7841266931209248
0.49035324016585946
0.5186841066461056
0.8104940339981113
0.44152635673526675
0.6075478537823074
0.9096204634406604
0.17686784354737028
0.3961460004502442
0.23898873073630966
0.7730067266675178
0.4226750951493159
0.6497593677486293
0.7336837887414731
0.5326936980127357
0.862348901166115
0.2789037518086843
0.9110607223992702
0.18666713149286807
0.37694039929192513
0.6894824208575301
0.6006188842584379
0.9312656752881594
0.13954384374665096
0.45532213649130426
0.09301783636328764
0.6888436576991808
0.59686388541013
0.9275855920568574
0.1448250010726042
0.4911709347215947
0.017657355667324737
0.5617348807572853
0.8142743790522218
0.34605407671188004
0.3044738777389284
0.45359802365419455
0.08644867266411893
0.7009697007306386
0.6137447483488359
0.8970289425342344
0.23713069321820512
0.27966196995112114
0.40991433945600875
0.1761549216171261
0.8971637434151489
0.23693538823863491
0.2801584229746368
0.4083950334752444
0.17907694578752853
0.8918461759167258
0.2454838833073154
0.25897386454744264
0.9060997111664619
0.21904724824707955
0.29780638235388324
0.9619995954853948
0.07783374260179698
0.2349728805711493
0.27529730944661424
0.9201388152723666
0.1594744159374386
0.4272056556073949
0.6455888042110018
0.7399512737174518
0.5200977211934514
0.804651286744047
0.4531965617206879
0.5861755556834396
0.9494770874734968
0.11610623486922123
0.6428216217609588
0.7492688816273585
0.5013458884495776
0.7531179725192487
0.38071931785088964
0.19949908784474246
0.8662072117731441
0.26758402661653236
0.9365342569944914
0.1264889717567712
0.44023081415798515
0.600068156782072
0.9331548044574447
0.13363317056791857
0.46613299738965
0.06772637579706497
0.7317322566814255
0.5365974381566048
0.8721255027048755
0.2554457244114019
0.8876837596471887
0.20998784317635
0.3296263947850093
0.8387411718140356
0.3225176600390114
0.8709992542571854
0.2580329701304436
0.9026430957019329
0.22553845311631449
0.806750613352051
0.44839223998133093
0.6191151781822555
0.8887303914525546
0.20612076012184843
0.34153507751761936
0.316929842956597
0.3592505833657924
0.281498772703344
0.4852440698596183
0.024613856949144974
0.5467176443489734
0.844064237200655
0.29772830262663774
0.46216047418420203
0.07752198990783654
0.735542888083728
0.5272196642472409
0.7893106565461494
0.48133690300164744
0.538287988252705
0.8689844792243093
0.26398366354987957
0.3943883242609445
0.24637932577752508
0.7568141172232572
0.3848110536346212
0.7139594207401387
0.5719466903829016
0.9986829710542224
0.0026645754114724696
0.0063886895950417966
0.5105986984272022
0.7756794527522288
0.417940411309246
0.6641158954880666
0.6680450653657317
0.662315414781915
0.6829338919487782
0.6341459251125343
0.7180360516649671
0.5639011937309988
0.9718069106456824
0.05268595303641632
0.08214359855628572
0.7091259502631146
0.5815340144908987
0.9658383383066393
0.06793043919606134
0.23126534986658953
0.7884268489724491
0.49346642766613513
0.5150810065097176
0.7667054804624058
0.43326479726238176
0.6334779081807937
0.7164445294765756
0.5670956300746184
0.9839766139630228
0.0321692441648338
0.6104471554572228
0.9020369345089421
0.22717657798784785
0.7946206813503522
0.47324981953715906
0.5624119998828974
0.8126721930457279
0.344138929824112
0.29759251631912775
0.4624259560077917
0.07694759874721058
0.7367908671440091
0.5308206555200741
0.7820477171044331
0.48570114676840603
0.5266446819296107
0.7905178640212398
0.4834166222717613
0.5327737148618326
0.8621259096253198
0.2796477028168738
0.9099428753834218
0.1762551315187011
0.8969967175798956
0.237106122658588
0.27975509845418856
0.9097142560349312
0.1765993832377717
0.39777970331488177
0.7357062104565557
0.5266382105182856
0.7904418421967421
0.4835775374667719
0.5330891291960143
0.8615384735749103
0.2805862260865979
0.9075699181703385
0.17509089899249375
0.403783937334083
0.7236895460519008
0.5601282322895713
0.817382384382654
0.3583992336061783
0.7827161125314888
0.48706373549066484
0.5296681526815519
0.7848638004797976
0.4888813956640661
0.5233358989935368
0.7971087195037398
0.46120237896684557
0.5751233181799762
0.9913556851097383
0.017563258239533752
0.056664167990675196
0.573285700433189
0.9937483692774549
0.014587021170882508
0.5177010842890013
0.8119517665472813
0.4385718948324211
0.5973397007619496
0.9264128135982901
0.1481812120473478
0.9848913169989828
0.025181995588354766
0.04540803487179801
0.09717218144214712
0.6765276578080375
0.6478449548012577
0.7355944226146676
0.5271021609078161
0.7894350556307472
0.4811503663077019
0.5386910960951354
0.8680523150833324
0.2629035622521769
0.3963124933943618
0.2386402458359953
0.7722288437944371
0.42421693488722667
0.6559911957883742
0.7192629590863362
0.5486280347395223
0.8383515835739672
0.3237813066516537
0.36800141117419116
0.2630206304893363
0.3958336197247263
0.2395827446889598
0.7708354643255007
0.4270791830495
0.6458368650637567
0.7395778864447493
0.520859606040176
0.8020259822369553
0.45841968030435964
0.5831606393621769
0.9589089172659442
0.08217734305071644
0.7094572552305181
0.5815737782395445
0.9656838914961554
0.06960402586264536
0.22795071694417857
0.7960517210012767
0.47062830079812557
0.548975806159433
0.8432410145760514
0.3135185089777224
0.8472671812342014
0.30167780991178006
0.9601193910348229
0.08001277904259041
0.21302131688571535
0.823699577973457
0.36822596326237544
0.7653514622652438
0.39116278069559485
0.7439844353939407
0.5139830704429187
0.769390047469642
0.43387612799415365
0.6318170313898008
0.6973022487945855
0.6202351821411867
0.8844075728557073
0.2174967048340477
0.31500660625169985
0.350569501548307
0.30667345979600213
0.44835628211149015
0.11879034937010147
0.6393981759028975
0.70558067841921
0.5925465298059862
0.9398796339519322
0.10119800062966533
0.6803612452640664
0.638282357249409
0.7079399253998417
0.5850957393995486
0.9550374108948745
0.08797211287310347
0.19844543663202785
0.8689781480061356
0.26399679167661816
0.8943706673453562
0.2464150344603695
0.2566769066907
0.3850858342193533
0.21470679630874656
0.8205802418815438
0.3719916386762634
0.7569930699537508
0.3847040092223324
0.7169201317883562
0.5658605229109526
0.973728555283742
0.06024050485575572
0.06701899037580006
0.7340762755193282
0.5318397447117604
0.8612477732240222
0.27555132849374786
0.9174020543869119
0.16519586159847677
0.42181269673164934
0.656374606944155
0.672308613138739
0.649027489067521
0.7323405594215728
0.535318873997312
0.873453896783758
0.2535805467632599
0.8795581407321151
0.20279772183857858
0.3600286174332723
0.7750599502469413
0.4205907802679576
0.6588184693537187
0.678418898023665
0.6431774343654979
0.7489229746279307
0.5021845561568625
0.7571093098376878
0.3841883924906142
0.7179475271550473
0.564349026652053
0.9709456445707474
0.053958860342390835
0.07947165326913819
0.2140638642886188
0.8221314308757428
0.3733191447099671
0.7538194741937332
0.3790870009106584
0.7015426460129675
0.612990841967985
0.9029398201091681
0.2264666996197775
0.3049095589085482
0.9495060910412576
0.1161856345133856
0.14263636054238304
0.4990899284312036
0.0016904390940908343
0.5024793910852168
0.7567065601469949
0.38502199525828473
0.2147439653344918
0.8205425884516444
0.37136401317548007
0.7567531999084167
0.3849332479876466
0.714264288864797
0.5714576176833361
0.9999022608681116
0.00022770941723138094
0.00027697341283783317
0.0009685941913630813
0.5009925273770932
0.7534728230675682
0.37971383074182086
0.20250171961379237
0.8606258448853623
0.276764786336571
0.9152080367784947
0.17177952305064537
0.9064714570122305
0.17216140835080296
0.39939009927911684
0.7315008683071937
0.5366934685735032
0.8720628770242911
0.2568477021995932
0.8842991114361212
0.2175773300405126
0.8149106668133754
0.3511356659582816
0.8056341517658439
0.4502427213592455
0.614832473162096
0.8954572582733817
0.24132730468409136
0.2672224555572029
0.43233640704420395
0.13532921668956988
0.9638538956933189
0.07229539757827297
0.2451494189153891
0.75938650246826
0.4051814795820974
0.7209176934265997
0.5540018245810643
0.8295550893235486
0.33893663669005036
0.8220189760904759
0.3735401727317367
0.2526983280258719
0.3812458297761623
0.19896487673395313
0.8676953061076347
0.26347976888064295
0.8949764377321117
0.24081263091647997
0.268497276090784
0.4356426876329351
0.12811142494319938
0.9432401411759201
0.10565763397607952
0.16245562554104254
0.43338940347894095
0.13328413470298983
0.9653652647102717
0.07018118945416063
0.22682565794093534
0.2938805563317146
0.4757139085850213
0.05659043803461827
0.5762874487845693
0.9874418681720272
0.029251383355585858
0.5352410921186674
0.8732424479094334
0.2532861179788597
0.8801465144788381
0.20061471336521208
0.3643955410225317
0.7714773781481199
0.4257942976546474
0.6465040578914341
0.7373578136321157
0.5288854505924974
0.7860965194413438
0.4990979234862607
0.0016967454284895211
0.5024699371715542
0.756626287708059
0.38525239742011763
0.2143589632178191
0.8210493739752565
0.3724514605710283
0.7550818274612539
0.3885132172727026
0.7073504579893779
0.584826061502099
0.9553518249012996
0.09366036352002993
0.18767455124179833
0.8441329319321085
0.2976025259704329
0.962412135413615
0.07693093502894044
0.23673261213116348
0.2809261925285682
0.906897138513159
0.17351817392045632
0.4010105263150763
0.2292127795808483
0.7915740516909864
0.4794910728232935
0.5410178582533263
0.8544996418640949
0.29053531418321654
0.9831817479280289
0.03360699606128037
0.11687566840555519
0.14125018304912373
0.49385150321177207
0.01424535017577
0.5185082768730354
0.8106549549847841
0.4405778339423705
0.09958773999824189
0.6836389032250736
0.6309521702351049
0.6984133305668365
0.6190462978556752
0.8888909272209276
0.20635662676068023
0.34125510542071424
0.31748216718551703
0.3570979977666866
0.28580351269920357
0.49968966431333683
0.0006207906699273735
0.5016728613118175
0.7525130565045401
0.3818301672290545
0.19727908659842797
0.8701354451186489
0.2593364678323269
0.9050941523164511
0.22105218007345684
0.8044767618121114
0.4536033113254234
0.5864456614363007
0.9509804763947614
0.11372514191316441
0.1470595256832894
0.9872528997075278
0.029417633486445993
0.034304500644793734
0.6151792441087309
0.8946336252847686
0.24039584372076206
0.7689661388576496
0.43472394515993074
0.6307865850103553
0.6993681488092989
0.6156995002238546
0.8940968966344371
0.24690040361019783
0.7571910159022082
0.38405500614317134
0.7181875988317188
0.5636290644761175
0.9726259004382882
0.0508274050662294
0.08406900119734928
0.2062506960646715
0.841664108360419
0.3166727927746251
0.8583231153315865
0.2833514782250859
0.9916771107527893
0.01664481731131673
0.058202065294608474
0.07122563605662435
0.2471971630002372
0.2558112364204135
0.3868301370239351
0.2091288204828743
0.8315287380537484
0.3408467621775344
0.8179097403190099
0.3563058791332878
0.7883648648567032
0.49365096539258957
0.5146511308848858
0.7670959141396452
0.43238427030155435
0.6351551392290276
0.7145811361260712
0.5708386448968668
0.9979177568457089
0.004163645731750876
0.014545662299497053
0.5178130008571316
0.8117866498068906
0.4388999968650751
0.5968074853008147
0.927683841669932
0.14464714276255108
0.9903705587203149
0.01899954618420452
0.05966144910780713
0.06805512667051516
0.7310495863493998
0.5389896248816513
0.867337184085045
0.2621832780423574
0.8970276730542537
0.23713550181128085
0.279650620999746
0.9099408538895659
0.17618130921619013
0.39714528326294385
0.23695900224265642
0.780018614110304
0.4087137831375003
0.6785135953687131
0.6430318344209809
0.7495808624080382
0.5009744237759151
0.7509807431488298
0.37843200290808454
0.6921563797804993
0.6088247117586434
0.907350577210309
0.17572700273012742
0.4024444935785141
0.22477599224657752
0.8080163748527411
0.4464635479962453
0.6248951672459953
0.8752434175112285
0.18774582532932982
0.3446068103366997
0.29804195431643166
0.4646994626673404
0.07060011630528606
0.7470445173385087
0.5068961257347837
0.7593399572360795
0.40524551505222917
0.7207551512401551
0.5537899307964835
0.8298018869245425
0.3384435779589694
0.3232158138707746
0.36920051541528665
0.26080557543900795
0.4001231826550793
0.2329644896381069
0.7840090376266744
0.49059063487220556
0.5193071122630499
0.8090124689624645
0.4439864812302403
0.604243259265786
0.9165134814102203
0.16677389983669855
0.9164215635100845
0.167647052439861
0.41470589878736064
0.6696078538370784
0.6607843001838773
0.6872547347156797
0.6254905430832878
0.6892163825395983
0.5960773308761418
0.9294097104866523
0.14118153270101175
0.4941186742798891
0.013714822853216901
0.5186515954846982
0.8102387370308861
0.44202351311105303
0.1090791279275436
0.6568588134541642
0.6737095923162997
0.6505780990992207
0.7298431083909236
0.5403137836256064
0.8588716731755994
0.2822497478337027
0.9878358260903042
0.028174492064863443
0.03838508459739387
0.11860527319367975
0.1397578713367693
0.45474100168212317
0.08859515367657878
0.6978057642991189
0.6199528643628582
0.8850980784918647
0.21466819918714464
0.32065597211476415
0.8718685365165584
0.2573000430711545
0.8838450750045013
0.2183327991515398
0.31347166653722525
0.8447363539598882
0.3003196071658749
0.465614447806729
0.06980558813665994
0.7275758468022104
0.5465040181297809
0.8446140339656267
0.29806042939890176
0.9646697248681448
0.07067756733158603
0.2468285171489697
0.7572093785565812
0.38398071884876117
0.7186251330131199
0.562749607139267
0.9696164473134559
0.04805743647739291
0.08967614243738353
0.19564139971043915
0.3718997865798883
0.7571924681251403
0.38405257114209235
0.7181920473231003
0.563615897874115
0.9726554558146745
0.05078307670191862
0.5839864454756025
0.9560617523966357
0.09131734279799275
0.6921690993767697
0.6087953759706579
0.9073946951539256
0.17568298958940431
0.40256983469589613
0.22488950184197165
0.8085904420877341
0.44531999563332647
0.6211016408051364
0.880886954779271
0.198279534408357
0.3687686315679457
0.26453983937972225
0.39277976998710074
0.24935636544250883
0.7512871573271696
0.378277430892922
0.6926648269291036
0.6069265106343664
0.9111461592256092
0.18507767660776153
0.37969019563752227
0.20259384231758304
0.8604408339306246
0.2770432564429939
0.9146568074356765
0.16983213220373727
0.91032622862258
0.18594291422050446
0.378632940526586
0.6919433291477617
0.6092204216402024
0.9065591640828643
0.17271269450429827
0.3996922603691928
0.7338758237601724
0.5322494403226301
0.8628387667413335
0.27816014154814184
0.9134026415413246
0.18102092642220668
0.8899110486090649
0.20452619885327294
0.3389944027585443
0.3222172174428124
0.37315918735112064
0.2530712480947841
0.3808504350890871
0.1992365729820449
0.8652940722822677
0.2686185138300061
0.9352780780754983
0.12945126442355104
0.9529504994570743
0.10974077973514795
0.14917072234675288
0.4818127832841128
0.5363191341748461
0.8728992987598758
0.25420893519185483
0.8895923685049638
0.2051828715193551
0.842930155369686
0.3143909860518761
0.845827402867144
0.30414567119441926
0.9542010355507955
0.0895204066473525
0.6959601561829913
0.6227356352028437
0.8795306620304473
0.20283748145448044
0.3599536580441054
0.27533191003021784
0.4200207083194982
0.15935584812541492
0.9276252403797116
0.14473435550462455
0.49056153575656936
0.5193649114517029
0.8089246426243335
0.4441624334140215
0.1038772884348873
0.6677339430025313
0.6644577943952754
0.6686739981814753
0.6636245357804
0.6805032722477335
0.6380169218755327
0.7083394872606732
0.583321092359256
0.9583706898265518
0.08325935894390568
0.2083820254483726
0.8332183288002852
0.3338084336137399
0.8323753091390245
0.3347601169371046
0.8305408050946426
0.34332081861793995
0.8132973229512572
0.34507568323169835
0.3000824105401989
0.46629888776806183
0.06740223985980265
0.7319858148985077
0.5359672569320537
0.8743588684010319
0.2512822703574784
0.8782671180961188
0.19267499377019703
0.35690283903386444
0.7861942082527094
0.49777287786128
0.5044418390316423
0.7654675606172532
0.39093988612876274
0.24303759229951538
0.7629482379707042
0.39590437489096075
0.739471782639157
0.521286747942213
0.8012327411561273
0.45954813907155767
0.5810413208964746
0.9668217008002102
0.06547080146265216
0.7242218502506148
0.5594928073696792
0.8194909475569148
0.3534458702779375
0.7950613844150212
0.4721679665381089
0.5517578168655746
0.8334961082437076
0.3327636876492761
0.8353272016101982
0.32928474212531
0.8396913862670772
0.3206026792176999
0.8720330437354278
0.25690952129662037
0.884511879645288
0.21730436527286656
0.8152375173231121
0.3500552272889763
0.8081939480034634
0.4462350981484633
0.12217060875263996
0.6305388575128745
0.6998597923666239
0.6168674333312083
0.8912589192041196
0.24387891491642222
0.2641954292485025
0.39343169252970256
0.24829247771413065
0.7537869086081628
0.3790953451534733
0.7015189241501503
0.6130754238110967
0.9028133417596109
0.2251345876720734
0.30748992631561123
0.4475200882006902
0.12099682583357207
0.6330373403907288
0.7151264174026437
0.5693175646592863
0.9785533182439394
0.04210738587426022
0.1031622638402041
0.6706133459520061
0.658773010072764
0.6786699118674733
0.6426611297647469
0.7492233482771553
0.5017956569208764
0.7522680238471366
0.3826860153931193
0.6955654680205043
0.6219781746622175
0.8820507157652173
0.1970709083834663
0.3735011738608591
0.7534854566620197
0.3798622431932017
0.7021900547551923
0.610939699516166
0.9012885962729342
0.22867292660521343
0.29241858175373636
0.4776627172541339
0.046816525486065075
0.5938478755124379
0.9220530517050065
0.14881383342435583
0.4811657882237341
0.038645015709334984
0.6181595573725644
0.887704292894341
0.20852581664803438
0.8327960172027815
0.3354360263911076
0.8291315234673675
0.3393870999570936
0.8211554664885625
0.3723413168627303
0.2552856575057376
0.3878742985834833
0.20887054249760695
0.8322426876693498
0.33429392147809267
0.8318938813172281
0.34011848716181703
0.3193208793818485
0.3535388270684052
0.29203494972898625
0.4781258785224054
0.04583108160295524
0.5958397443464492
0.9291547649772838
0.1416885466023814
0.9957979503378738
0.008421269070822746
0.029178447410231456
0.5353435066353995
0.8733966792351566
0.25369498232612386
0.87938647318515
0.20167621644213796
0.362115211552009
0.7797387618338689
0.4097760140139144
0.17666194544290192
0.8976831965555903
0.23612935584969819
0.27584933245088905
0.917527218523901
0.16488223319174722
0.41925891148275696
0.16149648165446706
0.9348195367201697
0.13026174856349826
0.45039874385111034
0.6150716257980093
0.8948567390616518
0.24104830413125455
0.26790339162107557
0.9373376208241098
0.1253247582935728
0.4383162175945472
0.09504725228180178
0.6751336446905043
0.653638006770052
0.7239894296217244
0.559833622071892
0.8178006958041806
0.35658586997305974
0.7871067184896674
0.49609930149745196
0.5058711741003208
0.7607638890040107
0.39995039656059816
0.7332455728610512
0.53350885421969
0.8670367895683739
0.2659168840618804
0.9306328002712689
0.13775806181365624
0.45871206556330435
0.0825725328468252
0.7107705949747469
0.5784540452295914
0.9617457731801551
0.07554709864780307
0.2395260340999812
0.2709192050388083
0.9269115358474664
0.14641175215365365
0.4884303178114351
0.021948761102976277
0.5503483810171019
0.840647857170552
0.31969634516281076
0.35279671612079255
0.29628316036541946
0.46996801867499016
0.05054271678091027
0.590221597958589
0.9440520870266482
0.10408380089211278
0.6669582531612832
0.6660830168402754
0.6672159871668555
0.665812166116666
0.6703898185514845
0.659708647930529
0.6766154487268068
0.6477456606808119
0.7358196543646045
0.5264075643499382
0.7906301727634855
0.4833148646284826
0.5333678841998335
0.8666147210169584
0.26677821707562543
0.43348672534921207
0.1330112609139178
0.9651724529976491
0.06916585878934711
0.22887103742687032
0.2927471602743026
0.4769751916464884
0.043603441648883745
0.6013019550882746
0.9302086523384787
0.13854175963206217
0.45729157570167445
0.08489327775896527
0.7052150537783746
0.5932168656727299
0.9385615002538543
0.09736606827937067
0.17637686838861555
0.39834006753517315
0.7346022898273077
0.5237158228410408
0.793934168497799
0.47560772974975407
0.5562003193190321
0.8269958041782957
0.36163340671919286
0.7810975558822975
0.40654037494095974
0.17281393011217006
0.8994883129780646
0.23411968746222556
0.28176021471153945
0.9861316701280884
0.02584744180785492
0.042542943119769916
0.6025111966591794
0.9189971996820532
0.16170089232036844
0.4345366039487999
0.13190433804993518
0.9469991324876901
0.123578846687451
0.12778124294709414
0.44366340449778363
0.6054100653564092
0.9141612725798041
0.16814517686725594
0.9124879903683905
0.18330908741336316
0.38338163326261565
0.7167581648973282
0.5664836664218456
0.9826315840764437
0.03449272096622735
0.11462046758970246
0.14575855815201066
0.9896337000245694
0.020717132254503667
0.0525598797830753
0.08239701934508048
0.709717627876671
0.5804455344914459
0.9684480522410013
0.06308480649022385
0.22064001284888946
0.7989543660369236
0.46821475395699963
0.5635856428125408
0.9723202717723325
0.05148373867268674
0.5854968102939893
0.9539434663602151
0.08723002386977896
0.2025083965563681
0.8606101066397969
0.2767502503702417
0.9152781094308011
0.1716410429798998
0.4066416201821994
0.17258715446223505
0.8999428777897265
0.23325610684696585
0.2834876893903129
0.99216815046384
0.015663699130527675
0.05479236802784726
0.07437522694817744
0.7406599375244696
0.519168161728885
0.8092703046859242
0.44492832355899736
0.6024531690345611
0.9191247298149392
0.16199345162021928
0.9337879384693224
0.13121879746904597
0.44898719535558484
0.11757456805207767
0.6374399754276965
0.7104710621060804
0.5789053174376022
0.9623711602762341
0.07721086361561902
0.7360564068367239
0.5259301282931119
0.7918287081702147
0.4788436546223238
0.5428009721799754
0.8518908005789854
0.2937738925102167
0.9759434516017791
0.05592555948533118
0.07757507904898375
0.23547484184382483
0.2772859924880322
0.41415894150850363
0.1681498917459976
0.9124794947274495
0.18330210220301524
0.3834108160517644
0.21670265405555256
0.816625462466618
0.35772349953185767
0.7851018106448464
0.4883824990247376
0.5216478494403418
0.8002101622987539
0.4659880710823927
0.06826798911788501
0.7306369821599219
0.5374991634162143
0.8708320245787036
0.2583358916454017
0.9041741832625121
0.2229016417695675
0.8114046465198044
0.43964109185617417
0.6009346732753329
0.9309431522269733
0.14013646898092702
0.4541020657343324
0.08935717379790731
0.696047300909413
0.6224436867050827
0.8800742856983561
0.20104734360938892
0.36353031275211833
0.27235215684049763
0.4240304275008384
0.15560002592974342
0.9700504398497287
0.050137424492277205
0.09113238629652187
0.19272783640190028
0.8567337905114982
0.2865939309122041
0.9971206779009663
0.005454481637571007
0.012650582677451894
0.5225483668327797
0.7985311968368478
0.4634988161851652
0.573124431859469
0.9943387929815799
0.011093591718235984
0.5246816251019482
0.7963083441136405
0.4698833042930346
0.0507190584030468
0.5899682007438969
0.9437937811017036
0.10508039224077947
0.6649603006371763
0.6691028430359438
0.6620463225699496
0.6837198417633772
0.6313002733804751
0.698840951139573
0.6180689902394079
0.8879155582399108
0.20879564591450617
0.33246914911433123
0.33458891781629063
0.3309461382741574
0.3419984759821091
0.3157627556065563
0.3489434774091933
0.3099178189004306
0.4426638692675624
0.1069284264522139
0.6611432700010482
0.685083455988206
0.6296798966068309
0.7026155418716371
0.6103958830062766
0.9019504184252582
0.22746735910186544
0.29408964861067943
0.474595357227372
0.058619938645279035
0.5683985504147131
0.9795987242250703
0.04068048024782911
0.10807990070316009
0.6588382912159432
0.6784468216937967
0.6431060585309751
0.7488851182279177
0.5022297625546344
0.7578041453962214
0.3828294475679286
0.7148994704184588
0.5684315164107829
0.9797294041200075
0.04078437865246087
0.1078079249127768
0.15990396225242876
0.9262858239526395
0.14825029985513538
0.4848104391130619
0.5240458900516387
0.7948037202004343
0.47285286235273816
0.06090109996148385
0.5661898957623634
0.9730586643563583
0.061214521498186514
0.5650694221549202
0.975291512964759
0.057244699622970074
0.07313457722193561
0.7443408330727834
0.5110722858808003
0.7747301725321449
0.42125803971430287
0.6574857012310531
0.6751866751583293
0.6535585880919825
0.724378879647702
0.5589789829973597
0.8190880990005098
0.3540097522200085
0.7917589673015755
0.4789057862944901
0.54270901507698
0.8520819995610509
0.2947859993437305
0.972925943962764
0.061441872792784125
0.06461673972080462
0.7259910702996422
0.5558293760404922
0.8280384989338927
0.3595556843210943
0.7738085508754011
0.41865324159152806
0.6636853379895911
0.6805646971042734
0.637924620648846
0.7087637171207462
0.5824412141228095
0.9596292420465034
0.08074794663116336
0.21741083334200084
0.3151287896325812
0.8502030625822954
0.30752829631092027
0.9474396541190799
0.12050202838145196
0.1340302120661363
0.46851279464317486
0.5628751987533178
0.9694510985864326
0.04840275851893239
0.5888386287551839
0.9473181529319845
0.12019511597463861
0.1344857902440708
0.9673566804558504
0.0654239680734463
0.22461987132555805
0.8076415171672124
0.4468219507834874
0.6238731561170425
0.8772503508953378
0.19526737203705125
0.8516479844984133
0.29316588392248377
0.9749627877899911
0.05837914266157895
0.07071119727334008
0.2467567642161157
0.757463268149877
0.383539633709006
0.7163196449982934
0.567162464663852
0.9838076767628081
0.03238452906953171
0.11321707195020281
0.6524730578821618
0.7250451533473097
0.5582247963757254
0.8211723581771366
0.3722655200981535
0.7557292943529319
0.3869790378957987
0.709893356077373
0.5802154182747472
0.9682160157826729
0.06356071151094511
0.2223627863859292
0.8013829293486197
0.46083276061108336
0.5783685679489281
0.9611828174674883
0.07507684893789701
0.7413983210281003
0.5174393903580494
0.8069179452140816
0.44920967129291967
0.617206134222215
0.8867767869960517
0.20905236099497415
0.831277364079142
0.34159757185261697
0.8168654592591338
0.3579586076666601
0.7840256214549299
0.49054299970157444
0.5193833274533972
0.8088982060726266
0.4442765803541988
0.6036094709997997
0.9171673988166731
0.16590933920815587
0.4201601368840784
0.6594374928390607
0.6771429411310237
0.645748449023813
0.7399967804376502
0.519907257927116
0.8034323910833336
0.4556352157960646
0.5927700778411236
0.9394593666074798
0.10059628283488564
0.6811774357047398
0.6394462026073597
0.7055436112568714
0.593303857545834
0.9383300573681481
0.09502763050841168
0.17524014165974222
0.9034403909754474
0.22424715518718585
0.3092788505309727
0.44493455966585316
0.10244428055011667
0.6691664677637164
0.6619188642362133
0.6840327025565784
0.6314610675908625
0.6981374349270482
0.6193842202774249
0.8859874192276038
0.21228408528259024
0.32733536427258514
0.3611888975428883
0.2756681727769319
0.4179587686958257
0.16408239924930967
0.9180214578809682
0.1621870385715738
0.43282616388751194
0.6345920028106775
0.7171612781239673
0.5661651289265137
0.9730281040538102
0.06122986358241178
0.5650543413648847
0.9754826145945117
0.05688159374403767
0.5734936290245969
0.9935385896242224
0.01485972391674295
0.01739963676664047
0.5569909257174004
0.8240064231795259
0.3676636519958265
0.7622351505269762
0.39822866884060204
0.734860941185616
0.5239304017450195
0.7946923261042684
0.4730391170887742
0.06127459430717863
0.5649506846966688
0.9753709236392751
0.05704007550957613
0.5739043155044783
0.9928169053164311
0.013423959084320813
0.020025353733217344
0.5544540065166075
0.8285159291117452
0.3366529113263823
0.8257173837337177
0.3641253844834864
0.7727260168176144
0.42326745242462493
0.15151042086654343
0.9785035593959037
0.04494982922915369
0.09671539132250473
0.1773653939308133
0.8953911540156696
0.2414061111630872
0.2674481602734886
0.9319005506986286
0.1366518341237679
0.4610732390428893
0.5746649127395358
0.9908107080264017
0.018500172736821696
0.5606482771981973
0.8155935857794248
0.3495257129543461
0.8087586592591833
0.4437629319727421
0.6051577907055616
0.9146863250352908
0.16963524144375697
0.4107333244464826
0.18744436561246403
0.8751036465109792
0.1876598735107109
0.3441702892887406
0.7974983149615582
0.462605417938903
0.5767432184657082
0.9872605104173999
0.029383321991190314
0.03437303414102644
0.11510708060814068
0.14478568974300288
0.9911141087359283
0.01780277688521892
0.06180665589636192
0.06394677711068653
0.7217155244725291
0.5523652887204662
0.8328924418601673
0.3351531461812556
0.8299549545627087
0.33813696206198074
0.32410426778369583
0.36737832115613855
0.26208133218460716
0.39722285480820574
0.23670558413141407
0.7809681637736503
0.4068112965906039
0.6738203174318187
0.6504062130698003
0.7295463559566997
0.5406012219027616
0.858388009655755
0.2832238430273719
0.9912610616011079
0.017173594562336802
0.057571748620830476
0.07235030428273603
0.24531314577325247
0.7596331070235465
0.4045616128714755
0.7225846633664332
0.5509253773489036
0.8344592498033307
0.33156786771724
0.8406173304829281
0.31980316573753953
0.8525830793660134
0.296481581783155
0.4696550887601916
0.04799421192728914
0.5898332238721196
0.9453345077345148
0.12114118292811327
0.6309457109600771
0.6984355773893185
0.6190133004565723
0.8889270013314672
0.20693283929722384
0.3400701944192406
0.3186389005568344
0.355466525972588
0.2890669480257202
0.4804836922266986
0.03712526537128724
0.6201721983088646
0.8843523348914459
0.2177607714838814
0.814482271700399
0.3506192863569595
0.8062649222265463
0.45204456918872893
0.6115700722439215
0.905521980690537
0.22010792954824865
0.3000032849377021
0.9666369070182554
0.06672372721368447
0.23326800574432127
0.7834642269008327
0.4921212178305723
0.5157580405648332
0.8051383548881859
0.4497808333544526
0.11717720949673094
0.6406458193960134
0.7422374176094308
0.5118015433836263
0.7716849804855883
0.425140197185101
0.15362591526354663
0.973969097743975
0.05986202583881095
0.06783506026840769
0.7315171410155017
0.5368588989949785
0.8715966093004681
0.25758504652185366
0.883234982000431
0.21546317625325173
0.32003666477976367
0.8521141338569578
0.2948986410629004
0.9727103331824765
0.06062086040037684
0.56566330397618
0.9743872363469563
0.05900740303331986
0.06899500635336153
0.7292277887754608
0.5415443443343975
0.8543507812428288
0.29129844467388466
0.9804514137504157
0.039097189204767346
0.10558962950017303
0.16223371325759217
0.43305177040747367
0.13388882231083699
0.9684275751642417
0.0631448570638895
0.22039640974253416
0.2994420169852674
0.9674726265948266
0.06504820511327125
0.7254944142478053
0.5568085020640865
0.8236313925299328
0.36838927352800965
0.7654175560455769
0.3911090292094741
0.24268422616296448
0.7634556672128383
0.3949332066113129
0.7409029348636977
0.5181938405730762
0.8112305411486886
0.4400550732971169
0.6004808877769392
0.9318793308921158
0.13599773476016708
0.9623032365634572
0.07737370627000928
0.23612053482793272
0.2758749615168199
0.9174883576924913
0.1648225063108839
0.4193488647870254
0.16131016801227815
0.9354382074379828
0.12910755129996687
0.4515053878421895
0.6131025055365171
0.9026946973754093
0.22537232397007756
0.8071136728685815
0.44875339552527294
0.6179619870090391
0.8881589487427846
0.20806448414805345
0.8335658596188296
0.33300778531702235
0.8349609881115612
0.3295899217482656
0.8386232521152124
0.3226321402180474
0.37078938868944533
0.25839356597862206
0.40422389868763275
0.22280601781676523
0.8110099807672668
0.4409760647104122
0.598456537554739
0.9368686035741121
0.1262647001130972
0.9408907584438566
0.09868341858964413
0.18514034355757758
0.37984137921012007
0.20223219812032767
0.8610385316133033
0.275963612832129
0.9169439072720706
0.1661274440411944
0.9171346439688932
0.16600531619042158
0.41994271194562316
0.6592295735608786
0.6773290107084904
0.645464041386731
0.7413017004437279
0.5172747671604156
0.8072225302748848
0.44817294931272045
0.6192791277717333
0.8862264512572438
0.21192216491908766
0.8276639060641173
0.3601453568553552
0.7748951080138795
0.4209105321788229
0.6577373845211696
0.674607003107667
0.6547485096671153
0.722243303025607
0.5517444749712013
0.8349905182258226
0.3296218506875448
0.8387325423245784
0.32253870577551425
0.8710058255819604
0.25798459371435456
0.4027315008279402
0.22532935158233158
0.8071576273359824
0.4480315610417165
0.6196193648211192
0.8862495515495539
0.21172144546289928
0.8256407171429601
0.36434708430897444
0.771183880220633
0.42637555982219055
0.6483477515575942
0.7345449880231172
0.5238335220201407
0.7936719945864752
0.47612306658993475
0.05550937543739565
0.5755047491693404
0.9896073952550068
0.02078530445578508
0.5522366077930201
0.8330260094371624
0.33355495176510885
0.8328290617500897
0.33531186380423605
0.8293762792600319
0.33934027163195424
0.32131216608104296
0.3745539723604452
0.2508306047238875
0.3762761220277753
0.19086756827891804
0.8487491404230241
0.31019405589904636
0.942095854494255
0.10897605103673413
0.1571699682099279
0.9229580618266482
0.15200867637759075
0.47722028111456893
0.04458096777671017
0.5983685130777303
0.937052040011622
0.12583533182623796
0.93875902009313
0.09714927041204646
0.17679476583725773
0.8961129223753233
0.2391459983191453
0.27266920972033404
0.4236561832076404
0.15074977106996812
0.9802379043831024
0.03944787860382348
0.10619181202491745
0.16359270000248216
0.9304782880062703
0.13812814967241138
0.4581110749277286
0.583655273396289
0.9576970899943262
0.08558214353979565
0.7038204168493394
0.587478514178656
0.9521334257151466
0.11135187721811235
0.15531656180974096
0.4703119254554622
0.549740278715035
0.8419252176536247
0.31586741117644124
0.34874918989953585
0.3101911856501829
0.44210206254501827
0.10896196737303399
0.6572134242451284
0.6728814236121252
0.6518873590684962
0.727404685690999
0.544217756978469
0.8490339681156911
0.30975317483535036
0.9432377909251954
0.10565354966092855
0.16244737239321694
0.433402700437
0.13325563367106952
0.9654175545147154
0.07026543107349426
0.2266719252220355
0.2931199256272521
0.4750698179996107
0.05815739106037654
0.5711246523133013
0.99740306858439
0.005194816243601963
0.5130404727824498
0.7707959614344873
0.42721890372922644
0.6455583787465002
0.7398276791209355
0.5204666505742352
0.8037942149676383
0.4547895144496579
0.08846593878115527
0.6981901186809409
0.6192619584617205
0.8858659689431079
0.2128319491748698
0.32627063742256723
0.3624809433531482
0.2791875428229105
0.4103596555360127
0.1858725525380578
0.8787431762611959
0.19173194386530668
0.3582351374789141
0.7835306470224168
0.4920207365648821
0.5159568432136439
0.8054886591271497
0.450557935226243
0.6145079413836356
0.8958853820804507
0.239463983947644
0.7713130732590798
0.42613858671393245
0.6472345378133468
0.7367543427390046
0.5308858457137831
0.7819284655270167
0.4859401223366149
0.5262908780423459
0.7911682438571006
0.4799042822851334
0.04018416735925712
0.6093563790491316
0.9062867724569514
0.17199212915147655
0.8985694456205238
0.23092249856563285
0.28766678026295267
0.4951138843607623
0.009773132827831432
0.526375059998827
0.7905548937269486
0.4831916884868406
0.5336855268978979
0.8667128846282139
0.26637634143116884
0.4310878017276991
0.13977705952129327
0.9550268745806534
0.08800878742476925
0.19837210336118005
0.8691065722669009
0.26373956201132387
0.8937779028783552
0.2478438099496998
0.254373310104711
0.389204505860107
0.20590473533957265
0.8420928895066027
0.31636404793243855
0.8477444687741809
0.3107373847742565
0.9407733863627072
0.09891962655819952
0.18503523513209075
0.3799369430053048
0.7007574097660836
0.6142475393135101
0.8974817240668926
0.23588988289702684
0.27620558807393536
0.916338767943671
0.16781455848831683
0.41437135211890563
0.6687968159967568
0.6633901443565264
0.6810932464140933
0.6397467716597021
0.7047668944869656
0.588515023177024
0.9479546952643432
0.11971936462214217
0.13568334010778926
0.9629897825943772
0.07341772003564984
0.24403006554348394
0.263876177923521
0.39387826426536776
0.24740359574207105
0.7551928147731815
0.3880439434433356
0.7082872136379592
0.5834951992728747
0.9580093034892343
0.08349892596015707
0.20776944208773784
0.8353377250314225
0.3293091727537103
0.8396745699865278
0.3206662356387824
0.8718549379846081
0.25723593795555644
0.38396181145799346
0.2186488662555348
0.8127327789843548
0.3440153131377883
0.7977784763497766
0.46206404897384346
0.5780996553367004
0.9844333228829782
0.023504227865487337
0.04319386347196996
0.09988983941730112
0.18358917132718489
0.3828219106362667
0.21487261159927584
0.8183936068380717
0.35460304317530245
0.7906706516514532
0.483142789977137
0.5337182357616257
0.8660034611821175
0.26806223022867925
0.43702018828480504
0.12576026763417758
0.938878888176987
0.09685922984499484
0.17761887930100784
0.39472412792383693
0.24059606125229038
0.7692960618587676
0.43398972565773875
0.631563023373019
0.6978019117959775
0.6199644347070716
0.8850711454288103
0.2146919064107351
0.32060375981382094
0.3720351925876457
0.25690641996334307
0.38451978567172773
0.2172883004823234
0.8151907549763564
0.3499880548333749
0.8083093079621904
0.4458813840174116
0.623008548252983
0.8789829630404711
0.20137844144483097
0.8626231491507497
0.278675212408416
0.9113983681309037
0.18498572643147781
0.3800324810144957
0.2011481256049592
0.8633362552791368
0.2715593772009015
0.9250361821614206
0.15408184079569764
0.9730556527792942
0.061209158040583134
0.0650821584276855
0.22533888439647853
0.30713569873478264
0.9480072308215313
0.11953611468197778
0.1364465843362268
0.9614781353448052
0.076006161456462
0.2386162575276103
0.7722791739797685
0.42416684434283525
0.6560572645976208
0.7191965357051231
0.5474455768126063
0.8378486394067295
0.32625966874184087
0.862493582390016
0.2791550129186362
0.910440213396214
0.18650663757580332
0.8769871888507623
0.19444710056995973
0.35317227299674414
0.29563908456475474
0.4712143783981446
0.05350894798175432
0.5805419619719032
0.9683187155751511
0.06330145915853791
0.7200896668073256
0.5500559927313589
0.8411948895663954
0.31759397842688486
0.8572436818794813
0.2855052751256153
0.9988136684405617
0.002439598843920976
0.007327237486606464
0.5085505687457044
0.778698117879685
0.41133730398723856
0.6853825130674522
0.6292388183064759
0.701972543989541
0.611672223021742
0.9060491030686535
0.2192128169699572
0.29742189691751264
0.4627123578975443
0.07652067570597865
0.738071931671584
0.5278318108757958
0.7875980708922725
0.49487364827655256
0.5101334567880258
0.7770410689699929
0.4146489077247679
0.6698553550522774
0.6602890513895545
0.6859983276808634
0.6284934959548991
0.6923693395219743
0.6084234759036917
0.9077567005879246
0.174659923708532
0.40458330113324337
0.22263223727350123
0.8008369187300559
0.4590566197875887
0.5812915702117607
0.9665648510854226
0.06679496099241078
0.23313993343617767
0.283715340483468
0.9910122657602187
0.01803650357760489
0.06205915554892272
0.06331874633906409
0.2200420492736157
0.800165594817372
0.4660755129880272
0.5677727955335286
0.9816714726621285
0.03690146349254064
0.6215782384679187
0.8813534237560816
0.19800862047122791
0.36953134773648344
0.2614580255758483
0.39895906622405164
0.23229048497159965
0.7854187931807246
0.49895998917054385
0.5020800094935112
0.7572761437040754
0.38390059053199366
0.71840583984158
0.5632187195587903
0.9702403036935721
0.049601196427829564
0.0922650116845034
0.19095820383518003
0.8484910495171789
0.31180697109084576
0.9389490617322735
0.09671126614557579
0.17735638967133127
0.8954131354403216
0.24143177032237872
0.2673881697410252
0.43208060940378346
0.13634232120239176
0.9618124958651606
0.07542896328959614
0.24001073994440958
0.26994776967330836
0.4283670251315925
0.14329643003293313
0.9985617356433067
0.002723940764553845
0.006329446972813457
0.011267870751908049
0.5242860765720252
0.7942032444989309
0.4740176915365737
0.05981158421491273
0.5681219257821795
0.9808440741617233
0.03781016115681268
0.619692192558432
0.8857190868584439
0.2129444258462172
0.8233153040346224
0.36888853361597285
0.7641760651895311
0.39336551271844655
0.7484881523414515
0.503527237160597
0.7547902941587381
0.38986399566056207
0.7048864703101572
0.5883346784394234
0.9488171361444984
0.11811275000218302
0.1378129503573291
0.4586270280124154
0.08273265222669579
0.7105112663994078
0.579074444132857
0.9619645795028191
0.07771973987109959
0.23530729243066162
0.2745008125784807
0.9215794297342654
0.15685581997968256
0.42371535662095994
0.6506027022260241
0.7298008932848461
0.5403791552525945
0.8587035204400308
0.28265402355464175
0.9873965329898056
0.028977345442399383
0.035790555528365076
0.12474025477422401
0.12551947645260952
0.9393173017597292
0.09597297862637788
0.17960555845638737
0.39078830191283487
0.2425935493374709
0.7623733695654664
0.3981052996823564
0.7350355933303945
0.5250469544553198
0.7956397188245319
0.47121579392114654
0.553511615114985
0.8305378051009029
0.3433141991554294
0.31331017953925766
0.34505735771381296
0.3001196604745928
0.46618263484560885
0.0676347256230656
0.7318386870028917
0.5363526666769758
0.8728588733065408
0.2543432884849608
0.8892783510964364
0.20594036803231575
0.8420071077125613
0.315741159603931
0.848978919617366
0.30985466070706025
0.9428514837927651
0.10648453235626221
0.16172784566879272
0.43447884917259216
0.6320039480924606
0.697166822879808
0.6232726388261653
0.8782115338253789
0.19286429445492104
0.3564579573867377
0.28664150767144747
0.4968769265979063
0.007283973536686972
0.508869615936419
0.7809663460357115
0.40681742058950476
0.1737957315344829
0.9004546277865302
0.22971120430156589
0.2908293909858912
0.9828563196351752
0.03476795108872466
0.6141789646644611
0.8976186499348842
0.23626447055721655
0.2755178259394597
0.41743202417274006
0.16515146344318055
0.9215281260258052
0.15697375882882625
0.4233571695513092
0.6511835242563393
0.7289439883315936
0.5425757474440616
0.8524667485617101
0.2940887462173123
0.47459767243708484
0.058620970259653404
0.5683973811974283
0.9796069089788944
0.04066178706125356
0.6081152531842235
0.908769195782952
0.1786756331275683
0.8926487325516064
0.24926292517920956
0.2517181710281875
0.37734862804063596
0.19504029155359603
0.8521032143908087
0.2947559735039249
0.9729910918395035
0.061341915803495795
0.06479138132999651
0.7263704538636375
0.5551325679407455
0.8247972430544905
0.36712925165193155
0.7657224171271082
0.4298662964720279
0.6370935788145289
0.7096859190787654
0.5806282812263817
0.9677440639643464
0.06450258812401444
0.2256739313597791
0.3063420640246477
0.45176136764348485
0.1122240481490735
0.6544581459893379
0.7220913554774597
0.5519110411114525
0.833909660577774
0.33217875662376173
0.3344522939005401
0.331583719846094
0.3406777739583049
0.3196209628658835
0.3530066093953792
0.2959403075801674
0.4703142388316337
0.04972487656050362
0.5919560796173755
0.9408513024682179
0.09876553967478685
0.6855105446011294
0.6289808478322811
0.7014039068599232
0.6125769203645177
0.9037218953599222
0.22381371894152835
0.3104291952622589
0.4416045358229894
0.10777298404718749
0.6599353966594208
0.6761900557321496
0.6471325683523901
0.736992490303237
0.5299203016911633
0.7838941377704032
0.4908065454219468
0.5185089794395026
0.8106310360599309
0.44062447678879835
0.09947860534884967
0.6838552410772536
0.6317742877872661
0.6973889232322108
0.6205477672629058
0.8838853917841334
0.21844246744876727
0.3131149160617497
0.345412728987867
0.29942417578422464
0.46767760781222023
0.06467510820948519
0.7258734047936741
0.5561267273733392
0.8272075231361669
0.3609047816134989
0.7763502027373761
0.4160493373929057
0.16710406137281097
0.915669866517419
0.17064392345491797
0.40871203382266685
0.678517058113357
0.6430278875632212
0.7495888706471305
0.5009395924862474
0.7510526482074056
0.3786473131040111
0.6919179201941006
0.609174533339683
0.9067120281397365
0.17242293624440208
0.4002102196391206
0.23276361616444774
0.7849691551818978
0.48871646681800485
0.5220916594844311
0.7996897608099971
0.4669885818148032
0.5657954781199805
0.973877735028509
0.05993781326105818
0.06756905940710567
0.7322745077835862
0.5354586212197319
0.8739677143457811
0.2520570536144078
0.8819952437188476
0.19719848447130062
0.8731831895711366
0.2533742213854566
0.8799738350207917
0.20086775213712826
0.36386458107153885
0.27336565594305284
0.4220196410024073
0.14891115730279125
0.9809815126063768
0.03886285668704659
0.11764781799865887
0.1372591430263128
0.9607722749060486
0.07845926482696086
0.21173358656233177
0.32553709400235675
0.36455890504294075
0.27094322504126467
0.4268779472040478
0.1461220259370748
0.9889660763146821
0.023059072555042803
0.04775795963359997
0.08713179323240183
0.7029408914095256
0.6098042671801522
0.8990241395949852
0.23235508147627115
0.28529174579307437
0.9984924651216716
0.0035073993785772473
0.5048259935865644
0.7647539692698047
0.3922449818055611
0.24480310015496798
0.7603938295214903
0.4011216638609767
0.7290066159330308
0.5417540713970084
0.8538931453949772
0.2926867316127755
0.9771242027345579
0.04491331847384572
0.09767297632060945
0.1856030154740438
0.37800050963414833
0.6931113224418368
0.6059648849768564
0.9138453241612297
0.18009082949720323
0.38738456403370947
0.710582182451617
0.578820371592883
0.9624786218046211
0.0771332104341127
0.23635112421470694
0.780315534939291
0.4078125901869498
0.6747393716068473
0.6544273131294176
0.7221349898900371
0.5518237703945488
0.8337230052857194
0.33255398890469223
0.8358139495248906
0.3283725926303305
0.836796651565237
0.32539292611181736
0.8650987846776843
0.2698005377606023
0.42863060426316224
0.14273871693876572
0.9994323253340553
0.0011363029479980469
0.0038383007049560547
0.004041075706481934
0.014119327068328857
0.019124835729599
0.05952863395214081
0.06941886991262436
0.22822768613696098
0.29550098441541195
0.9716203389689326
0.052828250016318634
0.5812298104574438
0.9666907333303243
0.06664429735974409
0.7326802268216852
0.5350515636382625
0.8635247184138279
0.2717299193609506
0.9256620904197916
0.1525321800436359
0.9749574268062133
0.05838688131188974
0.0707947822229471
0.7465959367400501
0.5075864476384595
0.7582379015802871
0.4029571758583188
0.7262628651224077
0.5552791997615714
0.826086624932941
0.36345949867973104
0.771860290056793
0.425502207595855
0.6529018653091043
0.7265623141138349
0.5546879289904609
0.8242193383339327
0.36523617850616574
0.7685568274464458
0.4350655213056598
0.12964763087802567
0.9525444476457778
0.11056686157826334
0.15214765880955383
0.47701999320997857
0.04351860741735436
0.6015338740835432
0.9297352152643725
0.1368094554345589
0.9591690593224484
0.08139297500019893
0.21611647596000694
0.8178280272113625
0.35653526021633297
0.7868078795145266
0.49667766742641106
0.5077504981018137
0.7579365018755198
0.4027777118899394
0.22519836723222397
0.8075398643559311
0.4474202712299302
0.6205362597829662
0.8839274803758599
0.21874618128640577
0.3125076373980846
0.3437767307332251
0.2969112732971553
0.46105491966591217
0.07435000283294357
0.7406908913108055
0.5191064920509234
0.8095463819045108
0.44439141592010856
0.603099251864478
0.9208919800876174
0.15821818599943072
0.4287266514147632
0.6421437688113656
0.7449472890002653
0.5101206891413312
0.7771214859094471
0.4144764863012824
0.1686088365095202
0.9137896454485599
0.180223697447218
0.388518585532438
0.7073377544002142
0.5848114480031654
0.9553735276858788
0.09370840271003544
0.1875826803734526
0.3439508668961935
0.797209622192895
0.46173304528929293
0.5755380167393014
0.9895566033374052
0.02094979234971106
0.051865688408724964
0.08364452625392005
0.20774149833596312
0.8354926121246535
0.3289535077637993
0.8372186469787266
0.3275768287712708
0.8604468001867644
0.2770273904898204
0.9146947124681901
0.16966452542692423
0.4106745566241443
0.6872873611282557
0.6254764659388456
0.6880158438580111
0.5954963955737185
0.9243104886263609
0.15577552004833706
0.9695010684372392
0.0482757881982252
0.08899625315098092
0.19721348755410872
0.8731683141377289
0.2530530206277035
0.8808015511312988
0.19931532081682235
0.3654149979702197
0.7689258936734404
0.43476655788253993
0.6307262547197752
0.699484521348495
0.6161371602793224
0.8927294796449132
0.24948367133038118
0.25102896135649644
0.3784962690260727
0.1923515014059376
0.8584612980776001
0.2829305343911983
0.9868692515592556
0.030106718884781003
0.03353489318396896
0.11701223178533837
0.14098769598058425
0.9929264507081825
0.013071350695099682
0.020717576233437285
0.552558981027687
0.8323938365792856
0.33472286790492944
0.33045555886928923
0.34346812855801545
0.31306135866907425
0.34569520500372164
0.2988439575128723
0.4678286724665668
0.06403938509174623
0.7216677026881371
0.5527621592627838
0.8310908972925972
0.34142690896987915
0.8172666728496552
0.358592316537397
0.28307481863885187
0.4865866416657809
0.03114484847174026
0.5314889137225691
0.8596294490853325
0.2743172121408861
0.41917000015382655
0.16190425850800239
0.934064064436825
0.13138383527984843
0.44811642364948057
0.11939091156818904
0.6366077455750201
0.7111443710746244
0.5745364757895004
0.9910792605951428
0.01784147837315686
0.5624298945476767
0.8126406886149198
0.34423522782162763
0.29737039949395694
0.4626551362744067
0.0765683633799199
0.7380070718063507
0.5278794813202694
0.7889045607007574
0.4925038404762745
0.5125661697238684
0.7727183876850177
0.4232369340606965
0.6516019748232793
0.7282899459823966
0.54534652971779
0.8472952719894238
0.3014650627155788
0.9605613088642713
0.07899938919581473
0.21214987977873534
0.32789747620699927
0.8597976261225995
0.2740573596674949
0.9196453572949395
0.16070851424592547
0.9374749118287582
0.12505779828643426
0.4375685812847223
0.09397142651141621
0.6721614693815354
0.6493899481138214
0.7315011706377845
0.5366926190908998
0.8720645908324514
0.2568464284995571
0.8843016640166752
0.2175738835358061
0.31491316013853066
0.35112733583082445
0.30549680729745887
0.4505251735972706
0.11457654708647169
0.6458619261684362
0.7395299436757341
0.5209096024918836
0.8019384839572012
0.4588671874080319
0.08222735903109424
0.7093398231372703
0.5818095885333605
0.9652566884760745
0.06899357336806133
0.2292323236761149
0.7915351589035708
0.47935621946817264
0.5412856536859181
0.8553867243463174
0.2892284586268943
0.48086839125608094
0.037770823430037126
0.6197709676634986
0.8854895377880894
0.21339582005748525
0.3230538626376074
0.36957816084031947
0.26134727694443427
0.39930299323168583
0.2316521396569442
0.7869389076076914
0.49644983472535387
0.5066120119008701
0.7601832137443125
0.40199685355764814
0.2272862256213557
0.7944509494409431
0.47344910429092124
0.5619518881139811
0.8135713536757976
0.3473408123536501
0.30141236368217506
0.4606823231151793
0.07863487690337934
0.7126948744116817
0.5766282264376059
0.9878566830593627
0.028295941185206175
0.03814277867786586
0.11872188502456993
0.13964573031989858
0.45508378543308936
0.0927850047883112
0.6889862557582092
0.5964847672730684
0.9281891873397399
0.14411088969791308
0.49704914071480744
0.006880251719849184
0.5093722968304064
0.7802018873626366
0.4083471863705199
0.17918545709108002
0.8916272901406046
0.24564556521363556
0.25864705943968147
0.9036042068037204
0.2241045290720649
0.30960340457386337
0.4429842147801537
0.10634125999058597
0.6633284087583888
0.6813995845732279
0.6390432131593116
0.7067386538838036
0.5904444207553752
0.9452097986941226
0.10179800289915875
0.16823015859699808
0.9130241025995929
0.18176454066997394
0.3861714648955967
0.21201272090547718
0.8278132571431343
0.3600002747261897
0.7751014090026729
0.4204955339082517
0.6591327627829742
0.6778435427695513
0.6437068498053122
0.7480171486386098
0.5039533031522296
0.7637589667574503
0.3937467291834764
0.7479240985994693
0.5041517300996929
0.7645294404646847
0.39276676264125854
0.7493710130802356
0.5012574974098243
0.7534131677239202
0.3798924154252745
0.700709560624091
0.6140535310842097
0.8979325022373814
0.23538546863710508
0.2769668880791869
0.4149392516410444
0.16917545269825496
0.9118913206330035
0.1839993429603055
0.38151499949162826
0.6979074972623494
0.6198001705342904
0.8854035928088706
0.21359928650781512
0.3228089369367808
0.869947993545793
0.2601193927403074
0.4021283255715389
0.22696223339880817
0.793630580912577
0.4762154005584307
0.5554104869661387
0.8257018674630672
0.3640727376623545
0.2728921223024372
0.42295689685852267
0.15201150267967023
0.9772232979594264
0.044577825465239584
0.09837510873330757
0.1870369087846484
0.8757740789151285
0.1889425638364628
0.3467232789262198
0.8023420163372066
0.4579467383446172
0.5850830855197273
0.9550172957242467
0.08798248105449602
0.19841085057123564
0.8690426721295808
0.263900272664614
0.8938303109607659
0.2475466938340105
0.25491027810494415
0.38822123224963434
0.20787912895320915
0.8352200739609543
0.3294835655251518
0.8391054344247095
0.3220351716154255
0.8734319638169836
0.2536587454378605
0.8794007878750563
0.2028911738016177
0.8597663395048585
0.2741506666643545
0.9194721646490507
0.1609922440839
0.43680564904934727
0.12645736688864417
0.9404415380849969
0.09914269158616662
0.1843745585065335
0.3822922989493236
0.6963527534971945
0.6247315300279297
0.8755450471653603
0.1892784089432098
0.3460669147025328
0.3044481987890322
0.4535043155483436
0.0866284538351465
0.7007673374318983
0.6142124548787251
0.8975454296160024
0.23603623220697045
0.27598966914229095
0.91689157334622
0.16624784815940075
0.9172637504816521
0.1654428390902467
0.4210750612837728
0.15809615774196573
0.9240267998247873
0.15560232568532228
0.47004439448937774
0.550160814775154
0.8410846212937031
0.31780050799716264
0.8565864823176526
0.2870998755679466
0.9961119705985766
0.005918180802837014
0.010807689162902534
0.025130875583272427
0.045441355876391754
0.5965438548300881
0.9280042447499
0.14444927457952872
0.496256926067872
0.006265324569540098
0.5113970391394105
0.7740809292299673
0.4196077652450185
0.16078443246078677
0.9372545466467272
0.12549102632328868
0.439214889658615
0.5960801684996113
0.929406435432611
0.14118908694945276
0.49412634631153196
0.5136981370742433
0.7685936638736166
0.43516279285540804
0.6297964100667741
0.7023289009230211
0.6112115774012636
0.9005856346338987
0.22984937115688808
0.7903011940361466
0.48382403410505503
0.5323523796978407
0.8632241653394885
0.27744912571506575
0.9122653117810842
0.18303372734226286
0.38393346674274653
0.7187358505907468
0.5625266375136562
0.9687882795115001
0.04697843251051381
0.08609637277550064
0.6996411744330544
0.6158543624333106
0.8932754207053222
0.2486056470661424
0.2529279413574841
0.38086262872093357
0.1982471315714065
0.8686655831115786
0.26442355720791966
0.8929961898247711
0.24965262837940827
0.2507289796776604
0.376471236377256
0.19019564249902032
0.8500012868607882
0.30832873878534883
0.9458419267903082
0.12290382065111771
0.12919426706503145
0.9521207884245086
0.11137917271116748
0.15535429699230008
0.9704203561705071
0.049393662658985704
0.09273865734576248
0.689522536151344
0.6008276814827695
0.9314012813556474
0.1390509926714003
0.45674597355537117
0.5904152564471588
0.9452680942777079
0.1016494040377438
0.1681613342370838
0.41247377020772547
0.6833526414702646
0.633184329199139
0.7155268135829829
0.5699370038346387
0.9774359643342905
0.044185874809045345
0.09937119888490997
0.6839712995861191
0.631553845887538
0.6978267129161395
0.6201084264903329
0.8847831199527718
0.21392803237540647
0.3218388227687683
0.3739934637269471
0.2520007865095977
0.38192180954501964
0.19697103524231352
0.8736512015166227
0.2528215745696798
0.881060327112209
0.19857651978963986
0.3684720946184825
0.264989862247603
0.391901995142689
0.24555353229516186
0.7589100437762681
0.40588596707675606
0.7194290074403398
0.5484390431665815
0.8387871374725364
0.322423996462021
0.8705398805614095
0.25892048492096364
0.9062180056935176
0.2188144807878416
0.7970932987809647
0.4612419379991479
0.57513599874801
0.9913048266898841
0.017264954192796722
0.5572670857945923
0.8229916057316586
0.3696439342747908
0.2605136896308977
0.40081093364278786
0.23011546771158464
0.78975374539732
0.4820169151062146
0.5360882419045083
0.8741105967783369
0.2516567697166465
0.8775632400938775
0.194214231451042
0.3536993953748606
0.7923294288048055
0.4778317242162302
0.5463544781669043
0.844790797738824
0.30051163415191695
0.9653906778839882
0.07013417151756585
0.22691109718289226
0.2937362503143959
0.9760737305914517
0.05566504248417914
0.07764009281527251
0.23511206562398002
0.27479482753551565
0.4210981366049964
0.15804599176044576
0.9241426298685838
0.15612648759270087
0.46899750546435826
0.04773405849118717
0.587111943954369
0.9529886384261772
0.10964538363623433
0.6493309133511502
0.7316107167280279
0.5370226828963496
0.8712746404926293
0.2562300158315338
0.886428587109549
0.2115330845117569
0.32607441395521164
0.863508652895689
0.27176248098840006
0.4257706581556704
0.15236592074506916
0.974656824633712
0.05770339036826044
0.07197161082876846
0.24865015744580887
0.752820922905812
0.38106166024226695
0.6985684926039539
0.6184878061176278
0.8899813179741614
0.20441206969553605
0.3392152264423203
0.32157049330999143
0.3745056801417377
0.25099054552265443
0.37843578626052476
0.19219840425648727
0.8588282763084862
0.28232437383849174
0.9879712764522992
0.027963683533016592
0.038783157215220854
0.6177460681938101
0.8886705516488291
0.2070340194622986
0.33399030994041823
0.33106547585339285
0.34133285298594274
0.31718358435318805
0.3588577962073032
0.28227486615651287
0.4878833132388536
0.028261693805688992
0.538184038043255
0.8688299829373136
0.26429360985639505
0.39327252146904357
0.24860805910429917
0.7529207265761215
0.3808774165227078
0.6983014718571212
0.6187166386516765
0.8896228433295619
0.20513718901202083
0.3428384147118777
0.8141922628274187
0.3462253261532169
0.3035783598024864
0.4553442340984475
0.09367525440757163
0.687647702958202
0.5942174850497395
0.9224046281597111
0.15024689596612006
0.48271129693603143
0.535126722039422
0.8633304786635563
0.2715729570190888
0.42499467291054316
0.15415365385706536
0.9729446163692046
0.061496497655753046
0.06450307645718567
0.7256686147593427
0.5563531919033267
0.8267506749252789
0.36224572226637974
0.7793954936496448
0.40935628674924374
0.6776274619624019
0.644729850377189
0.7405626818654127
0.5193604373489507
0.8089515728061087
0.4441088096355088
0.6039374557731207
0.9176138632465154
0.16475701463059522
0.9195069104025606
0.1611244137166068
0.43654046597657725
0.6265204309893306
0.6902580221649259
0.5999679643718991
0.9333610801259056
0.13319972876342945
0.9655638863623608
0.0698524842155166
0.22732992874807678
0.794433197734179
0.4736337237409316
0.5600596364529338
0.817142189363949
0.3587690305139404
0.28242485577357
0.4881440666213166
0.02761123192613013
0.5380063604970928
0.8693006730172783
0.2611621580144856
0.39954829975613393
0.23433628343627788
0.7813274624350015
0.4845846245298162
0.5237507323618047
0.7938200184726156
0.47583759849658236
0.556038105947664
0.8273585542337969
0.361151570425136
0.27573610658873804
0.41776646961807273
0.16452812930219807
0.9184992356749717
0.16391648317221552
0.42998714809073135
0.6376450896204915
0.7100766439689323
0.5797265639703255
0.9635784917045385
0.07284107935265638
0.7450649022648577
0.5098876039264724
0.7764894703577738
0.41595488623715937
0.6700143254129216
0.6593485811899882
0.677638707915321
0.6447531021258328
0.7405220904620364
0.5195051268383395
0.8086546990089118
0.4434205785219092
0.10470619003172033
0.66581796205719
0.6703734654583968
0.6597431087284349
0.6767449202598073
0.6474910133401863
0.7358711925917305
0.5262310578837059
0.7912858799681999
0.48038598540006205
0.5392301737738308
0.8558658172842115
0.2877662558166776
0.4947752772422973
0.010481871344381943
0.525910966709489
0.7918576129013672
0.4787885739642661
0.04288037822698243
0.601735428761458
0.9183553096372634
0.16283161882893182
0.9321492772141937
0.1355488559929654
0.46333829330978915
0.5738116915745195
0.9931239250581712
0.0127755947469268
0.5212005485373084
0.8013493648031726
0.4609037169429939
0.07819365386967547
0.7111587746476289
0.5745048972312361
0.9911862247681711
0.017634582822211087
0.061593880818691105
0.06420733415870927
0.7211951521749143
0.5534707488259301
0.830458161624847
0.3434634262230247
0.8130767460679635
0.34564914435031824
0.29892848667805083
0.46794107448658906
0.06436196182039566
0.7208716198510956
0.5541016012430191
0.8293292448215652
0.33963252237299457
0.8207919804553967
0.3715996027458459
0.757629064260982
0.3832404364075046
0.21542507203412242
0.8202388924255501
0.3517135218717158
0.793430122314021
0.4751477152167354
0.0574555580096785
0.5725887386652175
0.9959396790945902
0.008121111168293282
0.5281724161759485
0.7883903131005354
0.49359315569745377
0.5147420180437621
0.7672647864092141
0.43226728346780874
0.13549393150606193
0.963387137191603
0.07302637037355453
0.24454175535356626
0.26141347325756215
0.3990480870997999
0.23211694430210628
0.7857369276753161
0.4999248665990308
0.5001485975808464
0.750465725606773
0.3755310156266205
0.6893076343403663
0.5960017292527482
0.929641396010993
0.14073245250619948
0.49233403138350695
0.5121905628475361
0.7720055932295509
0.4246739114751108
0.6545584265550133
0.7225951051805168
0.5509035251161549
0.8344119266839698
0.331635352660669
0.3407452167302836
0.3194841247459408
0.3534938937809784
0.29496748370002024
0.4717715904407669
0.05241466694860719
0.5826658216828946
0.9606773735722527
0.07864549497026019
0.71275559606147
0.5764462318620645
0.9881902994238771
0.027513216191437095
0.03750097201555036
0.6208294733951334
0.883341038483195
0.2166550887923222
0.8166898370545823
0.3583824908710085
0.7832349884265568
0.49132078664842993
0.5172404094482772
0.8073465373017825
0.44781337765743956
0.6199376816803124
0.8851055350387469
0.21465936370077543
0.8207422956184018
0.3716799270478077
0.7577464378846344
0.3829446246381849
0.7152966040885076
0.5689185082155745
0.9794883499853313
0.04102330727619119
0.6045189625292551
0.9155638115480542
0.17077185728703626
0.9084562555362936
0.179595134453848
0.39084051677491516
0.7424793496611528
0.5126638801884837
0.7725235059042461
0.42355624196352437
0.6509305726212915
0.7293275806587189
0.5413486830948386
0.8552911576116458
0.289410025550751
0.48123805367504247
0.03856911775073968
0.6181742942717392
0.8901620320393704
0.2038982883677818
0.33738164251553826
0.3271903752174694
0.3609390817291569
0.2762871459417511
0.41617416971712373
0.16741490937420167
0.9151700841321144
0.1718437309609726
0.406312778533902
0.6720908732095268
0.6487348304362968
0.7313999351754319
0.5381704927422106
0.8688484977756161
0.26427138823783025
0.8934552330465522
0.24827630154322833
0.2531986210378818
0.880292897898471
0.20035077282227576
0.36516334756743163
0.7696731557953171
0.4282145195757039
0.6440592420694884
0.7468831271398813
0.5072713395638857
0.7589090663241223
0.4058879222429823
0.2194355316751171
0.7984488812217023
0.4637754737632349
0.5724795739515685
0.9954078831360675
0.009240491490345448
0.030349049106007442
0.5329451461147983
0.8618421754217707
0.280068923777435
0.9086750351998489
0.17923196079209447
0.39147170609794557
0.7434237751876935
0.5150688520807307
0.7667363411746919
0.43355308918398805
0.1328938225924503
0.9650472859211732
0.06868472282076254
0.2303066039166879
0.7893867912061978
0.4812832824536599
0.5384094090841245
0.8684977358207107
0.26495761566911824
0.3919509638508316
0.24539542410639115
0.7592662647075485
0.40529508143663406
0.7202631197869778
0.5496510323428083
0.8421041472465731
0.31626068957848474
0.8479550020711031
0.31147708266507834
0.9395611269283108
0.1007344753597863
0.1816180994210299
0.8887145046901423
0.2061535021639429
0.34148492393433116
0.3170292281138245
0.35909058587276377
0.2818187993543688
0.4862886822375003
0.025469535641605034
0.5422043936850969
0.8533351594815031
0.2952637064445298
0.472468974563526
0.05121678751311265
0.5845924413588364
0.9559373072697781
0.09199444210389629
0.19078246896970086
0.8489019035187084
0.30997794488212094
0.9425441102066543
0.10734554764349014
0.16030890349065885
0.4359590817184653
0.12856320376158692
0.9421205345133785
0.10892394732218236
0.1570984089630656
0.4231098949385341
0.15175075436127372
0.9777826000645291
0.04663206310942769
0.09411945170722902
0.1725513789569959
0.40000703249825165
0.7333110995532479
0.5333849535090849
0.8665797107096296
0.2667909876909107
0.9334513567155227
0.13309726837906055
0.9658002187788952
0.06937612389447168
0.22812982308096252
0.7958155486558098
0.4708706908277236
0.5541082318814006
0.8292712577385828
0.3397465657617431
0.3205367808986921
0.37137785225058906
0.25681898606126197
0.38479929682216607
0.21397919420269318
0.82191955667804
0.3737694099545479
0.7524611614644527
0.3816447910212446
0.19770906408666633
0.8706903845595662
0.2587429123232141
0.9034279907937162
0.22426717594498768
0.30931081154267304
0.4448549729131628
0.10240197469829582
0.6692131810414139
0.6615421293536201
0.6847284955147188
0.630794778931886
0.6993474306364078
0.6156712904921733
0.8941607061424293
0.24695691181113943
0.25704926913022064
0.384583094768459
0.21713439995073713
0.8162099445762578
0.3481134684989229
0.8110972816939466
0.4404029832803644
0.599658968829317
0.9326992090791464
0.13447857930441387
0.9673743486346211
0.06537322595249861
0.22471568192122504
0.30777078060782515
0.44719274461385794
0.12319656784529798
0.6283941949077416
0.6924378867843188
0.6070084580569528
0.9111201773048379
0.18655240879161283
0.3764988822804298
0.1902967541536782
0.8498763145471457
0.3085176203167066
0.9454578391159885
0.12156365584814921
0.13138536081532948
0.9481133213557769
0.1193974032648839
0.13661706724087708
0.9611713346384931
0.07448373275110498
0.2411387355241459
0.7677221135527361
0.43699839973123744
0.6260062366200145
0.69095005444251
0.5984981026558671
0.9367966713616624
0.12637592360260896
0.9406036385626066
0.09950612002285197
0.18383459220058285
0.8811110069800634
0.19910458516096696
0.36739824395044707
0.26203063866705634
0.39731752141960897
0.23661698066280223
0.7812215896847192
0.4063027674565092
0.6719525742228143
0.6486466550850309
0.7307828431366943
0.5379632060066797
0.8693861469510011
0.26159965415718034
0.898625983245438
0.23081656149588525
0.2878795530414209
0.9946221771533601
0.011242965760175139
0.024190585099859163
0.5443617496930528
0.8487774534733035
0.3105322510818951
0.9414307312981691
0.10746637254487723
0.15927379409549758
0.42742027653730474
0.14515948042389937
0.9919419339566957
0.016115915961563587
0.056402584072202444
0.07654928113333881
0.23799946100916713
0.2779062252375297
0.9140514990722295
0.17970902496017516
0.3867673844797537
0.7090740270796232
0.581240663130302
0.9666495605488308
0.06670835969271138
0.2333445440453943
0.7833032820199151
0.49137835431611165
0.5174873765499797
0.806809724192135
0.4486344766046386
0.11838655525934882
0.6404261258139741
0.7035837830044329
0.5864751141343731
0.9510159887722693
0.11359391693258658
0.14731625557760708
0.9866151633032132
0.031226193124894053
0.031304952659411356
0.6094502276100684
0.8986684769042768
0.230742811167147
0.28799557880847715
0.49431169699528255
0.011136243032524362
0.5246332866663579
0.7966883213957772
0.469183807465015
0.04746456237626262
0.5878099095716607
0.9513333053328097
0.11271612605196424
0.6534740016504657
0.7245368692092597
0.558742572349729
0.818822942150291
0.3550369302392937
0.7898653407755774
0.48180992202833295
0.5363806465175003
0.8724405806569848
0.2550801174947992
0.8885366494650953
0.20730528101557866
0.3348706392280292
0.33024916614522226
0.3431675984465983
0.31369538014405407
0.3474704014661256
0.3012138629856054
0.4595763149263803
0.0809703866543714
0.7169732252659742
0.5658084551105276
0.9738368193793576
0.0603830018080771
0.06673280405811965
0.23323408735450357
0.2835356403957121
0.9920117041037884
0.015968961524777114
0.055463466967921704
0.07565754497773014
0.7393184935499448
0.5210577886900865
0.8017288284027018
0.4600094882189296
0.5796796587237623
0.9638093888061121
0.07236218263278715
0.7452981509559322
0.509647740109358
0.7794940054300241
0.40953311120392755
0.6770314614695963
0.645906551508233
0.7394324861525092
0.521379403420724
0.8010198033589404
0.45923947682604194
0.5819330352824181
0.9650721721409354
0.06863480771426111
0.2304548627580516
0.2890883400978055
0.4805084941035602
0.03721490330644883
0.6202723713649902
0.8846955794142559
0.2169369067705702
0.8159163780801464
0.3486364689306356
0.8100627243693452
0.44215282588265836
0.6087821166729555
0.9074705678212922
0.17553737992420793
0.4027109059970826
0.7252817325061187
0.5572238561871927
0.8231704835779965
0.36928495930624194
0.2612164490565192
0.3994402583048213
0.23392587978742085
0.7820889663707931
0.48562674544518813
0.5268419655913021
0.7900641612941399
0.48392854325356893
0.03208187923883088
0.6106386118044611
0.901831639232114
0.22759391870931722
0.7964618701080326
0.46971364866476506
0.547881681646686
0.8393869011779316
0.3211527651292272
0.8723408843798097
0.2552877131383866
0.887861231691204
0.20889667767914943
0.8322125454724301
0.3343536088359542
0.8317317109031137
0.340435205725953
0.8202270291512832
0.3517414999369066
0.29334316452150233
0.4753092954342719
0.057193909102352336
0.5732254376343917
0.9941746015101671
0.010853475920157507
0.5250469237507787
0.79563991620671
0.47121539918589406
0.05351250551757403
0.5805360241502058
0.9683079672977328
0.06331683092867024
0.7200448800285812
0.55015984387137
0.8410860820731614
0.3177973182173446
0.8565967012546025
0.28708125330740586
0.9961459859914612
0.005937978625297546
0.010955475270748138
0.025208216160535812
