0.37416388938436285
0.7519506660464685
0.37695804284885526
0.6943492160644382
0.6030465610383544
0.9207062531495467
0.158649005665211
0.9292877740517724
0.14154747576685622
0.4932646745292004
0.015303612948628142
0.5162673028826248
0.8063228176906705
0.4518112070218194
0.11203356538317166
0.6548353054386098
0.7215194268501364
0.5530548943788745
0.8318712205509655
0.3401607261621393
0.8192050484649371
0.3537772949784994
0.7929074270650744
0.47668516033445485
0.04339779805741273
0.600191312172683
0.932547897042241
0.13490420585731044
0.46435102840769105
0.07129792895284481
0.7495417231402826
0.5007639648392797
0.7514531514898408
0.37795688660116866
0.6929090538469609
0.6063160460907966
0.9133420841826592
0.18105311051476747
0.3898774384870194
0.7048569918551948
0.5882992149563506
0.9488893453672063
0.11785404430702329
0.1383153439965099
0.4577288463478908
0.585518870211672
0.9541011942201294
0.08691491925856099
0.2026378960290458
0.8601110206509475
0.2747844870900735
0.9210955264861695
0.15806835383409634
0.42410148211638443
0.1561610345088411
0.9689241154992487
0.047259324812330306
0.0866680282051675
0.20068647208972834
0.8640189756697509
0.2728393693687394
0.9230569372302853
0.15217714855680242
0.4768938568595331
0.04377089490299113
0.6009518148784991
0.9309089018497616
0.1400161123892758
0.9542873987520579
0.08969714341219515
0.1956137900124304
0.37201705257757567
0.2569546475133393
0.38440566524513997
0.21747858487651683
0.8150581034424249
0.3504750902066007
0.8068470346624963
0.4485594058060087
0.6185223525098991
0.8899084124714136
0.20452300741453655
0.8390027671994176
0.32222311093937606
0.8731357177603059
0.2531184473191388
0.8807183665630873
0.1994996026623994
0.3662066546967253
0.7675864986958914
0.436551483173389
0.6265002957952674
0.6903056201990694
0.5998575393168721
0.933485314832069
0.13301464330288582
0.9651757018000353
0.06915878021391109
0.22886207545525394
0.7927641009737272
0.47703473683213815
0.5434893580095377
0.8514273044420406
0.30496147109079175
0.45010510392603464
0.11638181420858018
0.6424845652945805
0.7443582914420404
0.5110457138507627
0.7748450553626753
0.4209939406136982
0.6578965136723127
0.6744418245507404
0.6549728160898667
0.7212976620066911
0.5536204962118063
0.8302497110562399
0.34316650216351263
0.31369631181587465
0.347469001164427
0.3012168124841992
0.45959238955401815
0.08093723529600538
0.7169945860805456
0.5657819273183122
0.9739029954362195
0.05997605109587312
0.06754981982521713
0.23233188164886087
0.2853266854654066
0.9984422406123485
0.0036344508407637477
0.004446033562999219
0.015460027701919898
0.5159583275963087
0.805485543271061
0.4505457343184389
0.6145335239998531
0.8959843311458826
0.23928515150328167
0.7710339218319859
0.4266287524951622
0.6477181037771516
0.7357374944840558
0.5266033572261222
0.7907874540542252
0.48284293088363484
0.5348041349498089
0.8639701914507896
0.27304046173230745
0.42279115054407157
0.14950725986273028
0.9840570056403521
0.03188974258955568
0.11105571285588667
0.1509321113990154
0.9793248008063529
0.04134419944602996
0.10529887530719861
0.16441750861122273
0.9187229917442892
0.16350002505350858
0.43081604124745354
0.6405956988164689
0.7031740351812914
0.5860263500071596
0.9494075011461973
0.11558166428585537
0.6443237565399613
0.7465778783662245
0.5063559927220922
0.7605261967983097
0.40079193786368705
0.23016304863267578
0.7896739176067058
0.48212016897741705
0.5357405735994689
0.8749385695555247
0.25012298015644774
0.875428282743087
0.18808336521033198
0.34563122753752396
0.7989729881228413
0.4682466824306175
0.5634997209417634
0.9722108760033734
0.05161191645311192
0.0852599696663674
0.7045429435383994
0.58897626347607
0.9469296942115761
0.12374914035899565
0.1274878425465431
0.9441772549471352
0.10383501660544425
0.16783349256729707
0.4143365850613918
0.16885493500740267
0.9132573941315059
0.1815457328921184
0.38889170036418363
0.7063548607693519
0.5912574677495286
0.9425007851968985
0.10706385248340666
0.16085619933437556
0.437076679605525
0.6259595321898814
0.6885104125831276
0.5972795597335789
0.9266562686534598
0.14769439070369117
0.9861063720018137
0.025803620752412826
0.04262883434421383
0.6022729834367055
0.9194765169522725
0.16098549641901627
0.43682555106352083
0.12641095372964628
0.940529834566405
0.09928848419804126
0.18423538230126724
0.3824934634321835
0.19594866564148106
0.8727814971061889
0.2544389140093699
0.8904751471127383
0.20342089008772746
0.3368720011494588
0.32528328060288914
0.3649351760686841
0.27012246372760274
0.4296037053281907
0.1407894747389946
0.9925904955307487
0.012385368230752647
0.023080825980287045
0.047572136245435104
0.5874724395398516
0.9521472467458807
0.11133039282867685
0.15528077419730835
0.9702230510592926
0.04958907497348264
0.09219758989638649
0.6910995364014525
0.5982701400644146
0.93719919124851
0.1255950589547865
0.43936163987382315
0.09587120814830996
0.6791002789104823
0.6418274774914607
0.7458869998517912
0.5082949069328606
0.7778456879605073
0.4138372917077504
0.6801112113462295
0.6373357548145577
0.710641913319705
0.5787306542042643
0.9627778445428703
0.07638408441562206
0.23761254496639594
0.27866214615642093
0.4114337895589415
0.18500607149326243
0.88000216303044
0.20081137178931385
0.3639641047338955
0.7730617957131471
0.4227477040840313
0.6496559886145405
0.7341352881048806
0.531631228805054
0.8600621272926219
0.27498794841812924
0.9208511312899645
0.15831350279040635
0.4288602074375376
0.6425550479325466
0.7441944683087058
0.5108152221073397
0.7751388166216202
0.4204254916985519
0.6589891611074563
0.6781733634416014
0.6441563078260515
0.7469656924949959
0.5070800445682835
0.7595215514302254
0.40466332065989263
0.22235131831257604
0.8013619288394693
0.46086236264090985
0.5782736075925641
0.9614032388781197
0.07474973547505215
0.2420419802365359
0.7659236763429362
0.43061817198758945
0.6378023150318768
0.7086414002114907
0.5827453329402488
0.9604868213646114
0.07897295130533166
0.7121734558313619
0.5775299211964011
0.9855880900577176
0.027111108240205795
0.039449761010473594
0.6061890085984487
0.9136025984189473
0.18045463837916031
0.38818237927625887
0.20801024886895902
0.8335026019194629
0.3327735570492223
0.8353536310023628
0.3293232294381596
0.8396421724173706
0.32077760668471456
0.8716360253747553
0.2576426420419011
0.38316749842488207
0.21559740384691395
0.8197516395302955
0.3526880663121119
0.796850458427798
0.4688071548589505
0.5469437977008056
0.8361782599240541
0.32446917801280506
0.36609929948463105
0.26778611811459996
0.4368392733449582
0.12633695025579073
0.9406874153355602
0.09901738713961095
0.1848119610804133
0.38062020236975513
0.19959815198672004
0.8659251597418915
0.26814920315518975
0.9364799063187093
0.12704447880969383
0.9445195008593146
0.1033635517815128
0.17021356307668611
0.41012028287514113
0.17585372916073538
0.8967208863759879
0.23756027256604284
0.2787075049127452
0.9113645568431821
0.1853308704448864
0.37930751423118636
0.7018426762369927
0.6119396325666457
0.9049719119502697
0.22128711745608598
0.3036487362696789
0.9552024976292159
0.0932079964550212
0.18857637647306547
0.3473336059541907
0.30142653817893006
0.46063205334939994
0.07873589350492693
0.7125873380864505
0.5767536520725116
0.9872351844969671
0.029435761738568544
0.03466293006204069
0.1142678897595033
0.1460218268330209
0.4890537584142294
0.022929302329430357
0.5478912761027459
0.8394610875984654
0.3211998950864654
0.3722446000028867
0.2557548326149117
0.3869626061350573
0.20922909941873513
0.831910996028455
0.34002897510072216
0.8187020310142543
0.35527940664906055
0.7895041289157234
0.48106547916540876
0.5389657669875305
0.8674115953035653
0.26200298199546523
0.3974410225346219
0.23636783336405642
0.7803790195321199
0.40786989056505263
0.6744908922119066
0.6549244646157604
0.7214348220732063
0.553224344184855
0.8308128627249971
0.34217037513735704
0.3161094175011385
0.34826422002515756
0.31238246549037285
0.4376977793581318
0.09410210701753385
0.6726339572051074
0.6498187688412145
0.7335632028698456
0.5331186624243855
0.8615046791092027
0.2806548595544882
0.907425037905341
0.1756211679894477
0.40266084240283817
0.7254548158380203
0.556902676646132
0.8241561952163465
0.36731307284208015
0.7621504304406699
0.3970792137552053
0.7372136426856741
0.5294664979155641
0.7845709600951523
0.4894827943353448
0.021278558910125867
0.5512508178653661
0.834509557695128
0.3309274713683408
0.34205142644350417
0.31630913433036767
0.34788076046970673
0.31083027643035166
0.44139090928365476
0.09768692785291933
0.6856540796870831
0.6280752973398194
0.693341859820066
0.6055037674959749
0.9122310284583364
0.18274018226657063
0.38470558979315683
0.7168918499664869
0.5656022530747578
0.9745093530218583
0.058824192034080625
0.06862899044062942
0.23038728459505364
0.28922556512407027
0.4808750397351105
0.03776077550719492
0.6197906509332824
0.8854207210824825
0.21353355626342818
0.32292884154594503
0.3697673168790061
0.26049420188064687
0.40088659620960243
0.2292749617190566
0.7914183632528875
0.48015972145367414
0.5396805572672747
0.8571436051861383
0.2857115968945436
0.9999808015709277
3.839866258203983e-05
0.00010384980123490095
0.0001594984787516296
0.00042129153735004365
0.5006240716029424
0.7516667474410497
0.3775296924286522
0.6942825242585968
0.6036148220300674
0.9171562716655899
0.16592986515024677
0.42010044140624814
0.15955521471914835
0.9269699430733453
0.14630473125725985
0.4886214262805879
0.5222774639260024
0.7992562273575459
0.4683544497238472
0.5634038708521985
0.9698757306323387
0.05075709166703746
0.08989969486719929
0.6934305986214895
0.6047312099835835
0.9157817033701576
0.17031342530390248
0.40989205994992517
0.1763096266950015
0.8982954979001079
0.23465889284852892
0.2743975004996173
0.9189784206391778
0.16173416830133647
0.43446634634165093
0.6320782022958156
0.6970244518015534
0.6234184800705407
0.8786132038803771
0.19200854047085159
0.8592689861834515
0.2814877757919021
0.984633792511886
0.02430846425704658
0.04418508929666132
0.09937396616442129
0.1839904492662754
0.8815613257756922
0.19779976655263454
0.36995715968078
0.760082596068969
0.40221287275198847
0.7268241799320094
0.5438840329297818
0.8507084985612892
0.3065812755958177
0.9512657515879255
0.1124798075761646
0.15419072133954614
0.4728942883084528
0.5608052542374935
0.8163014779565856
0.3478998730133753
0.3107920496549923
0.4412877149588894
0.09784373271395452
0.6858977732190397
0.6286927267210558
0.6918794307566714
0.6079334449023008
0.9089781372167636
0.178199460322503
0.39409699008683674
0.24690031170030124
0.7571911975683179
0.38405590772163123
0.7181858515250497
0.5636221126769669
0.9726389733259566
0.05081579025136307
0.08410483723855577
0.7061804265540559
0.5917399427271448
0.941512067860458
0.10757645004196092
0.15959854851826094
0.9268968924006913
0.14647896599490196
0.48829253803705797
0.5215075729356613
0.7998474760679528
0.46640707572805695
0.06731551166740246
0.7335349442146253
0.5331592177972198
0.8614140316203702
0.2804672371712513
0.9080751634610351
0.1740859707351774
0.4061467725550756
0.7189907102729194
0.5471255551674403
0.8368020587950014
0.3254040005267598
0.8650611543271225
0.26989342691376805
0.9284748358186334
0.14297165014431812
0.999732725933427
0.0005421765381470323
0.0017831518198363483
0.00230830124928616
0.507589952001581
0.7582271035062149
0.40298320350120775
0.22629047933151014
0.8052276895323303
0.4510074966819957
0.6136138052097522
0.8972850624122657
0.23667236877372488
0.28104884093045257
0.40671322648995556
0.17242102199816145
0.9002150023879949
0.232765487045981
0.2849549825186841
0.9887457774893846
0.022027674014680088
0.049635505478363484
0.0921506242302712
0.6911908474576194
0.5980562860495411
0.9362078318954445
0.12758419261081144
0.444080878602108
0.10402663788408972
0.6667941363120917
0.6664665568387136
0.6675542115408462
0.6650289217941463
0.6689655937079806
0.6616720496094786
0.6844073674292304
0.6321620509843342
0.6966133961104788
0.6243497831164859
0.8763002101914026
0.1907627686741762
0.34894313834956847
0.3099186255421955
0.4426629878289532
0.10693024474312551
0.6611390319594648
0.685068893362768
0.6296639125503134
0.7025561966001987
0.6105127167247701
0.902264627686236
0.22672044270439073
0.2933930350409355
0.47522663316340186
0.05732132509001531
0.5728744793741498
0.9949985860148445
0.009953222906915471
0.5267177378118504
0.7903146388125606
0.48387248656945303
0.5322530156408902
0.8628316188696772
0.2781808738654945
0.41336488179513253
0.1811509238614235
0.8896510835329536
0.20459596801083535
0.3386341633158736
0.8226553651911672
0.37083210865966976
0.758335811435245
0.40417436251300387
0.2229012230236549
0.8114025634422433
0.4396394626237452
0.6009265955071896
0.9309671804367099
0.14007979969028383
0.4542072757030837
0.5895102616341319
0.9459761985344812
0.12269601339357905
0.6296312099148054
0.7026485469541512
0.6101290942751803
0.8998284888803028
0.23354990227380767
0.2831748679454904
0.4863813014526386
0.030350117449415848
0.5329215261444915
0.861890365194995
0.2802627899800427
0.9082253736851271
0.17875799094326794
0.392176934867166
0.7450650922837667
0.5098869817447849
0.7764905712683685
0.41595763695659116
0.6700190085393842
0.6593592583667487
0.6776189575030003
0.6447239454137161
0.7405958920426201
0.5192963927984238
0.808989070384996
0.44406394293764606
0.604055857489584
0.9168277338612825
0.16634828728274442
0.9177926770935301
0.16440701659303159
0.4187463542330079
0.6635448404995259
0.680713513167575
0.6402247393561993
0.7040471743093804
0.5870152003772091
0.9527998827397823
0.11002511347760446
0.6500688596570399
0.7330655247205868
0.533865137695102
0.8658632361330092
0.2683078560803551
0.4360407762869727
0.12769722894881852
0.9437468059768435
0.10521304723806679
0.1645776660880074
0.41971430665580556
0.6606405357306357
0.6860432068351656
0.6277128298825119
0.6937636454822496
0.6051561156928074
0.9146846691146493
0.1696383911476005
0.9107232176174875
0.1874683175701648
0.3750633349409327
0.6877209517988376
0.594048147846479
0.922803592227865
0.14952527621062472
0.4840315751207527
0.03196740130078979
0.6108629707887303
0.90116584347561
0.2289802448649425
0.7925356351479422
0.4773695985786617
0.5443000353407115
0.8489037392719183
0.3099729559617117
0.9425614941283129
0.10730865044752136
0.16036931725102477
0.9358531625766773
0.12875740084564313
0.44170013404800557
0.10835879007936455
0.6582828975806478
0.6789214479504153
0.6424021965067368
0.7444847032893449
0.5115179805143271
0.7739000759320334
0.41851577346096747
0.16388409028877504
0.930037646641722
0.1374835685128346
0.4604359145159833
0.5791312145011034
0.9643875983310863
0.07115421278285794
0.7473439530294854
0.5052815763629042
0.7628702810616232
0.3963785783271305
0.7385213101224508
0.5217366729630157
0.800687628070591
0.46506151487119496
0.5686634195735678
0.9804099530156236
0.039161493768915534
0.10564466228242964
0.16248758760048077
0.4333114201144781
0.1333771635836456
0.9667589088494424
0.06647906394209713
0.23265724739758298
0.2844414262508508
0.48968468632665463
0.02063074053148739
0.5526745142706204
0.8321264139958657
0.33415651036193594
0.8314423627161887
0.3410518259042874
0.8181442308123223
0.35586902737850323
0.7877698456577491
0.49477370269596577
0.5104831149801612
0.7759025707200635
0.4167912926641293
0.6664784460735973
0.6675390785094351
0.6648608114628587
0.6692940654465929
0.6614118616271298
0.6850585141219199
0.6298829715524334
0.7006839909008704
0.6140143084921874
0.8978287362842821
0.23553721333155409
0.27719751533004455
0.4143626061559189
0.16889441743842326
0.9132029491302092
0.18128454399993643
0.38936889832257293
0.205637165956432
0.8427690255048219
0.3144619489321485
0.850615865259897
0.3061840036534704
0.9520147992006969
0.11159921623766422
0.1561650289222598
0.46892760088667274
0.5472519833128899
0.8366331778524909
0.3257589858258143
0.8642440593685023
0.2724866509088315
0.9233799716166686
0.15122531540691853
0.4787996103987098
0.5429519726894796
0.8515965219412465
0.29308000061428174
0.9747540686221328
0.058090736041776836
0.07131370081333444
0.24955590241006576
0.7508276349690277
0.37627060333034024
0.6908787415304687
0.5987112635048106
0.9352721185132395
0.12945579318329692
0.4530947476159781
0.6094216475030407
0.8985225495125633
0.2306670097168535
0.287460521212779
0.9958728185738437
0.008221460098866373
0.027991642215056345
0.5387509083666373
0.8678125604637899
0.2633830559789203
0.8951072488853242
0.24213413440156728
0.2657433542772196
0.9298154544958379
0.13715687685180455
0.4595882202847861
0.5809477754810359
0.9669954684795812
0.06575800801510923
0.7239503236778546
0.5599280647584237
0.8176440717070363
0.3568669474334456
0.7862655089411419
0.4980106302537024
0.5039806466083974
0.7639036424516235
0.3938270021462813
0.74747166846646
0.5050652451463975
0.7635512099950574
0.3947172752232291
0.7405753747734707
0.5193452560342848
0.8090277228329796
0.4439483456662856
0.6044149096996989
0.9161701806588098
0.16741106027620845
0.9151781087566633
0.1718697216711007
0.4062610330001917
0.1718988222128246
0.8984804546053056
0.23056564794387668
0.2872895385953598
0.9954902379249688
0.008981615537777543
0.031126187066547573
0.03149738273350522
0.11023448393098079
0.6496103110548574
0.734241948404815
0.5315156216383912
0.8602779355715029
0.27456519060069695
0.9218478668190073
0.15630039013922215
0.42195827793329954
0.6486371695064008
0.7307999271724839
0.5379117898992263
0.8695061202743091
0.2614762791781686
0.8988059769326355
0.2311474714661017
0.2886739714886062
0.9930858012230601
0.012851835112087429
0.021421850833576173
0.05090675115934573
0.5844163189467508
0.9566489671706222
0.09073065413394943
0.19450572060304694
0.8534231500525493
0.29513703513657674
0.9719723757298198
0.052213878254406154
0.08307199290720746
0.2087149283324834
0.8325777727004606
0.33575987530639395
0.8284726208948996
0.33670783939305693
0.8256763505632989
0.3642699444317259
0.7710185562900733
0.4265602398663759
0.6479123523458838
0.7354272022203077
0.5270856347051449
0.7895768194575794
0.4822172707063146
0.5356284047884401
0.8735672894399613
0.2527948416827712
0.3811330009775702
0.1991292616876308
0.8673624225484673
0.26210132671985775
0.8972129222820513
0.23682415537768975
0.2800564188219141
0.4086061436973978
0.1793774879479315
0.8912450239586178
0.24386167025659233
0.2642297844286077
0.8935542354302015
0.2480476301861927
0.25293109769700095
0.8803739951399621
0.1999565151054412
0.3665894711157307
0.7668067525955848
0.43342773971380666
0.6331426169199403
0.7156481507699937
0.5696955271123443
0.977798055508174
0.04628085411968641
0.5949640400067437
0.9255519107100554
0.1527259864960797
0.4753355545399245
0.05714329637703486
0.5730149238079321
0.9945627441629767
0.01136291169677861
0.5241338637133595
0.7945054529700428
0.47362643099040724
0.06153816744335927
0.563981172075728
0.9714924158761278
0.053169916121987626
0.5816627689928282
0.9657029014197178
0.06953355140285566
0.22838003546348773
0.7951911615964491
0.4725759149878286
0.5509418464207556
0.8343932494753972
0.3317027340817731
0.3405082621902693
0.31995914396247827
0.35225395325687714
0.29451523345778696
0.4735917225771118
0.06160656744032167
0.5641650316829327
0.971277411445044
0.053660758974729106
0.5801937280048151
0.9679105881950818
0.06440767698222771
0.22078781013260596
0.8039068822108675
0.4549456341774203
0.5881555021915119
0.9491467610932887
0.11733223756891675
0.6371921882673632
0.7094961437396705
0.5808541223232169
0.9672590339905582
0.06597891548881307
0.22344987440737896
0.8118595150590409
0.43876717222156003
0.5971313047630247
0.9268329858314246
0.1462272325588856
0.9887998263875488
0.023224290343932807
0.047348626132588834
0.08645030515617691
0.7009721461508889
0.6137418546131812
0.8970241952338256
0.2371397995739244
0.2796303453797009
0.4099775903450791
0.17613190101110376
0.8972479176300112
0.23680276481900364
0.28078710817499086
0.907023314939579
0.17331905651371926
0.4014085383969359
0.7281277406436857
0.545821589184925
0.8458568224741612
0.30412667349446565
0.9542504697456025
0.08981938665965572
0.19536932578193955
0.8711633200582583
0.2561007653712295
0.8859917093941476
0.21229243197012693
0.32735395611962304
0.8611609955260064
0.27572000690270215
0.9178001377149485
0.16441523848334327
0.4187262088235002
0.16349399628234096
0.9308244702115189
0.14054524013772607
0.453284042654559
0.5863594397669658
0.949840191489784
0.11690587224438787
0.1411872950848192
0.49413004552479833
0.5136939740623347
0.7686022758134641
0.43514464696636423
0.6298325379320886
0.7022643006639555
0.6109762359119486
0.9010787550359964
0.2290905220725108
0.7919410407484975
0.47863365605007857
0.5421222617733292
0.8534820073400624
0.2949900639359839
0.9719016583112534
0.05253351223655045
0.08249397331383079
0.2095316547784023
0.3308756554906722
0.3421468029555399
0.31619467490236275
0.34813641200889833
0.3110513976716902
0.4402423218416516
0.1000450725259725
0.6832249450089876
0.6336721504339948
0.71601598590496
0.568227665964514
0.9807322013948578
0.038015606289263815
0.11928165666176938
0.6362268411612604
0.7119201394962147
0.5776479299820494
0.9851306788623333
0.024822911276714876
0.5460582553350832
0.8456353821093217
0.29896265707793646
0.4682214106724132
0.06355717856786214
0.72237382948515
0.5513460891670547
0.8359002257348038
0.3281985965440981
0.8361720150278416
0.3244821297703311
0.8661407476174645
0.26771901111351326
0.9370084193942603
0.12598405708558857
0.4409258676460013
0.5984163164976053
0.9369268695008941
0.12615350290434435
0.4412983645161148
0.09785676214960404
0.6858824565715622
0.6287233307957649
0.6917422972910572
0.6082007941440679
0.9086545809987001
0.17927476187469438
0.39158804560429417
0.2431892042804975
0.7651784685149323
0.391456997487694
0.7434508155565709
0.5151134826301131
0.7666556496405974
0.43317944623413496
0.13377856978331693
0.9658422515203711
0.06791831483133137
0.2312877340009436
0.2884010627749376
0.9935261102800723
0.014900891343131661
0.016995970043353736
0.057835553016047925
0.07208162391907535
0.7484756147314329
0.5035123568377458
0.7548122988664545
0.38978868996491656
0.7050759551057126
0.587894971598871
0.9482572767592501
0.118667958304286
0.13945842068642378
0.4555181316100061
0.5933734893333167
0.938375345809618
0.09495951340068132
0.1755589804961346
0.40275777140050195
0.22524973392137326
0.8073435485421214
0.44780323992017657
0.6199612996424548
0.8850782937952317
0.21469906432321295
0.3205995551252272
0.37204647218459286
0.25689077624701895
0.3843524518015329
0.21776045361184515
0.8144833693804685
0.35061700141523033
0.8062610576744191
0.45205117255682126
0.6115522635809612
0.905557194724679
0.2201984925486613
0.7998373895825353
0.46642301871906966
0.567276032816153
0.9836350598488934
0.0329705637996085
0.1117157892731484
0.6559939470898826
0.7192657286650501
0.5486215660930611
0.8383723978768103
0.323745634930674
0.867935396701796
0.26311521977186203
0.8956422321498394
0.24019538427819498
0.7696091114485171
0.42794298904482275
0.6438698812271468
0.7474315311410464
0.5051368632703088
0.7630879814387299
0.39572955638868734
0.7400338804291096
0.5199932398973033
0.8032823933463078
0.4558741629589349
0.592138854204677
0.9412183214153629
0.09809313504956663
0.18615261127706617
0.3778170931036584
0.6935712123231497
0.6048006479395553
0.9153796231548768
0.1712013885844499
0.4076582578709349
0.6749111853423528
0.6539618091774173
0.7233139745076187
0.5621592102688737
0.8132121267844923
0.34525542036863044
0.7996624348161276
0.4670813821721822
0.5663870436837897
0.9726946607406717
0.06065074517391622
0.06558911351021379
0.2245425318251364
0.3087293399439659
0.44380512079806067
0.10506938412436284
0.6649835337011609
0.6690487085143104
0.6617800367239397
0.6842600633390248
0.632456434686901
0.6960093569359742
0.6226297231041826
0.8798780021606945
0.20215806184569374
0.36086577476817183
0.27616295756888576
0.4164870348467957
0.16751474750344642
0.9149056476016995
0.16921059251762927
0.41154805931728333
0.6847201960044913
0.6308345015277155
0.6992761258152314
0.6153015441377647
0.8937794080120511
0.24784155964152887
0.2543769598414656
0.38919543407973833
0.20593167978222482
0.8420425011136103
0.316286870802287
0.8478454341820907
0.3108937758952379
0.9412006204947829
0.0981261222914327
0.6860729445179459
0.6278008243534714
0.6936160995683167
0.6053675190778449
0.914295476366533
0.1682348013855517
0.41301160561852157
0.6817923284834251
0.6362016161147039
0.7119622309692204
0.5777271071274299
0.9852928262553178
0.024512945266906172
0.0465627936355304
0.5943734105967451
0.9235425992519595
0.15096274920506403
0.47944657373591326
0.04109993847669102
0.6046873835439328
0.915885585709475
0.1701819870795589
0.910089021344902
0.17591739859199151
0.3969291659013834
0.23788427087129094
0.7782597822661046
0.4131791921099648
0.6813225645455532
0.6393122876179405
0.7057807932724245
0.5923323247698136
0.9402724078972824
0.09992381912888959
0.1834703091008123
0.8830594725732226
0.21570401027565822
0.31952961822389625
0.3533875436114613
0.29517996186041273
0.47255218276404776
0.0510236682894174
0.5842317143979017
0.9569142261752859
0.09003971025231294
0.6937151351303328
0.6052452128496952
0.9144791758735664
0.1686011960846372
0.4138049262983259
0.18020073769730516
0.888469136756612
0.20749776903539896
0.33451832784339786
0.8309022940229625
0.34208711367682554
0.3163688920030836
0.3477300274244044
0.3107807879860047
0.4406942533387337
0.0990497257153038
0.6847132890543435
0.6308480800362304
0.6992401336028706
0.6152836312539876
0.8936431238253135
0.24774888571118936
0.25449454653426073
0.3905460861569736
0.20328271962353028
0.8363620745076332
0.3248346979962662
0.8668940215720795
0.26622666424373165
0.9315359519969206
0.13891531177796423
0.45630016073118895
0.5911896100151353
0.9425714307581075
0.1072811198537238
0.16043727411306463
0.9365183387708385
0.12696335226064548
0.4443612667673733
0.10306817819946446
0.6707557259651367
0.6584890257799998
0.679665081872372
0.6406674510799348
0.7422864630643744
0.5118946353322826
0.7718626419664361
0.42549871996743605
0.6529088100360241
0.7265260497806594
0.5547622779558878
0.8244511468801647
0.36550581819028594
0.2694470325077418
0.43376980573520996
0.1312388513761107
0.948932815954322
0.11775817687157542
0.1386296606506221
0.4571194887103047
0.08417491512955166
0.7063984592969064
0.5911069432040676
0.9428480427886825
0.10649904212914407
0.16169435565825552
0.43456208397401497
0.6318523954541888
0.6968339764280245
0.6238491211261135
0.8773191624786705
0.19506869875476696
0.8519294621946756
0.29364156222436577
0.9761686424608342
0.05559303850168362
0.07533721157233231
0.7402262483083177
0.5195475025684573
0.8027912170509808
0.4561242298805155
0.5915500251285266
0.9419001843780279
0.10914244040031917
0.6566376663686242
0.6725955054862425
0.6499297760601621
0.7331918643321842
0.5336849637387786
0.8667142499471083
0.26637306131306104
0.43108437725459225
0.1397834167291876
0.9550369971257169
0.08797383442288265
0.19844186594127677
0.8689834528195206
0.26398645027074963
0.894407547719311
0.24634169839555398
0.25671769489417784
0.384962100564735
0.21422105105011724
0.8215614139626268
0.3744249026058242
0.7511587777989917
0.3787858321447857
0.6915917730366345
0.60776411392726
0.9099676822370384
0.17621986765880138
0.39708724565571174
0.7371945093327668
0.529501486220397
0.7845028310257476
0.4895919035188854
0.5208166621159762
0.8020976012630854
0.4583120095776394
0.5834370236261748
0.9581061043427326
0.0836732221650891
0.20765546275652014
0.8356503148388583
0.328703185019549
0.837833334779134
0.32626738178078085
0.8624863519216888
0.2791781644918956
0.9103439310274553
0.1858973139896989
0.3786936546675861
0.6918828345369548
0.6079373596294317
0.9089734993176535
0.17821547572384588
0.8940549362741876
0.2468489101738669
0.25724822442862205
0.3839348280162085
0.21873216968378983
0.8125357202079613
0.3438692986383103
0.797002494422486
0.46137675654608756
0.5748213980696164
0.9920808305614628
0.01586197124561295
0.054943595168879256
0.5750960094446782
0.9914400608977303
0.017357711883960292
0.5570499429304618
0.8238886487088166
0.36785533145302907
0.7633122680417728
0.39521232061088085
0.7418169705197215
0.5164881251112092
0.8058772876975127
0.45294281031237915
0.6097117227909621
0.8992192402947694
0.23189980667666532
0.7862014762649778
0.4977798479376361
0.50443649495719
0.7654781409655698
0.39092541608260944
0.7431121164408978
0.5128162216860801
0.7711205365194473
0.42645981640089303
0.6480491514666937
0.7352728807018138
0.5245714245247655
0.7968115911935456
0.4688766238396056
0.5473169529286679
0.8365336966235191
0.3260764362348709
0.3635026488045696
0.27177092983038165
0.42575698732980527
0.1523998439370189
0.9746802855806891
0.05785731284413487
0.0720295735518448
0.24844029973610304
0.7536391018948052
0.3794481755467132
0.7029541734955274
0.6097328072064556
0.8991869408055209
0.23186712159076706
0.2862662963743787
0.49800878929090686
0.003978940163506195
0.5139067690179218
0.7688178576645441
0.4349938270752318
0.6300107979623135
0.7011216741520911
0.6133969085349236
0.8966211463557556
0.2377483099407982
0.778407961159246
0.41181199258426204
0.6842006670485716
0.6326968485955149
0.6955056552833412
0.6214550678851083
0.8816015827178489
0.1976584428921342
0.37082694424316287
0.7583430118393153
0.404150949238101
0.22295572902658023
0.8114729317894671
0.4395690989913419
0.6007222267217003
0.931596924609039
0.13876285188598558
0.4562389744387474
0.09164788565249182
0.6917003841663245
0.6083590019261464
0.9082820235926192
0.1789231668226421
0.392397754592821
0.744482291280292
0.5115317303861957
0.773872604360804
0.41857554428861476
0.16394703710102476
0.9298802787961904
0.13708066812250763
0.4597253824467771
0.580474382819375
0.9684760671807453
0.06303539333748631
0.7205459878605325
0.5491426376975141
0.8436264834017493
0.31274750985903665
0.8446091288642492
0.2980492402566597
0.9647077640402131
0.07058256055461243
0.24698819345212542
0.7570021108549554
0.3846771804965101
0.7169698766374495
0.5658161357278004
0.9738672251987737
0.06032225349918008
0.066824498353526
0.23305032250937074
0.28393369511468336
0.9907255848811474
0.018316028523258865
0.06092501076636836
0.06612373734242283
0.7232212012459058
0.5624625649652444
0.8125739158713259
0.3439834219752811
0.7971414570638444
0.46183894120622426
0.5753438863321207
0.9902119469479658
0.019573721277993172
0.0528334284608718
0.5812304208811838
0.9666871344088577
0.0666114260093309
0.23274421619134955
0.7849979417223949
0.48859691846882924
0.5223326753766742
0.7990863405866548
0.46864548066514544
0.06274387778830715
0.7189946737780701
0.5477312267757952
0.8370994131837506
0.3279798426083289
0.8596730042190757
0.2743649863405153
0.9190596166881733
0.16175869648577645
0.434319492749637
0.1323366228316445
0.9460654356225859
0.12248685536906123
0.1300272129010409
0.4511577313533053
0.6133078683051281
0.8965226987493224
0.23740804597036913
0.27896757316193543
0.41082249794271775
0.18714419004390948
0.8756963908963371
0.1890366525040008
0.3466734515677672
0.30274875115719624
0.4560716068081092
0.09136440049041994
0.6922100177907851
0.6087593451375142
0.9074817623186391
0.17519467184320092
0.4035464699845761
0.7244014724856243
0.5590782200160902
0.81885338248685
0.35425855198991485
0.291406169970287
0.4802082111418713
0.03958363630226813
0.6072918067511637
0.9104165052413009
0.18645595206180587
0.37709024475771
0.19477883147192188
0.8526236288889777
0.29658284736797214
0.96934959362261
0.0487285120470915
0.5881203069875482
0.9485104772029445
0.11857545209932141
0.6398022205394227
0.7050050547695719
0.5880405428470112
0.9487055444042198
0.11822154052788392
0.14020436254213564
0.9540807158045936
0.08695553994039074
0.20273686593282036
0.8602748124685604
0.2745674140169285
0.9218001031258609
0.1563978848280385
0.4223420428461395
0.6489701653772499
0.7322720136726275
0.5354521579283755
0.8739814623259008
0.2520408879790921
0.38202480456675403
0.19712362767313607
0.8733307503571268
0.25388972205109894
0.8789393057813868
0.20128506163018756
0.8624445253808517
0.27929563488578424
0.9101587446348276
0.1855534490896389
0.377939460973721
0.6928970844892319
0.6062406350392848
0.9135581975860987
0.18069635808933526
0.3902456964715384
0.7040099390724208
0.5871278253616765
0.9529271009087097
0.10982563812285662
0.14899996435269713
0.48241090471856296
0.5351777145406231
0.8730952825571876
0.2530197200831026
0.8805577460443601
0.1998029208916705
0.8671263098076452
0.2657473821309395
0.930115567840403
0.13729980564676225
0.4608644548570737
0.5782748914207332
0.9614008903154172
0.07476447423687205
0.24201038674800657
0.7659721292147879
0.43045808549504727
0.6381645744550042
0.7080441222642548
0.5836136278812774
0.9578950547729619
0.08517302694963291
0.20489859147346579
0.8382306185376365
0.32403543539112434
0.8676151345425751
0.26229922811035067
0.898362782492768
0.23452255834126845
0.2739053303084802
0.41849787256796844
0.16391979678883217
0.9299733833468053
0.13767283328343183
0.4600035119219683
0.5796887819597032
0.9637990101473406
0.0724008325196337
0.745563907577889
0.5088717071921565
0.7809626364032738
0.4068285418325104
0.6737697049684357
0.6504883915185928
0.7296703383617569
0.540903519897256
0.857631316583138
0.2844933451269753
0.9896213983593043
0.020757441641762853
0.05213583761360496
0.08321257418720052
0.20881899245432578
0.8323659489687998
0.33477982034673914
0.830420689744642
0.34356102265883237
0.812940897361841
0.344348760379944
0.7987330474134069
0.46311088069342077
0.5735417254036292
0.9936019887391012
0.014764659572392702
0.01722551672719419
0.05733098497148603
0.072841874032747
0.24506213012500666
0.759868561202893
0.40152752597350627
0.728435940516647
0.5450807596207596
0.8471020904253237
0.30188956909114495
0.9589494932151865
0.08210101164877415
0.20922849606722593
0.33129886677488685
0.8411866265814751
0.3175660692213569
0.3572696965711657
0.2854467785509769
0.4989869535493199
0.002028002083534375
0.5070674593152944
0.7595505105564371
0.4046970631170552
0.22234029186074622
0.8014141124149319
0.46067897439934313
0.5786372831789777
0.9626921789895277
0.07662979909218848
0.23783913895022124
0.2781607454526238
0.9134041176585015
0.18101950851269066
0.3899150633951649
0.7045144896837883
0.5890131255728193
0.9472499269177206
0.12307820917339996
0.12803772775805555
0.9430193838488776
0.1061792517430149
0.16361953419982456
0.9305122454243246
0.13798660843167454
0.45846092485589907
0.5830780310498085
0.9587389974622056
0.08252201994764619
0.7106999384996016
0.5785009683459066
0.9616349107236601
0.07575368293328211
0.23925687241717242
0.772462385619292
0.42334252421278507
0.6511291893548332
0.7288928973139264
0.5426873543183319
0.8521243376308121
0.2949122934951447
0.972675427881768
0.0605985150905326
0.06550930108642206
0.2243318917171564
0.8091484260803554
0.4452942704083398
0.6015998976654373
0.9180849278927781
0.16224515408976004
0.4330632692144718
0.13387715994031169
0.9684512039239053
0.06308994384016842
0.22062199673382565
0.29899038359872065
0.46818108882871456
0.06363781631807797
0.7225796701677609
0.5509344242163934
0.8343981699435972
0.33169006468961015
0.8405563996348064
0.3198637315072119
0.8524009089451283
0.2942218430398498
0.47410781276994385
0.05960010798298754
0.5679032929765526
0.9813102675834671
0.03836034957203083
0.6185612832487095
0.8898180069518276
0.20498128078179434
0.3381153231894132
0.32352533590164967
0.3686344390443992
0.2646844927512575
0.3922085269296076
0.2450014293717686
0.7599591153266374
0.40172787255141884
0.7277940201456659
0.5462887907051481
0.8449548249482177
0.3005688731209375
0.9653200611646753
0.06887542619369924
0.2292839422589168
0.2915007655392401
0.9799877075420227
0.039803452673368156
0.10683927702484652
0.1613518412632402
0.9353605869982857
0.12934082228457555
0.4517599452228751
0.11222621137858368
0.6544538262824062
0.7221069241641089
0.5518799016426783
0.8339233903679997
0.3321228808781598
0.33415242671617307
0.33144409061060287
0.3410461951571051
0.31815270395600237
0.3559508152829949
0.2876119955035392
0.4948898550646845
0.010187984124058858
0.5269872561621014
0.789759966195561
0.4820035013544839
0.03613229331676848
0.6240244795044418
0.8764683625195175
0.1901899351796601
0.8499907778168563
0.3083039637422189
0.9458851429517381
0.12299783766502514
0.12902066015521996
0.9513092655979563
0.11278555454919115
0.15333204876515083
0.9741429821879137
0.05937396251829341
0.06979289496666752
0.7276019787241239
0.5466022979817353
0.8442908139550127
0.2986619052826427
0.9632211607822683
0.07404607825446874
0.2425480838282965
0.262461837468436
0.3978518304938916
0.23557872642413713
0.777133339230204
0.4145405440358445
0.6684774311142974
0.6638691353728063
0.6801355004427023
0.6372875192319043
0.7108981472556479
0.5782037035678513
0.9611499694292434
0.07452629442559555
0.24106553322053514
0.7678764940064866
0.4374516284442507
0.6251119720691349
0.6876422740751877
0.5942286296922248
0.9223825479857624
0.15019832624238916
0.9828679798811208
0.034756108187139034
0.11420312663540244
0.14756267028860748
0.48600259271916
0.526041719771456
0.7916665566735901
0.4791668280377053
0.5416663438954856
0.8541677818866447
0.2916644331708085
0.4791687638789881
0.04166342582902871
0.6041807516303379
0.9166404045536183
0.1667041220352985
0.4165898395876866
0.1669417948287446
0.9161319038539659
0.1671277480199933
0.4159731767140329
0.6700105860363692
0.6593680897785816
0.677594022010453
0.644812907994492
0.7412045672535896
0.5175927840464283
0.8115398940281011
0.4390214785817079
0.5965053679828998
0.9281004203949124
0.14428745573968627
0.9964607024157885
0.0065321087604388595
0.010348494804929942
0.026296504394849762
0.5411569754651282
0.8549712338717654
0.2900580004497897
0.4839442107186187
0.03205012236139737
0.6106968142848928
0.9016523821628653
0.2280059708864428
0.2959432096395176
0.47030842167441733
0.049735191132640466
0.5919360576954205
0.940912347228732
0.09864345943788067
0.1850833112548571
0.8796826957550365
0.2026094756438397
0.36040223398595117
0.2769374513591174
0.41499716640100814
0.1690275479631964
0.9118225953134242
0.18417118268553168
0.382756267383229
0.6954170461685862
0.6212509878678247
0.8812858473684173
0.19885430089198053
0.36786108126398176
0.7632827374036424
0.3954392248415388
0.7413446595601272
0.51753837056458
0.806720591179328
0.4484522878774442
0.6189641495875549
0.8890172112733126
0.20682826547999866
0.840311022097012
0.31889157264959067
0.8543425483512692
0.2913109690998681
0.9804273595509585
0.039146361174061894
0.10566723847296089
0.16243786847917363
0.43342267521074973
0.13317098122206517
0.9655916606716346
0.0697558093816042
0.22767347004264593
0.29683601995930076
0.9688281442504376
0.04708299637422897
0.5862533409672324
0.9500674089649692
0.11646863605710678
0.641986195492791
0.7453588096541353
0.5095265212585218
0.7796759463963099
0.4098711249534972
0.6763511144963559
0.6483963441569358
0.7344582559599075
0.5236372622894123
0.7932997401512694
0.47541211172938347
0.5570054408162832
0.8239773465611506
0.36755968030774966
0.7624014904431533
0.3980638701468706
0.7352412259206176
0.5246190592006315
0.7967091452446766
0.46908492810325697
0.5476702412997838
0.8372519093099982
0.32744589159847237
0.3607942826638464
0.2764514031878207
0.4157228005642537
0.17052375097409822
0.9090744528512005
0.1779734845040366
0.3938088977592997
0.7474620997381862
0.5051063110586256
0.7634694952575956
0.39499710185918957
0.7407651317189448
0.518409602867905
0.8108446727856062
0.4413575120852329
0.5977699665527325
0.9356858909595758
0.12841266152099706
0.9423939037660602
0.106957150506787
0.16093217226443812
0.43698587114340626
0.126036871020915
0.9409806993498933
0.09860459575429559
0.18657654034905136
0.37654174340423197
0.6903931756387465
0.5996843060129322
0.9328489284380339
0.13455009838799015
0.4671964777808171
0.06609107859549113
0.7232864475517999
0.5622476981952786
0.8130045957223047
0.345515881490428
0.7992636555281933
0.46838152525015175
0.5633589656790718
0.9699245441879611
0.05064481287263334
0.09011185576673597
0.19425959762884304
0.3536683196143713
0.2924043227976654
0.47768447003909387
0.04685645495192148
0.5937879841367248
0.9219897649018094
0.14857179691898637
0.9809182847675402
0.03767514874925837
0.12008226857869886
0.6348354473302606
0.7141111585078761
0.5720218403439503
0.9984138042200357
0.0036023905558977276
0.5044891360739712
0.7655542994616553
0.39076640104758553
0.2426671295252163
0.7622243351943325
0.3982539139688015
0.7348032053560019
0.5240206821181346
0.7948501348146237
0.47280065616359934
0.5610210020968225
0.8159446037607267
0.3484269547916483
0.31199311654199846
0.43851328929304145
0.09728505616658367
0.6766456800105516
0.6476704204687849
0.7361532959330361
0.5257545881904662
0.7927291381929535
0.4769434951595031
0.5436561178357806
0.8511594616575167
0.3056175384845119
0.4503038579423446
0.11489329903270118
0.6452443958551157
0.7417378377285786
0.5164609051425941
0.8059461375814863
0.4526294845272787
0.6103636444022413
0.9018780358601362
0.2273413477523718
0.7943970106134657
0.47370787139516324
0.5602899437653832
0.8169240460847504
0.35916339728282765
0.7817298316804226
0.48488040384836495
0.5252018825849518
0.7953597989107948
0.47228419757448137
0.5516493323957548
0.8351629979151767
0.32992190262302756
0.8382018532138318
0.3240774184523616
0.36747022313647904
0.2626768021436874
0.39749903199844994
0.23595438213669695
0.7762567230092827
0.4162201030412689
0.6673161384533159
0.6653715377324261
0.6712109464569949
0.6575704534188844
0.6750926293316297
0.6537820266676135
0.7236924118478782
0.5601229777676053
0.817356847517658
0.3584589183446951
0.7827769884315785
0.48727791872806847
0.5293465995928273
0.784262136759935
0.48994788131676614
0.5201081711566076
0.8046332567173522
0.4532257388345897
0.5861041031312197
0.9496179794950876
0.11589706421364099
0.14320583449443802
0.49877868973999284
0.0024426189775113016
0.506595063401619
0.7601367506431416
0.4020519014156889
0.22716146337916143
0.7948208508023527
0.4728882118361071
0.5608194264932536
0.8163189720944501
0.3478379577281885
0.8109158182924148
0.4411070535425097
0.5982474599732086
0.937416212836979
0.12516450812108815
0.4379029286792502
0.5944163828971796
0.9234718138468452
0.1510884280432947
0.4790731583198067
0.041990177967818454
0.6035196780867409
0.9170057773590088
0.1655462980561424
0.9207116962352302
0.15863642108161002
0.42930202226853
0.6415180792973842
0.7433286438463256
0.5155410656880122
0.765800496796146
0.43006520337075926
0.13741120338090695
0.9605285584984813
0.07906899938825518
0.21197918866528198
0.32786462976946495
0.3598957405483816
0.27526009004213847
0.4201828259101603
0.1600901504571084
0.9259134301973972
0.1469373042928055
0.48786367470165715
0.5283159763494041
0.7880946026416495
0.4936825749173295
0.014435401681112126
0.5180529531498905
0.8120367510709912
0.4382736719271634
0.09519327073940076
0.6748497024236713
0.6539019230986014
0.7235586910683196
0.5616759429685771
0.8144227795128245
0.34574927150970325
0.8037955361360218
0.45478590356651694
0.5884904458071105
0.9481421332457103
0.11937113193562254
0.1360116834694054
0.9623212364094798
0.07731066702399403
0.23624720581574365
0.2755527334229555
0.4174022999650333
0.16519462145515718
0.921804088546196
0.15639185637701303
0.42235518054803833
0.6489417665579822
0.7322324720444158
0.5355980279564392
0.8736436637118459
0.2528328053012956
0.3810841411759611
0.1985250779252965
0.8686348884075414
0.2646833648905158
0.8922117962501943
0.24499529859167524
0.7599490643187892
0.4017036515288055
0.7278303585480899
0.5463515495939646
0.8447967815445736
0.30053587068687193
0.4653345234983135
0.07007493646233343
0.7269384741375688
0.543666152167134
0.8511442283343058
0.3056632860098034
0.9501971042482182
0.11474818384158425
0.6452706887212116
0.7415860033943318
0.5168146975920536
0.808411618869286
0.44565157900797203
0.621876565128332
0.8822854210156947
0.19636665043071844
0.8747208464483265
0.2505583743331954
0.8769521752255969
0.18945456884102896
0.35058857858530246
0.30615847956505604
0.4519153898290824
0.11171788911451586
0.6559883310401347
0.7192734569543973
0.5487053084361833
0.8381364964880049
0.3240989211772103
0.36737805089796893
0.2620625007257331
0.39725934792659245
0.23679341122624464
0.7808153233199846
0.4070552187040448
0.6732090315781534
0.6516288116399664
0.7279661516076885
0.5460208217264153
0.8456428904901259
0.29892093740636483
0.9679445009387564
0.06435895338654518
0.22092188708484173
0.304013448767364
0.9545343792997301
0.08897048680228181
0.696936472755624
0.6237128088250756
0.8775749090418685
0.19405367673607543
0.3540764221397694
0.29198276370880194
0.47853387842769735
0.04205127156456001
0.6030922789068427
0.9208814584417269
0.15823685863870196
0.9288227611978073
0.1422323104343377
0.4948627563135233
0.010274725878844038
0.5261729640478734
0.7914646299323067
0.48005900272983126
0.04000836404156871
0.6065067690506112
0.9118352965451777
0.18412962814909406
0.8826543600007426
0.19562854198738933
0.3719418018590659
0.7570951053639874
0.38417089844006114
0.21801063398015685
0.8142219190194737
0.34608933376148343
0.8044348226394504
0.4536300547479186
0.08770270241075195
0.7016087702068035
0.6129104025894776
0.9032077386218589
0.22579773468896747
0.30646057496778667
0.9515131352236494
0.11309464203077368
0.6527775393624324
0.7251990087679587
0.557537000218872
0.8224259996204637
0.37052575970301405
0.7589480036112946
0.4061838951893151
0.7188822103198618
0.5473277051059995
0.8364969460526481
0.32616699460777454
0.3632909735024441
0.2715104798262473
0.42484403055277653
0.15391482316772453
0.9735424090467859
0.06169494899222627
0.06435805719229393
0.7209232771128882
0.5540106807020493
0.8295402101357467
0.33898171765031293
0.8219110372883733
0.37373957107774913
0.7525213224580511
0.38180204780655913
0.19733292775345035
0.8703412995382678
0.2595615419559181
0.9047651335131377
0.22220756058231927
0.8016193072835449
0.4602379164425656
0.5795818643528037
0.9638831283082254
0.07183224597247317
0.2488546169770416
0.7523060252715368
0.38259802054381
0.6957108197675552
0.6217524184612557
0.8824755476962309
0.1960169191006571
0.37261076911818236
0.7547174265491776
0.38998314674245194
0.7044087064859923
0.5892097682226449
0.9465883275552187
0.1244644719408825
0.12608679191907868
0.441067654726794
0.09836491025635041
0.6870667519106064
0.6258073720382527
0.6888303216255736
0.5969525389373302
0.9271575566672254
0.14568131702253595
0.49013150643440895
0.01976629954879172
0.5529971745272633
0.8319673298392445
0.33997255182475783
0.3187957482005004
0.3551015820412431
0.2899189057352487
0.48163510361337103
0.03696587184094824
0.6213825146260206
0.881807784200646
0.19731859370949678
0.8701942959160078
0.259484569367487
0.9048609531891998
0.22166542313061655
0.3027606982504949
0.9560937105561607
0.09141270030522719
0.1922969156585168
0.8585778596170712
0.2830872140475549
0.9865222768567037
0.030632934533059597
0.03248317679390311
0.11269160616211593
0.15355355513747782
0.47438811854226515
0.5590057453082409
0.8189926425693557
0.3542290071200114
0.2915402634826023
0.479365471721394
0.041269246517913416
0.6053753924497869
0.9142791359918192
0.16826432009111159
0.913044113694923
0.18172310857335106
0.38594390751677565
0.2127349952061195
0.826484147895826
0.36313734808936715
0.7776333417277783
0.4130560666380916
0.18168796939426102
0.885828730330104
0.2125954699004069
0.32677722786320373
0.8621925391198602
0.27950641966890544
0.9094930283608846
0.17712193896295503
0.3957560978305992
0.23963814208400436
0.7707085166766774
0.42758139269426465
0.644837332656607
0.7410594116954599
0.5178715201327577
0.8124663706112187
0.4375682161189616
0.593972000060603
0.9221625238715205
0.14938833157066256
0.48150401999009773
0.5366867255361285
0.8720544361276552
0.2568676892842632
0.38438746871543117
0.21767908005858772
0.8146720589429606
0.35088823252590373
0.8060980237496551
0.4522491504903883
0.6110066551482305
0.9010335623461287
0.2291788230650127
0.29164236108772457
0.9792441254248843
0.041511734219966456
0.6042750680644531
0.9164188694558106
0.16765817120904103
0.41468413450638764
0.1696399133943487
0.9107177882397082
0.1874917499953881
0.37501650740159675
0.6875566910894122
0.5938197158975527
0.922118825110374
0.14868227182887495
0.4813248481368646
0.5382715525920503
0.8689944246434607
0.2639719200669788
0.8944805954524782
0.24621030234266073
0.25599224300822243
0.8861936313041952
0.21198964409995824
0.32786691741785035
0.8598892205336597
0.2751864102901891
0.9203932466334663
0.1597022386849858
0.42662442263099365
0.14772648786311038
0.9857669992779847
0.026516810292378068
0.0409920149249956
0.10747696197358891
0.15925445206812583
0.9274785409506876
0.14504673233022913
0.49198131458251737
0.016106098104501143
0.5551877635589335
0.8259505947353318
0.36369328896398656
0.2721176902123261
0.4245416779012885
0.154821702191839
0.9715536806324963
0.05298638890963048
0.08193672838388011
0.21506424839026295
0.8186586683441419
0.3554213907918893
0.789172953547677
0.48061786114703864
0.5375736152636819
0.870661239430774
0.25861696276115254
0.903679712995654
0.223889620276168
0.30995701567735523
0.9426164898904972
0.10719827358843759
0.16057288306183182
0.9361794058058877
0.12767160910880193
0.4438736099691596
0.10428793067694642
0.6664870950917248
0.6675145680783316
0.6649059171031695
0.6692111103329808
0.6615472621342633
0.6847219133051112
0.6308308303996455
0.6992714214138687
0.615312375855865
0.8937630480504595
0.2478747713030316
0.254265663883416
0.3894169372797478
0.20546473548165523
0.8434955629345495
0.3130091064958833
0.845508885657182
0.2992771767312661
0.9683401777292602
0.063445977459196
0.2197877326689195
0.800507062143879
0.46537829894805327
0.5701539674482774
0.9768814379349351
0.04381145493243821
0.6008574523439165
0.9310680266935378
0.1398248219920788
0.9549685578385834
0.08809437963645905
0.19856712984619662
0.36849169092602096
0.2649696830485482
0.39193087301100604
0.24543709636782296
0.7591410808672663
0.40554393571801484
0.7201315959682688
0.5499702293600421
0.8417100512888283
0.31658848040387966
0.357789716363186
0.2848535353841726
0.48886772865080275
0.023370804876321927
0.5470077755453531
0.8363893578061834
0.32478184506180696
0.36717569318716414
0.2656525474449154
0.4297248965885956
0.1368349305994343
0.9591201469593216
0.08150077989557758
0.21590842885780148
0.8180606246751267
0.35605862498050556
0.7889812338107731
0.49235009925905615
0.5121264501358382
0.7721336032846011
0.42448176530888304
0.6549427444988396
0.7213723805034533
0.5533489144581836
0.8307635723613203
0.3423943657253403
0.3153369598730933
0.3498253221914638
0.3079143770446535
0.4467322242271621
0.1241088839888107
0.6266621845134068
0.6900502644130029
0.6004938976257108
0.9318552231998183
0.13603548862738535
0.4623688111023512
0.07721645655692555
0.736062402051175
0.5259239779552445
0.7918409343983512
0.478808626299724
0.5429361168062314
0.8516278124589007
0.29319622507318854
0.9748866993468255
0.0585846625326667
0.570331148483092
0.9961517608026043
0.005927407852141187
0.5109647051722277
0.7751916524139233
0.42038085899548605
0.6597169971500989
0.6766025314573199
0.6477717374509666
0.7356989254476503
0.5266478354751598
0.7905234405770898
0.4834062340960372
0.03274193112156354
0.6120974787336309
0.9047799645341001
0.22217829438159242
0.3015388117346447
0.46036889639799483
0.07926217731437646
0.7147642767813522
0.5704724005772732
0.9965140000567771
0.006482761527877301
0.01045671696192585
0.5259625276376028
0.7919470150372945
0.4786011842661537
0.5421891882724594
0.8533811345696449
0.2951946668617893
0.4725676533707883
0.05095451619126834
0.5843702646961901
0.9567792100133374
0.09034782971139066
0.6951236473687459
0.6020031548687257
0.9185667679994367
0.16396878572413698
0.4299054459843319
0.13702379402820952
0.9599001694878098
0.08017054409720004
0.2179424091009423
0.314357653434854
0.8459246087295469
0.3039972900878638
0.9545659044524655
0.08892272526281886
0.6968491336156148
0.6240171570680104
0.8769675908260979
0.19435302162310109
0.3530828283110168
0.29572619139798917
0.4710628598986659
0.05445845765643753
0.5785067944379989
0.9616630744421855
0.07569632746162824
0.7390339798585046
0.5228781446930952
0.797993718937505
0.4648337972466834
0.570332500472432
0.9961462516803294
0.005937178997555748
0.5109510022739414
0.7752171362517402
0.4202835152100306
0.15992148805526085
0.9261763877875637
0.1471899412572384
0.48686630092561245
0.5301121277734637
0.7835257440165151
0.49203489610226825
0.5159302077663597
0.8055115861352533
0.45048536398098804
0.1147084167751018
0.645580781303579
0.7399823857704177
0.5200351995590609
0.804497376549989
0.4535653533239383
0.08653689778293483
0.7010724726424087
0.6135105460998602
0.8967520066653378
0.2382027593557723
0.27750074802315794
0.4125365030777175
0.1832277211069595
0.883484219230013
0.2164009190746583
0.3173078940890264
0.3585463604249526
0.28318181782378815
0.48637263747514226
0.030367521714651957
0.5328891011013184
0.8619561690138653
0.2800281848467421
0.408693630277412
0.17847426803200506
0.8929522811959032
0.24972232978325337
0.250556294049602
0.8769315316749271
0.18949821940623224
0.3506789099192247
0.8063230725820176
0.45181040704483166
0.6120346476964187
0.9048455376178026
0.22149787007947452
0.8030732214392629
0.45683808519970626
0.590291129599791
0.9439293437753804
0.10445091250585392
0.166099119320279
0.9171913538884837
0.16585666447645053
0.4202416959160473
0.1600201480614487
0.9260516135545913
0.1473779749358073
0.48649550293339416
0.5306709088326897
0.7823957548243925
0.48818510698038153
0.027566792239667848
0.5373975657566916
0.8710664282552898
0.2578633360390086
0.4024252420931589
0.2248126166232396
0.8079430065990891
0.4466140166623518
0.6243510462227277
0.8762977587175556
0.19075914687709883
0.3489523640309926
0.3099229263898451
0.4426522375724744
0.10685231446404941
0.6612953409494366
0.6854664337588474
0.6290671622555237
0.7015815183985978
0.6129501847608481
0.903014465351589
0.22619769160519354
0.8053617943369318
0.4507804802269675
0.6141938583168667
0.8975897752679884
0.2362763199780602
0.7755114012106787
0.41711687995120883
0.6659607894252986
0.6700236810429487
0.6593421726720408
0.6776539738930296
0.6446920447051525
0.7406443711661268
0.5191995455534197
0.8092635960201733
0.44494983420008793
0.6022382406226825
0.9195403810590506
0.16104131474276073
0.9366913527192082
0.12685418024193496
0.4396784325945191
0.6008671590534505
0.9311468091327697
0.13965928499237634
0.954613925103331
0.08866823080461472
0.197724525060039
0.37065492416149937
0.25863293165457435
0.4036321532621514
0.22397806358640082
0.8098555084725376
0.4428497238550335
0.6064900791971013
0.9117146471689921
0.18450087145902216
0.38197505834978074
0.6972600856679492
0.6230577065725811
0.877953801129479
0.1929163823951967
0.35629369955859147
0.2883792391803581
0.49361881610821
0.014716446428792551
0.5173123777785804
0.8071740121813491
0.4480909933045041
0.11943347429041751
0.6366860790585633
0.7110028418246657
0.5744474464154337
0.9905094626592472
0.019516577915055677
0.5586184449784923
0.8184034731821157
0.3545868575456552
0.7907003740256187
0.483052376890555
0.5339259643806145
0.8657418361108284
0.26836219360120595
0.9359926892211661
0.1285067081626039
0.9423271098930854
0.10850233252858743
0.15787421035929583
0.9244934645539615
0.1549212244572118
0.4713922920054756
0.5533130141848233
0.8309960417682305
0.34189487688126974
0.31560745046590455
0.34949849624536
0.3088002440345008
0.44367770801181905
0.10533568359096535
0.6643281463475432
0.6688717276556417
0.6632369227882009
0.6816137821879238
0.6387217477022205
0.7061376307392493
0.5915089144546073
0.9419852118007839
0.10931558979791589
0.6563440202444326
0.6720494767650962
0.6488209828094114
0.7312003623810597
0.5385761059005745
0.8679218700272031
0.2630682963063009
0.8957001388480421
0.240111029939726
0.2697779474547133
0.9285951994243078
0.14277143945218995
0.4993844873679336
0.0012311449099797755
0.503320806164993
0.7551070568151772
0.38846775123965926
0.2075024400546681
0.8345062365115155
0.3309229144942947
0.842060435883468
0.3163364145439118
0.8477958909934387
0.31103482816251926
0.44091865469818003
0.09839014880708419
0.6868923551228363
0.6261656991555355
0.6912649795995094
0.5979387873667292
0.9365052192588337
0.12699054536642507
0.4444520737451967
0.10316315924865194
0.6706120320304763
0.6587797510437667
0.6786572567943949
0.6426778560853563
0.749189366644714
0.501865407160949
0.75213437207276
0.3822050913586281
0.6964776069798972
0.624859415111132
0.8752822396054398
0.18846904346719384
0.3447381432633847
0.80031442490872
0.46562528956565075
0.0697906059504021
0.7276071457599755
0.5466091188136488
0.844283901999006
0.29867584735620767
0.963181367085781
0.07418181380489841
0.2422632483940106
0.7619487226766068
0.3967552161193453
0.7381973314040806
0.527507794671692
0.787511844857363
0.49578385753557086
0.5084319866728038
0.779021227179328
0.41070754744578153
0.6874763834639452
0.6250550989643671
0.687574784446042
0.5939823778462596
0.9221464826841839
0.1493298148852773
0.4816214333695825
0.03700031971675344
0.6212966316088568
0.8811869914643466
0.19905164910596795
0.8675169809430372
0.2625265372917056
0.897813358809799
0.23562131708604284
0.7767737232788932
0.41520308656618
0.6717910922598094
0.6564140854461584
0.6722775242524222
0.6491043436981272
0.7320649866014719
0.5358566446520854
0.8745762496837415
0.2509504993795417
0.8760372717806604
0.19097965129185468
0.34860386134823784
0.8115718309709337
0.43905497633386403
0.5966212991042994
0.9278320503071882
0.14373365341452882
0.4979330802743789
0.004117626958759502
0.5139815723232459
0.7693934608250856
0.43386918216128834
0.1318220511020627
0.9472914663201664
0.12015693460125476
0.13438286207383499
0.4676845046633389
0.06462717583053745
0.725970041617984
0.5559066754067317
0.8278844214219134
0.3597455262206495
0.7741239506285638
0.41954085454926826
0.161034159042174
0.936750248685712
0.12674363853875548
0.4399402874405496
0.6010764712409582
0.9304273416055366
0.13806954232859425
0.9582182683807332
0.08380855753784999
0.20737528344034217
0.8347601980494801
0.3305404471466318
0.843322190165054
0.31329458073014393
0.8450659690133762
0.3000986557453871
0.9662687806412578
0.06746280708466657
0.732143592875218
0.5357116379309446
0.8749807043059263
0.2500385596649721
0.8751036021276377
0.18765994725981727
0.34417015613871627
0.29749867858481593
0.46260457902099006
0.07674223792855628
0.7372619908710476
0.5293863213155419
0.7843670657894108
0.4900956527562812
0.5198086317977868
0.8037016750895418
0.4550971937715076
0.5928306673595216
0.9390316262142733
0.09665969942579977
0.6777740549587179
0.6436604587943293
0.7477132581989281
0.5045694304280914
0.7652752324356697
0.39135338371852413
0.7436603831301909
0.5144316072110087
0.7679822062200401
0.4371877481462434
0.6256236726767384
0.6891670832992531
0.5962736342917196
0.9286683095269836
0.14266725623747334
0.4992113859334495
0.0018136130238417536
0.5022321458964143
0.7578124912688509
0.38281251743319444
0.21484380823676474
0.8183594372530933
0.3544924019370228
0.7905276379315183
0.48315519859897904
0.03357040535775013
0.6168857877783012
0.8912093136459589
0.2440792275883723
0.7637947887124028
0.3939830948365852
0.7471655031549744
0.5055430897627957
0.7623508510296233
0.39818043942796066
0.7348934275505599
0.525177861796692
0.7953960685117636
0.4721944771008566
0.5515522676869296
0.8354306687251665
0.3291395597043447
0.8394702094083186
0.32117924303747714
0.8722756429342553
0.25569291433203034
0.387049757206114
0.20978708282927983
0.8304430162825156
0.3435086175450124
0.8128721667162608
0.3444321248680353
0.7984556211158633
0.4637596397951711
0.07246570181450807
0.745447607972892
0.5091052576317452
0.7806328088627197
0.40748342144070193
0.6751912351173814
0.6535543117206544
0.7243855170963798
0.559010922559537
0.8189898736018222
0.354238451924175
0.7915230717044324
0.4792997151671443
0.04146136683993973
0.605069395765895
0.914983518072404
0.16904867507400922
0.9117800868407357
0.18425995559664443
0.38245676396763884
0.196008713246556
0.872630226862384
0.2548767598345876
0.8896624795161188
0.20460754333180375
0.8386829564988147
0.32269511464983225
0.8707044566981494
0.2587208457116503
0.4034543498128187
0.22457107438822277
0.8086703509034123
0.4435662020696327
0.6048100015032105
0.9153951474581845
0.17116279277252033
0.40764415203011595
0.17494607091066428
0.904288175952388
0.2226735996082425
0.3106072968803346
0.9404919489752501
0.09933805410400964
0.6841325770656113
0.6326499021379277
0.6956374684523325
0.6219095124397427
0.8821575230977032
0.19662078854162246
0.3743365466943942
0.7513397742004599
0.3781807803316042
0.6927580658229999
0.6066580170881934
0.9119278158177622
0.1839321915176697
0.38164348373538814
0.19771134460461326
0.8706944067671429
0.25873317988589406
0.903424478834495
0.2242792178003583
0.8092617510410491
0.44495259935501963
0.6022442734683864
0.9195501744397916
0.16102148493519053
0.43673075930564664
0.12678456227877177
0.9398057478538249
0.10134351451415569
0.18009538151090965
0.3873678232484963
0.21061508325510658
0.828769833460683
0.3375839457148686
0.8267857084865682
0.36200402170652524
0.7798915309540462
0.4090889487415552
0.6779034538194537
0.6439471035555471
0.7472925622132607
0.5056606254656799
0.762177400116343
0.39701952069299296
0.7371482782473322
0.5296096925158054
0.7850303849263582
0.4885311621474102
0.5223494376405142
0.7990357466624118
0.4680925218272023
0.563830334082013
0.9719525252003223
0.052157585887471214
0.5831812444666866
0.9588816518662497
0.08226680403458886
0.7092456876125652
0.5819692722870968
0.9649672732339241
0.06878928485093638
0.23007819647318684
0.7899737914849538
0.48157579492544755
0.5370763508544769
0.8711597992805764
0.25608576109516434
0.3860218192276079
0.21240026407758705
0.8271525893651415
0.36085395055124536
0.7761406690988224
0.4164424375630915
0.6676033462863415
0.6647351294814143
0.6695284430170432
0.6610613732773345
0.6866661976091564
0.6269422553305048
0.6894759362912737
0.60063186759362
0.9312366821686737
0.13959944673115388
0.45519228276680224
0.09291134777595289
0.6894473061838653
0.5957166963489726
0.9287293315574061
0.1421484905295074
0.49493885855190456
0.5101142203202471
0.77713469156879
0.414550302317366
0.6684579889988527
0.6638217109430116
0.6800582581199706
0.6374048579309601
0.7105571054271422
0.5790061425068416
0.9621354126720689
0.07792298222193494
0.23483887847396545
0.7739827004552353
0.4197470022481866
0.660520263336366
0.686283704591915
0.6273344824148808
0.6950227703200653
0.6021350621886086
0.9198729991912842
0.16027009490062483
0.9356853366771247
0.12841400515753776
0.44239072542404756
0.6069612136052456
0.9109259377000853
0.18700574731337838
0.875990411528619
0.19093589851399884
0.3484482430794742
0.3119540867919568
0.43857286442653276
0.0973501588741783
0.6763931362947915
0.6481350959511474
0.734960720379604
0.5253252019174397
0.7950527498323936
0.4721372466883622
0.5518193231837358
0.8337101963115856
0.33256698233890347
0.335779558197828
0.3284413455694448
0.3367849132337142
0.32545279114856385
0.36464312198222615
0.2707424556429032
0.427508454216877
0.14495626944699325
0.9908491819223855
0.018264442798681557
0.06114260893082246
0.06533207799657248
0.7248370478919242
0.557894263532944
0.8217686400457751
0.3740408453159034
0.7515257641207427
0.37774677519337274
0.19369541216292419
0.8552711269876454
0.2895139829488471
0.9810325321159326
0.039049065264407545
0.11721246966044419
0.6367601249658037
0.7090847148210742
0.5812223643879406
0.9667056785547175
0.06657481467118487
0.23281229109852575
0.7848960861156229
0.4888018312631175
0.5233023298787884
0.7971495569800027
0.4618227456812747
0.5753634025750216
0.9901360396761447
0.01975746956304647
0.5530145961383823
0.8320277536986396
0.3398502657364588
0.31836923051741906
0.3545187301642727
0.29056581485201605
0.4832580742368009
0.03348479713895358
0.6171811017266009
0.8906397653045133
0.24220374549622647
0.7617756026156712
0.3965538940974511
0.7375461952469777
0.5290582394227386
0.7855343087867368
0.4987398635712452
0.5025203026307281
0.756804030155763
0.3848293799965177
0.21408681260072626
0.8220786821621004
0.37348180322442204
0.7535362967173569
0.3797666919999756
0.7023422941274475
0.6111997812986374
0.9006492123298813
0.23036382725695148
0.2893009541730862
0.4807234958570916
0.03798831391031854
0.6193682840385009
0.8860192909487523
0.21239373361459002
0.32716565401642583
0.36090000267722644
0.2761857192090247
0.41635376602062024
0.1677770450769458
0.9145069454389159
0.16854773892555386
0.41400303662521765
0.6797816609905567
0.6368928196607158
0.7093685103754979
0.5817856520880014
0.9653354188485537
0.0700729686068371
0.22694333450635895
0.29365666591911577
0.47616132177063264
0.05561192650930025
0.5753167543152813
0.9898694212315604
0.020205836946843192
0.5542958139267284
0.829038139374461
0.3370409086928703
0.8280768657277804
0.3594863770995289
0.7735819778172299
0.4184427337895613
0.16262390863266774
0.9324119453958701
0.13523625768721104
0.46439076494425535
0.5711646317504346
0.9973190266464371
0.005263777857180685
0.012894682207843289
0.5213275709247682
0.8010949726449326
0.4598360806412529
0.08032773438026197
0.7186398730555084
0.5627057963283733
0.9690708876296412
0.04769187746569514
0.08723241905681789
0.20250355952885002
0.3606174040469341
0.7767814526741859
0.41519137122668326
0.6718450401676819
0.6562976410787087
0.6719609193969518
0.6486312760098372
0.7308290927903727
0.537855436996324
0.8695258684456348
0.2614708748005796
0.3989316998922732
0.23218855043523945
0.7855466051551048
0.4987634267890826
0.5024731463636272
0.7567019328125753
0.38503744726767763
0.7147574816772249
0.5704926057951525
0.9964669141627382
0.006539804860949516
0.010375055484473705
0.026246657129377127
0.04120149160735309
0.10483383329119533
0.16533972433535382
0.42133468002430163
0.15734780605998822
0.9254169137857389
0.1530171101912856
0.476172664668411
0.5555971104186028
0.8253311835287604
0.36519198829773813
0.7696197784389369
0.42792447801912203
0.6438992758921813
0.7473596204072237
0.5053417971648742
0.7627443387755193
0.396084952109959
0.7392024082073476
0.5225641458528116
0.7984984423674177
0.4635581560432911
0.5728836860507727
0.9948389111377764
0.010320989007595927
0.02634793982724659
0.541054113797145
0.8545959308394231
0.2906870720325969
0.9830866140255239
0.03382829122710973
0.11592184560140595
0.14315154039650224
0.9989771155233029
0.00206102745141834
0.006984708074014634
0.009742742258822545
0.5293388481077272
0.784276983642485
0.48992447747150436
0.5201507501478773
0.8044118301477283
0.4536763154028449
0.08786695418530144
0.7012270844134036
0.6123793065780774
0.90404058873537
0.22317256266251206
0.3122913825791329
0.9379861376946792
0.0942424607637804
0.6735979994118679
0.6507745960843749
0.7302235405077226
0.5395528812077828
0.8571847549756058
0.28553131205262616
0.9987482133728918
0.0025035596918314695
0.006809139042161405
0.00981543882517144
0.026449473429238424
0.5407295099284966
0.8579979240312241
0.2841244042501785
0.9903365226637106
0.018716477090492845
0.06046937115024775
0.06656125857261941
0.2328404130821582
0.7848074569192249
0.4890135712339543
0.5229494535306003
0.7976076659979299
0.46228111858363263
0.07733269876916893
0.7361791875155177
0.5256847002310678
0.7929294344212394
0.4766411033924669
0.5431820455705747
0.8499151922005694
0.3084427355788648
0.9456050235312432
0.12203839645371772
0.6318997066991869
0.6969969427445903
0.6235923112544697
0.8777543441392481
0.1937222059641499
0.8552308962389361
0.2894391450099647
0.981165026081726
0.038645922584692016
0.6181582223216537
0.887708846363239
0.2085145453165751
0.832822142430814
0.3353933728649281
0.8292056062200572
0.33951347891706973
0.8209806712693535
0.3726880001486279
0.7545858451339882
0.3902567964978516
0.7039834854658693
0.5871108774153981
0.9529911881545559
0.10964641135069542
0.6493300670117605
0.7316209364798851
0.5369991979678161
0.8712983651203103
0.2561825069715269
0.8865645759215113
0.2112463240046054
0.3250468870392069
0.8665149409207515
0.2670311236870475
0.9327160309476312
0.13445352646522224
0.4674201182788238
0.5651443597744219
0.9751810436719097
0.05757245601853356
0.07235305206268094
0.745308547426248
0.5096413808641955
0.7795453539292794
0.41004928876645863
0.6759799135616049
0.6468132466252428
0.7381108307745308
0.5276999067573342
0.7878619047114626
0.4945580537605565
0.01137217742507346
0.5241622355242725
0.7944489477667958
0.4734422526380513
0.06196249290951528
0.5635897781758104
0.9723077478120103
0.05151269838097505
0.5854511657089461
0.9538641970721073
0.08728949195938185
0.20236079007736407
0.861147560441168
0.2757326783030294
0.9177805549406912
0.16449993255082518
0.41857398924184963
0.6639506393985357
0.679895966197364
0.6370343586604577
0.7098332413006574
0.5803329287155066
0.968652620096691
0.06272717003594153
0.7190278414927889
0.5478413804084994
0.8369344414095394
0.3276875154697336
0.8601888594857883
0.2747395019978285
0.9212243584915996
0.15755117454682477
0.9251315117289778
0.15364324231632054
0.4739674491574988
0.559877629566472
0.8177254291367717
0.35674419841961935
0.786574575904524
0.49717884161509573
0.5055183981312439
0.7624316981236916
0.39798828889615834
0.7352114332607016
0.5246941775258165
0.796383430948481
0.4697340320853982
0.05030091726803221
0.5906036669912282
0.9447396682808176
0.10271579280379228
0.6717675687104929
0.6564496111241169
0.6722063518245704
0.6492396554094739
0.7318111735512502
0.5363776356098242
0.8724380203639157
0.2550687578623183
0.8885250532475766
0.20733174798078835
0.3349091293057427
0.8301989111932926
0.3428981060278602
0.8143983449263033
0.3458049956243485
0.803873399621807
0.4549978186551016
0.08805129726533778
0.6986508796398994
0.6183241347316653
0.8905566324538086
0.20325941045302898
0.33638677693670616
0.8247849280887749
0.36715187097433954
0.7656962430919521
0.42992647882783785
0.6369733353785705
0.7098637688905001
0.5803023865737487
0.9680576040991582
0.06394772505154833
0.22171315373270772
0.8023583322355989
0.4579053873894736
0.5851973855751567
0.9548493682523258
0.08831066993298009
0.19886457207030617
0.8678816675965209
0.26326008833711967
0.8954699794703629
0.24128421733621508
0.2673257074202411
0.9321454741002526
0.13555455661844462
0.4633268259349279
0.5738517808204051
0.9930437451694161
0.012880634429166093
0.5213392899895553
0.8010790463304147
0.4599122020590585
0.08019183811848052
0.7179124642570969
0.5644477924797684
0.9707142635306809
0.05373443674761802
0.07963346730684862
0.2137189028726425
0.8225705846271012
0.37103311729151756
0.7579046715400182
0.40251324750715867
0.7250008955306839
0.5583294555544853
0.8208410851948429
0.3729056325391866
0.7541887641127687
0.38962963013909757
0.705115232965909
0.5928899633872788
0.9390977644361556
0.09639853870612569
0.6782988109334838
0.6435397076420486
0.7480706952337641
0.5029726451612078
0.7554679858149029
0.38763135456247255
0.7100898070202675
0.5800265817670152
0.9630108924757224
0.0733672606293112
0.2440852940781042
0.26377490832237527
0.8937131109123584
0.2479812039528042
0.25403781596105546
0.889127817179542
0.2066070496221073
0.34079537898651324
0.31939343389240094
0.3530950369022321
0.2958774930157233
0.4707442462386098
0.05381168323219754
0.5797564556414727
0.9635339671513066
0.07292837018030696
0.744768235628726
0.5104972612462007
0.7758807154023089
0.4167501804768108
0.6663887781032827
0.6676725476281717
0.6646720673597883
0.6698016114532948
0.66034149195184
0.6858895002515055
0.6287168838898651
0.6918479246669449
0.6080188303603791
0.9090825170860626
0.1779586302000098
0.3938388641399797
0.24754146373015828
0.7549163051589858
0.3882957804016769
0.7079054943751544
0.5851970439834986
0.9548501867102459
0.08831121583352797
0.698867369472282
0.6178749409154989
0.8882687866571359
0.20796140824677423
0.3350690047664102
0.32973800486070104
0.33860138288582675
0.32279919789289124
0.369965568970656
0.26005893319961615
0.40231020699138753
0.2266305545635987
0.793191220232984
0.47489873401355
0.5585643473896198
0.8203620070707984
0.3711816634167917
0.756048566516256
0.3860890364740044
0.7121969423023984
0.5776194410573225
0.9853860998991877
0.026975936169037595
0.5399206673318986
0.8566325114807114
0.2869710710074287
0.4963703600515146
0.006827444274676964
0.5097824787080754
0.7764231206965633
0.41559861443238333
0.6708932256733533
0.6582134852651507
0.6787359927839134
0.6421317328931764
0.7449723775207531
0.5100521752610803
0.7773194792971481
0.4141186148044653
0.6680396267620381
0.6623495605308563
0.6828692400886212
0.6341829012380913
0.7179937846667599
0.5642639063298702
0.9711446222208906
0.05430803733179346
0.0790092141542118
0.7121295170218218
0.577928694721777
0.9848322182078846
0.023987907741684467
0.04489516871399246
0.5977058473799843
0.9356289007118903
0.12813093845034018
0.4432044410787057
0.1057785572775174
0.6629479281546082
0.6819167108042166
0.6367063589568716
0.7109656424727291
0.574253825849155
0.990355882444419
0.018677879794267938
0.5604895572469104
0.8165018417057581
0.35760333511279896
0.7845496380177792
0.4894448828417808
0.5213455440243706
0.8010593924846034
0.45995018421672285
0.580100592575036
0.9678199949848931
0.06405005836859345
0.22163323569111526
0.30284259689506143
0.956202547706198
0.09177551470929757
0.19145099629531614
0.8575154878490139
0.2843546253279783
0.990128639357863
0.019771521678194404
0.052986245951615274
0.08193603780819103
0.2150635072903242
0.8186603886133526
0.35541602422017604
0.7891822563833557
0.48059558222303167
0.5375509408477228
0.8707137261517346
0.2586925567884464
0.403543902997626
0.22440682680462487
0.8090600043942686
0.44389078696258366
0.604345136671327
0.9163174174900632
0.1679140196647495
0.4141644485061988
0.6681310941348784
0.6625168701284565
0.6832670997246169
0.6334677078411914
0.716462729673367
0.5670651228283532
0.9840375830535777
0.03195510554360226
0.11089066168642603
0.6512045834970195
0.728840833005961
0.5428061606944539
0.8518874847213738
0.2937845481210388
0.9759074672765564
0.05599592626094818
0.07746126502752304
0.23571399971842766
0.27661714516580105
0.9154159380123019
0.1711062281683553
0.9080335785110947
0.1741822382900864
0.4060338510898873
0.7191517876344733
0.5475439543952234
0.8375292930868454
0.3268562725861557
0.8619277475809213
0.2801737787667662
0.9084327229065821
0.1789792787458282
0.8920127784658689
0.2452715378603898
0.2596915351168718
0.40444940599263646
0.22213754631229676
0.8018037634028587
0.4585803832160309
0.5829589068307541
0.960074961243663
0.0797280968981795
0.21361641617841087
0.8227687708858866
0.3698892122483812
0.7601863044255879
0.4019924603635445
0.7272498502279632
0.5445189695456065
0.8485858896165155
0.31163259694585577
0.9391170290473383
0.0964059685356915
0.1782694102730602
0.39339785126503557
0.7483604882727377
0.5037816060357727
0.7541555985226296
0.3895388395176269
0.7052819358359557
0.5930982346180826
0.9388046179956291
0.09700013895053416
0.17708593554561958
0.3958244929963257
0.23961469871574081
0.7707703603955451
0.42718263680581003
0.6456347263301723
0.7401864170678891
0.5196424265741371
0.8028793205157854
0.4565277390065603
0.5908432322030421
0.942913161823526
0.10629859557957388
0.6633867920900229
0.6810999367153272
0.6397701136011165
0.7047128207050264
0.5885630741540808
0.9478489378816448
0.12004540959605947
0.13491013247403316
0.9643409629643429
0.07131336425663903
0.24955657529062591
0.7508255231950898
0.37626922357594594
0.6908857297094073
0.5986970447702333
0.9352772657002788
0.1294531577732414
0.4529467191314325
0.609723633795511
0.8992051878594793
0.23193268006434664
0.286134341818979
0.49756137575604953
0.004644552158424631
0.5150255394692067
0.7668086619814858
0.4334258336748462
0.13316359164309688
0.9655995261564385
0.06974460789933801
0.2276990886311978
0.2968067809706554
0.9688840542803518
0.04732510872418061
0.08650213477085344
0.7011337876610924
0.6133539379225112
0.8967192621785216
0.23756786464946344
0.27874381546280347
0.41126083515700884
0.1854965849488508
0.8790220571972895
0.20130837854230776
0.3627490689686965
0.2784062046848703
0.4118149048590567
0.18419819479458965
0.8827042120101396
0.19551430887077004
0.37142649170709774
0.7566597187833395
0.38511066779028624
0.7146439125644974
0.5707736902986653
0.9966325176064856
0.007651421532500535
0.00813453397131525
0.5281626184296329
0.7884013554430567
0.4935250478447415
0.5149028801533859
0.7669930052943528
0.4328418595541734
0.13456054075504653
0.96726711888914
0.06595392321469262
0.22350751268095337
0.8117751095269341
0.43885062861954793
0.5968897636921611
0.9275578566594049
0.14487664515036158
0.9910081883717794
0.018044688215013593
0.06205729822977446
0.5633244290074799
0.9700170085998252
0.05025656192447059
0.5908950479060877
0.94310356938513
0.10598414979176596
0.16385519862524234
0.9301707188424189
0.1372171481489204
0.46071902112453245
0.07853143583633937
0.711589233862469
0.5758449976565316
0.9889371501922142
0.023102187551558018
0.047531827818602324
0.08754876325838268
0.2018879515817389
0.3618490949156694
0.7801436575537082
0.4084626866970211
0.6796192264882848
0.6407591590832453
0.7426372973714024
0.5122840291878674
0.7734008097322658
0.4219501376792323
0.14866876185988076
0.9807429396023508
0.03799512726254761
0.11930981779005378
0.13613432383863255
0.4621371085231658
0.07792491864529438
0.7348359739116859
0.523976581171155
0.7947592130221892
0.4729815736063756
0.56136125602643
0.8147774692624807
0.3514005495526362
0.3050111621560063
0.45004007118404843
0.11652165852137841
0.641949034674326
0.7453983362065628
0.5092720538086724
0.780284509062767
0.4077385887794662
0.17460368209867738
0.9047601578349713
0.22222566173877567
0.3015809144708328
0.9603069125150796
0.07938614510931075
0.21433608315419406
0.32132782897679135
0.8746163694595452
0.25088933133520186
0.8761595346732065
0.19128444159287028
0.8478402344335336
0.31088367145275697
0.9412116264866199
0.09811034228187054
0.18610237370012328
0.3779101700929459
0.19339834645506926
0.8545963964133989
0.29068510700017214
0.9830905399285257
0.033819188160123304
0.6159172276675235
0.8931789854541421
0.24891957224463113
0.7521950684895273
0.3820844863075763
0.6966704180231318
0.6242219928826671
0.876793255796656
0.18977047913358547
0.8514322551491205
0.3049479896435514
0.9501304614241235
0.11634063959354535
0.14254379921476357
0.994207391544478
0.010966326168272644
0.02518610071274452
0.5453938083082903
0.847200664517004
0.3016281037707813
0.9602203553949948
0.07952123531140387
0.21400076791178435
0.3222257887828164
0.8731263087538537
0.2531409051734954
0.880681082024239
0.19956740850466304
0.8660020118404645
0.26806559826945886
0.9370136024372187
0.1257343840552494
0.43884951825020835
0.5968720869568642
0.9276108827907592
0.14477804247871973
0.9910949777404312
0.01777236524503678
0.061882641341071576
0.06373379225260578
0.722065504436614
0.5519941527745686
0.8337558475905098
0.332451589347329
0.834607489494374
0.33076974388677627
0.8423669994226657
0.31538806442404166
0.84969214440207
0.3078179182484746
0.9471125951968133
0.12335288224858232
0.628754861158086
0.6916993940249085
0.608365267078625
0.9082697041449137
0.17893633368657902
0.3923709870723542
0.24462362870690413
0.7612415007024538
0.39919374603778124
0.7318544737063348
0.5362907618109602
0.8729828665382229
0.25403518328676
0.88910853836569
0.20666337059810758
0.3407019393052906
0.8195230386918411
0.3533767235639971
0.2952001621306408
0.47264523603371345
0.05080281596747227
0.5840329145721626
0.9561445582658052
0.09149482756038196
0.6919912412704434
0.6093112704111263
0.9063777012925129
0.17231390182860196
0.39903860294725746
0.7323188383015804
0.5353966558468528
0.8732969354023226
0.2537949893740006
0.8791135124338325
0.20149168348871171
0.36314517294522375
0.7776139682973735
0.41300325241172686
0.6818079603544902
0.6361399386078119
0.712085480830865
0.5780301183112897
0.9845960428356193
0.0237354357377626
0.043896368908463046
0.6007000373501796
0.931290382926818
0.13939810876036063
0.4555804962001275
0.09254686257918365
0.6898800484777894
0.6011969418032095
0.930360443162499
0.13827771856449544
0.4579378351336345
0.5851010118494742
0.9550764007144608
0.08789382869144902
0.198247224179795
0.8686652035976294
0.2644243467366323
0.8929953991319053
0.24965367425465956
0.25072413028101437
0.37648148558218963
0.19024192317738198
0.850045819679508
0.30822633870411664
0.9461693930788897
0.12225990934530273
0.13071675153332762
0.949504488875391
0.11618889722740278
0.1426212374062743
0.9991205603873823
0.001644439180381596
0.0025700125261209905
0.006540579808643088
0.5103721350023989
0.776252796757035
0.41622551178443246
0.16730328489211388
0.915385562897427
0.17118200287222862
0.4076989348977804
0.674836496822536
0.6539185433939565
0.7235388595727272
0.5617418608744629
0.814267746929545
0.346135035448242
0.804305308352923
0.4540116910357028
0.587084194063209
0.9530331988062244
0.1095891201402992
0.14872913470026106
0.4814095112378709
0.5381580168323126
0.8688897778047249
0.26417261568713
0.39333126627025194
0.24846320736105554
0.7535627624311019
0.3796237572678365
0.7026603473059367
0.6101507339626551
0.8998767538287211
0.23345748480642214
0.28277985655586235
0.4872879106842447
0.029330900957575068
0.5342909262108151
0.8648908088216558
0.27024889990570955
0.4292238005727995
0.1414016884227749
0.9936253226187546
0.014698665530886501
0.017173446802189574
0.5575720483029727
0.8223511338001117
0.37031429607304744
0.2596308072388638
0.4045703092997428
0.22256714504328556
0.8009557565383147
0.45936778374016285
0.58178626652807
0.965333597298013
0.07007097714813426
0.22693491945392452
0.7936504145909566
0.4761909623048268
0.5555531201825943
0.8254019393352792
0.365064315701602
0.26988662432995625
0.42848940842668526
0.14299066553940065
0.9996585539483931
0.0007153168553486466
0.001498433470260352
0.002797892870148644
0.506123023951659
0.7616487425984815
0.3985776337503921
0.23095521799405105
0.7876006938458886
0.49487865425180644
0.5101434729876928
0.7770598994684406
0.41463067597942427
0.6698879411851522
0.6602236407343298
0.6857706726586912
0.6282145149307325
0.6928507629490923
0.6064859759062529
0.9117228566028643
0.18448886048281565
0.38199896083096974
0.19718371241469868
0.8732101038040128
0.2533358809305355
0.8800488991546445
0.20108363340841606
0.3634539147315081
0.27187116935965605
0.4255265793472063
0.15285404495080002
0.9763657651783433
0.055140097509138286
0.07477851881412789
0.24218185417703353
0.7656356937077362
0.42971212783595547
0.6367629692831542
0.7090795153053477
0.5812267274304759
0.9666964891366661
0.06663754282635637
0.7326953778683674
0.535067074932158
0.8634562637016643
0.2718665756401606
0.9255308446881827
0.1528464697767049
0.47633548208978027
0.5551091089728288
0.8248397799325176
0.36690699897008017
0.7661879098450299
0.4316290656570345
0.638698770548217
0.7060912719171029
0.5914266400504857
0.9422687603218947
0.10860888950992376
0.15802731917938218
0.42417213701992296
0.15604930944391526
0.9692123564018402
0.04742369533050805
0.08770876930793747
0.20151085042743944
0.8630877567047719
0.27779165224637836
0.9126784104737453
0.18257870321394876
0.38484262334532104
0.21407463288051076
0.8220966332301032
0.37340018106624484
0.7536922104191035
0.3793039036972914
0.20182900424697436
0.8619647900632117
0.2800073066027835
0.9087344244471751
0.17856374714756384
0.39288013146142475
0.24994625805993564
0.7500998839677777
0.3751654875231907
0.687901297758799
0.594420890614856
0.9234629062120803
0.1510654532467015
0.4791001392004546
0.041930365638108924
0.6036395108967554
0.9174215542152524
0.16513758667861111
0.9215635702421423
0.15687476028688252
0.4235397888114676
0.6509653806569986
0.7294413128984161
0.5411326627363451
0.8546243298915215
0.2909801623900421
0.9824927820300218
0.034419827396050096
0.11499829299282283
0.14492475165752694
0.4909438061004039
0.018120045104296878
0.561352025688393
0.8148106560111046
0.35133574533392675
0.305114066315582
0.4498305275628809
0.11688519446761347
0.6412101072783116
0.7440765233477578
0.5138010878290515
0.7689905369188637
0.4346919547824655
0.13049396002315916
0.9498914057912771
0.11679395905230194
0.14153033745242283
0.493306493939599
0.015614802861819044
0.5156454538519029
0.8047381596406922
0.44930041694897227
0.11543723920476623
0.6438823346688878
0.7473916714079678
0.5052118765015621
0.7630153544596396
0.3958596694865264
0.7395259076438379
0.5209194542840123
0.8019110760942567
0.45890959055395797
0.5821790316549595
0.9594517510849983
0.0815841810835991
0.7156770910660271
0.569624304655008
0.9780004026542883
0.04594838642515242
0.09529751620721072
0.17476138583151624
0.40438740313402377
0.22186484586563893
0.8025889163545799
0.4573298040777445
0.5849147541448474
0.955185884173261
0.09291936346562579
0.18943740645772777
0.8457344172347803
0.30381912033772096
0.9547377532289829
0.08860175486188382
0.19779839570401236
0.3699672029761132
0.2600617793214042
0.40230070005054586
0.22665241456707008
0.7931556586117949
0.47494890994857997
0.5584087736788206
0.8207427205634303
0.37167896173195913
0.7577483242785092
0.38294180878438056
0.7152795259607956
0.5689669644634705
0.9793755218852311
0.041210809169569984
0.6048504553327803
0.9152990895090625
0.17131965068983845
0.9073626094323117
0.17573806777363643
0.4024339198076632
0.2247951902973
0.807958905264968
0.44659028912428766
0.624458581849467
0.8760957583435811
0.1910467398702167
0.3483367358276155
0.31213269676663913
0.43835667698294856
0.09491728074499406
0.6756363244785462
0.6526299613760784
0.7255612816370558
0.5566973574459553
0.8233118262432981
0.36889605509350076
0.7641609587881248
0.39331180276349187
0.748416289454326
0.5036061111895833
0.7544989442685619
0.3905382395896595
0.20330576461856253
0.8363083329459187
0.32490473077632487
0.8668074196903035
0.26650532727944665
0.4308869301166851
0.14042530578444712
0.9535855427675415
0.08647743990877643
0.20100728256511502
0.8636142567556817
0.2722834436572157
0.9241754702234175
0.1560423985356465
0.46923432004405186
0.5473711999075022
0.8376740989042446
0.32657536698388867
0.3629700572055299
0.2779680243402254
0.41377538166125305
0.1802655510546174
0.8886141301190946
0.20712768204975873
0.3341652321978472
0.831425422889879
0.34101821028161794
0.8182227853103541
0.3557371330098249
0.7880088418896776
0.49429505108855665
0.5111562203383073
0.7745661649096292
0.42184545332565904
0.6562991726677865
0.6719635151384864
0.6486276161158457
0.730813317670254
0.5378870493732393
0.8695994511072058
0.2612797240144573
0.8992583612853196
0.23175766656640917
0.2864768884028308
0.9973578281642403
0.00534537888597697
0.012754081923048943
0.021061779785668477
0.551741780975135
0.8349932208075188
0.32969885325292125
0.8387755865405779
0.32247935817576945
0.8704072422115132
0.25923967009293847
0.405346399435075
0.2204511277086567
0.7993320450477768
0.4675833993242122
0.5648932812910061
0.9761856750119478
0.05556417387560941
0.5754255346546415
0.9900161939440295
0.019937323610065505
0.5533890419465024
0.8307223929441534
0.34245774435112253
0.8150854611012619
0.35032804729416966
0.8071546179708093
0.4480381760804448
0.11960908086621203
0.6362703569757286
0.711775173083879
0.5754735690716188
0.9897350524552166
0.020529413392068818
0.5522944763943087
0.8328538271598518
0.33526884464663453
0.3294432381808292
0.3391684750386048
0.3217240828962531
0.37414214844466187
0.25159315500059165
0.3776348586252425
0.1939642989600543
0.8543815076409373
0.29122171888593584
0.9798089644755237
0.040396136755589396
0.1086613284132909
0.6576506486453582
0.6749340310343541
0.6542441276251338
0.7227760311798193
0.5606736495974474
0.8158713670563884
0.3487414999981411
0.8102055227791425
0.4421188572887331
0.6089265932096168
0.9070877453486901
0.17312965472228825
0.4018449125578627
0.7275611303630285
0.5464343594503589
0.8445683366735466
0.2981674185139127
0.9642275500518735
0.07154680485837162
0.24940862448420376
0.25121711305109784
0.8786680957709905
0.19178382330574095
0.35811631090473384
0.7837642796221189
0.49120205064537004
0.5175959005428012
0.8115832393523306
0.4390283491520677
0.09665579223656096
0.6777897874417249
0.6436263719806448
0.7477969329047482
0.5044080414809287
0.7653993766580243
0.3910495438030921
0.7428034949989524
0.5133783005876467
0.7701324645604473
0.42958418070338666
0.6408659782027826
0.7424389186489861
0.5125815370120108
0.7726722907100338
0.42364967841422185
0.6507408279867377
0.7302568637533113
0.539537784847198
0.8559873157646507
0.28884924613521434
0.4926611992123071
0.012231426924699917
0.523238151014084
0.7973347330698743
0.4614784482109826
0.07600575176184066
0.7386116486450192
0.5222889131400734
0.799187552096555
0.4685184584232047
0.5628870245418511
0.969471326621715
0.0483615574776195
0.08867114604800008
0.6977230339834932
0.6206671650288627
0.8837600762199145
0.21586886630393565
0.3179609141079709
0.8563875036197715
0.28818246378796175
0.9938333694299217
0.01428637863136828
0.018263619276694953
0.06114432978210971
0.06533769922680221
0.7248238090251107
0.557908351009246
0.8217424858012237
0.3740931683569215
0.7517086389416363
0.3774420820409432
0.6940933062578551
0.6038846593000926
0.9176693716435693
0.16465302655706182
0.41983969483408146
0.16032253255252726
0.9359472038631793
0.12859003082849085
0.44203821185510606
0.6091181525844149
0.9067675083060749
0.17361711320700124
0.40086987274116836
0.22999838626128621
0.7898545213683974
0.48187590716406703
0.5362289182376117
0.8727411454601679
0.25451770902145654
0.890323577390518
0.20370877167442814
0.3378281129698735
0.326297390536638
0.3627366102009546
0.2784263836510945
0.41177540793432854
0.18425220708013512
0.8824764333257917
0.19601527031045407
0.37260548974154517
0.7547263198939618
0.3899614524561912
0.7044642450055107
0.5891179714526515
0.9466648751404136
0.12423251234577037
0.6267793538572732
0.6898179004201666
0.6013217072177213
0.9300582655705512
0.13740483930450864
0.960557142709149
0.07900611637160182
0.21213547210209072
0.32792322093155235
0.8598391163977794
0.27398174797417596
0.9197489063662942
0.16051740827970207
0.43628941697534174
0.6273449954460375
0.6950475876801647
0.6020920741721056
0.9197783116833307
0.16044528334168717
0.4364945831184741
0.12700129885342903
0.9444263167388272
0.10321277007460594
0.17050898633897305
0.4091116888448596
0.6778694330714643
0.6440018553112168
0.7471534781507216
0.5055712159373797
0.7622931608348154
0.39838776091346517
0.7344897275033873
0.5235719350166619
0.7934179974545259
0.47517559718107805
0.5575814662443008
0.8223370088962838
0.37035589685547166
0.25953288029995747
0.4046860849193763
0.2223931718908716
0.8013062468671706
0.46081113966647536
0.578377487778198
0.9618200124823488
0.07541389291873202
0.24004923747270368
0.7699625595996622
0.42832841898780316
0.6434652639436536
0.7482216687058099
0.5033125777845271
0.7551222046022303
0.3884368439321406
0.7074268659052905
0.5846885044593364
0.9556196531339083
0.09260590851772577
0.1897819842561148
0.35139210903435014
0.3050435391778592
0.4499715151323471
0.11662801835336722
0.6417439634969924
0.746083598700352
0.5078328014060389
0.7773947673849761
0.4121904454950709
0.18282082441146486
0.8846023427613545
0.21712445985758677
0.31623936162213795
0.3479876658238936
0.3113486930669751
0.43981688740313984
0.10132325641461648
0.6800670282973442
0.6374092783080414
0.7105314731306862
0.5790588855743408
0.9620031118683983
0.07782477146247402
0.23496803661691956
0.7753031703468878
0.4201039904146455
0.6595478775852825
0.6769478224450722
0.6463411047297996
0.7385696689598262
0.5224338926200289
0.798878425208386
0.4678568980307318
0.5641639397654217
0.9712766953743994
0.05366433670860715
0.5801868089183699
0.967920373659581
0.06443332953494973
0.7207429534464609
0.5538162188604474
0.8297459981695283
0.3385510638472624
0.8228986778703984
0.36985822138376534
0.7602773563703522
0.4011668648745399
0.22897732237470336
0.7925397162034642
0.47735923575237393
0.5442858652677387
0.8489357702492271
0.3100019987905398
0.9424893564428203
0.10708670463645831
0.16081413158099167
0.93715889196028
0.1257132245809771
0.4390032381925266
0.09653940660064109
0.6780159201880451
0.6445253400597721
0.7461075372120831
0.5058780574472621
0.7608003080531489
0.3999701547436416
0.7333771369885653
0.5332476323528681
0.8663050282048061
0.2672640662349295
0.4322687425010372
0.13549680830328725
0.9633813976834062
0.07300463120918721
0.24451658519683406
0.26143961990601383
0.39899582022917457
0.2324210148944985
0.7851578579575289
0.4980493810144253
0.5029360711050685
0.7553812076803297
0.3874768395035062
0.21036736355745234
0.829265035368735
0.339760952279903
0.8204802402178757
0.37149067647987977
0.7565158232755493
0.385399654507637
0.713605247437954
0.5727895014279056
0.9949926045374013
0.010014790284913033
0.027234492677962407
0.5392657558259089
0.8557948609231971
0.2879220117465593
0.9944669299002271
0.01155421300791204
0.023770379251800478
0.04376754135591909
0.10093396957381628
0.6809454876056407
0.640130685758777
0.7041155392944347
0.5893733212724328
0.9461045745119918
0.12250026763649657
0.12998039214289747
0.9508627441537101
0.11389951355522498
0.14815995199023746
0.9849310402350966
0.025369253591634333
0.04496664524776861
0.09677324499352835
0.6774207781127188
0.6451586821349338
0.7419378147169482
0.5161241325549781
0.8064205094997305
0.4515837276703678
0.6129458258801606
0.903000820078887
0.22622015766683035
0.8054042230651248
0.45071493909927085
0.6141216879186686
0.8977312047500163
0.23575710263685323
0.7765348154644016
0.41592448006849736
0.6700903365272097
0.65957044652896
0.6769852822762914
0.6462734307278879
0.7387604180839844
0.5219913519104011
0.7996186426025815
0.4672309535671957
0.5660189807822462
0.9735547669697553
0.06167929750517942
0.5643817327509169
0.9708461331902072
0.054187858680961654
0.5791227326553781
0.964404457656201
0.07113386603305116
0.24738063078257255
0.755231136950897
0.3879754644003697
0.7084926612151321
0.5830142309423536
0.958506144961575
0.08278928382787853
0.21036747813923284
0.32926558758481406
0.3397598396113608
0.3204765507543925
0.37149625123129226
0.2565260712581221
0.3853852419706527
0.21359116552048363
0.8228177806886379
0.3700924344593659
0.7598219855572097
0.40143746096873656
0.7282701739750337
0.5454127201810479
0.8464418384537566
0.3031110063311644
0.9567510107008275
0.0904040199238807
0.19530584977474064
0.35157732031075284
0.792984828207409
0.4746640028897673
0.5576929905219004
0.8220072027470451
0.3735614267643541
0.7527244988596067
0.38132982022943906
0.19876619571004994
0.868039204593515
0.26294492394663393
0.8958859740523621
0.23946359773981385
0.771316990518244
0.42610981402685866
0.6472909870499279
0.7366833441192284
0.5310273735958617
0.7816646764986217
0.4850142977957148
0.025119585421634838
0.5454601990350056
0.8465180970379151
0.3030574963777326
0.9568770966434386
0.0901525333756581
0.19418762874556705
0.3538193987624254
0.29291036995709874
0.47666024244972505
0.043147582007804886
0.5999839875439648
0.9333166534779593
0.1333666855643969
0.9667793868866283
0.0664412341429852
0.23254359522252344
0.7843024396861438
0.4901748358970508
0.5196256448398344
0.8029079815023579
0.45643912063678727
0.5910622217634227
0.9431197029771283
0.10584986532921903
0.6627966808446217
0.6822143621393479
0.6356953726499341
0.7129995218128897
0.5733941809157841
0.9941112422966398
0.013721323513891548
0.018642718059709296
0.5602483257243875
0.8169957342324778
0.3592940701346379
0.2814120829862077
0.4847851670056116
0.02408141366322525
0.5446070261241402
0.8482859478099272
0.3122472755785566
0.43800544904661365
0.0955190681561362
0.6742568086192477
0.6558559022960253
0.7196563755278476
0.5479924430255778
0.8398404692416079
0.3203199555282481
0.8711017196474131
0.2558868278283626
0.8857798551907763
0.21251774320262484
0.8270411619741935
0.3615272235474549
0.7806028636114206
0.40754618018399924
0.6751575453090481
0.6535892517422326
0.7240400363807566
0.5597319726948626
0.8182819088106044
0.3556236525182612
0.7875286539492663
0.4957435030955821
0.5085387428989634
0.7788227100099903
0.41090627550147474
0.686950285336934
0.6260995480406564
0.6913462453521788
0.5977513480756897
0.9357190750888549
0.12831876386189833
0.4426117473922204
0.10720069429953583
0.6605646513344254
0.6861937240464613
0.6276206292386632
0.6939774916972965
0.6042141862271819
0.9165711511159316
0.16697194494190626
0.9160560793534387
0.1670948609826155
0.41568821607506834
0.17057573914644308
0.9088484677195083
0.17840537894517183
0.3931893683038652
0.7487193390261382
0.5025367284251843
0.7567635636078194
0.38490882140467875
0.21434352549840696
0.8213167601206806
0.37454757664818317
0.7508515673107468
