3.814697265625e-06
0.9999866485304665
0.9999895095534157
0.9999928474135231
0.9999954700178932
0.9999972581572365
0.9999983906454872
0.9999981224245857
0.9999990015930962
0.9999994709796738
0.9999997205741238
0.9999998528219294
0.9999999226711225
0.9999999594583642
0.9999999787833076
0.9999999851861503
0.9999999923456926
0.9999999960418791
0.49999999796273187
0.2499999989522621
0.6249999994470272
0.5624999997089617
0.15624999985448085
0.015624999912688509
0.47656249994179234
0.22265624994179234
0.6035156249417923
0.04785156247089617
0.39697265622089617
0.6350097655958962
0.7857666015333962
0.7500610351271462
0.8749084472365212
0.9373931884474587
0.9686660766310524
0.9843177795119118
0.9921512603468727
0.9960718154616188
0.9980340003676247
0.9990084171004128
0.9995037316984963
0.9997516274161171
0.9998756944842171
0.9999377876229119
0.9999688639945816
0.9999844170815777
0.9999922010756563
0.9999960669956636
0.9999980316206347
0.9999990148644429
0.9999995069520082
0.9999997532286216
0.9999998764833435
0.4999999381834641
0.24999996906262822
0.12499998440034688
0.8124999921710696
0.7812499958381522
0.8281249977881089
0.3828124988358468
0.17578124938881956
0.08007812467985786
0.286132812325377
0.0004882811335846782
0.9992675780376885
0.9991455077542923
0.49932861325214617
0.7495422362990212
0.8747100829787087
0.9373245238966774
0.9686470031447243
0.984254837007029
0.992123603791697
0.9960598945326637
0.9980289935774636
0.9990140199370217
0.9995067715353798
0.9997532665438484
0.9998765736527275
0.9999380185909104
0.9999689943797421
0.9999844897247385
0.999992241122527
0.9999961186840665
0.9999980583961587
0.9999990287178662
0.9999995141115505
0.9999997559934855
0.49999987793853506
0.24999993707751855
0.6249999675783329
0.06249998332350515
0.40624999141437
0.6406249955762178
0.2890624977299012
0.003906248603016138
0.9941406242724042
0.9931640616559889
0.9946289055806119
0.9963378901593387
0.4976806637714617
0.24859619123162702
0.6241760252742097
0.06153869617264718
0.9057388304790948
0.890354156435933
0.41391944882343523
0.6913309096999001
0.8378510474867653
0.9150183200545143
0.955555558175547
0.9689865708060097
0.9840048849291634
0.991758242220385
0.9957570209808182
0.997817460418446
0.9988782051659655
0.999423840054078
0.9997042887553107
0.9998178037058096
0.9999069940240588
0.9998914930329192
0.9999147445196286
0.49994187126867473
0.24996318513876759
0.1249777173215989
0.31248692102963105
0.0312347412109375
0.9531173705763649
0.9453086852736305
0.9570293426222634
0.9707021712965798
0.981444835633738
0.9887692928023171
0.9934080838866066
0.9923095106787514
0.9959106146998238
0.99783323702286
0.9988555833406281
0.9993972740776371
0.9996833782352041
0.9998340597085189
0.9999132151424419
0.9999394414189737
0.9999687670206185
0.9999839066585992
0.9999917148961686
0.49999573823879473
0.7499978095002007
0.874998874933226
0.9374994225508999
0.9687496442056727
0.9843748183629941
0.9921872880950104
0.996093583496986
0.9980467614659574
0.9990233655844349
0.9995116752106696
0.49975583382183686
0.2498778998851776
0.624938949913485
0.5624694749421906
0.6562347374565434
0.7656173687137198
0.851558684342308
0.9101543421566021
0.9472646710637491
0.9384760855173226
0.9672849177441094
0.9826658963575028
0.4908446669287514
0.7451781928248238
0.87246702608536
0.9361724778718781
0.9680557213432621
0.9838905315555166
0.9919376363686752
0.99596500347252
0.9979805943730753
0.9989893434976693
0.9994941948971245
0.9997468590154313
0.4998733102984261
0.7499361186928581
0.8749680295295548
0.9374830461747479
0.9687410387850832
0.9843702772341203
0.9921850175305735
0.9960924482147675
0.9980461938248482
0.9990229606919456
0.9995114802150056
0.4997557400492951
0.24987786999554373
0.12493893498321995
0.8124694674625061
0.2812347337312531
0.5781173668510746
0.5078086834109854
0.7382793416909408
0.8613271708309185
0.9267573354009073
0.9614255426859017
0.979736208828399
0.9893798231496476
0.4944457709498238
0.74612425264786
0.8730010911531281
0.9364700279838871
0.9682197551883291
0.9841022481850814
0.9920473093807232
0.9960217473271769
0.9980099199747201
0.9990006684383843
0.9995000957860611
0.49974229928920977
0.7498672753281426
0.8749317004985642
0.9374648816592526
0.9687319565273356
0.9843657361052465
0.992181778390659
0.996090888249455
0.9980435362958815
0.9990208142262418
0.9995099301449955
0.49975472659571096
0.2498772440594621
0.6249385623959824
0.06246901291888207
0.906234491529176
0.8906172382994555
0.41405861542443745
0.6914043058350217
0.8378896519716363
0.915038575505605
0.9555661625054199
0.9689940176904202
0.4840087275370024
0.24176022311439738
0.6207580412155949
0.06031798545154743
0.4051284751330968
0.640048978762934
0.7887668599723838
0.2537240977108013
0.6190476414922159
0.5555555819009896
0.6507936715206597
0.7619047760381363
0.34920635816524737
0.6587301641411614
0.8214285745925736
0.8750000036961865
0.9374999943829607
0.9687499934516381
0.984374994848622
0.9921874964784365
0.996093747759005
0.99804687363212
0.9990234366850927
0.4995117178186774
0.24975585888023488
0.12487792942556553
0.31243896469823085
0.5312194823345635
0.7031097411527298
0.3203048705763649
0.6445274352736305
0.7519512176222634
0.8720693587965798
0.934081554383738
0.9660642146773171
0.9825438260741066
0.9910277723975014
0.9953918158716988
0.9976348727650475
0.9985427781648468
0.999256130278809
0.9991321544803213
0.9993181219033431
0.9995350832759868
0.9997055527928751
0.9998217819666024
0.9998953937611077
0.9998779594316147
0.4999389201111626
0.749969430238707
0.8749847002036404
0.9374923426366877
0.9687461675785016
0.9843730819120537
0.9921865400101524
0.9960932657995727
0.9980466326524038
0.9990233161952347
0.49951165803940967
0.249755828990601
0.6248779144661967
0.5624389572185464
0.1562194786092732
0.01560973929008469
0.9765548696159385
0.47265243480796926
0.7285137173894327
0.8603506086801644
0.9282221793255303
0.9631345271482132
0.4810789823241066
0.7383422255225014
0.8690490424341988
0.9305572360462975
0.9632949754304718
0.9806556664116215
0.9898319225467276
0.9946680059365463
0.9972100252925884
0.9980471131566446
0.9990230797266122
0.9995113014301751
0.9997555314912461
0.49987770614097826
0.7499388232536148
0.8749693967110943
0.9374846908904146
0.9687423119030427
0.9843711540743243
0.9921855760912877
0.9960927875654306
0.9980463935353328
0.9990231966366991
0.4995115982601419
0.24975579910096712
0.12487789941951632
0.8124389496806543
0.7812194748257753
0.8281097373983357
0.8828048686846159
0.42577743434230797
0.7050762171566021
0.8486318585637491
0.9067378042673226
0.9523923396191094
0.9444578885450028
0.4563598036475014
0.7202453314966988
0.8561553805775475
0.9260940476960968
0.962055202544434
0.9765644054568838
0.9882783880166244
0.9863247866451275
0.9892551896336954
0.9926739929651376
0.9953601955494378
0.9971916973008774
0.49835164842079394
0.7480769231624436
0.8739774115092587
0.9369581807113718
0.9684638278267812
0.9842242826416623
0.992108325677691
0.9960522550099995
0.9980251735833008
0.9990082941949368
0.4995039086206816
0.24975183507194743
0.6248758579022251
0.062437899148790166
0.406218934658682
0.6406094598642085
0.789054726192262
0.25390234633232467
0.6191386722202878
0.5556630558276083
0.6508783877652604
0.7619626238010824
0.3492430268670432
0.15875237091677263
0.5714416141854599
1.5236437320709229e-05
0.9999771006114315
0.9999732840515207
0.9999790088913869
0.9999856878712308
0.9999909356411081
0.9999945136660244
0.9999967797484715
0.999996243044734
0.4999980022548698
0.2499989414936863
0.6249994409154169
0.06249970555654727
0.4062498453131411
0.6406249189167283
0.289062457595719
0.5039062204014044
0.744140609720489
0.868164054612862
0.9321289021754637
0.4650878885295242
0.23205566298565827
0.11578369085327722
0.3077697750995867
0.028335571114439517
0.9516372679499909
0.4435768126277253
0.20566749564022757
0.09477329248329625
0.7933564185514115
0.27063965794513933
0.5723005532927345
0.504760801763041
0.734802156657679
0.8664244562096428
0.9327239170379471
0.9661178029782604
0.9829368237114977
0.9914073729596566
0.9951848857745063
0.9973330350767355
0.9985978525073733
0.9990509706840385
0.9994625427061692
0.4996998000424355
0.24983416436589323
0.12490921435528435
0.3124525806051679
0.031194759416393936
0.9530818526691291
0.9452832820243202
0.4570128188643139
0.7206919983436819
0.8564387936203275
0.9262619793298654
0.4621541808301117
0.7266824359830935
0.8630970465019345
0.4236139379790984
0.2078396754222922
0.6019361648359336
0.04997625344549306
0.39167965261731297
0.1291855892923195
0.047851987183094025
0.8950187600858044
0.8840323332406115
0.9063713932118844
0.9529414348944556
0.9450985791336279
0.9568632539303508
0.9705886091396678
0.9813727956498042
0.4887256433721632
0.24338244445971213
0.11727952482760884
0.3083946680999361
0.029074786871206015
0.9519761198316701
0.4447074231284205
0.706713393155951
0.3455365373811219
0.6688581890775822
0.3324587363458704
0.6652518482587766
0.8282311525836121
0.913871315511642
0.941188527358463
0.9627206984732766
0.9774235666263849
0.4867433324106969
0.23457497032359242
0.6167953873227816
0.5581363864184823
0.6539451689750422
0.7644415899412706
0.3508332269266248
0.15978386483038776
0.07183141654240899
0.2506354503275361
0.6233025961846579
0.5606436739908531
0.15506243333220482
0.5149015169299673
0.7261664261750411
0.8472121650993358
0.9156705585482996
0.9538675172661897
0.9749498776218388
0.9708579982980154
0.4771195752255153
0.7363314977556001
0.8603454853582662
0.9282157955167349
0.9631293049606029
0.9810753560741432
0.48834014325984754
0.7440479859360494
0.36805670385365374
0.6820447073550895
0.3400305318646133
0.16951935525867157
0.08451172229251824
0.2921318834705744
0.5205080422456376
0.1977535442856606
0.06664997120969929
0.2672115851310082
0.06695534230675548
0.7657774460094515
0.8198393916827627
0.39426417081267573
0.6268042930751108
0.309488265280379
0.5277871919970494
0.7004151256696787
0.8184530688740779
0.8933492874493822
0.37623792758677155
0.18414393000421114
0.08987273229286075
0.7948743474844377
0.7724061644112226
0.8236875775328372
0.8805860960274003
0.424664201651467
0.7045176850806456
0.8483516383857932
0.9065934024110902
0.9523199001559988
0.4444139201659709
0.20633394512697123
0.09521520606358536
0.29370038432534784
0.019896581914508715
0.44647148955846205
0.1875910791568458
0.5935513914737385
0.546653621684527
0.6482657738088164
0.7616023683804087
0.3495359249354806
0.6591353328258265
0.8217513515846804
0.37570225913077593
0.18589705086196773
0.09197148514795117
0.2954972224251833
0.5225043511309195
0.6986300455173478
0.31800395774189383
0.1433464463625569
0.0012233268935233355
0.9966977802978363
0.9961478077166248
0.9979499260662124
0.4989129741443321
0.24942549262777902
0.124697249091696
0.8123408759129234
0.2811660868173931
0.5780830135918222
0.0077838625002186745
0.4882631090877112
0.7363171434553806
0.8642513661761768
0.430168265622342
0.7141073314123787
0.356565263151424
0.6780384312151
0.33792055293451995
0.16889922638074495
0.08246596314711496
0.7902411565301009
0.26571840085671283
0.5701112441602163
0.01930664395331405
0.43927883289870806
0.715698357205838
0.3558958151261322
0.17697122582467273
0.5879972720285878
0.04375446552876383
0.8948020225216169
0.8838634060230106
0.40650079102488235
0.2022585574304685
0.5696275077352766
0.5190628683776595
0.18915599145111628
0.0906402743421495
0.7933589059102815
0.7706378021684941
0.8222990293579642
0.8797697553527541
0.42227239059866406
0.7101577105349861
0.35455909531447105
0.6770196676661726
0.8384408991842065
0.9189724784228019
0.459424246189883
0.7287045659322757
0.8638485006522387
0.42971923417644575
0.21473367151338607
0.6073341421142686
0.5536517972359434
0.1518220764119178
0.513409127102932
0.7254536077671219
0.8471013269154355
0.415737924980931
0.2039606859034393
0.10002620465820655
0.783411271579098
0.2584038859640714
0.5957544314733241
0.5399425224750303
0.1429570396139752
0.00015890898066572845
0.49957590652047656
0.7495360600587446
0.8747031195089221
0.4373191049671732
0.21865095448447391
0.6092638981644996
0.05460142777883448
0.4022854532231577
0.13863509625662118
0.5380637329362798
0.6284049589885399
0.3063813963672146
0.024283971317345276
0.4476886222255416
0.19161762937437743
0.5796954738034401
0.5356973164598458
0.12514844801626168
0.06202490013674833
0.40598189894808456
0.1404756887932308
0.5389802140416577
0.1288612917996943
0.5566162385221105
0.6493856563174631
0.7602315966796596
0.8478870899416506
0.40782251505879685
0.19975889945635572
0.5665532706771046
0.017101826204452664
0.9421119920443743
0.4534625507076271
0.22575086739379913
0.5967602297023404
0.5403225166955963
0.1411286296788603
0.5060499153041746
0.7368962981563527
0.8603838193230331
0.4261597447912209
0.2120708700385876
0.6016246838262305
0.050563905970193446
0.8924081626173574
0.8797671934589744
0.42229018307989463
0.21016088471515104
0.6045883389306255
0.052032829175004736
0.4008933887234889
0.13791569898603484
0.5372040705406107
0.1277251458086539
0.055924128158949316
0.8989928417431656
0.8847829278674908
0.4110722554905806
0.6879560916568153
0.3430010046286043
0.6710119816998485
0.8352617305354215
0.41750873511773534
0.708693302469328
0.3543159994878806
0.17714273324236274
0.5885024598974269
0.5442472941649612
0.6469996088708285
0.7609377853223123
0.3486998402804602
0.6584644402610138
0.320374459028244
0.12869118151138537
0.05647110191057436
0.39929830652545206
0.6351805310405325
0.7853559544018935
0.7515608216344845
0.8716128242376726
0.9337301290070172
0.9663462582102511
0.9830357962637208
0.491510266874684
0.7456292474817019
0.8727516807557549
0.9363443688780535
0.9681564486818388
0.48401313554495573
0.24198928239638917
0.12087203442933969
0.31037495224154554
0.5301569436269347
0.7025632055592723
0.3200239696598146
0.6443831682554446
0.2518619021575432
0.6220237394736614
0.5590277482115198
0.6535218068165705
0.2637648716336116
0.10038444973179139
0.2844432318233885
0.009347119368612766
0.9692383561923634
0.9826658137317281
0.9908444910252001
0.9951780971896369
0.9974669744260609
0.49867245013592765
0.2493057069950737
0.6245155222713947
0.062250131682958454
0.9061212473898195
0.3905587144836318
0.664028402621625
0.8163887239934411
0.9003816233307589
0.8837844423251227
0.4086885591968894
0.19555518726701848
0.06603834379347973
0.27496204696944915
0.5709524610138033
0.502211949264165
0.24228633401799016
0.12088373731239699
0.3103120327286888
0.5301216839579865
0.2025589345721528
0.5700285135826562
0.519388779939618
0.18938165155122988
0.09078445655177347
0.29343808998237364
0.5207419758371543
0.6973825725435745
0.8171971381816547
0.8908982508291956
0.881911466276506
0.9250555673497729
0.45469977110042237
0.7231918019533623
0.8438916356535628
0.4213945339433849
0.21066625762614422
0.10532525353482924
0.30265868912101723
0.5263274055323564
0.20066261405008845
0.06908130281954072
0.268913743813755
0.5641434181015939
0.028164982155431062
0.9496291276300326
0.4425869283732027
0.20518012330285273
0.09453339120955206
0.2951914853765629
0.021558137552347034
0.9480044068186544
0.44273694275761954
0.705735841038404
0.8450516016164329
0.9186176432122011
0.9573547278996557
0.47769268770935014
0.23444775573443621
0.6169481448887382
0.5584587456542067
0.15422078929259442
0.014609917561756447
0.4760547202313319
0.22240224087727256
0.10338856070302427
0.7977880005200859
0.7719408603443298
0.8224938602070324
0.3795086153259035
0.6719320401607547
0.8358438296127133
0.4178608195798006
0.7088998621620703
0.8544346572598442
0.4272096917266026
0.21360102741164155
0.10679858946241438
0.8033907107019331
0.7766948782664258
0.8258472005836666
0.38167348102433607
0.17521168087841943
0.5797933106077835
0.03599039034452289
0.875417062692577
0.9367319353041239
0.4678776845394168
0.7336945814895444
0.3667251603619661
0.6833010381378699
0.8416197480401024
0.42079359444323927
0.21032789049786516
0.1051619763020426
0.8025800037139561
0.7762895098712761
0.8256446272134781
0.3815717771067284
0.17516087362309918
0.5797679293318652
0.03597771094064228
0.3754107285931241
0.6867288008506875
0.8428761186951306
0.9211939184751827
0.9604748878628016
0.4801764087169431
0.24005768488859758
0.6200135826948099
0.05993811888038181
0.4049652407702524
0.6399807119742036
0.2887393985292874
0.0037442214670591056
0.9940593569190241
0.4931233015668113
0.7446084921248257
0.37132744322298095
0.1851753206574358
0.5923425061628222
0.04604867607122287
0.8974748874898069
0.38620691871619783
0.6618380776199047
0.8152863479335792
0.39982682853587903
0.6335052415379323
0.28354847853188403
0.5079846830340102
0.2222520331852138
0.6030688394967001
0.5475060696189757
0.6467388597375248
0.7598623423255049
0.34842176802339964
0.6565030574274715
0.8272406180913094
0.8821242531412281
0.42531407068599947
0.7047830157680437
0.3484546191757545
0.15663338839658536
0.07727143686497584
0.7568955146707594
0.36269972583977506
0.1734758467064239
0.5828009170945734
0.03930988517822698
0.8936706910608336
0.37627486034762114
0.18410706837312318
0.09003841289086267
0.7945001654443331
0.27199056223616935
0.5734265560167842
0.004971151793142781
0.4866145127743948
0.7343950431095436
0.3671364225447178
0.18353672508965246
0.09175262317876332
0.2958722416951787
0.52291883455473
0.6989589101576712
0.8182293207210023
0.8934896527789533
0.37643220339668915
0.18430979020195082
0.5902017393382266
0.044124291744083166
0.8965738608676475
0.8855427879316267
0.9113993227074388
0.9400136182666756
0.46191964697209187
0.7270383136346936
0.3625349648646079
0.17296288552461192
0.582329144293908
0.040064985427306965
0.39106473058927804
0.1320250463031698
0.04988291009794921
0.8918771253956947
0.8794083052198403
0.42209454145631753
0.7105432463868055
0.8550196110154502
0.4273837994260248
0.7136298503319267
0.8567991555319168
0.42839182892930694
0.7141920698340982
0.35709411260904744
0.1785460951505229
0.5892648779845331
0.5446285926154815
0.14728281667339616
0.011125672230264172
0.4742439254478086
0.7214949323097244
0.3528118806425482
0.1724383859836962
0.08399140209075995
0.29198043840005994
0.02098258791374974
0.44798747877939604
0.6927418299310375
0.8307449611602351
0.4075594999594614
0.19987325966940261
0.06673243100522086
0.7667645929032005
0.3164877333038021
0.6423747109947726
0.25465903140138835
0.109690338751534
0.3038380883517675
0.02641547383973375
0.95057802204974
0.44397403445327654
0.2063447874970734
0.5952373298059683
0.5436511408479419
0.6448417934880126
0.758929067873396
0.34375121514312923
0.17187173137790523
0.08593368917354383
0.2929668292053975
0.021483410615473986
0.948241703415988
0.9428708512277808
0.9558104253665078
0.9700927125522867
0.4811401062179357
0.238616928079864
0.11833190129254945
0.3047714192653075
0.027141568978549913
0.4509487140458077
0.19416332183755003
0.0814261433260981
0.28288531285943463
0.012528777006082237
0.9730574487766717
0.9699099957360886
0.4805595129437279
0.7400351389951538
0.8698952607519459
0.9348864759958815
0.967412660800619
0.9836910417943727
0.991715806274442
0.9957929862139281
0.9978793232294265
0.9989385868539102
0.49945397410192527
0.7497193273738958
0.37485583385569043
0.6874260019976646
0.34370441414648667
0.17185169830918312
0.5859103370166849
0.5429474757693242
0.6464699064090382
0.7607330449100118
0.8491155533993151
0.9089322921645362
0.9466514964587986
0.43816937709925696
0.217131495999638
0.6075891833752394
0.053306310379412025
0.9014090145356022
0.3880824369553011
0.6627301833068486
0.8157095740607474
0.8999049579142593
0.3835385995625984
0.6585623600694817
0.8204902101715561
0.8785058701469097
0.9311958175967447
0.46156935006729327
0.7287703956535552
0.8633775812922977
0.43142936142976396
0.7116777624178212
0.8538547543284949
0.9259429431112949
0.9624792545218952
0.47708726875134744
0.7364521963172592
0.3599174320988823
0.6778814940480515
0.3383904470829293
0.16916445261449553
0.0840785595937632
0.7917874762206338
0.27076785123790614
0.5728209821681958
0.5049001375155058
0.7367559271224309
0.8595867551630363
0.42930497613269836
0.21440828734193929
0.10708203969988972
0.8034799828019459
0.7767094429582357
0.3258394477306865
0.13166208699112758
0.550171707465779
0.14227142962045036
0.004728510190034285
0.48478562297532335
0.2414159954059869
0.6202196493686642
0.5598656800866593
0.6548107677372172
0.2648443481884897
0.10065337523701601
0.2844422881898936
0.5093399795296136
0.7192657844279893
0.3576168247091118
0.6782886598375626
0.3388844536675606
0.669373323849868
0.33468463536701165
0.6673413043899927
0.833670383959543
0.4168351770786103
0.7084175810741726
0.8542087867972441
0.4271043915359769
0.713552194822114
0.3567760894948151
0.6783880407747347
0.8391940193250775
0.4195970096043311
0.20979850384173915
0.6048992514261045
0.052449621754931286
0.40122480888385326
0.1381123964965809
0.03780619625467807
0.8782780976325739
0.9313265486853197
0.4617570238187909
0.22892538688029163
0.11348612999427132
0.30625478326692246
0.5239769970357884
0.6974133012117818
0.31690731877461076
0.14084500932949595
0.007418930617859587
0.487832695042016
0.7359779027756304
0.3640197290224023
0.18004051211755723
0.5890355798474047
0.5440273293643259
0.14676952219451778
0.009786127338884398
0.473582028032979
0.7191823711909819
0.8585993641754612
0.4288037713849917
0.2141539303411264
0.10695298737846315
0.8034145048295613
0.7766724432876799
0.825835983210709
0.3816068372398149
0.6751478414225858
0.8297461321053561
0.9109591717424337
0.9378671211306937
0.46795508699142374
0.7334882917930372
0.3664995275030378
0.6831274545402266
0.3415025726717431
0.6707207090221345
0.3353450658614747
0.16760373424040154
0.5837980449432507
0.041774802608415484
0.8958262450469192
0.8853825443948153
0.9114259831258096
0.4399582767218817
0.7121017809258774
0.35163918882608414
0.17557450008462183
0.0798369366384577
0.2860043467662763
0.5004201125993859
0.7492315259005409
0.8741269708552863
0.9368171987880487
0.9682864693459123
0.4840783549589105
0.2420067376224324
0.6209947782626841
0.5604358733980916
0.15518717883969657
0.015078210475621745
0.47628141203313135
0.7225118612695951
0.8534412772860378
0.42280663625570014
0.2094482242828235
0.6037313213164452
0.5513692652457394
0.14848521913518198
0.011612775619141757
0.9744934378250036
0.9716055027092807
0.47798214326030575
0.7350826749170665
0.865572833979968
0.431802161532687
0.7154089530231431
0.3555052955634892
0.17761433331179433
0.08879905249341391
0.2943974975787569
0.5221982122166082
0.1985971670364961
0.5680480908195022
0.5183949880884029
0.18888296725344844
0.090534697053954
0.793312286346918
0.7706790889205877
0.822343387932051
0.37967361570918
0.6721193849225529
0.33508216045447625
0.6672966932528652
0.33352615500916727
0.6667019826127216
0.33332044386770576
0.16664494821452536
0.08325374248670414
0.7916230527916923
0.27056547650136054
0.07265971330343746
0.25404178191092797
0.6108768526464701
0.05139472795417532
0.8987365480861627
0.38576555738109164
0.6615698208042886
0.815128908288898
0.8997345475945622
0.3834609035984613
0.1585120081435889
0.5704592804831918
0.5034264932910446
0.743868317513261
0.3680193254549522
0.6820560607593507
0.3400436000083573
0.16952958481851965
0.5845034260128159
0.5421286590863019
0.145545277337078
0.5101351826451719
0.22283336584223434
0.5952995850821026
0.043497493636095896
0.39467259735101834
0.1342865051701665
0.5319524318620097
0.639021063427208
0.7872834322915878
0.7525284029834438
0.8682070689974353
0.4300749719841406
0.21399881356046535
0.10648054740158841
0.8031010032282211
0.2755729852069635
0.5747977343853563
0.003951363090891391
0.9862284919945523
0.4891469011781737
0.24258977817953564
0.12030305288499221
0.8096555487136357
0.2795798153092619
0.5761893656163011
0.5067750636371784
0.2377620545157697
0.11106828859192319
0.3016277749557048
0.0238607028441038
0.44845375887234695
0.692488583154045
0.3303751425119117
0.15627640814636834
0.07807716133538634
0.757758059335174
0.8632387688849121
0.423799246607814
0.2079895583447069
0.6020397467946168
0.5500423572084401
0.6417161058052443
0.25420742385904305
0.6103799598931801
0.5512226351711433
0.6496042076905724
0.7578922988905106
0.8474443719605915
0.41578379724523984
0.7039532069175038
0.8500072650494985
0.40839777802466415
0.6958673515182454
0.8144710320048034
0.399354291788768
0.13522017636569217
0.5353816034039482
0.1265764400595799
0.559137766045751
0.6524927171412855
0.26319656433770433
0.1003175110090524
0.7845183700264897
0.7594385450065602
0.8445590866031125
0.4203254343010485
0.20917040409403853
0.10408904505311511
0.3017965036269743
0.525774004869163
0.199341767875012
0.5679306915844791
0.018217319942777976
0.4387346470321063
0.7154303170391358
0.3555025146633852
0.6776214978890494
0.3387763863429427
0.16938615168328397
0.08466159712406807
0.2923152976145502
0.5211498983262572
0.6980710739153437
0.3177528433443513
0.6432361477345694
0.7513017515884712
0.37174271419644356
0.18391727839480154
0.0909739667258691
0.29499464711989276
0.5222215915273409
0.69859547688975
0.8180391253263224
0.8933940707938746
0.37638428900390863
0.18428577153827064
0.09018973002093844
0.2941181679198053
0.5215707950119395
0.6980410164687783
0.31764831772306934
0.14313711016438901
0.5009808902104851
0.7465668948425446
0.8723064006189816
0.43566479612491094
0.7175881959556136
0.8586719969171099
0.4292749479354825
0.7143628117919434
0.8571661153109744
0.4285754128359258
0.21428382836165838
0.10713999005383812
0.30356904040672816
0.5267840428859927
0.2008917827915866
0.0691948183812201
0.7689723495568614
0.8141736444958951
0.9031805570994038
0.8871371459681541
0.4113420067005791
0.18955771997570992
0.5867222193337511
0.5412859106145333
0.6446053557738196
0.7595280112873297
0.8445924963743892
0.9203354935452808
0.9591873694444075
0.4791034960653633
0.2393066537042614
0.11952315029338934
0.308719924360048
0.028855349228251725
0.9518017299706116
0.44458884629420936
0.20663459910429083
0.0952604130434338
0.29360176326008514
0.0197866897797212
0.946386248950148
0.937777470855508
0.4677824431855697
0.7338568742852658
0.36692652228521183
0.18346230371389538
0.5917306731280405
0.5458650970831513
0.14793242554878816
0.5114651985350065
0.22448210706352256
0.09661592662450857
0.2904949230141938
0.016341194714186713
0.44371747187688015
0.7052571731910575
0.8443278052145615
0.4199666369240731
0.20986124812043272
0.10486958888941444
0.3024042768520303
0.026186879607848823
0.9505858103802893
0.9439780553220771
0.45633160273428075
0.7202226479712408
0.8561740795557853
0.9261260469502304
0.9620825270540081
0.47664476532372646
0.7380772585456725
0.861103805626044
0.9265825836337171
0.4613066620368045
0.7296688988280948
0.8643422333116177
0.9319250085973181
0.4648633646138478
0.7323684863513336
0.36615365755278617
0.18306919888709672
0.0915307846153155
0.7957634849299211
0.7728731592651457
0.32393610273720697
0.13071781292092055
0.5497337872220669
0.6420543339918368
0.254620887193596
0.6097323036810849
0.5538895818754099
0.15145647616009228
0.012984095577849075
0.4751198573212605
0.7218738334195223
0.8526053494133521
0.9221370102604851
0.46002327057067305
0.22976367620867677
0.11481889360584319
0.8071338339650538
0.7785511811089236
0.8262794413603842
0.3816435534390621
0.17507369263330474
0.5796630426775664
0.03564868896501139
0.8752300060587004
0.4371224297210574
0.21831683578784578
0.1090324136603158
0.3044532047060784
0.5271951012837235
0.7010818000999279
0.3192869586928282
0.6439859910751693
0.2516642663103994
0.6219218290934805
0.5589914573938586
0.15351529166218825
0.013737863395363092
0.9753590405161958
0.9719856093579438
0.9781782741483767
0.9851208673790097
0.4905765377334319
0.2442963199573569
0.6216522190370597
0.05859426551614888
0.40429510234389454
0.1396470128383953
0.03857349045574665
0.8786612609110307
0.9315178901597392
0.9618525749247056
0.9789731023774948
0.9885099567763973
0.9937666821060702
0.4927328870398924
0.24429123141453601
0.12159629835514352
0.8088145061046816
0.2789037127804477
0.5767000862397254
0.00697415805188939
0.9873108547762968
0.48582671469193883
0.7389990009833127
0.3675442296662368
0.18279543286189437
0.5909093755471986
0.545210517331725
0.6465066109376494
0.7606922628474422
0.349065550515661
0.6588924847892486
0.32162610461818986
0.6256529871316161
0.8108714535192121
0.7794582067290321
0.3267365286592394
0.1318738843256142
0.05017448987928219
0.39226705487817526
0.12972344781155698
0.04728162448736839
0.3976632923295256
0.6358428862004075
0.7864232484134845
0.2524625268706586
0.6183571915898938
0.5547535170335323
0.15211686730617657
0.5134895229712129
0.2254927311441861
0.5970593161764555
0.04068638672470115
0.39142161727068014
0.6312500503845513
0.29895855131326243
0.0161460391827859
0.9434892260469496
0.45560032984940335
0.21985769277671352
0.6054999826010317
0.05262601358117536
0.9012815355090424
0.38812503207009286
0.16280464819283225
0.06577339017530903
0.7750731817795895
0.3211222048557829
0.6273540286056232
0.8048717318743002
0.776943289412884
0.8257272637856659
0.8814914414251689
0.9250596254714765
0.4546867613971699
0.7231777292909101
0.3438809202052653
0.1714177869434934
0.0855846471094992
0.29276179082808085
0.5212435587309301
0.19811414618743584
0.5678032565047033
0.01827471997239627
0.4388239058316685
0.21550522581674159
0.6057992485293653
0.5519229423080105
0.650472653331235
0.2624921561800875
0.09792086761444807
0.7822978286712896
0.7619680023926776
0.8487421780300792
0.9084943180496339
0.9453322110348381
0.44135316091706045
0.7128326090751216
0.3525019445223734
0.17429379225359298
0.07835674489615485
0.7886824538582005
0.2534682695113588
0.6187976569635794
0.05543058773037046
0.9007311734894756
0.886873526556883
0.41168977951747365
0.6899451718199998
0.3371524266549386
0.164177852217108
0.5818428706552368
0.5329859071352985
0.6375251913268585
0.7855287145357579
0.25114741671131924
0.12117101124022156
0.8103375204664189
0.7800304624252021
0.327510932169389
0.13250522391172126
0.5506274908548221
0.14250118483323604
0.5048443121195305
0.7348440141649917
0.36644532484933734
0.18273432154092006
0.09112299032858573
0.29543940993607976
0.5226586623466574
0.19831052861991338
0.06764584811753593
0.2681292585621122
0.5635041138739325
0.02778283439693041
0.45038336841389537
0.19343765985104255
0.08084181774756871
0.28248431012616493
0.5123043658095412
0.2226894196064677
0.09558995024417527
0.2938543629134074
0.019972134177805856
0.44647790654562414
0.18757909987471066
0.09353776313946582
0.2966429956140928
0.023289057484362274
0.9491283085662872
0.4433098589652218
0.20599917136132717
0.5951716927520465
0.5436719595163595
0.6448790363210719
0.7589610464347061
0.8438350373471621
0.921669086033944
0.4607122340530623
0.7302873331354931
0.3651397917419672
0.18250692353467457
0.09122197373653762
0.2955952502961736
0.5227897568547633
0.6988928516220767
0.8181954124011099
0.3934724379214458
0.12641988886753097
0.5593017793726176
0.15268155030207708
0.5128561054589227
0.22468762518838048
0.5964669214736205
0.5402969229908194
0.6412107101932634
0.7558923388132825
0.36219122377224267
0.1732487162516918
0.0827171225391794
0.28937443427275866
0.01869515553698875
0.4384780118125491
0.21532888110959902
0.6066859369166195
0.05285373161314055
0.9011821882450022
0.38796899377484806
0.6626734466990456
0.31543705763760954
0.14989076627534814
0.008531501749530435
0.9710588102170732
0.9767384350125212
0.9878799805883318
0.48588287184247747
0.23891287320293486
0.6174412026011851
0.5577134613704402
0.6535953939892352
0.2641746580484323
0.10080632666358724
0.7842743808869272
0.2590728002251126
0.09425420523621142
0.7951110043504741
0.7720509933133144
0.8232731863390654
0.3802625986863859
0.17447530396748334
0.579409654281335
0.5357908284058794
0.12525237968657166
0.5616171725851018
0.6555557283572853
0.2651557863573544
0.10125922487350181
0.7850007958477363
0.2596859895857051
0.09468579062377103
0.2953892933437601
0.021717845724197105
0.44786861492320895
0.19243915352853946
0.08047223821631633
0.28138600653619505
0.5151739585562609
0.2261995272419881
0.09746707274462096
0.290795120614348
0.5164282406622078
0.6937294903036673
0.8302476843819022
0.40681912697618827
0.20121033088071272
0.5692321116221137
0.01892189952195622
0.4391445083892904
0.2156649871612899
0.6058788749505766
0.05196275483467616
0.4004930360824801
0.1375023473519832
0.5354259634332266
0.6260503763624001
0.8088442165171728
0.27843025617767125
0.07646323091466911
0.255879134288989
0.11225162367918529
0.29828184010693803
0.02022656355984509
0.945656103634974
0.9406004161864985
0.961991737713106
0.476841633208096
0.23730500272358768
0.11083903929102235
0.30151279232813977
0.5238030026957858
0.6984249238157645
0.3174739347305149
0.14286770377657376
2.26575939450413e-05
0.49995026289252564
0.2499446059227921
0.6249570401851088
0.062470889708492905
0.9062316149938852
0.3906138926395215
0.16405598865821958
0.566398700902937
0.5253866115526762
0.696286936319666
0.814940283424221
0.39868104842025787
0.13635222756420262
0.036681969300843775
0.8775939124461729
0.9309234200045466
0.46152493491536006
0.2285499392892234
0.6141452680458315
0.055085175816202536
0.40156411385396495
0.1377623041626066
0.5373712758009788
0.6270151724165771
0.8054470116621815
0.27570833239587955
0.5743465794657823
0.505419615568826
0.7369551006122492
0.3606001967273187
0.676376680348767
0.8359901199291926
0.9178725123347249
0.9588749786198605
0.9794068505289033
0.48968809889629483
0.24483594132470898
0.12241391706629656
0.31120588540215977
0.5305952535709366
0.20279378222767264
0.570129710045876
0.5194388937670738
0.1893454311066307
0.5907356776297092
0.04339944006642327
0.8957152859657072
0.38486542596365325
0.6609366044576745
0.812759493564954
0.9053418955591042
0.8899114206433296
0.4136370159103535
0.1909455451532267
0.5875973263173364
0.03986094004358165
0.39296159354853444
0.6251228233741131
0.8120711017691065
0.7809124597115442
0.3278949543600902
0.13266689903684892
0.05069316044682637
0.8925264356657863
0.3798225088394247
0.17233115871204063
0.5851880463887937
0.042105204571271315
0.39580844627926126
0.13528166827745736
0.5363295568095054
0.6270199045829941
0.8054379931418225
0.27569717715959996
0.07436819645226933
0.25538286700611934
0.11203495849622414
0.7981892417301424
0.27018050212063827
0.5706350952968933
0.003082342242123559
0.49324013642035425
0.24243909292272292
0.12022772143245675
0.3098620292148553
0.029805098834913224
0.9523395915166475
0.4444000355724711
0.7063227689359337
0.3452837952063419
0.16845991625450552
0.5822691403736826
0.5406424425600562
0.6411689149099402
0.2560083080024924
0.6118293605104554
0.5480714241275564
0.14462580275721848
0.5095605948881712
0.719498132384615
0.8577339373296127
0.4278746620984748
0.21338014633511193
0.10668613167945296
0.8028528138820548
0.7761817725840956
0.32546857657143846
0.131423118757084
0.5498114168585744
0.6420778264582623
0.7546249722363427
0.3597305160947144
0.17888665219652466
0.08895409069373272
0.2942326660559047
0.5219941433751956
0.19843597686849535
0.5674486829375383
0.5178396887204144
0.6875610965653323
0.34353616551379673
0.6717069861188065
0.8358229447330814
0.9178961981961038
0.9589404620055575
0.9794664143119007
0.4897160251275636
0.24485705117695034
0.622428046859568
0.5612137766147498
0.6556067686178721
0.26530332447146066
0.6014016323024407
0.0350758011918515
0.8847253335115965
0.9072064130159561
0.951650079630781
0.4435984763840679
0.7056859564618208
0.34478633737307973
0.6683648482430726
0.33314482640707865
0.16605361411347985
0.5828894779260736
0.5394839840882923
0.643761614599498
0.7510781176388264
0.3713877144618891
0.18459474382689223
0.5922322817496024
0.045107033307431266
0.3970570690871682
0.6357824565202463
0.7865186660783365
0.2525711441412568
0.11844243152881972
0.30518520550685935
0.5256051300966647
0.6998123687517364
0.8164579612202942
0.3924814166384749
0.12977318424964324
0.5472778300754726
0.14764608041150495
0.5108266228926368
0.22391712936223485
0.09621101006632671
0.7902299395645969
0.2656893826497253
0.5700928905571345
0.5193565800436772
0.18933336113695987
0.09075184550601989
0.7934223204210866
0.7707343554357067
0.322378775337711
0.1296951864787843
0.04714736787718721
0.3975358309689909
0.1359931371116545
0.0367308028799016
0.37748849717900157
0.18080585610005073
0.08594545055530034
0.2929412521480117
0.5214625188964419
0.19822720586671494
0.06786252607707866
0.26830620144028217
0.06384058532421477
0.27801403508055955
0.07455388832022436
0.25505038152914494
0.11141190948546864
0.2976493141031824
0.021749461709987372
0.9473371331696399
0.44214390838169493
0.703478570387233
0.3507550932990853
0.6592604506877251
0.32157167737022974
0.6255065646837465
0.3107310159539338
0.5298731735965703
0.7021913732751273
0.31972355672041886
0.6441747597127687
0.751743870525388
0.8718262029287871
0.9339598535152618
0.9660033325781114
0.48251336920657195
0.7410125397727825
0.3703841993410606
0.6851310643833131
0.34229087393032387
0.1711301781469956
0.5850691783998627
0.5422866337466985
0.14601933915400878
0.5104476804845035
0.2239428457687609
0.596330925647635
0.0402832253894303
0.39123530307551846
0.130920356081333
0.5497130927979015
0.14198300379212014
0.004554730578092858
0.48468397962278686
0.7413577969709877
0.8701257631764747
0.4350304564286489
0.7175066450145096
0.3587528456118889
0.17936855496373028
0.5896803435462061
0.5448382048052736
0.147418118925998
0.011201176734175533
0.9743466469808482
0.4715463826141786
0.727960212592734
0.8600698022346478
0.9280797490791883
0.9630627753504086
0.9810411691432819
0.4883228262187913
0.24403909643297084
0.11805214185733348
0.8070423608005513
0.7775293571176007
0.32576852897182107
0.13138618992525153
0.04994501089095138
0.3916025527578313
0.629391077440232
0.29809301503701136
0.019651495676953346
0.9470813669031486
0.4382622429402545
0.21711690121446736
0.10755109845194966
0.8032720072951633
0.7765063028782606
0.325200020277407
0.13133284397190437
0.549063905782532
0.14123069480410777
0.005917843343922868
0.48721173213561997
0.23573227127781138
0.6139288613921963
0.05499579358729534
0.40151363782933913
0.6377034456527326
0.7875692364177667
0.2521749187435489
0.6177845169731881
0.5566872961644549
0.6532196684274822
0.2620947193936445
0.09878980251960456
0.783264215424424
0.7585753478633706
0.8460234541562386
0.4141921171976719
0.7065925036440603
0.3453540446644183
0.6687059187388513
0.8323826663545333
0.41521380862104706
0.7032118957431521
0.8513615685806144
0.9099335946375504
0.44709320249967277
0.18835932700312696
0.09221102637820877
0.29512030055047944
0.02207162685226649
0.948276352515677
0.9427584458026104
0.4557198752590921
0.7200455225829501
0.8560850380454212
0.4260736425057985
0.21193031291477382
0.6019939355028328
0.5500041247869376
0.6416969891288318
0.2541827257082332
0.610363855608739
0.05124322301708162
0.8996288216148969
0.8829155805578921
0.9099634074955247
0.44704701236332767
0.688306153024314
0.8421694334538188
0.9200928355858196
0.9595504772150889
0.47952702990733087
0.23962415181449614
0.11981156552792527
0.309905661677476
0.029952800075989217
0.9524762654327787
0.44498812503297813
0.7068690586602315
0.34562202834058553
0.16890476367552765
0.08249925670679659
0.7902730648929719
0.7657420007162727
0.3201268576376606
0.644316358375363
0.25178464397322387
0.1219555543793831
0.30900939338607714
0.028520504769403487
0.9512681564083323
0.44412277138326317
0.20631336167571135
0.09531318629160523
0.7934907052840572
0.7696624082454946
0.8218085307453293
0.8756240077782422
0.43582739267731085
0.21679926058277488
0.6083919971424621
0.5541917051596101
0.6520956132153515
0.763547686918173
0.3505237836216111
0.6596368618775159
0.3220059159793891
0.12584670027717948
0.5609702213841956
0.6545085314137395
0.7642659835109953
0.8506388506502844
0.4095723547798116
0.6969126421026886
0.3132695534150116
0.15454432257683948
0.5137879693647847
0.22539602930191904
0.5969490369607229
0.5406000295188278
0.14111862966092303
0.5060906925937161
0.23692431638482958
0.6104011663992424
0.5511722329538316
0.1495446891640313
0.5078453809255734
0.2225420332979411
0.6034275203419384
0.5477996414119843
0.6469122437410988
0.259977590321796
0.598249530303292
0.03130224614869803
0.890528926072875
0.9139533943380229
0.4413209393096622
0.7128325907106046
0.8525018790387549
0.42429396978695877
0.7033569536870345
0.351182080921717
0.15971784622524865
0.07192327233497053
0.7507404729549307
0.8733856233302504
0.4357081419439055
0.21736172144301236
0.6084356397332158
0.5540804569900502
0.6520325971068814
0.26351248333230615
0.10050433428841643
0.2846262129896786
0.5095001294102985
0.7195897605270147
0.35783972864737734
0.17794276535278186
0.5884830715949647
0.04399690343416296
0.39687613552086987
0.6349003471550532
0.28568131328211166
0.5001249482738785
0.24956649597152136
0.12465736086596735
0.3122657377971336
0.031101397617021576
0.45303496316773817
0.19526342843892053
0.5819741700543091
0.033158789738081396
0.8876693003403489
0.910614344116766
0.438704648433486
0.7149573123897426
0.35723427528864704
0.6784949322754983
0.8391864230507053
0.4195626918517519
0.7097660870058462
0.35475334187503904
0.1773118201235775
0.08839460281888023
0.7941353123169392
0.27156363922404125
0.07302981114480644
0.7551389013242442
0.8619119659997523
0.4228835768881254
0.20740939961979166
0.6026956450659782
0.04693755187327042
0.8982205800712109
0.3865472282632254
0.1619925600825809
0.5653559914208017
0.02485785141470842
0.4460188535449561
0.6897891318949405
0.8361045478959568
0.4175635000283364
0.7085373630397953
0.3541465495072771
0.6770119712455198
0.3384754512226209
0.16897784839966334
0.08435898559400812
0.7911703858990222
0.270088268967811
0.07031608279794455
0.753900397074176
0.8691338763746899
0.9306587770988699
0.9633753079979215
0.980710613715928
0.48986677927314304
0.7446891258296091
0.8722219550982118
0.43556162755703554
0.21775029523996636
0.6088598883361556
0.05442231454071589
0.4022073424421251
0.1386017638433259
0.03804992823279463
0.3783994872646872
0.6813850978505798
0.33678617971600033
0.6664360905415379
0.3322395456198137
0.6656305229698773
0.828664386557648
0.9122567558079027
0.43995394042576663
0.7121334077965003
0.8516569133789744
0.9255766864225734
0.9548499580705538
0.47345578647218645
0.2191335557436105
0.10852107396931387
0.3037701099528931
0.026762865425553173
0.950820337922778
0.4441296215809416
0.7063024667731952
0.8453310965269338
0.9185112795967143
0.9571785054577049
0.978038974251831
0.9850822124280967
0.4905724763229955
0.7443019828060642
0.37165838689543307
0.18363168099313043
0.09167845154297538
0.2958315664436668
0.02291195359430276
0.44895406198338605
0.6932260735775344
0.33098754318780266
0.6576772175321821
0.8249303317279555
0.3792615041893441
0.6730272523127496
0.33211860310984775
0.16581491503166035
0.5788790142396465
0.03742528543807566
0.8770805467793252
0.9302239872340579
0.9630290477070957
0.48096085531869903
0.23851201380603015
0.6187638941628393
0.5552296481619123
0.6505386746139266
0.26221954383072443
0.5978758907876909
0.03280833241296932
0.8872460865532048
0.4102959108131472
0.6889650410157628
0.3405757862201426
0.66833452595165
0.3331905794038903
0.6661069479014259
0.832809299317887
0.914329454099061
0.9561271292623132
0.46997640636982396
0.23106669436674565
0.6133284521347377
0.5565383410430513
0.14929997801664285
0.010165392741328105
0.4728480276244227
0.7202761618536897
0.3559866174182389
0.6759790889336728
0.337470715836389
0.6645696935884189
0.8302630497782957
0.90682692520204
0.9512142579478677
0.9442340891400818
0.9564305283711292
0.47037199305486865
0.7312624573241919
0.36367711826460436
0.18080070719588548
0.5859751813404728
0.5428502316353843
0.14641747146379203
0.510704913554946
0.724100545688998
0.3464243173075374
0.6653991659695748
0.8287892719381489
0.4124394823156763
0.6896176346344873
0.33650612679775804
0.1660553199762944
0.08290153607958928
0.7894345810636878
0.26872493274277076
0.06355402589542791
0.7776223158580251
0.32519702045829035
0.6313445725827478
0.29906875497545116
0.5162326267163735
0.69341850336059
0.8309621792577673
0.9076075543416664
0.44986700953450054
0.19171512094908394
0.0792483685654588
0.78516480315011
0.2519249765900895
0.12204765519709326
0.3090702257468365
0.028550682531204075
0.951283126079943
0.4441454554616939
0.7063246739271563
0.8452885484730359
0.9184632393589709
0.9572632023482583
0.47813521182979457
0.7349131612281781
0.8653803119377699
0.932136965013342
0.96603698132094
0.4825220872880891
0.2410128419578541
0.12038327578920871
0.8101305724412668
0.77979061298538
0.32738003972917795
0.1319441054656636
0.050099096464691684
0.3921130700909998
0.629588295967551
0.797185028437525
0.27260045445291325
0.0732422080473043
0.7553710441570729
0.3620604922180064
0.17321773117873818
0.5827026081096847
0.5393981751985848
0.1437225231784396
0.5010604798444547
0.2463798453391064
0.12209128786344081
0.8109846082807053
0.7794852220686153
0.3267390704713762
0.131867765187053
0.050182997569208965
0.39224657384329475
0.6297008244437166
0.29726799568743445
0.5225961617543362
0.19827916283975355
0.06775219269911759
0.26824343713815324
0.5638053889560979
0.5279944104549941
0.6995430632086936
0.8175447139074095
0.39265520047047175
0.6257690368802287
0.3107930433761794
0.5294118491001427
0.20195975544629619
0.56960727047408
0.019115662697004154
0.43897018127609044
0.2155633354850579
0.10582079028245062
0.8019294805417303
0.7754764436394908
0.3249902588140685
0.6291680228896439
0.2979128287988715
0.019805546442512423
0.9463649368844926
0.4377514409716241
0.21788383956300095
0.608690119930543
0.05421915999613702
0.9020466300135013
0.8884918102121446
0.9129877969971858
0.4408038092951756
0.7125578137056436
0.8523649676062632
0.9241949965944514
0.453306513489224
0.22616401434061117
0.09721238585188985
0.7906713525007945
0.7663683757127728
0.8187005413055886
0.8927334473701194
0.3755583125166595
0.1855475583288353
0.09277187180123292
0.29638498221174814
0.523192014254164
0.19909576870850287
0.06829776513040997
0.2685238229460083
0.06394938164157793
0.7780683066812344
0.3245810208900366
0.6300639442051761
0.2989186889899429
0.516402702924097
0.6936261556693353
0.330150479945587
0.6569880816387013
0.3265256565064192
0.1310286363295745
0.049397222202969715
0.39164006311330013
0.6292907575552817
0.7979746748751495
0.7695887530571781
0.3221712333324831
0.6258682718907949
0.8109495098760817
0.779482441896107
0.3267450644343626
0.6318744539457839
0.8001891713065561
0.7672129284183029
0.8171961568878032
0.3908968696196098
0.6319105688016862
0.3000546575640328
0.017199324094690382
0.9419415190641303
0.9532666879240423
0.47608185099670663
0.22238540020771325
0.6033725669549312
0.5477762166701723
0.6469330758554861
0.25998901983257383
0.09825575086870231
0.28130346356192604
0.015529541997238994
0.9764536762086209
0.9725712907093111
0.97845787164988
0.48531504897982813
0.7407005810528062
0.36937181881512515
0.6841890366922598
0.8398967754037585
0.9198260638222564
0.9598518699640408
0.47989538381807506
0.2399323120189365
0.11995849586674012
0.30997517943615094
0.029985555447638035
0.952484637935413
0.9449902914639097
0.956869638612261
0.9706221849482972
0.9814043580554426
0.4887489310349338
0.24339688784675673
0.6173034050734714
0.058403612580150366
0.9040778248745482
0.8894768025202211
0.9134578231314663
0.941088622494135
0.46272416671854444
0.7274520110804588
0.3617557106190361
0.17208783701062202
0.585555160389049
0.5425331974111032
0.646144407306565
0.7605111004959326
0.8489750321896281
0.908847257058369
0.946603499003686
0.4381111671682447
0.21710055120638572
0.10745068910182454
0.30366383254295215
0.026801160245668143
0.9508852020953782
0.44418491204851307
0.7064636115101166
0.34541726429597475
0.6688014210085385
0.3324435286631342
0.6652441270707641
0.8282274717348628
0.4138695649744477
0.6911876970261801
0.8377203057752922
0.41492338106036186
0.2054932769096922
0.09394993164460175
0.29648280280525796
0.5229800909000915
0.6988670195860323
0.8181525144318584
0.8933136892155744
0.37633659577113576
0.6842581734526902
0.34017402451718226
0.16910948092117906
0.5840659152891021
0.5417888128140476
0.6457723358471412
0.7603251326363534
0.348637908056844
0.15867869521025568
0.5705426556814928
0.5035292317625135
0.24370606784941629
0.6178237599087879
0.05689724290277809
0.9024413029255811
0.8884601791505702
0.41285033026360907
0.6907677103881724
0.33756275722407736
0.664874644309748
0.33047632561647333
0.6564451645244844
0.32770181554951705
0.6323405206785537
0.3004801718343515
0.51741125411354
0.19229550269665197
0.5785533840535209
0.038295823032967746
0.8780343843682203
0.9309604286099784
0.46145186232752167
0.7287117551604751
0.8638370745466091
0.429705982824089
0.7147843118291348
0.35738833370851353
0.17869225575122982
0.5893451574083883
0.5446721008047462
0.1473358119255863
0.511165879375767
0.2243319264089223
0.09654069496900775
0.29045687889447436
0.01632194354897365
0.9437077238108031
0.45525223793811165
0.7193250685522798
0.8574652607203461
0.4286105560895521
0.7142442418262362
0.35709160327678546
0.1785305428202264
0.5892576419864781
0.044563971139723435
0.397249560628552
0.1359941269038245
0.5367160690075252
0.6274810260511003
0.305802008806495
0.523443471029168
0.6992054932343308
0.8183448638883419
0.393545397935668
0.626459211751353
0.30932311559445225
0.5277064052934293
0.7003756263875403
0.318449263490038
0.6433545224135742
0.25124244403559715
0.1216538171574939
0.30859906564000994
0.02928400578093715
0.4521343584638089
0.1948128802177962
0.08178119795047678
0.28307416319148615
0.012628863682039082
0.9731103228696156
0.9699531070655212
0.4805818946333602
0.2400467465922702
0.11990128795150667
0.8098893629212398
0.7799140408169478
0.3274412232567556
0.13234088115859777
0.5504805827804375
0.6424106213962659
0.2547981060342863
0.10980519189615734
0.3039181655040011
0.026466867566341534
0.45048732619034126
0.19386345671955496
0.5812435325060505
0.5323056590277702
0.13699480571085587
0.5361449532210827
0.12741505162557587
0.5549022508203052
0.15195855262572877
0.013234897254733369
0.4752452590910252
0.7219365347700659
0.8531252199900337
0.42239694567979313
0.7091155214584433
0.35403508387389593
0.6768935474974569
0.8379270203004126
0.9188256888301112
0.457451843918534
0.7277454813010991
0.3594772240030579
0.17949398659402505
0.5896246824413538
0.04475023312261328
0.8973445374867879
0.3861569792206865
0.6618208522850182
0.8152816074725706
0.8998111365363002
0.3834983570850454
0.15851505537284538
0.5704529660870321
0.0034194171021226794
0.49389332631835714
0.24303850182332098
0.6195651712769177
0.5588055460539181
0.6539142522960901
0.26421286625554785
0.10073430131888017
0.7841925650718622
0.2592532570415642
0.5944551157590467
0.5452668024227023
0.14665302395587787
0.5103363233502023
0.22367306737578474
0.09608898652368225
0.2891922498238273
0.019077206845395267
0.9390963440819178
0.965607559948694
0.480726662412053
0.7393552899884526
0.8694177650031634
0.4336023800133262
0.7167667301255278
0.35838235131814145
0.6791906836733688
0.839595215045847
0.41979754413478076
0.2098987552744802
0.10494925748207606
0.30247456865618005
0.026237015845254064
0.950618492992362
0.9440592387982178
0.9564046155428514
0.47038980678189546
0.2312886491708923
0.11369119945447892
0.805869029747555
0.7735399798839353
0.3240258474543225
0.6306408524687868
0.7996343831473496
0.7669741700228769
0.8170655751600862
0.39094702940201387
0.1319931365433149
0.549866120389197
0.14187546566245146
0.00446997070685029
0.9843819637026172
0.9921756033727434
0.9960801124398131
0.9980362097267061
0.49901618162402883
0.24950707354582846
0.6247530440741684
0.5623763988551218
0.6561871850863099
0.2655930821201764
0.10154642089037225
0.7851477033109404
0.2597612173121888
0.5947243510745466
0.04540904675377533
0.8967279589851387
0.38537569731124677
0.6611937075504102
0.31484977950458415
0.6485747901024297
0.2612685956992209
0.09924696871894412
0.2839908544847276
0.5090570419852156
0.7193093264941126
0.35742592538008466
0.17869722680188715
0.5893445593246724
0.5446702528570313
0.6473345898557454
0.26116726506734267
0.09933361737057567
0.7840418012056034
0.7592083968629595
0.8444479465542827
0.9202708324301057
0.45915884579881094
0.7290911097370554
0.8643014066619799
0.4320286310976371
0.21497671693214215
0.10696955915773287
0.8033474464900792
0.2766660919296555
0.07570715300971642
0.7565406318753958
0.3626138297258876
0.17347867175703868
0.5827679640497081
0.03941368902451359
0.3937298042292241
0.6260638819658197
0.3088814309157897
0.5283420229097828
0.20160994643811136
0.5685478782106657
0.5181453914847225
0.18850839213700965
0.5902220591669902
0.04410204116720706
0.8965465263754595
0.8855248308973387
0.4114511413499713
0.19006993385846727
0.08720714852097444
0.28956759473658167
0.5177658075990621
0.6880648297374137
0.34183413223945536
0.6707794818212278
0.3353820509801153
0.6676869569928385
0.33384150385973044
0.6669202712364495
0.33345798793016
0.16672887426102534
0.5833643772639334
0.04168215877143666
0.895841063989792
0.38542052431148477
0.66146026016213
0.31510512909153476
0.1497400642838329
0.5084637783875223
0.7210287623165641
0.851725310261827
0.4253743734152522
0.7046305458352435
0.8482869524741545
0.4065043160226196
0.20224507790408097
0.06961313952342607
0.26905187004012987
0.06417910271557048
0.7781813939800486
0.32463661825750023
0.13009126976248808
0.0489321150816977
0.8914092976774555
0.8811284397670534
0.9239011153404135
0.9538613560143858
0.47496181639144197
0.22087541152723134
0.6021349575312342
0.5488692294165958
0.6414997909450904
0.25623560859821737
0.11148569066426717
0.2974263265787158
0.5215080289053731
0.19819095227285288
0.0678139450319577
0.2682664453750476
0.06381689212867059
0.2779850219958462
0.07453843019902706
0.7550116581551265
0.8613770506053697
0.9227462063718121
0.9593550687131938
0.9786837759020273
0.9888526381109841
0.4922285095381085
0.745992180716712
0.37293505333946086
0.6864370081457309
0.3432032448181417
0.671593992767157
0.8357931815553457
0.41789468337083235
0.20893875835463405
0.604468902311055
0.552218953933334
0.6511017283482943
0.7630469898576848
0.3502715577778872
0.6595098102989141
0.8219419208471663
0.37581253112875856
0.6859531386871822
0.3419961912150029
0.6705079065286554
0.33499359994311817
0.6673666232964024
0.3336506482446566
0.16681757548940368
0.08337630308233202
0.7916795386408921
0.7708392775675748
0.8229193929000758
0.3802096331201028
0.674479784880532
0.8294273840438109
0.9108073819370475
0.9378255359188188
0.967936190427281
0.4834798064548522
0.2414957290457096
0.12062579210032709
0.31025174155365676
0.030095293564954773
0.4525318813393824
0.19494702277006581
0.5818465369520709
0.03298774070572108
0.8875260468630586
0.9105293501052074
0.4386473615595605
0.7149212740187068
0.8572125604841858
0.428466975747142
0.21423301077447832
0.6071162669395562
0.5535580142459366
0.6517789475037716
0.26338944394956343
0.6004447070590686
0.5345973460644018
0.6344861394900363
0.7820868178678211
0.764090282988036
0.8498185785138048
0.40879600777407177
0.6963413631310686
0.31289236119482666
0.1554085829120595
0.014685492496937513
0.9759554171178024
0.972345079149818
0.9783562248630915
0.985269955068361
0.4906808988598641
0.7443634100782219
0.8716893706587143
0.4336453931464348
0.7167000898043625
0.35828897994360887
0.6791134806408081
0.83954123564763
0.4197628654947039
0.7098775565682445
0.8549366166698746
0.4274606114195194
0.7137283962510992
0.856863244320266
0.4284311452647671
0.21421533418470062
0.10710754786850885
0.8035527606261894
0.27677587361540645
0.07588589531951584
0.2566924633574672
0.1127172940177843
0.7985441781638656
0.7703648546594195
0.32072904854430817
0.6281359312415589
0.8057661989005283
0.2737324549816549
0.07326747171464376
0.25532266902155243
0.6120053242484573
0.5481746607110836
0.14517333151889034
0.00812966632656753
0.9718055774865206
0.9775867337884847
0.9847612244193442
0.491341103479499
0.745150797360111
0.3724452212045435
0.6861880394280888
0.3430929465976078
0.6715158950537443
0.3357426588772796
0.16774161480134353
0.5838059500674717
0.041885805170750245
0.39588088207528926
0.6354246895643882
0.2864544727781322
0.5025982873339672
0.7434694736730307
0.36782800807850435
0.18189960450399667
0.5899426024698187
0.5447118420852348
0.1472261914750561
0.5110787485318724
0.7242874594521709
0.34651774252415635
0.6654458925477229
0.3288164569239598
0.6624549837724771
0.8146249158598948
0.8990111699094996
0.38480437046382576
0.16102820009109564
0.06286623375490308
0.7804564928810578
0.8272399349079933
0.8821258098178077
0.9253158344654366
0.45478436711709946
0.2234554085007403
0.09413431672146544
0.7960219294182025
0.27251886783051305
0.5736354557739105
0.5055057369463611
0.7370968739269301
0.3605983693851158
0.17638518605963327
0.08599145308835432
0.792871480633039
0.2713746902591083
0.5731549127376638
0.005311240180162713
0.48702632667846046
0.7357004239747766
0.8639438422978856
0.43001873631146736
0.7140327747911215
0.3565280911861919
0.17801977827912197
0.5879111929680221
0.043894306145375594
0.39496344994404353
0.6339894114644267
0.28134229898569174
0.515424978453666
0.22633943351684138
0.5974834277876653
0.040898573148297146
0.3915277459891513
0.131302864785539
0.04904593212995678
0.8912059406575281
0.8809013972058892
0.42470338608836755
0.2044780973228626
0.5983022507862188
0.03155772647005506
0.38979466375894845
0.16309419702156447
0.06588965657283552
0.27512374508660287
0.07115508607239462
0.25236675882479176
0.11739048728486523
0.8082050475641154
0.278857425757451
0.576798534457339
0.5070841631095391
0.7379007419513073
0.8608898837410379
0.9264156603021547
0.4611893765395507
0.22958736136206426
0.11454179097199813
0.8071449506096542
0.27850950293941423
0.07625024282606319
0.7566228670766577
0.362562213675119
0.17343795325723477
0.08255332615226507
0.7891938383399975
0.7690743056300562
0.8141006751393434
0.9031126163026784
0.8869653771980666
0.41124825828592293
0.6897510545968544
0.8359633811924141
0.9179201487859245
0.9589294226898346
0.9794484914164059
0.4897161357512232
0.7448559202312026
0.8724278399604373
0.43621385990991257
0.718106896179961
0.8590534460963681
0.42952669272199273
0.21476333143073134
0.10738165778457187
0.3036908249196131
0.5268453964963555
0.2009226944646798
0.5692113462719135
0.018980672670295462
0.43917783608776517
0.7156826679129153
0.35588820889825
0.17696754168719053
0.5879954895644914
0.5437536041426938
0.644801606744295
0.7588632057013456
0.8440006946329959
0.42100852602743544
0.7102524929796346
0.35500036148005165
0.6774372382205911
0.33868714785785414
0.6693354676826857
0.3346026455692481
0.6672697323083412
0.8335051068279427
0.9167181913217064
0.9583571733965073
0.9791776255588047
0.48958833221695386
0.7447938960103784
0.8723969321581535
0.43619750821380876
0.7180982770223636
0.8590469888877124
0.4295233733137138
0.21475399669725448
0.6073731533542741
0.5536541367182508
0.15181084838695824
0.5134011289046612
0.7254350651346613
0.8470885910792276
0.4157298266654834
0.2039576937968377
0.10002136282855645
0.7834091167896986
0.25840377708664164
0.09575462288921699
0.7899427411030047
0.26795721039525233
0.5626590251049493
0.5308259724988602
0.20266121622989886
0.07001575824688189
0.2693504541821312
0.564354144007666
0.5282093099958729
0.6996207739866804
0.8175684464804363
0.8926632529764902
0.8757711413491052
0.9358082146791276
0.9668587536143605
0.9831832952913828
0.49152965695247985
0.7457338033127598
0.37285138908191584
0.6862959275313187
0.8430831100558862
0.42152438790071756
0.21070020462502725
0.10533436655532569
0.8026593154354487
0.7763257237966172
0.32566089494503103
0.631579940818483
0.800157087680418
0.267262162087718
0.567222919955384
0.016032379440730438
0.4445391494373325
0.706156054569874
0.3450203135435004
0.668481774860993
0.33222288178512827
0.16559072700329125
0.5786363860534038
0.537303553923266
0.6275077321333811
0.3056818455224857
0.023865947645390406
0.448452566342894
0.19248583912849426
0.5803736597008538
0.5312756672210526
0.6405767835385632
0.7890078667260241
0.7538636708341073
0.8691117041453253
0.930645778978942
0.963367856660625
0.9807063970074523
0.9898606181377545
0.4946859262418002
0.24722077170736156
0.12306100144633092
0.31149998266482726
0.03073467267677188
0.9528596771124285
0.945175889733946
0.9569610300532077
0.9706670576124452
0.48142680010641925
0.7387581283401232
0.8684023819805589
0.9298027851909865
0.9646553146885708
0.48220461793243885
0.2410407894931268
0.12048963687266223
0.3102294394921046
0.5301065534295049
0.7025494282424916
0.8200084996642545
0.39437495777383447
0.1268747404392343
0.0595310005301144
0.40281231541302986
0.6379295643419027
0.2872264859615825
0.0027439756668172777
0.9934373541618697
0.4927511367422994
0.7441477246175054
0.8720585881383158
0.4340685319912154
0.7160538849420846
0.35753675195155665
0.1785232811816968
0.5891390894539654
0.0445082692313008
0.8969784030341543
0.38597388289053924
0.6612410008674487
0.3147475292207673
0.14846071650390513
0.011668367427773774
0.9745531888038386
0.9716360970633104
0.47799684572964907
0.23509211323107593
0.11559290086734109
0.30681987255229615
0.5279216510534752
0.699263543006964
0.31825970066711307
0.1434438151482027
0.001378889981424436
0.4967679361870978
0.7464232136844657
0.37223122964496724
0.6856254262092989
0.8425599893962499
0.9211574475339148
0.9605479677557014
0.48001446525449865
0.7398774733010214
0.8699043745582458
0.934828194702277
0.9673826186335646
0.4834313995379489
0.741585759766167
0.8707584870571736
0.9353782595717348
0.46765812023659237
0.7338135553291067
0.3668990252772346
0.18344566624728031
0.09170565102249384
0.7958518680825364
0.7728949386801105
0.8239319716522004
0.8807082369748969
0.9247252421919256
0.4545481829554774
0.22336688009090722
0.5941009601519909
0.5460738856636453
0.6475486540002748
0.2610301844542846
0.0991430135036353
0.28388547111535445
0.00909971771761775
0.9693783500406425
0.9826673854549881
0.9903533155156765
0.9949306097696535
0.49734228089801036
0.7486096284410451
0.8740299175842665
0.4369995807937812
0.7184921013831627
0.8592419677588623
0.9296190616150852
0.9648090465052519
0.9824042810942046
0.4912020194751676
0.7456009491870645
0.8728004443109967
0.4363999686029274
0.7181998565793037
0.3590994215919636
0.17954958410700783
0.5897747584967874
0.04488737738574855
0.3974436579446774
0.6362218135909643
0.786860899097519
0.752805445692502
0.36859020695555955
0.18038884925772436
0.08824129949789494
0.7931440872198436
0.7710837623453699
0.32279774054768495
0.6300267999467906
0.7988390835525934
0.7665765241836198
0.3188198783027474
0.6428007472422905
0.25059577767387964
0.6230987158487551
0.06142633393756114
0.40565165496082045
0.6402931641205214
0.28888120406190865
0.503811727714492
0.7440303915354889
0.8680774595995899
0.9320698617084417
0.9650504968012683
0.48203493873006664
0.740772307064617
0.8702638443210162
0.43457873121951707
0.7172569107497111
0.35764329484663904
0.1783328818564769
0.08891442875028588
0.2943311933777295
0.022102653223555535
0.9485197356552817
0.4428801082831342
0.7057806919328868
0.34507592365844175
0.16863075067522004
0.5823617697460577
0.040204052231274545
0.8907074790040497
0.8826086409972049
0.4255567731161136
0.7049027017783374
0.3485144621809013
0.15667141613084823
0.577355300571071
0.5069374466547742
0.23759862151928246
0.6108642598555889
0.551460789545672
0.6487447180552408
0.26088762877043337
0.09864257476874627
0.28366528503829613
0.00802617333829403
0.9722746861807536
0.9780806428461801
0.9850119712937158
0.9904918105748948
0.9942388177441899
0.9968600057181902
0.4963471762894187
0.7471626849728636
0.3733352940471377
0.6855680602893699
0.8427225180203095
0.421330502955243
0.21064987345016561
0.10531629403703846
0.3026576403644867
0.026328686042688787
0.95066433554166
0.9440820448216982
0.4564159609435592
0.7203954497235827
0.3562914594949689
0.6761926007748116
0.8371197358937934
0.41416533617302775
0.20683851998182945
0.09548468593857251
0.2937750261335168
0.5199038546415977
0.19646010184078477
0.06257787512731738
0.28104097838513553
0.07788122104830109
0.25768964100279845
0.6132193394587375
0.048796931077959016
0.3954920924734324
0.13329285974032246
0.034419851523125544
0.383909136580769
0.15655417554080486
0.5771784251264762
0.507278162491275
0.73798355620238
0.8611640155722853
0.9266681265144143
0.961377122614067
0.4796795696893241
0.7393352908839006
0.8694192131515592
0.43359547649743035
0.21679380431305617
0.6083949351741467
0.5541964840958826
0.15209775030962192
0.013548748480388895
0.47552431089570746
0.22213713865494356
0.6032560683670454
0.0477217837178614
0.39690776661154814
0.6349773206748068
0.28575037902919576
5.2923394832760096e-05
0.9999043911229819
0.49989115848438814
0.24991506070364267
0.6249422710679937
0.5624635060084984
0.1562279382487759
0.5156120617466513
0.7265474477899261
0.34764824705780484
0.6660113850957714
0.32909932333859615
0.6625964770501014
0.8146966462081764
0.8990475269383751
0.38482649039360695
0.6610411413421389
0.8128814086376224
0.9054336232948117
0.38971327114268206
0.6633548653044272
0.8159875826677307
0.3999047257238999
0.13353752976399846
0.03356516291387379
0.882993280509254
0.9097582395479549
0.9468224194133654
0.43813285953365266
0.2170520162617322
0.10751880137831904
0.3034999677329324
0.02662016305839643
0.9507757184910588
0.443891557486495
0.7061985815234948
0.8447374406969175
0.4184319517808035
0.20822412430425175
0.10361613647546619
0.8015600458311383
0.7737029165145941
0.32331278585479595
0.6301316741737537
0.29942364068119787
0.5166542108927388
0.6917983007151634
0.3292363104992546
0.16019298508763313
0.5643341038085055
0.5282526621303987
0.6996691510721575
0.8176069988112431
0.8926899494545069
0.8757883189537097
0.9358187181642279
0.46687163843307644
0.23316014584270306
0.11656430643051863
0.8082743971317541
0.7791328734892886
0.8270663156581577
0.8822793123836163
0.925512733461801
0.45492764658411033
0.7235494632041082
0.34419445984531194
0.17111291087348945
0.0850662033772096
0.7922879915277008
0.7710214444086887
0.3229494483966846
0.6301940835546702
0.2994557677884586
0.016846226644702256
0.942014828819083
0.9531846103491262
0.47647021943703294
0.22254859024542384
0.10343103492050432
0.29779388921451755
0.5219361267518252
0.19748765445547178
0.5670036302180961
0.01567090628668666
0.9452128761622589
0.9569202687998768
0.9706171093566809
0.9813869229401462
0.4887326456082519
0.7433859148586635
0.8672965034493245
0.4333954048634041
0.7165755705209449
0.3582267197780311
0.17908283483120613
0.08952615488669835
0.29475544617162086
0.5223738999920897
0.19866978339268826
0.06808393777464516
0.26841649191919714
0.06389550751191564
0.27804138441570103
0.07456750757410191
0.255057161237346
0.6114152843365446
0.04765093442983925
0.8967502681480255
0.8848374150984455
0.9108939896104857
0.4378533427370712
0.21794246454373933
0.10847865202231333
0.8039949432131834
0.2768714655248914
0.5758727297070436
0.006670122122159228
0.4877019396808464
0.7360364347696304
0.3640809133066796
0.18007205793401226
0.5889903175993823
0.0440028207085561
0.39687826528097503
0.6349014744337182
0.7856809544318821
0.7501245311286766
0.8745661079883575
0.43715704971691594
0.21851650619646534
0.6092272437526844
0.054598117218120024
0.40229041219572537
0.6386144184216391
0.7880495714198332
0.7533959705324378
0.8688835776702035
0.9305269556352869
0.46330987592227757
0.23067813701345585
0.11485066780005582
0.3071811335394159
0.02846846662578173
0.45118490187451243
0.1943119258794468
0.0815156706084963
0.28293770403251983
0.5125587863731198
0.2230743603722658
0.09493466376443394
0.2930723236640915
0.02128987541073002
0.44802274816902354
0.19269646459724754
0.5806907775404397
0.5325242907856591
0.13723334079259075
0.03535226808162406
0.8765322141116485
0.43410038959700614
0.2150284047529567
0.10702186787966639
0.803264766727807
0.7765097764786333
0.3252055419725366
0.13132223847787827
0.5490442904701922
0.6412137308507226
0.25590578324045055
0.6122038981120568
0.5482274522946682
0.6451764200173784
0.7581178889377043
0.3468318883096799
0.16505388836958446
0.07859005691716447
0.7883031473029405
0.25303063314640895
0.11845484608784318
0.8051971879031043
0.7755834461131599
0.8247724471439142
0.8789215532597154
0.4237746222061105
0.20796574268024415
0.6020220871141646
0.5500306514441036
0.14171262967283837
0.0042049667972605675
0.4853745571745094
0.7387197466159705
0.8683526735403575
0.42976648689364083
0.7146314434939995
0.3571898217778653
0.1785624784824904
0.08926502303802408
0.29462820320622995
0.02228334464598447
0.9486263534345198
0.942994482233189
0.45586841145996004
0.21999772058916278
0.10603061760775745
0.8007870319706853
0.7753780178318266
0.8212750694365241
0.3774305649858434
0.6799242976121604
0.339472787163686
0.1694921895978041
0.5846240076934919
0.0422509677009657
0.8960949508764315
0.8852880684426054
0.4112643009284511
0.18948453504708596
0.08680578880012035
0.7914182981185149
0.7697168509184849
0.8218622763815802
0.875526813644683
0.9356871982163284
0.9672861466533504
0.48363912451895885
0.7413303198700305
0.8704205387330148
0.9350879587582313
0.4674828240822535
0.7337108343781438
0.866839886206435
0.9333512765588239
0.46667182305827737
0.23333400415140204
0.11666604792117141
0.30833254687604494
0.5291660348884761
0.20208289817674085
0.5697913894546218
0.01927042650640942
0.4393226983374916
0.21575461485190317
0.6059239402529784
0.05198528655455448
0.400504301476758
0.13750750297913328
0.5354283025953919
0.12605148559669033
0.5588445959147066
0.15343041700543836
0.5139634086517617
0.22462924185674638
0.596626670943806
0.5404693604796194
0.1413202923431527
0.006202952208695933
0.4864988961198833
0.7349407838482875
0.8652692481409758
0.4324951323796995
0.21624750562477857
0.608123737416463
0.5540618611266837
0.15203092677984387
0.513515461498173
0.7255077296867967
0.3471288610599004
0.16575192956952378
0.5789697142899968
0.03753173191216774
0.37716430239379406
0.1802813699177932
0.08794341931934468
0.2938496393326204
0.5199106594955083
0.6964482496550772
0.8125643347739242
0.40603039736743085
0.6404503488156479
0.7889427494665142
0.7538377916498575
0.8691059189732186
0.4306464710680302
0.7133699913101736
0.8557083735358901
0.4273658757156227
0.7134385438985191
0.3565970749768894
0.6777487107028719
0.8388437166868243
0.9194065688061528
0.45969563964172266
0.7298439974256326
0.8649200279032812
0.43245902948547155
0.21622902996023186
0.10811233555432409
0.8040561668167356
0.777024268230889
0.32601022653398104
0.6317541594617069
0.3002516028354876
0.017311155621428043
0.9422492085723206
0.45353879022877663
0.22578898808569647
0.09677929052850232
0.7903320434852503
0.2661295914731454
0.5685465805872809
0.5181436689745169
0.6885113190801349
0.8402111116156448
0.9191246941918507
0.4590738236438483
0.22929265009588562
0.11452419418492354
0.3072010279283859
0.028325855499133468
0.9516475497221109
0.9435895233473275
0.9556776359095238
0.4697802550799679
0.7308607268787455
0.8643927024386358
0.9316775356128346
0.9657014377589803
0.9808899491035845
0.9894645896565635
0.994242072571069
0.4968759400653653
0.24636229738825932
0.6221394976601005
0.060793064010795206
0.9044118036399595
0.38945982404402457
0.663357349956641
0.8159904865897261
0.3999079621571582
0.6335324108076748
0.7835554351622704
0.7579848324530758
0.3472522255324293
0.6655685034347698
0.32875544705893844
0.1623632913979236
0.06454861006932333
0.7742021662415937
0.3225219533778727
0.12900192962842993
0.04861558144330047
0.39527516372618265
0.6331538124941289
0.28433502156985924
0.008859083347488195
0.9689948178129271
0.4835189385339618
0.24151437493856065
0.1206346403050702
0.3102560465631541
0.5300973864796106
0.7025333748315461
0.3199479930626694
0.6443450477090664
0.2517360387428198
0.6218997768010013
0.05896576712257229
0.40349082290777005
0.638749381119851
0.28787667540018447
0.5031738328980282
0.24377440102398396
0.6177368024073076
0.5567932040139567
0.6528472846548539
0.7619399992690887
0.8492164574854542
0.9087314585922286
0.446427344228141
0.18750619833008386
0.09373688668711111
0.7968603370827623
0.2734280227741692
0.5742138921632431
0.005856886476976797
0.4873034134216141
0.7358391917950939
0.8640133384324145
0.9300534808717202
0.9640501462563407
0.9815367834817152
0.9905242506356444
0.994163484807359
0.997020703391172
0.4965267071966082
0.2472715313488152
0.12313985105720349
0.3113219691440463
0.03053700688178651
0.45270651459577493
0.6948243075457867
0.8317869153397623
0.9080808384460397
0.4501341096183751
0.6918638999923132
0.3293303725949954
0.6602706475823652
0.8142661794263404
0.9031047526223119
0.8870382152090315
0.9112620270461775
0.4395024732511956
0.7118090367875993
0.3538865434820764
0.17594954307423905
0.5874855365836993
0.03959190077148378
0.892720516625559
0.875498322682688
0.9357654591440223
0.46737868289346807
0.7334373180929106
0.8665946143155452
0.9332276851928327
0.9666133042774163
0.4831845510925632
0.7415312250086572
0.8707350872282404
0.9353522828314453
0.4675464332685806
0.2337083665188402
0.616837017092621
0.5583565197011922
0.6541625242098235
0.2645733942918014
0.6010327632247936
0.5348894146445673
0.6346317006682511
0.7821517176053021
0.7641188520356081
0.34983095244388096
0.658801239420427
0.8213358719076496
0.8753855620452669
0.9366541102353949
0.9678043799940497
0.4837791352183558
0.24185856548137963
0.6209137817786541
0.5604491401754785
0.655159653048031
0.2650473996764049
0.10126511580892839
0.2849765630089678
0.009667913429439068
0.9696127376228105
0.9828207592654508
0.9904252042470034
0.9946935499610845
0.9970948782865889
0.49848255576216616
0.7482322885771282
0.37361927903839387
0.6865650215768255
0.343160201824503
0.6715189464157447
0.33572889503557235
0.16772708811913617
0.0838556612143293
0.791923889220925
0.7709609572775662
0.3229799998807721
0.13023973122471943
0.5494938967749476
0.14193420246010646
0.5045588209177367
0.23470027031726204
0.11637330349185504
0.3076974088908173
0.028604321414604783
0.9516761555278208
0.9445250754070003
0.9561330140568316
0.4700017452123575
0.23097051779041067
0.6135010758880526
0.05624698201427236
0.898964990163222
0.384903245663736
0.16065122955478728
0.56273217042326
0.5308701445173938
0.7026871019043028
0.31996956578223035
0.14429778984049335
0.5018053704407066
0.24698092305334285
0.6215286863734946
0.05975702090654522
0.9043825383123476
0.889443282969296
0.4133476488641463
0.1909791977959685
0.5874324809410609
0.039748701761709526
0.3928905815118924
0.12514093591016717
0.0620134009514004
0.9060028550156858
0.8904995050106663
0.9139987912494689
0.4413738852017559
0.21287420205771923
0.602530791395111
0.5493122408806812
0.6408670430246275
0.7574451135878917
0.8628533528244589
0.9234920893213712
0.45777869896846823
0.7269056915247347
0.8624610167753417
0.9229220938868821
0.4572763221221976
0.22765969071770087
0.609678493347019
0.053740133240353316
0.9018087911535986
0.38837375785806216
0.6629215600551106
0.315828120597871
0.6500976104289293
0.2586101227789186
0.09608572203433141
0.7891884708660655
0.26909045650972985
0.5641067237884272
0.5280841096537188
0.19955742824822664
0.5675440304621588
0.5176547916780692
0.6882697414548602
0.8420439246401656
0.9200376436347142
0.45977080310694873
0.22976140709943138
0.11481859456398524
0.30713457899400964
0.02855200064368546
0.9512800747470465
0.9441420743532944
0.9563220556592569
0.4702865380095318
0.23096188346971758
0.11351231939624995
0.8062591742782388
0.7739791359636001
0.3224143386760261
0.6294078526843805
0.797095283633098
0.27304410171927884
0.07377028081100434
0.7555092553666327
0.8620666851638816
0.4232046301185619
0.7076879588130396
0.851888708624756
0.9249676725885365
0.9541829954250716
0.4729410772852134
0.7197468909143936
0.8559061528358143
0.9269459329952952
0.9629693947790656
0.9812326805549674
0.4885372105927672
0.7432605042413343
0.8674641220131889
0.43262567766942084
0.21628035334288143
0.10813156355288811
0.30406528897583485
0.027024769195122644
0.45100850841845386
0.6942523161123972
0.8315001890005078
0.9079294246912468
0.9500546307535842
0.44182323617860675
0.20430957872304134
0.09776001967838965
0.28300884264172055
0.5124750877148472
0.22296930078300647
0.09485160172334872
0.2930233943334315
0.5213856892078184
0.19812984063173644
0.06778389515238814
0.26824953508912586
0.5638122039672453
0.5279998211190104
0.19954677805071697
0.5675468227709644
0.017660128272837028
0.4382734151149634
0.7170615117647685
0.3574931579933036
0.6784719206625596
0.3392207014840096
0.16960272131836973
0.08479754594736733
0.29239686561049893
0.02119747910182923
0.9480906332901213
0.942791263514664
0.45576955887372606
0.7200722198176663
0.8561288764176425
0.9261108214559499
0.9620747876469977
0.4766408322902862
0.7380681376089342
0.36109745610156097
0.6766114794299938
0.3363372364838142
0.6671838897746056
0.33306930150138214
0.16628954152110964
0.5821066887874622
0.5407784439157695
0.14146759203867987
0.5062729810597375
0.2365310830064118
0.6099628361116629
0.5527831386716571
0.6512613776430953
0.7630657121771947
0.3502665802370757
0.15950398179120384
0.07193937074043788
0.25080956058809534
0.123449717881158
0.8107320690469351
0.7798696393438149
0.827188529423438
0.3822220742003992
0.1754230270453263
0.07986753841396421
0.7858973417023662
0.7503359746770002
0.3741903517220635
0.6866068348754197
0.3430592469521798
0.17140753800049424
0.5856427263643127
0.5427908413985278
0.6463801318604965
0.7606213863473386
0.3490568709676154
0.15890152438078076
0.5716372768220026
0.5006618956103921
0.24837769981240854
0.6232122268411331
0.06111779817729257
0.4053147582162637
0.6400352788623422
0.28870658931555226
0.003697650390677154
0.9938989327347372
0.9930353317759
0.494560665654717
0.7463028012716677
0.8726626348507125
0.9360869345255196
0.46792032214580104
0.23341078456724063
0.6166729335673153
0.058320252399425954
0.904155834170524
0.38957767843385227
0.6635387198766693
0.31614430027548224
0.1502596203063149
0.00872354512102902
0.9711585208715405
0.9767901343584526
0.9879067690344527
0.4858967433683574
0.23892003644141369
0.11744585059932433
0.3077157818770502
0.5285984598449431
0.20166952183353715
0.06955039835884236
0.2686600028828252
0.5637724032858387
0.02785740257240832
0.9494143017509487
0.9429382325906772
0.9555836997460574
0.46991017676191404
0.23055852216202766
0.6150346133217681
0.5573951095575467
0.1536360091995448
0.5142873659206089
0.725878393423045
0.8471844816231169
0.4157148832746316
0.7039339620387182
0.35001287155319005
0.1583893681236077
0.07088615035172552
0.751991934288526
0.8680594741017558
0.432006986142369
0.7150264498777688
0.3570246735471301
0.17826818075263873
0.5890120160765946
0.043956689711194485
0.8969478267827071
0.3849820918694604
0.6607451351592317
0.3125464871991426
0.15614926590933464
0.015512643876718357
0.47647532739210874
0.22259525864501484
0.10348500998225063
0.7978361953573767
0.771964942861814
0.32250589402974583
0.6295146582997404
0.2969350597995799
0.5233454577100929
0.6991116853023414
0.8182753245928325
0.3934974032745231
0.6264285721117631
0.30930422130040824
0.02769707827246748
0.45036339355283417
0.693442938674707
0.3308520902937744
0.6574913556105457
0.3247783330443781
0.6289113535021897
0.7988154030463193
0.7704938146634959
0.3207899341068696
0.6281664953276049
0.805781392584322
0.773740245582303
0.8232714599289466
0.8803246797760949
0.42450681480113417
0.20442564485711046
0.0982989112380892
0.7815675000601914
0.764774758630665
0.8506328845396638
0.4095650766394101
0.19690876378444955
0.5632636799127795
0.02955467745778151
0.4512692750431597
0.19412474634009413
0.08130754632293247
0.2828064004715998
0.5122527936473489
0.22280119772767648
0.5952262814971618
0.04367636897950433
0.3948698004533071
0.6339507082011551
0.28132700809510425
0.01541745604481548
0.976320445217425
0.9725271163624711
0.47844891241402365
0.7353180869831704
0.3657039515383076
0.6818744297779631
0.8404484418861102
0.9180267094343435
0.958889313711552
0.9793826363456901
0.9896603153611068
0.9948147792019881
0.4973997003689874
0.7486960055539384
0.37434608046896756
0.1871644496859517
0.09358168442850001
0.29676029284019023
0.0233648796856869
0.4491748084546998
0.19333358158473857
0.08102462266106158
0.7826988422602881
0.762442686711438
0.34801797568798065
0.15740730610559694
0.07430906218360178
0.2556603606499266
0.6120830950967502
0.5481679453223478
0.6451472013432067
0.7581052150053438
0.8466963443497662
0.9154708218411542
0.45381199455005117
0.7249519184697419
0.3458586610504426
0.16462068120017648
0.5800786234613042
0.5322248442971613
0.6391587902617175
0.7873525791801512
0.2525629412266426
0.11822482576826587
0.8050840923096985
0.27650444844039157
0.07523342536296695
0.7562293835508171
0.8615054998663254
0.4224481539858971
0.7090249040047638
0.3543894280155655
0.6771332019998226
0.8385320302913897
0.4192639885877725
0.7096009402594063
0.8547851815237664
0.42726239931653254
0.713566103921039
0.8567667165480088
0.928379482094897
0.9641735127370339
0.9820824569032993
0.9909799527667928
0.9954593394650146
0.4977143512805924
0.24884951641433872
0.12439041101606563
0.812193171470426
0.28109556867275387
0.07804752912488766
0.25777370389550924
0.1132618370174896
0.2988183514389675
0.5205029219796415
0.6957983341126237
0.8156726036104374
0.3995355200895574
0.6331173691723961
0.7842100516427308
0.25923149060690776
0.0944289774633944
0.7952461049135309
0.771638860082021
0.8228273338463623
0.8798871003091335
0.4243023376329802
0.20335781475296244
0.6011903876787983
0.03472211930784397
0.3844245223735925
0.6569939925393555
0.8265128619386815
0.3810144830204081
0.6743862675211858
0.829102144081844
0.9106426753278356
0.938719655474415
0.9649652366351802
0.9822384477593005
0.4909971386077814
0.24543752620229498
0.6226881819311529
0.06132880138466135
0.9055346932727844
0.3902024631970562
0.16358992271125317
0.5661079724959563
0.5252257506072056
0.6961987574759405
0.8148923198168632
0.8986246128624771
0.8863082597381435
0.41165592122706585
0.6900636570935603
0.8372188479697797
0.9145808633766137
0.45527615139144473
0.7193067167827394
0.8574408039276022
0.9286517205182463
0.4643220445723273
0.23215908487327397
0.6160785738320556
0.5580388023809064
0.6540191589156166
0.2645075509790331
0.10100276125012897
0.28487610843149014
0.5096245994791389
0.21965581126278266
0.607874661392998
0.0529607085918542
0.4009920432290528
0.6377518660738133
0.2875037360645365
0.5020892070315313
0.7427132879092824
0.8692661889072042
0.9341371684276965
0.9649895665061194
0.9819434960372746
0.4909402450430207
0.24545437894994393
0.6227231044322252
0.06135963735869154
0.9056793399504386
0.390335615928052
0.6639157809258904
0.8163170949846972
0.9003383881645277
0.3837281195446849
0.15866068887407891
0.07054115898790769
0.253532236762112
0.6187094619090203
0.5553263431065716
0.15064900930156
0.011817424441687763
0.9743993127776776
0.9714449566672556
0.4778756460582372
0.7350296656659339
0.8655607541440986
0.4318033377348911
0.7154131491843145
0.8555091897433158
0.9276315112656448
0.9637542138225399
0.4818426405254286
0.740919405448949
0.8704281085229013
0.9351987339905463
0.46753067171084695
0.7337615057767835
0.8668788415670861
0.933438450214453
0.46671874774619937
0.23335910562309437
0.11667953789583407
0.3083397614827845
0.52916987700155
0.20208493663812988
0.06979246737319045
0.2692712257558014
0.5643231089052279
0.5282553033903241
0.1996745266369544
0.5676106998580508
0.01769206821336411
0.4382893895090092
0.7170694974483922
0.35749715054407716
0.17847391703980975
0.08922169925062917
0.2946032199834008
0.5222977951634675
0.1986469901748933
0.5680725411511958
0.018403164285700768
0.9388850285322405
0.46553519114968367
0.7308144108392298
0.36442965938476846
0.1817260562092997
0.5906148266512901
0.04323018767172471
0.8955693580210209
0.3850384968682192
0.16023117018630728
0.5642158057889901
0.028185856732307002
0.44963214368908666
0.692585679498734
0.8301776435691863
0.4070312237017788
0.20143230818212032
0.5684245032898616
0.5183267793327104
0.6887859801936429
0.8404704978165682
0.9182167823018972
0.9581163239781745
0.47881008373224176
0.7383044700254686
0.36909023034968413
0.6806078665540554
0.33833528103423305
0.6681824799161404
0.33360271278070286
0.16655709280166775
0.5831564145919401
0.5410288600251079
0.14548390492564067
0.5082735649193637
0.22190258870250545
0.10264669745811261
0.2971710502752103
0.022485934663563967
0.9486814534466248
0.9430580628977623
0.9558886513405014
0.970127951237373
0.48114052962046117
0.23861617120564915
0.11833103880053386
0.8047707459772937
0.27714111129171215
0.5759484173322562
0.5066631730296649
0.2376760687038768
0.11101027543190867
0.8015912582923193
0.7738386893179268
0.3234256159630604
0.12997357302810997
0.549117169022793
0.6406472132657655
0.2577624522673432
0.6132256489363499
0.04878503587679006
0.39547862362815067
0.1332823050324805
0.5344126789132133
0.1339044834021479
0.5315479758137371
0.6396743713703472
0.7885256577283144
0.25360706535866484
0.11897469911491498
0.8055734394001774
0.27583167198463343
0.5744077945419122
0.5054498765384778
0.23684792884159833
0.6104854597069789
0.550816667615436
0.15027049800846726
0.5087212354701478
0.7211555778048933
0.35178776894463226
0.17540512449340895
0.579645682242699
0.035794401075690985
0.8752575001853984
0.9366216383350547
0.9680514113570098
0.9838960054912604
0.49191366278682835
0.7459549201885238
0.3729765044990927
0.18648777445196174
0.09324364856001921
0.2966217049397528
0.023309839161811396
0.4491544124612119
0.6933251645241398
0.8310370978433639
0.40770592592889443
0.19994665123522282
0.5667701707861852
0.5167832676961552
0.6914969824429136
0.829878843476763
0.9109109670680482
0.9378163157962263
0.46790107403649017
0.2334469950874336
0.6165937968762591
0.058232048060745
0.9040988541382831
0.8894264012051281
0.9134016876632813
0.9410450873547234
0.46269466358353384
0.7273113223491237
0.36163717589806765
0.17201402634964325
0.08545382152078673
0.7927097143256105
0.27135388835449703
0.5731764597585425
0.005337987677194178
0.9870438578363974
0.9857094278559089
0.48894798703258857
0.24252063006861135
0.6202836332959123
0.05965347579331137
0.4045820906176232
0.13869215914746746
0.5380349773331545
0.12836172894458286
0.05635304420138709
0.399261658283649
0.6351772119232919
0.7853617973451037
0.7515674962196499
0.37163332669297233
0.18374133366160095
0.591321342944866
0.5456301501544658
0.6477998144109733
0.26139227687963285
0.5994423232623376
0.03409425404970534
0.3842184144305065
0.1569448504887987
0.0765171543462202
0.7560318935720716
0.8619006976368837
0.42289272425114177
0.7074175498273689
0.852670930325985
0.42190940299769863
0.2108171041472815
0.6054047224461101
0.05270044642384164
0.4013492657977622
0.6381741541845258
0.7878368377278093
0.7532932917238213
0.36883408229914494
0.6805105367675424
0.33830207999562845
0.16817446163622662
0.5835989453480579
0.04155531691503711
0.395655584288761
0.13477844404405914
0.03610868859686889
0.37546095630386844
0.1867462710943073
0.5928810358454939
0.5461944382695947
0.6479741793009453
0.26142557346611284
0.599430123140337
0.5340746797155589
0.13415992847876623
0.5319065322401002
0.13899917947128415
0.5372725485067349
0.627522739203414
0.8057046020694543
0.7738239470636472
0.32337389804888517
0.12991791128297336
0.04919459985103458
0.8908072241174523
0.8824150625732727
0.4253383757604752
0.704734371684026
0.34839977775118314
0.6565911848156247
0.827303740370553
0.38190595162450336
0.6750494989391882
0.8297103410586715
0.4107038112706505
0.1876512260059826
0.5932760246214457
0.046607492869952694
0.39828848670003936
0.1366366134607233
0.5370644917711616
0.1279053384787403
0.5561239567468874
0.14914762214175425
0.010118540289113298
0.47282495902618393
0.22029723128071055
0.6059972415096126
0.05092293370398693
0.39990999721339904
0.6335181676840875
0.7835482977679931
0.25798126330482773
0.5972504425735679
0.540567626740085
0.641255016089417
0.25611120206303895
0.11142340171500109
0.29764737098594196
0.5217446455499157
0.1973328028107062
0.5671560408372898
0.5159307501744479
0.19448666489915922
0.5810688884230331
0.032691366504877806
0.8874241595331114
0.9105013179068919
0.9386452780163381
0.964926183631178
0.48221799658495
0.7409864506626036
0.8704300441604573
0.9351843851618469
0.46758450352353975
0.23366633692057803
0.6167702110251412
0.058109486126340926
0.9040390036825556
0.8895154467318207
0.41350568836787716
0.19112730748020113
0.5877511388098355
0.5399693119397853
0.6430315272300504
0.25022669925238006
0.6246250674303155
0.5620683926099446
0.6559121257450897
0.765395026654005
0.35141699569066986
0.1600682390271686
0.5722139900899492
0.0009164127695839852
0.49850317402160726
0.7482740708219353
0.8736482773092575
0.43657975961104967
0.7181676902691834
0.3590227503736969
0.6794808277918492
0.8396029506693594
0.41979383848956786
0.7098931008076761
0.8549446411780082
0.4274713659833651
0.7137352056743111
0.8568673641711939
0.9284335627453402
0.46421624440699816
0.23210809237207286
0.11605403033900075
0.3080270072387066
0.5290135015093256
0.702006743173115
0.31975336966570467
0.14425168387242593
0.0018133414559997618
0.9970004186034203
0.49654708424350247
0.2472969795926474
0.6231602085172199
0.061335963633609936
0.40554591148975305
0.6402119205740746
0.7885813020693604
0.7536503922310658
0.36900506672100164
0.6805924686486833
0.3383412019757088
0.6681930847989861
0.8336077842977829
0.41655951310531236
0.7081566133419983
0.3535289306601044
0.6767339179350529
0.8363985602627508
0.41721508078626357
0.708115440706024
0.8538116705021821
0.42580624783295207
0.7128416077175643
0.8524818902660627
0.9242724345531315
0.45334327669115737
0.2261661741649732
0.5972129918227438
0.5406714482815005
0.1413682003330905
0.006200338248163462
0.9864832882012706
0.9849332031735685
0.9902349885378499
0.9951155197340995
0.4975568024092354
0.24877816066145897
0.6243889610923361
0.5621944209269714
0.6560969422280323
0.765548456198303
0.851524220634019
0.9101371065771673
0.9472560514113866
0.4384717747743707
0.7172827619069722
0.8576648182061035
0.928344126790762
0.4639279227121733
0.23184189101448283
0.6158599103218876
0.05789943758281879
0.403812389675295
0.6393985654285643
0.7884454680024646
0.2535958266525995
0.6189844596374314
0.5555855029670056
0.6508393880503718
0.7619430123013444
0.34923268845886923
0.6587471737875603
0.32143804800580256
0.6250129732943606
0.812475726910634
0.7812224835797679
0.8281030750076752
0.8827976925240364
0.9257728755765129
0.955073460820131
0.47363024193327874
0.219236876728246
0.1086418162449263
0.8038321202038787
0.27667166615719907
0.5757136956963222
0.5065455705334898
0.7376172062067781
0.8609808135661297
0.4265154768654611
0.711300731432857
0.8546718938741833
0.426846711023245
0.21317873778752983
0.605490497633582
0.5526840944366995
0.6513114700210281
0.26314020800055005
0.6003124596900307
0.03452693086001091
0.38445072327158414
0.6570689905493055
0.8265813097241335
0.38106406209408306
0.6744187346484978
0.8291525989770889
0.41054791951319203
0.188611347170081
0.5898806172772311
0.044802975811762735
0.39739382683183067
0.636193082871614
0.7868445106723811
0.7527962418098468
0.8685853488277644
0.43038260779576376
0.21323627058882266
0.6056406186253298
0.5523315510945395
0.15091758128255606
0.5128346937417518
0.7246098646137398
0.8466779951413628
0.9155260058178101
0.9538565070251934
0.47497500557801686
0.7208858788071666
0.8521421423065476
0.42387367840274237
0.7040022071741987
0.8499869283987209
0.4083613170078024
0.19586461471044458
0.06447741045849398
0.774361354415305
0.3226951267570257
0.12911241778056137
0.04844245078857057
0.39507059633615427
0.6329599836317357
0.7846806157904211
0.7594972605002113
0.34457686814130284
0.6703275530016981
0.33418336577597074
0.6666014924121555
0.833040362369502
0.9163899892591871
0.45718588031013496
0.7280964892124757
0.3598654131637886
0.17797147113014944
0.08849530841689557
0.7940033906197641
0.7718776561669074
0.32240024601924233
0.6294308319629636
0.7969997194886673
0.7730038875015453
0.32387602841481566
0.13062505677226
0.04965593045926653
0.3920001430960838
0.629589990072418
0.2971844441781286
0.522599431744311
0.19824610024807043
0.06785754906013608
0.7682998387317639
0.8138354519323912
0.9030104922421742
0.8870516292518005
0.41129912447649986
0.18953526721452363
0.08671050111297518
0.7912799285550136
0.7696018263231963
0.32202623813645914
0.12583970197010785
0.5609657718159724
0.6545058464398608
0.2642644034931436
0.10063794188317843
0.2845718408934772
0.00941187862190418
0.4695189183985349
0.7326679843536112
0.8653495581238531
0.4324286696210038
0.7160912800754886
0.8579841126629617
0.9287172712211031
0.9643433152232319
0.4821640123263933
0.24107794533483684
0.6205369442177471
0.5602679347211961
0.6551339370780624
0.26506695154239424
0.6012834756402299
0.03501673776190728
0.8846958688518498
0.907191684411373
0.4516427172056865
0.6935947960882913
0.8306841167795938
0.907285417750245
0.9496143885480706
0.9425195966032334
0.4551159994734917
0.7196081706206314
0.35784333091578446
0.6779412882460747
0.8384804555098526
0.4189951334556099
0.7093750195635948
0.8536458589951508
0.426302104111528
0.7110676908923779
0.8550131094525568
0.42737636328092776
0.7136555108299945
0.8566979327588342
0.42831647998536937
0.7139055004518013
0.8568301951454487
0.9283461924933363
0.9641691473079845
0.4819605884840712
0.2409181824477855
0.12042851216392592
0.8101980128558353
0.28002984961494803
0.07751277528586797
0.2575062516552862
0.6131281248817686
0.5487515619606711
0.1454695307475049
0.008281640242785215
0.9719142575922888
0.9776563475315925
0.9846777831262443
0.9912402587360702
0.4955590942117851
0.7477490295132156
0.8738592559529934
0.9369219985674135
0.46845718458644114
0.7341961673519108
0.8670818711980246
0.4334756089083385
0.7167223072319757
0.8583572196948808
0.9291766428796109
0.9645873379486147
0.9822855478269048
0.49113883255631663
0.7455683992593549
0.3727798913314473
0.6863898255105596
0.8431872232758906
0.9215897668909747
0.9607929610647261
0.4803955193492584
0.24018964922288433
0.620090771233663
0.06002904643537477
0.9050106451613829
0.390004352084361
0.1637516982445959
0.06625059532234445
0.7753107633907348
0.32124814443523064
0.1274207066744566
0.5549202179245185
0.6519717680930626
0.7632378989073914
0.8502449568768498
0.909435482142726
0.9468742429162376
0.43802123176283203
0.7169276710192207
0.8579406813369133
0.4288482403208036
0.713905313750729
0.356815323990304
0.17840003070887178
0.5891961996967439
0.5445961920195259
0.14729714023997076
0.011148093151859939
0.9743199934309814
0.9715329701430164
0.47793818984064274
0.7350551857089158
0.865539643826196
0.9317930135293864
0.46534706742386334
0.7306898296519648
0.8648413589398842
0.9321688419149723
0.9659585338376928
0.9824280430329964
0.4911978089949116
0.24559079823666252
0.12279325333656743
0.8113965074298903
0.28069819405209273
0.07784906719462015
0.25767451868159696
0.11321225186111405
0.7987935625715181
0.27049049956258386
0.07079211637028493
0.25316949520492926
0.11828395863994956
0.8049915849405807
0.7763971577805933
0.8256375427881721
0.8815382496104576
0.42512886578333564
0.7047442959155887
0.3484620794770308
0.1566204730188474
0.5773174605856184
0.5069161570281722
0.23758869923767634
0.11085584526881576
0.8014586704957765
0.773759967967635
0.823395300336415
0.8799573348951526
0.424078469077358
0.7032348964712583
0.3513652004476171
0.6599314763152506
0.8220911298703868
0.8758549229241908
0.4359733529272489
0.21700962173053995
0.6080162834841758
0.05376387812430039
0.9017598368227482
0.38831886829575524
0.1628789128153585
0.5656771254143678
0.025018432381330058
0.4458550066628959
0.6896004004229326
0.8364374299999326
0.41623459552647546
0.2076135192764923
0.6016017453803215
0.5506744512240402
0.14246366065344773
0.004810306621948257
0.48481939145131037
0.24142931477399543
0.6202092081075534
0.05985950876493007
0.9048072067380417
0.8898423278005794
0.4131522453390062
0.190691663621692
0.08746463744319044
0.2895780984836165
0.5177729146671481
0.18805420110584237
0.09181433584308252
0.7958374295267276
0.27291865469305776
0.5739592972968239
0.5057296336162835
0.2372398092993535
0.610807400662452
0.05149744841037318
0.8987955987104215
0.3859212328970898
0.6612223332049325
0.3147420254535973
0.14845987802254967
0.011668903374811634
0.47455393386189826
0.7216367080109194
0.3529982240870595
0.1725890473171603
0.08433949036407284
0.2911922285275068
0.520103541231947
0.6953542664414272
0.3163049427093938
0.150278876099037
0.008702640538103878
0.9711329210840631
0.9767697610659525
0.4878927826648578
0.2358878274972085
0.11390700243646279
