0.37416388938436285
0.18652493529953063
0.5932583837711718
0.5466272768389899
0.6483131577260792
0.2616563385236077
0.09957804955774918
0.784163486212492
0.25926921324571595
0.09447834169259295
0.795286038366612
0.2716664529580157
0.5728449433518108
0.5049283301050309
0.7367170942598023
0.35950844737817533
0.6792354247299954
0.33948038320522755
0.1697325621789787
0.08474039606517181
0.7923072554985993
0.2711221564968582
0.5730453426076565
0.5051465478609316
0.23688521221629344
0.11035491144866683
0.30126354651292786
0.02465138112893328
0.9454292444861494
0.441219524218468
0.7126747130823787
0.8523698171193246
0.9242011388414539
0.4532957393967081
0.7261518322629854
0.3472029290860519
0.16564971968182363
0.07891762588405982
0.7873831330798566
0.2520288458908908
0.11792720324592665
0.806995187071152
0.2775132670067251
0.07576453380170278
0.2563862170500215
0.6124450835923199
0.5478526186780073
0.14501600599032827
0.00903036748059094
0.9688705928565469
0.9841901720792521
0.9919725238578394
0.49592498037964106
0.24793184964801185
0.12395063528674655
0.3119676728674676
0.530980014038505
0.7029727792833
0.320235405175481
0.14449221058748662
0.5019333631207701
0.7470603700785432
0.8715767908724956
0.43481181756942533
0.7169171429995913
0.8582141904626042
0.4289849047199823
0.2144313573371619
0.6069407503528055
0.5534551005403046
0.6517199166701175
0.2633561434049625
0.6004261604975909
0.03458712465362623
0.8844805845292285
0.4070838033221662
0.20158770002308302
0.06856722602969967
0.26816648631938733
0.5635246798046865
0.02772543256287463
0.45032462489325553
0.19340853349422105
0.08094944769982249
0.782597314362647
0.7623752111103386
0.347983511921484
0.15738970914389938
0.5743000513466541
0.50565588317113
0.2370806319231633
0.1106666611158289
0.8013955494388938
0.27372888423269615
0.07326186046702787
0.7553179802489467
0.3620023959374521
0.673181007092353
0.3326804081152659
0.6643851563276257
0.8312074286222924
0.9073024393292144
0.44947007251903415
0.19249315533670597
0.08036977783194743
0.281269926490495
0.5155719536705874
0.226504501857562
0.09761914281989448
0.290993017348228
0.5165891853102949
0.6938337784085888
0.8303114820737392
0.4068530374788679
0.20122829172760248
0.5692415949597489
0.5189344931568485
0.6891232599446084
0.8406398750666995
0.9183590619359165
0.45813805802026764
0.22854805435054004
0.6141443106753286
0.555086604465032
0.6515581561834551
0.2627598021936137
0.5998778925277293
0.0332724146428518
0.8835470816702582
0.4085618027311284
0.6954915854148567
0.3160073847393505
0.14994701818795875
0.5084451868897304
0.22095843229908496
0.6016596355766524
0.5505704182432964
0.14234300889074802
0.5047309221408796
0.7347854268446099
0.866415196302114
0.9327188358583953
0.966115038638236
0.9829353296663612
0.49140561633976176
0.24518350267317146
0.6223322177829687
0.5610974368755706
0.1553006401809398
0.015087316103745252
0.9762626328738406
0.47249080380424857
0.22842520914855413
0.11030204626149498
0.3031671411881689
0.525591614714358
0.1997998890292365
0.0664488603360951
0.7674754506151658
0.8172694859968033
0.8910218067758251
0.8820341023383662
0.4248731293482706
0.20436460376367904
0.09820737148402259
0.7812775378697552
0.265575824334519
0.6015064407838508
0.03511248470749706
0.8847358745115343
0.9072096606832929
0.45165069206268527
0.6935985152958892
0.3306859614967834
0.6572863326582592
0.8246148422767874
0.8800198216049466
0.9238661110284738
0.45398321849643253
0.7250308508810122
0.8459100173786283
0.41465230513131246
0.20512792485533282
0.5946289147832431
0.045296243886696175
0.3966390151763335
0.13532306047272868
0.036134934751316905
0.877434346213704
0.9299259573745076
0.964474574488122
0.48199117780313827
0.740872549067717
0.37037475462420844
0.6851566192053724
0.8423187759472057
0.42102968075778335
0.20999198468052782
0.10487189359264448
0.8024048918159679
0.2761871567927301
0.07558545723441057
0.25647763287997805
0.6125822222384159
0.5483488499303348
0.14523382685729302
0.0081618731492199
0.9718534182757139
0.4776254509924911
0.23466209642356262
0.6162322961608879
0.05805409964523278
0.4039960255904589
0.6394807125325315
0.28848987197852693
0.5036045542510692
0.7439820862491615
0.36808094769367017
0.6820854261168279
0.34005756353144534
0.6695399918826297
0.3345256014727056
0.1671406670648139
0.08302100034779869
0.29147998164989986
0.519748154154513
0.19687815874931403
0.06303487019613385
0.7794403305451851
0.8266698872612324
0.8820539471053053
0.9248962727142498
0.4543913690140471
0.22316733063780703
0.09394450328545645
0.7964534220518544
0.2729672961868346
0.07391497606295161
0.2557036691287067
0.612224926968338
0.5482990096788853
0.1452427779440768
0.5081680255243555
0.2218554236460477
0.6026259172649588
0.5471622995391954
0.6474825019249693
0.26117996987886727
0.09930934439762495
0.2840143516950775
0.5091870165197179
0.2194333168445155
0.6077310749387834
0.5528732374659739
0.15088324827956967
0.01292433831258677
0.47472335121710785
0.7214925050502643
0.3528116663219407
0.17243854005937465
0.08399148483294994
0.7919804756820668
0.7709826064528897
0.3229874880053103
0.1302418366249185
0.049494964157929644
0.39193450499442406
0.6295607630163431
0.29720118356635794
0.022623967786785215
0.9483236718806438
0.4426676799484994
0.7055867619637866
0.8449198438320309
0.4180348720983602
0.20875803637318313
0.6043103536067065
0.5521513620915357
0.6510127385263331
0.26297489801072516
0.60009964305209
0.03441695371293463
0.38390566903399304
0.1565514305839315
0.5771768142294604
0.5072773569263518
0.23798315337626263
0.6111638136790134
0.05166802721214481
0.39887707005254924
0.13592954570776783
0.03621027819463052
0.37723170645767823
0.1796892210841179
0.5898406766063999
0.5449183713353705
0.6474582021764945
0.761228609335376
0.8493641779932659
0.909057025652146
0.9467159960477147
0.9382017470779829
0.46714774807333015
0.7325973112892825
0.865810374263674
0.43266104644862935
0.21620845241704956
0.6080431907903403
0.05399107589619234
0.9018582078861073
0.38842147402465343
0.16295692228595726
0.0658515537797939
0.27511232320102863
0.5711494347488042
0.5023713539412711
0.7423964952467941
0.37070942993159406
0.6851105445239227
0.8424322333594318
0.9211545972211752
0.9605446315254085
0.48001279527670704
0.7398804520780686
0.8699077708297409
0.43481558564235456
0.7174035011557862
0.35845737147610635
0.1791064961871598
0.0894921533181332
0.7947155292495154
0.272220420622034
0.5736024542420637
0.5055473490792792
0.7371467504126485
0.8607598609814886
0.9264731882722117
0.46128334224340506
0.7296650451608002
0.3643442245083861
0.18192773271584883
0.5898651140742004
0.04487050854368135
0.8974042300251313
0.38618481476441957
0.6618419230799191
0.3152805798163172
0.6498200990317855
0.7584999540704302
0.34604492931975983
0.6642171857238282
0.8316121735842898
0.40771676739677787
0.19994444094481878
0.06676717134541832
0.26678106855251826
0.5664955108077265
0.017378368676872924
0.4421607409603894
0.20344067199039273
0.10071324053569697
0.28422807253082283
0.5091718327021226
0.21936481550801545
0.607712112396257
0.5527564695803449
0.15131672273855656
0.5131276053434703
0.7252984246588312
0.3470165233302396
0.6656914403138217
0.8289392168226186
0.912516416341532
0.4396566419454757
0.711527478240896
0.35356644276180305
0.6766610164777376
0.33631634039920755
0.6671506112907082
0.33307152619818226
0.16628387360833585
0.5821004648169037
0.5407733986212406
0.641472805000376
0.25628136270097457
0.6115381614363287
0.5474678207538091
0.14653640540200286
0.010646012698998675
0.4740114345040638
0.7213501688092947
0.3528463569818996
0.17250881477957591
0.5842380977119319
0.04111184770590626
0.39529455653973855
0.6330710990005173
0.28427797558833845
0.5090668498305604
0.2192474155453965
0.6076359822473023
0.5533277876093052
0.15141926889191382
0.013087321975035593
0.4752325047447812
0.7219606742437463
0.8530304777377751
0.922601225116523
0.9593436643481255
0.47869336226722226
0.2388574461801909
0.6172309805988334
0.058493181568337604
0.40418543640407734
0.6395616641675588
0.7885155434778426
0.7536241737543605
0.36899910258944146
0.6805930591362994
0.8383432834816631
0.9181950186903123
0.9586091978126206
0.4790602028660942
0.7394079117802903
0.3691546096233651
0.18454677230329253
0.09030499489745125
0.7941682421951555
0.2715919934853446
0.5730499403725844
0.5051519457192626
0.7368894531682599
0.8603554187575355
0.4262560794595629
0.21214760196744464
0.10167732861009426
0.3005935689434409
0.017361707490636036
0.4422133152547758
0.7034969943051692
0.8507564337051008
0.9092572447261773
0.44656813630717807
0.6879885663220193
0.8420400775794405
0.9205316959414631
0.4600216914550401
0.229888767702505
0.6148833468032535
0.5574111548776273
0.6535682478570379
0.26427649430115707
0.6006402916973457
0.03457116719800979
0.8844110942736734
0.9070183025905862
0.45141845871694386
0.1934749182255473
0.08086396710132249
0.2824973833048716
0.012281391565920785
0.47266290499828756
0.22069118995568715
0.10643171370611526
0.3012589162099175
0.024650987761560827
0.9454300068318844
0.44122038589557633
0.21267538418760523
0.6023693340248428
0.04920096482965164
0.390796131308889
0.6324021400942001
0.8003281072597019
0.26721231345436536
0.5671989511756692
0.5158988024923019
0.19441156098037027
0.08130600283038802
0.2828251828905195
0.012254541594302282
0.4727982458716724
0.7202228321111761
0.35617369107785635
0.6761256124300417
0.8370821896533016
0.9141454902128316
0.4568285446439404
0.7204796720761806
0.35627253592247143
0.17615261767059565
0.5870844837918412
0.5391400505031925
0.6443220545479562
0.7517092235211749
0.8719474060926586
0.43402033863822
0.21603348734788597
0.6075284027901944
0.5535200309532229
0.6516379302483983
0.2632578629127238
0.6001042695133947
0.03441187410498969
0.3838975254620891
0.6565445569285657
0.8271717380557675
0.8822738800663501
0.4254809455596842
0.20491247531026602
0.598541285347892
0.5316924580547493
0.6398391191323753
0.7881660046114121
0.7532062248210423
0.3686647236754652
0.6803936850337777
0.8382275041076355
0.4181328938284423
0.7085779269982595
0.854044703533873
0.42690022179158404
0.2129007646581158
0.6064198498206679
0.5512414144468494
0.14963645199895836
0.007919386436697096
0.972465313214343
0.4782979517185595
0.7351816830050666
0.8656071950681508
0.43181177432416007
0.21540997602278367
0.6055039055645466
0.05261271627387032
0.9013054007082246
0.38815222165430896
0.6628258714627009
0.8157878160418477
0.9000813444436062
0.8836343904258683
0.4086140622384846
0.19551790712284856
0.06602064202888869
0.27495366337825544
0.5709485112456605
0.0022100358037278056
0.9922854079923127
0.9958832896663807
0.4978119376755785
0.7488715732179116
0.8744338475808036
0.9372159617196303
0.9686075035424437
0.9843035056546796
0.9921516297617927
0.49607482948340476
0.24803692204295658
0.12401821863022633
0.3120090486481786
0.031004017655504867
0.45300175456213765
0.6952508097456302
0.8320004027627874
0.9081876416457817
0.4501875409623608
0.19189063055091538
0.07934374531032518
0.7852773078484461
0.2517695113783702
0.12185643441625871
0.30891405657166615
0.0284499479457736
0.9512214339047205
0.9442310172307771
0.956425658747321
0.9703831632214133
0.9812843779218383
0.48868858712376095
0.7433674926287495
0.3672890958550852
0.6834003476833459
0.8415775968751404
0.920727509947028
0.4603312629915308
0.7301494152925443
0.8650703546300065
0.9325351465668064
0.9662637432047632
0.9831299565557856
0.9915487638209015
0.49576626723865047
0.24788098759017885
0.6239327451621648
0.5619644056132529
0.6559507017373107
0.26545960034127347
0.6014719248923939
0.5351070844044443
0.6347095392702613
0.7821827756124549
0.2641303945274558
0.599836607958423
0.5338040093192831
0.13384509575553238
0.5316442126350012
0.6397845009632874
0.7881234477972612
0.25329939380753785
0.11882956328918226
0.30550471681635827
0.025797311129281297
0.44942113192519173
0.19297180412104353
0.5806127064279281
0.032369747961638495
0.38672877065255307
0.6620838525996078
0.8154011830920354
0.39988021994940937
0.13353183152503334
0.03355414714314975
0.3829877423704602
0.15975557477213442
0.5718211383500602
0.5006322486151475
0.7483019640203565
0.3731439018738456
0.18631255149375647
0.5930265760107432
0.546478955715429
0.1479934298840817
0.011373690940672532
0.47437533346237615
0.22153191070538014
0.6029380773252342
0.5475541459745727
0.14679292376968078
0.009912135865306482
0.4731529293640051
0.718965791806113
0.3589859701169189
0.6792485752666835
0.8394945725449361
0.4196824324608315
0.709824048099108
0.35491106985136867
0.1774550580594223
0.08872729059658013
0.2943635260744486
0.5221817034180276
0.19859034506953321
0.0680449192004744
0.2683964388561435
0.06388547725509852
0.7780345197825227
0.8245631504687481
0.3800507058331277
0.6739119447593112
0.8288992701563984
0.4123744238750078
0.18952460656873882
0.5866751431894954
0.5413691719586495
0.6447003861539997
0.25935809503425844
0.5942767419619486
0.04506222007330507
0.8969736715371255
0.8859827747219242
0.41125209073652513
0.6897566363913938
0.3359662148868665
0.16792183290817775
0.08393027918646112
0.7919498209375888
0.270967012795154
0.07297967653721571
0.7552379234402906
0.8619930043059867
0.9231797087413725
0.9576833650062326
0.9768884378136136
0.48746759656933136
0.7354329861700535
0.3635660875006579
0.18068440718343481
0.5863749165437184
0.04218037726241164
0.3955866406613495
0.6350415463384707
0.7851682947948575
0.2519267075113021
0.12204076367197558
0.8090633820393123
0.2785541597113479
0.5762883141869679
0.006649774266406894
0.9875757883710321
0.9859133448044304
0.9887754917726852
0.49241840819013305
0.7457130549009889
0.37261036020936444
0.1861820964841172
0.5930297448358033
0.5464824325754307
0.14798085574875586
0.011364062287611887
0.4744012732699048
0.7214381873782258
0.8528988967591431
0.9225393797096331
0.9593145968392491
0.4786797523847781
0.23885134066222236
0.6172282775514759
0.058492036565439776
0.40418497554492205
0.13956196830258705
0.03851571696577594
0.8786252285935916
0.43149626956437714
0.7118399624014273
0.3539581464137882
0.1760024473478552
0.08749766685650684
0.2895908124628477
0.017716380825731903
0.9379944589454681
0.46702788822585717
0.2330175545066595
0.616262490832014
0.5580090558796655
0.6539434331643861
0.7644411691871937
0.8508332405763213
0.9097839834284969
0.44683147306204773
0.6881354771903716
0.3420526163827162
0.6700187507958617
0.8347497298673261
0.9172450421610847
0.45858768024481833
0.22904956442653202
0.11440270792809315
0.30665203649550676
0.02829550064052455
0.4496793655853253
0.6926054904179182
0.8301856490143109
0.9070342764025554
0.45144098822493106
0.1934324191242922
0.08081440546084195
0.7825793242373038
0.7623795376857743
0.3479847066337243
0.1573898222122807
0.07429989543743432
0.7556555649207439
0.8620796371542383
0.9231662162346765
0.45764252392109483
0.2268662286514882
0.11233352735871449
0.7982927514240146
0.2702093696570955
0.07063618180109188
0.7530838393722661
0.36823729393654503
0.679935697291512
0.3389750662317965
0.6692393356352113
0.33449652275885455
0.6671833509753924
0.8330718927027192
0.9162836843461264
0.9571001838194206
0.4782743565738201
0.2352232690609526
0.11565467991749756
0.30684886264498346
0.5279351926583331
0.6992698519898113
0.818262616317952
0.8934451533132233
0.37637902054120786
0.6842679715482518
0.3401732238708064
0.16910623098374344
0.08406292501604185
0.7917787378537469
0.27076682131155394
0.5728526525490452
0.5049168075202033
0.23670364439021796
0.6095283975882921
0.5542739952798001
0.15186137831187807
0.01341491998755373
0.47544959030346945
0.22209591988939792
0.603234475973295
0.5477066814200953
0.14689996931701899
0.5099656698002946
0.7232407082046848
0.8437809069582727
0.9217674217943568
0.9608526846859604
0.48041083669522777
0.2401977290865034
0.6200947815959807
0.5600454685336445
0.6550146205700003
0.2650051607924979
0.6012524593097623
0.5350011691043619
0.6346880542696454
0.28218776200083084
0.514140747487545
0.22484375158092007
0.5963085647090338
0.040097626828355715
0.39102048563654535
0.6319726116198581
0.799842505104607
0.7669713629002217
0.817071771773044
0.39095393105526455
0.6319984880974516
0.29988497553858906
0.016885368415387347
0.44191030971705914
0.20331396811525337
0.1011529075622093
0.2846996539446991
0.5094109502097126
0.7195184616430197
0.8576686537708156
0.4278500735235866
0.713677065592492
0.8567144875996746
0.4282952528737951
0.7138727296842262
0.3569209867855534
0.17845280436449684
0.0892225576681085
0.7946093565551564
0.272303597885184
0.07365173558355309
0.2555758510134183
0.11216292454628274
0.7982689468772151
0.2702282157551963
0.5706609492190182
0.0031039101886563003
0.993251173349563
0.4924751958169509
0.7451389649650082
0.37250844726804644
0.1862237060267944
0.09309659409336746
0.7965406676230486
0.7732665190997068
0.8241008346085437
0.3807842048408929
0.6747628108714707
0.32956866701715626
0.660874149587471
0.31285698284045793
0.6554509454290383
0.26473669972619973
0.600872175215045
0.5346884771133773
0.1344706866366323
0.032048574794316664
0.38905590312788263
0.1622327242512256
0.5649992661492433
0.5245631551661063
0.6953250573715195
0.3163815342122689
0.150362769869389
0.008767386199906468
0.971176693768939
0.9767971085675526
0.9879102580016479
0.4858984799357131
0.23892091916059144
0.11744629929307848
0.8077160695393104
0.7785986352246255
0.3266696178470738
0.13205047661904246
0.5499100496817846
0.6418974304106086
0.25441991799743846
0.1095705603947863
0.8042663621308748
0.7768727683578618
0.32586721298866905
0.631681565020699
0.3002152982226107
0.5172950261621736
0.19224072477663867
0.07854220664012246
0.28829452543868683
0.5030339774966706
0.7434603461297229
0.3677018522284925
0.18183676220360212
0.090399580396479
0.2929872573877219
0.5214249636628665
0.1982086370990146
0.06785239616874605
0.7683001773257274
0.813837107969448
0.4030121828545816
0.13705099851358682
0.5362979527853895
0.6270352032734081
0.3054607150843367
0.025655098870629445
0.44928992009954527
0.19312029343564063
0.5809197682247031
0.5326396949822083
0.13740927609615028
0.535501259699231
0.6261451855825726
0.8086761504528113
0.2790929194597993
0.5769238818320446
0.007148863835027441
0.48791842980426736
0.7361389643047005
0.3640372865484096
0.18000254570506513
0.5889932241698261
0.5439925877435599
0.6468701369012706
0.25989556158310734
0.598178504180396
0.5313811884843744
0.1401678612746764
0.038709893240593374
0.8786984455364291
0.9313991403323598
0.4617855641117785
0.728935808816459
0.36348919427837245
0.6812561957340222
0.8364757398085203
0.9161616908677388
0.9575272224610671
0.47677972179371864
0.23789389015291817
0.11088645982090384
0.8014129873190541
0.7736913722474128
0.32333812542492524
0.1301575005054474
0.5493315607018303
0.6418227329559159
0.7540015615231823
0.8611240032769274
0.9265298628888559
0.961248862062348
0.97963164767134
0.9892584007175174
0.9946270543441642
0.9963368453318253
0.4976800817530602
0.2485958704201039
0.12417584998183884
0.3115386011195369
0.03073871962260455
0.9528540693281684
0.9451693968730979
0.45695585347129963
0.7206635116890538
0.856424548313953
0.4262586703989655
0.21215061852126382
0.1016806585539598
0.3005961289163679
0.017363464314257726
0.44221443208516575
0.7034985659993254
0.3507574579853099
0.6592578164709266
0.8215684445167426
0.8754887353279628
0.43579027385567315
0.7174063712591305
0.3584588028024882
0.17910720998770557
0.08949250928708352
0.29471570678288117
0.022220507264137268
0.9486025646037888
0.9430474526889157
0.9558968115306925
0.9701349483511876
0.9811607305600774
0.9886270009155851
0.9933368182682898
0.9922733411949594
0.99589250003919
0.49782225739909336
0.24884913238929585
0.624389753327705
0.06219463632442057
0.9060971979924943
0.8905485391442198
0.9140242377761751
0.44138710299739614
0.2128810475114733
0.6025342727953102
0.5493140074249823
0.6408679401502013
0.257445688766893
0.11285370372934267
0.7984922815230675
0.27027885560528375
0.570655785209965
0.0030860713159199804
0.4932346249988768
0.7424325895844959
0.3702378249436151
0.6848738181579392
0.8423143619147595
0.9210959073679987
0.9600290356320329
0.4797550587973092
0.739808835030999
0.36965632808278315
0.6847652140713762
0.8418628507934045
0.9206715472682845
0.9602668697189074
0.9801314078213181
0.9900036552280653
0.9949710416840389
0.4974702466279268
0.24872748643974774
0.12432940906728618
0.3121627962391358
0.5310194088087883
0.7029787078790832
0.8202238566009328
0.39447917218785733
0.12689269045949914
0.0595381711027585
0.9028148867073469
0.3879308207833674
0.6622270990919787
0.8152443938888609
0.3996876191231422
0.1333765201852657
0.5332104766275734
0.13377747946651652
0.5336779853096232
0.1330461153993383
0.5347828690719325
0.6343338401056826
0.28188812284497544
0.013929662352893502
0.9747066779527813
0.47146887896815315
0.22779220971278846
0.6099555076507386
0.552778573386604
0.6512662589666434
0.26307161562726833
0.6002550508710556
0.03448714324622415
0.3844224287022371
0.6569934373255819
0.32651294936658815
0.13101459003519267
0.5493863675801549
0.6416022099438123
0.25439294715761207
0.6105939571571071
0.5509019703604281
0.15020660607842728
0.508574863022659
0.22102321151760407
0.10169199481606483
0.8003423232294153
0.7672289581678342
0.8171433773532044
0.8909763965930324
0.8820106816419866
0.9248915824864525
0.9543889120686799
0.47316601645434275
0.21894378820434213
0.6089525886054616
0.5542166410887148
0.6520386350166518
0.7635190752334893
0.35050947609124705
0.15962970774853602
0.5720023387111723
0.0008449118467979133
0.9984693267033435
0.49825808571767993
0.7486407577525824
0.3740762363304384
0.1869160468922928
0.593396984069841
0.5466679743258283
0.14819665800314397
0.5115906995779369
0.7245415350771509
0.34664386018994264
0.665508476406103
0.8288475113513414
0.9124703922425397
0.4396335144119803
0.7115154394996352
0.35356042432249524
0.6766581269330345
0.33631489585968666
0.6671503641118761
0.8330716401396785
0.9162840491044335
0.45710061173303984
0.7282737382047344
0.8602220359025523
0.42815741233062
0.21310190335498191
0.10606255027232692
0.8008339494117536
0.27529487063293345
0.5711799097480252
0.0023561925627291203
0.9923737153585535
0.9956909167522099
0.9975972494867165
0.9986745193600655
0.49926808843156323
0.24963201017817482
0.6245713540702127
0.062163485650671646
0.40602020008373074
0.6404794478730764
0.7889744574495126
0.7538545954739675
0.3690804644720629
0.1806320743926335
0.08836195839103311
0.793203938897932
0.7711134493001737
0.32281246085767634
0.630034098518081
0.29884270252659917
0.01657819768297486
0.4438207145722117
0.705301165144192
0.8443459864938632
0.4199738202150911
0.20986388609162532
0.10487043103785254
0.30240255215903744
0.02618589805206284
0.9505890746950172
0.4439815650403034
0.7063342963519972
0.8452168347721454
0.9186942958331201
0.9573919944814406
0.47771841307985596
0.7344644363911357
0.8669880177185405
0.9333719086134806
0.46662490419112146
0.2332819270377513
0.11662570098997094
0.30830520432209596
0.02914878650335595
0.9520572266192175
0.4447776594024617
0.7067328351549804
0.34553842031164095
0.16885521152289584
0.5824706064304337
0.040226285927928984
0.8907023843203206
0.8826026928145438
0.42553901352221146
0.20495318993926048
0.5985684375918936
0.5317051401070785
0.6398755307018291
0.7881992456677835
0.7532303629850503
0.8686805515608285
0.9303727223887108
0.4632027037150692
0.7306090462661814
0.8647473351738881
0.9323697318031918
0.9661828980024438
0.9830909418815281
0.9915452173736412
0.9957725405693054
0.49788579338928685
0.2489426582469605
0.6244712098850869
0.06223554533789866
0.406117742852075
0.6405588565103244
0.7890293611853849
0.7538896768528502
0.869132098130649
0.9306596789101604
0.9633766543702222
0.4807117346499581
0.7398674518335611
0.3696895777829923
0.18472247617319226
0.5918118005793076
0.5458753226266708
0.6479223706119228
0.7614535408793017
0.3494729519588873
0.15910953693673946
0.07174129894701764
0.7507139184162952
0.37340167330694385
0.6857241510879248
0.3423699478735216
0.1709389101015404
0.5853464268438984
0.5426117012975737
0.14627127989660949
0.5105115430487785
0.7239747174899094
0.3463470701535698
0.6653529139293823
0.8287356288055889
0.4124136127938982
0.6894831121026073
0.836868005048018
0.4164503520296421
0.7072333526157308
0.8531207655323669
0.4224061773857102
0.20912598600261845
0.1040127229061909
0.8019715523114428
0.27549725642893463
0.07500436835107394
0.25417692912742496
0.11042583707603626
0.30103199541918
0.524524168955395
0.695604060718324
0.31544956608559005
0.6498493395920377
0.7584869480633643
0.8460322425526101
0.9142230055294931
0.45662214857293293
0.2202467446331866
0.6060912074754015
0.05106003885157406
0.8994151666702237
0.8832970378280152
0.9094216861994937
0.4464100464247167
0.18780462883296423
0.09280367972678505
0.29634080376126803
0.5231398838222958
0.19905468288925476
0.06826971098780632
0.7685060407675337
0.8139080954424571
0.9030315852432977
0.8870583760726731
0.911287128314143
0.9395263489859644
0.9616740493220277
0.47886765739531256
0.7384529597475193
0.3687380719638895
0.6802147673151921
0.838030264218105
0.9184572316880804
0.9572750135266688
0.9781489868473727
0.9849239834584296
0.49038673675386235
0.24464402167359367
0.6222914780955762
0.060642191499937326
0.9050692921737209
0.389908759156242
0.1636414361128118
0.06593536472064443
0.2750860408414155
0.07113462462439202
0.2523640678555239
0.6173929116921499
0.05820814426988363
0.9038599165796768
0.8893078805122059
0.913342841755366
0.9410158716200385
0.9624360279995017
0.4771820340247359
0.7366035520390142
0.8593886127928272
0.4296627736184746
0.2148158588388469
0.10740028487634845
0.30369632388465106
0.02684625270194374
0.450922171730781
0.6942106085480191
0.331478158273967
0.6579264588654041
0.32505691976984963
0.1293253013282083
0.5480610862723552
0.14463598115253262
0.009573834569891915
0.469508529669838
0.7327401008224115
0.3653629693435505
0.18217794413794763
0.09095927223097533
0.7949265049828682
0.7724460863391869
0.32372208949527703
0.6306105678959284
0.7996800455148332
0.26702740354812704
0.5671073921548668
0.5159750644234009
0.19451071639196016
0.08114200987620279
0.7825141221401282
0.26222867929027416
0.5978501487406902
0.03278126017539762
0.3872249133710284
0.6603406651411206
0.3140532356337644
0.15287431958131492
0.5118610107747372
0.7241307121294085
0.8464096000534482
0.41537501467973925
0.7037802440463565
0.3499367288022768
0.6583667869854253
0.820882366359001
0.8769937946053687
0.9305622655083425
0.4632669418642763
0.7306261445046403
0.36480940904584713
0.6821519201621413
0.3410144331282936
0.16998829104704782
0.5847346827504225
0.04229866006062366
0.3961455143871717
0.13550981419393793
0.5364734355825931
0.12759598210686818
0.5559776229783893
0.1490500172949396
0.5100632409448735
0.22268271943903528
0.09565530964755453
0.29389087978051975
0.019977052346803248
0.9465043323871214
0.9376038191840053
0.46855585410958156
0.23415489931358024
0.6170121210743673
0.05847530360915698
0.4042298952699639
0.13961106934584677
0.538553611462703
0.6286507884797174
0.8065124014392495
0.2743460130295716
0.07271791360108182
0.7541314066038467
0.3609521834005136
0.676325581735
0.33608753589214757
0.16749442170839757
0.5837166783458088
0.5418429537094198
0.14591378413024358
0.010453060589497909
0.47397462200024165
0.7213460831553675
0.35285242766258307
0.6724872966296971
0.33428277279017493
0.16604077868396416
0.582958398386836
0.03949507971992716
0.8937554801232181
0.3760692102077883
0.6838798633252736
0.8408412690332625
0.9203595844446681
0.4591727046936285
0.7290828085679095
0.8642896323872264
0.9320189302379731
0.9650004772120155
0.48199574279715307
0.7407494391081855
0.370313445921056
0.1846378048940096
0.09205944341374561
0.7949844648246653
0.27224426218890585
0.573559061915148
0.005497996375197545
0.4871084842015989
0.23561102815438062
0.6138379751064349
0.5547063959529623
0.15228452964220196
0.5136383886274416
0.7255672561004758
0.34715765941655263
0.1657658444601111
0.5789764333167113
0.03753306486760266
0.3771639565238729
0.18028092876193114
0.08794223004952073
0.7938487988139968
0.7699101158359554
0.8214479179878253
0.8750638968776911
0.4372801764984615
0.21857523743528873
0.6092551932961214
0.5546190134482458
0.15230902936309576
0.513654276233865
0.725577018893091
0.8471634498273488
0.9157691950968001
0.9539780942141078
0.4750357954471838
0.7209158248442691
0.8521570100856479
0.9238812086696271
0.9540060186409391
0.47498884148080833
0.7208622772013769
0.3521150677697733
0.1738526309200097
0.0790489319479093
0.7875389150867704
0.7521592518896796
0.36777833782252856
0.6816917690448463
0.3407238067011349
0.16834762023063377
0.5831666685407981
0.04107952502090484
0.8952879770949949
0.8831260098377243
0.4093040155712515
0.1963426425063517
0.06289252385613509
0.2804084257222712
0.07718529479461722
0.25720525821088813
0.6129699696612079
0.5486684166826308
0.14542592427460477
0.5082593262777664
0.22190107384813018
0.10264924890361726
0.7971664702927228
0.7724807801714633
0.8236773246317171
0.3805571295961272
0.6746456662367564
0.8295065030397382
0.9108448517799843
0.937836550292559
0.46793974516913295
0.23348060782882385
0.11649567153654061
0.3081255195720587
0.5290016612852924
0.20196932772523724
0.06971891983994283
0.2691693711676635
0.0642548999749124
0.7780985932040494
0.8245351066289004
0.8800104583206121
0.923876681656111
0.45399613739573397
0.7249800919671543
0.34587130151339807
0.6646339079015888
0.3301192093931604
0.6571247883839533
0.3265481129055843
0.13101694561191835
0.04937944054836407
0.8916252041235566
0.379343286564108
0.1730385489645414
0.5821092306287028
0.040806592704029754
0.39135780604556203
0.13122476285207085
0.04901031180634163
0.3912042402953375
0.6309048469411209
0.2997053489089012
0.016979139269096777
0.4420528020418715
0.7034330172173213
0.8507323166995775
0.9091880272317212
0.9467490886745509
0.9382097112538759
0.9671512537752278
0.48259119657450356
0.7408033831161447
0.37015558397979476
0.6849547381862067
0.3424084512225818
0.6712002842396032
0.8354761309165042
0.9176765515876468
0.9588075188512448
0.9793883809470572
0.4896249892481137
0.7448086499935016
0.37240335543174297
0.18620119293336757
0.0931003560544923
0.7965500508726109
0.7732749638380483
0.3241372280754149
0.13081854695337825
0.04978379243402742
0.39207915755105205
0.6296313020866364
0.29723651270614937
0.022641425603069365
0.9483324166212697
0.9426718216855079
0.45558871753746644
0.21992076188325882
0.6055353022820782
0.5525081250525545
0.6511853644333314
0.763088865642203
0.8502314893703442
0.9094592729525175
0.9467793302901555
0.9382255472010002
0.4671576210530475
0.23260123425279744
0.1158120637992397
0.8076618893828709
0.7787088733166456
0.32679340144386515
0.13211618311470374
0.5502957624266855
0.14232775181881152
0.00475381119758822
0.4847968732356094
0.24142092041438445
0.6202217020909302
0.059866472001885995
0.40481104646460153
0.6398439516196959
0.28815314717940055
0.5031912055856083
0.7437139539397322
0.36770443685236387
0.6818379371834453
0.8404001092130784
0.9179874999099411
0.4589250684075523
0.7294587193755433
0.3647273926762864
0.18236271283240058
0.09118086466332898
0.795590186433401
0.2727931225381326
0.5738955759152304
0.5056973027240019
0.7372235316724982
0.8607992059842218
0.9264933230588213
0.4612935215700418
0.22967019080533646
0.1143467505753506
0.3069292028667405
0.027365722256945446
0.4511217047693208
0.1942802672565449
0.08149987284559757
0.7829296873242129
0.7625547192292288
0.34807205852121115
0.15743445183034055
0.07431887250277214
0.25566338453791104
0.6120760370104108
0.5481640055659227
0.14516025510965846
0.008058218547375873
0.4717986714094877
0.22784075789968483
0.1098910900473129
0.30293090056511573
0.5259463794936892
0.700213788455585
0.8187882287311368
0.39278873670264147
0.6255916795053054
0.810597620322369
0.28017626295331866
0.0775268578727264
0.2574808846693486
0.11309917023754679
0.29873300218605436
0.5203982473467477
0.19571523522608913
0.0656147197005339
0.7744988877093419
0.32059711508918554
0.12794896311243065
0.056100465706549585
0.8991094111988787
0.8850995461107232
0.41032267015543766
0.6890480378642678
0.34037314768647775
0.16811113915173337
0.5835061297402717
0.04172248745453544
0.3958454781677574
0.13541485634050332
0.03645545375184156
0.3775941400672309
0.1809840317000635
0.586555217509158
0.041309209540486336
0.8945483350835275
0.8847093158110511
0.9071812333713751
0.951636537531158
0.9435759703919757
0.9556668360019103
0.4697728434111923
0.23085613441071473
0.11438996289507486
0.3066759292851202
0.028200568456668407
0.9496385724050924
0.4425922449445352
0.2051826018432621
0.09453454060712829
0.7951920151244849
0.27155837818281725
0.07300427660811692
0.755236756085651
0.8619852418778464
0.4231761720729992
0.20768087488249876
0.10188301716698334
0.7999647057731636
0.26666619270690717
0.5666750162490644
0.016671062010573223
0.4416527134599164
0.20421621066634543
0.09795723774004728
0.7822547471441794
0.7621599690755829
0.348822844796814
0.1582828525279183
0.07107690279372036
0.7522093146981206
0.8672831361473072
0.9333810937823728
0.4665646315552294
0.23325082959490828
0.11660967124043964
0.3082969638344366
0.5291159367188811
0.20204932562774047
0.5697133594076149
0.019201147224521264
0.4392728073580656
0.7157225205446593
0.3558432835561689
0.6769126534054521
0.8379594544530846
0.41870458822813816
0.7073913002386689
0.3527151499292813
0.17196107580093667
0.5857354282052256
0.042745397688122466
0.39631154062226415
0.13562519123661332
0.03654730654670857
0.3776410161808599
0.6810040703276172
0.3365785575006157
0.16633564615040086
0.08216048942995258
0.2905766412150115
0.016252354107564315
0.44360820125439204
0.7051853566081263
0.3445350763213355
0.670191862154752
0.3340580930816941
0.16675426118308678
0.5833618100732565
0.04167278384556994
0.8958323313272558
0.38541508905473165
0.6614536981505807
0.8151008795539383
0.8997221999452449
0.3834469819266815
0.6584553967695683
0.3204061512951739
0.12870079895947129
0.5564136684697587
0.6492318524979055
0.260160890116822
0.0977918918360956
0.7827516692923382
0.26233201660215855
0.09795513466815464
0.28225005834246986
0.5121558059181552
0.7238197346159723
0.8457813195709605
0.9148302024696022
0.45532273879507557
0.2188713529612869
0.6091910589893814
0.5544732207490597
0.6521754559944384
0.2635571508144494
0.6005132868012879
0.5346239990903996
0.1344956177927088
0.03207438901881687
0.38908311395789497
0.6623145166959148
0.8150437381991651
0.8994651090179104
0.8832041744608432
0.40931445971364155
0.1963259158656001
0.5628693117469084
0.5304504602390807
0.7022328938764986
0.8196202788094524
0.89406253217021
0.3766557935450692
0.684390637325123
0.34023431834066287
0.16907562362030149
0.5840170441369992
0.5418778533057775
0.6459081629582215
0.7604463290190324
0.3489387716399506
0.15884244444896467
0.07154673326294869
0.7505861221870873
0.8730802982463501
0.43641033020685427
0.7181707732088398
0.8590834494389128
0.9295101193420123
0.9647397934168112
0.9823012284177821
0.9911467976344284
0.9955714905227069
0.9977847911068238
0.49889191848342307
0.7494457206921652
0.3747227406129241
0.18736131067271344
0.09368038710090332
0.29684017863473855
0.5234200818522368
0.6992100371862762
0.31835501673049293
0.643552507419372
0.7514637532294728
0.37182562638190575
0.6839596871286631
0.34100328100612387
0.17001335736131296
0.5847625370952301
0.04225919404416345
0.39606856161844917
0.6352596150245517
0.2863645449397154
0.002061359933577478
0.9929702236840967
0.9944080087007023
0.4961654527869541
0.747807590290904
0.37388829787960276
0.18693544663256034
0.5934676636825316
0.046733802038943395
0.3983668861037586
0.6366834355867468
0.2870917140680831
0.5029208551568445
0.7436479266325478
0.8679177091107704
0.43200572932255454
0.71502630203031
0.35702486970694736
0.17826829419936985
0.5890120767580811
0.5439567219582386
0.14694784340099432
0.009982100396882743
0.9732451395248063
0.4687964894401375
0.734274267044384
0.3670751446916256
0.6835065779159777
0.34173588440171443
0.6708678229770157
0.8354338518693112
0.4177168961323332
0.7088584331504535
0.8544292091100942
0.9272146008152049
0.9636072985304054
0.9818036408687476
0.9909018199541606
0.49545090974424966
0.7477254547411576
0.37386272731237113
0.18693136362708174
0.09346568179898895
0.29673284088494256
0.02336642041336745
0.9491832101775799
0.943341605074238
0.456045802537119
0.7202104012540076
0.8561989506124519
0.42614635030622594
0.712096612638561
0.8516537750547286
0.9255827468878124
0.9548568031168543
0.47346111640217714
0.7191219156084117
0.8585691365005914
0.9287886575912125
0.46414637347334065
0.7319339502719231
0.36596602146164514
0.6829825338791125
0.3414910285209771
0.6707453950366471
0.8353726378991269
0.41768628914724104
0.7088431296579074
0.8544214977591764
0.927210745139746
0.9636053706926759
0.9818026844004635
0.9909013417200185
0.4954506706271786
0.7477253351826221
0.3738626675331034
0.18693133350461721
0.5934656667232048
0.5467328333470505
0.6483664166589733
0.7616832083149347
0.8495916041429155
0.40917080207145773
0.696772901021177
0.8132302004960366
0.4046619752480183
0.6388544251094572
0.2876889313047286
0.5029753250128124
0.7435530921793543
0.36780926093342714
0.6819209878740367
0.8398466023209039
0.9199156717513688
0.45995402117841877
0.7299751032260247
0.3649865979386959
0.6824928221176378
0.3412461726402398
0.6706229670962784
0.8353109470917843
0.4176554437435698
0.7088277069560718
0.8544138460129034
0.9272069192666095
0.9636034577561077
0.9818017279321793
0.9909008634858765
0.49545042964746244
0.747725214692764
0.37386260728817433
0.18693130361498334
0.09346565179293975
0.796732825867366
0.273366412933683
0.5741832064522896
0.5058416032115929
0.23729580160579644
0.1108354007883463
0.30151145037962124
0.02380260016070679
0.9484247375512496
0.4424740874674171
0.20536790307960473
0.09377281871275045
0.2968253741855733
0.023382169485557824
0.9491758259246126
0.4433302835095674
0.20603632702841423
0.09520375591819175
0.29369467415381223
0.01988992004771717
0.44646815897431225
0.18758942899876274
0.09355051425518468
0.7966531569836661
0.2732655283762142
0.07410223913029768
0.2557858570362441
0.11226028233068064
0.7983138255076483
0.2702334960922599
0.0706626693427097
0.25310429531964473
0.6182511279766914
0.5549750541395042
0.6513888346380554
0.2631333523604553
0.6002861436863896
0.534502745984355
0.634431239857804
0.28205555336899124
0.5140422258118633
0.7247783374623396
0.3462715957139153
0.6650789186824113
0.3285072050639428
0.16321403766050935
0.5654774952854495
0.5247960557171609
0.6959287084464449
0.8147454319987446
0.3984539379016496
0.1366616345476359
0.5370653181744274
0.627903724234784
0.8061221358948387
0.2741538323753048
0.5726232993183658
0.004084964166395366
0.9859291393368039
0.9888141482952051
0.4923317517095711
0.7456165256735403
0.8727775057777762
0.4363733748323284
0.21817899838788435
0.6090856546652503
0.05454066666425206
0.40225494786864147
0.13861981098307297
0.5380255713243969
0.12838584757992066
0.05637945473426953
0.8992829332128167
0.3851883378229104
0.1603671286138706
0.5640700441435911
0.027883558330358937
0.44936652411706746
0.1928839158208575
0.08078642518376
0.28256544622126967
0.012368839961709455
0.4729774782899767
0.21988526833592914
0.1055318864819128
0.30251369532197714
0.02619365180726163
0.45056618165108375
0.694015891145682
0.8313819900213275
0.9078779874253087
0.45003248992725275
0.6918130526610184
0.8293047215556726
0.4102577689336613
0.18925875987042673
0.09060056775342673
0.7932820631249342
0.7706319211865775
0.3223195414466318
0.6297856580058578
0.7972531878040172
0.2726174870331306
0.5733046669047326
0.005154348269570619
0.9868892166996375
0.48535648896358907
0.2387562551011797
0.11839369536028244
0.30480027402518317
0.027155034767929465
0.950955206528306
0.444164541491773
0.20642573799705133
0.5953848410281353
0.0437775720783975
0.3949354149226565
0.6339757649693638
0.28133566124597564
0.015419845236465335
0.9763359281641897
0.9724733449111227
0.9784236951381899
0.4852443237614352
0.7406383999623358
0.369327319029253
0.18416771857300773
0.5898827638011426
0.044817396730650216
0.8973390465835109
0.38616904453374445
0.16183428288786672
0.06529202198726125
0.2748334512580186
0.07101044579758309
0.2523020827502478
0.6173619712935761
0.058192670345306396
0.9038521945185494
0.8893040269322228
0.9133409782953095
0.9410149715549778
0.9624355863488745
0.9771818434528541
0.9866034644364845
0.9843886920425575
0.9921628747542854
0.9960657017363701
0.9980249830405228
0.4990085576137062
0.74950326551334
0.8747511261026375
0.437375428940868
0.7186877070053015
0.8593438497628085
0.4296719230187591
0.7148359605635051
0.8574179798015393
0.4287089859426487
0.714354490977712
0.35717723006382585
0.1785886075522285
0.08929429957061075
0.2946471495379228
0.5223235746379942
0.19866178726078942
0.5680808936012909
0.01841544674243778
0.9388952233421151
0.9655413616565056
0.4808175558282528
0.7394322153995745
0.36922782644978724
0.6843697725853417
0.8401096909656189
0.41901724782655947
0.7092339656956028
0.853625161544187
0.9265608107380103
0.9612013953446876
0.9795611926529091
0.9895049844344612
0.9947443859709892
0.997123999230098
0.49843885641894303
0.7481817709340248
0.8735720568220131
0.43664868440828286
0.7178284240944777
0.858788323297631
0.42933118747896515
0.7146341066400055
0.8571792431757785
0.4285855682392139
0.714290753705427
0.35714483849005774
0.17857240338344127
0.5892861937463749
0.5446430948795751
0.1473215469159186
0.5111607734288555
0.7243303862342145
0.8465401928697247
0.9154575963038951
0.4538225480937399
0.22495814878493547
0.5958775118633639
0.5396379737358075
0.6426217207626905
0.7508762898214627
0.8734239846235141
0.4357049112441018
0.2173489150882233
0.10842268553096801
0.8041464924172033
0.7770408174255863
0.3260118237230927
0.13175542661338113
0.050252474640728906
0.39231360307894647
0.1297505440597888
0.04729702408076264
0.3976718880585395
0.13584715517936274
0.536429183150176
0.12746745769982226
0.05586017679888755
0.8985049794719089
0.8864930752897635
0.41192786558531225
0.19033511434099637
0.08729211278841831
0.28970833419589326
0.01788529852638021
0.937645714962855
0.4682715135277249
0.2341042256448418
0.6170365848520305
0.5585144625802059
0.6542553200852126
0.2646267044474371
0.1010590597288683
0.7849042909510899
0.7596395261352882
0.3446634524734691
0.17037857093964703
0.08421270793769509
0.7916180652391631
0.770564888138324
0.322660356934648
0.12904258031630889
0.5483774612657726
0.14514513657195494
0.5081118064117618
0.22170345197082497
0.10297628160333261
0.7975504185887985
0.27180634447722696
0.5724225563753862
0.504455711459741
0.23440505360485986
0.6171414618147537
0.058540198369883
0.9042548329161946
0.8896197833237238
0.41355607510195114
0.6911511143553071
0.33776209558709525
0.6649705041490961
0.8305318810744211
0.4064767569070682
0.20275003663846292
0.06988084741169587
0.7691933363676071
0.3142231329693459
0.15317479887744412
0.5121190156205557
0.22382531591574661
0.09576504441793077
0.28982397422078066
0.517896873265272
0.6876283797028009
0.8433104113792069
0.42152538677328266
0.710697783913929
0.3553316960169468
0.6776647602091543
0.33883237265399657
0.6694161825871561
0.834708089416381
0.4173540437768679
0.7086770214082208
0.8543385104567278
0.9271692550973967
0.4635846270248294
0.23179231348331086
0.11589615672710352
0.30794807834899984
0.528974039159948
0.7019870195654221
0.31974350978271104
0.6442467548768036
0.2518108774384018
0.621999188704649
0.5590464693377726
0.1535466721688863
0.01378505481989123
0.4753983867703937
0.22195212304359302
0.6031025263364427
0.04737035496509634
0.39671679367893375
0.6353624861803837
0.28618328776792623
0.5023426662082784
0.2423202817735728
0.12064086520695128
0.3101828650687821
0.030082730227150023
0.9524192351673264
0.9448985524941236
0.45654960308456793
0.2204470350407064
0.6063096343714278
0.5511978756112512
0.6496204670111183
0.7579147443757392
0.3474627544928808
0.665796568384394
0.3289299260941334
0.1624812608351931
0.5646237792971078
0.5240034640883096
0.19730064427130856
0.06726108194561675
0.766051460406743
0.31954868987668306
0.143660821049707
0.0012736505595967174
0.9966084378829692
0.9962900550453924
0.49762622683192603
0.748553713056026
0.8742081914970186
0.9366119995538611
0.9680599498096853
0.48390694992849603
0.24189196270890534
0.6209152253286447
0.560440327069955
0.655158114968799
0.2650635304162279
0.10127412088331766
0.28500799974426627
0.009674210770754144
0.46968031706637703
0.7328564852068666
0.865436413383577
0.4322222920891363
0.7158631896600127
0.3578076171106659
0.1778652571956627
0.5884095382061787
0.044082460372010246
0.39652231213403866
0.13562376733170822
0.5365542244398966
0.12764828256331384
0.5560097264533397
0.6490976558125112
0.7600952092907391
0.3478169880982023
0.6577931857609656
0.824738036171766
0.8790418854914606
0.4233766521210782
0.20764450106071308
0.6018613731721416
0.049828177550807595
0.8920386304089334
0.8795814670447726
0.9221972881350666
0.46011825097957626
0.22955367038957775
0.6145317390037235
0.557204356562579
0.6533272811793722
0.2641482623585034
0.5998398795491084
0.033802813035435975
0.8838428431481589
0.9066420804010704
0.45228296145796776
0.1943725626624655
0.08142293893615715
0.2828908334195148
0.5125371252361219
0.7230649533157703
0.8449288838601205
0.9180693723610602
0.45878670012461953
0.7292693570198026
0.864572685706662
0.9322553464444354
0.46611026814207435
0.2329329407948535
0.1164053737593349
0.30768387220450677
0.5285825287573971
0.2017225977324415
0.0693633285118267
0.7689937142713461
0.8141528821433894
0.40315445358282886
0.6371162330324296
0.7863295269780792
0.25201994928647764
0.6179378068773076
0.05694710637908429
0.9024931722378824
0.8881953604868613
0.4128162080596667
0.6907673679233994
0.8375633159012068
0.9148733812617138
0.4554749224334955
0.21894813046674244
0.10895524962688796
0.304218224453507
0.527040447195759
0.7010164086532313
0.8192562968470156
0.39400219469098374
0.12668812001356855
0.5594375713262707
0.15276363311568275
0.5129042405169457
0.2247135707293637
0.5964876298094168
0.040308998664841056
0.8911870912124868
0.8808657009212766
0.9247925609233789
0.4545760239416268
0.7233779134985525
0.8441089233383536
0.42107694543665275
0.21004971460206434
0.6047804782283492
0.05226709591806866
0.40107245318358764
0.1380056791822426
0.5377375658717938
0.12817511093453504
0.05627123703015968
0.898983318649698
0.38491550940671004
0.6606579572544433
0.3127200973976869
0.655856374418363
0.265176409680862
0.10121207765769213
0.7849179752229247
0.7596306914347224
0.34465143605484627
0.6703682863444556
0.8342073346721008
0.416611447930336
0.20805961635778658
0.10390676927636378
0.3009152430749964
0.5249369116208982
0.6959243979945313
0.8147550199355464
0.8984643501171377
0.8866706032131333
0.912054754095152
0.44038710329914466
0.212373414542526
0.6022766388196032
0.5491832851839717
0.6408016105706338
0.7574082245700993
0.36283473114599474
0.6734826759202406
0.3327739912783727
0.16440332229831256
0.08120983192929998
0.782296501332894
0.2619635267765261
0.09875329327769578
0.7835065523104277
0.7578416662581731
0.8476095594232902
0.4159616419347003
0.20405925207887776
0.10006883798632771
0.7834289206948597
0.7584117408841848
0.34575763618340716
0.16493994876509532
0.580455542251002
0.03140818918473087
0.39020055360742845
0.6635985063039698
0.3161094030656386
0.6502097764750943
0.2586900551104918
0.09608039053273387
0.2892203766386956
0.019106529041891918
0.438988934882218
0.7155233377707191
0.35577586563886143
0.6769036142504774
0.3379005498427432
0.6689188017917331
0.832490509521449
0.9152646237635054
0.45323580599506386
0.7263732816791162
0.34743551642168313
0.16584219600190409
0.07898379385005683
0.7875215759559069
0.7521587337250821
0.36777833974338137
0.6816917812975589
0.8407237588544376
0.41834770343848504
0.7081667637103237
0.35357983972062357
0.6765381497098133
0.33625109994318336
0.16711656251573004
0.08306141692446545
0.7914081612834707
0.2696662445086986
0.07181420418783091
0.2506134631403256
0.6233459472423419
0.06057027180213481
0.9052220662415493
0.8900800069095567
0.41377271013334394
0.1912608465354424
0.08780253733857535
0.28998735736240633
0.5180060946149752
0.18771204573567957
0.5933667795325164
0.5464387718238868
0.14809706949745305
0.011487376526929438
0.9744631389912684
0.9715912947431207
0.4779755141935311
0.23504711425630376
0.6155684944824316
0.05680671593290754
0.40291459229774773
0.13675975854857825
0.037007806851761416
0.37781786813866347
0.1810659164621029
0.08661144942743704
0.7913449702900834
0.2696921079477761
0.5718558653607033
0.0005189589865040034
0.4981838073290419
0.7485728664032649
0.8741489848762285
0.9365785221743863
0.9681633462605532
0.9840187157096807
0.9919778791372664
0.4958511001022998
0.7479214950581081
0.3739587796444539
0.6869788827025332
0.34348918779869564
0.6717445267131552
0.33587178273592144
0.16793565105763264
0.08396770525723696
0.7919837929948699
0.7709913889120799
0.8229954406560864
0.8802476567507256
0.9244985730620101
0.45443672640249133
0.22331209827098064
0.09407791667035781
0.2960623920953367
0.5225429129204713
0.19852731490391307
0.06789158293395303
0.26825975606334396
0.5637868603225797
0.02797192131401971
0.9494641710771248
0.4425017082830891
0.2053798061388079
0.09377781656803563
0.7968273962615058
0.27338294207584113
0.07417609301046468
0.2558303574915044
0.11228609579848126
0.7983286256203428
0.27025757846422493
0.07067160736187361
0.25310721251298673
0.6182522884337232
0.054973816382698715
0.9013877836114261
0.8881326107657515
0.4127856648701709
0.6907520353270229
0.8375558724219445
0.9148697709315456
0.4554502871178556
0.7189203453017399
0.3589640235295519
0.17923393720411696
0.08947862620698288
0.7947349917376414
0.2722452913876623
0.07356160305789672
0.25550028021098115
0.612109879439231
0.04811273908126168
0.395085269206902
0.6328281988680828
0.7851021086098626
0.25972281815484166
0.0946972893725615
0.29539158529951237
0.521717262949096
0.6978698434541002
0.3174367130268365
0.14296931176795624
0.0001340774178970605
0.49954609211999923
0.24963559725438245
0.12481392419431359
0.8122829546045978
0.781079473439604
0.32800873479573056
0.13273886597016826
0.5507366841193289
0.14255196024896577
0.5048523218138143
0.23484797438140959
0.616447393927956
0.5577354003326036
0.15362355185789056
0.014189703622832894
0.97578381569474
0.9717481087718625
0.9778021548409015
0.48492616281146184
0.24026200082153082
0.6200680578767788
0.5600025576713961
0.6549855431949254
0.7649849037698004
0.8512404253124259
0.4099941993772518
0.6971843314531725
0.8134359008108731
0.9047648179403041
0.8889058427303098
0.41271463825250976
0.6904881775553804
0.8373095105343964
0.9146874661382753
0.9553600596264005
0.4687536232522689
0.23436905461130664
0.6171806525089778
0.05858840377186425
0.4042931810254231
0.13964610992115922
0.038572933757677674
0.8786614063137677
0.9315181731071789
0.9618525821715593
0.47897303936770186
0.23850992548977956
0.6187665538745932
0.05523285604431294
0.4005412250116933
0.6372212922433391
0.28537700162269175
0.0015599449106957763
0.4966219447378535
0.7462319603655487
0.3725647479877807
0.18626616126857698
0.593124959472334
0.5465603265038226
0.6482800403027795
0.26163995868409984
0.5995699634950142
0.5341599738167133
0.634267484798329
0.781977477367036
0.26403560617472976
0.09979117722832598
0.28378227568464354
0.008834369597025216
0.9691388341889251
0.9835318118566647
0.4912471033167094
0.24548622066504322
0.12273547999211587
0.3113639248185791
0.030680052936077118
0.9528390727646183
0.945169059530599
0.9569554766349029
0.9706632117449772
0.9814248194161337
0.9887592548911925
0.993402573192725
0.9923065094626509
0.49590708382311277
0.7478304564428981
0.8738539387995843
0.9368954306119122
0.4684322160028387
0.7342084188712761
0.36710036487784237
0.18353300137096085
0.09176542033674195
0.7958826468093321
0.27294130658265203
0.07397065233089961
0.2557353107840754
0.11224264767952263
0.7983087902830448
0.7702481430314947
0.8206709463847801
0.3781089106341824
0.18075367403798737
0.08622644637944177
0.792014590348117
0.27094625995960087
0.0729426123725716
0.2552060473826714
0.11197039426770061
0.7981688824074809
0.7701457662624307
0.32060354566783644
0.6279488484724425
0.30610065066139214
0.524109623831464
0.6975997199479025
0.8165723139827605
0.892172383988509
0.8794356746948324
0.42201710186782293
0.7104592177493032
0.8551981366763357
0.927583332231734
0.4637876127671916
0.7318917796947062
0.36594535334734246
0.1829688316793181
0.5914824933279306
0.04574028548086062
0.8978696619160473
0.38643268326995894
0.1619662070297636
0.5653542811051011
0.024862729420419782
0.9460241600754671
0.43980847773491405
0.7111130303528626
0.8550681136548519
0.4272898565395735
0.21352282812586054
0.6067003639764152
0.053319656959502026
0.4014004253258463
0.6380705110786948
0.7877509148675017
0.25324854961945675
0.6187802884087432
0.5554681509966031
0.15065097878687084
0.5117840751481708
0.724381683539832
0.846500514599029
0.41542225985904224
0.7037399107357487
0.3498996045673266
0.15822518596542068
0.0712385659571737
0.7523855137114879
0.8673883722221944
0.9331982586882077
0.4663510538812261
0.7330514891946223
0.866464202554198
0.9331975155510008
0.46635264268843457
0.23305376997450367
0.6164656111504883
0.05820216872962192
0.9038416253169999
0.3892910830909386
0.1633610751305241
0.06593155232258141
0.7751222779916134
0.8211393896781374
0.8773588211042807
0.4298864718293771
0.21445301655330695
0.10696602059761062
0.803353302879259
0.2766442245920189
0.07569145795423537
0.7565647340670694
0.8626494990894571
0.4235083155799657
0.20784594080760144
0.10196886167977937
0.30000761488918215
0.016700992156984285
0.4416991181205958
0.20411805654293858
0.09808780826278962
0.2824251154088415
0.011817519553005695
0.9743991070135962
0.971444785798667
0.9778755601437297
0.9850296224758495
0.9905607324326411
0.4943033268209547
0.2466631437127944
0.12113418700755574
0.31044400989776477
0.030160463124047965
0.9525457651470788
0.445020967774326
0.7068538896855898
0.3455991245864425
0.6688246169942431
0.33245535343303345
0.6652492028952111
0.8282290996285155
0.4138699318282306
0.19118762735161
0.08772026360384189
0.28992335675866343
0.517993290850427
0.1876999516680371
0.09335787894087844
0.2964176247769501
0.5230857844289858
0.6990118669345975
0.3181183509877883
0.14342647808371112
0.5013966854312457
0.24679012552951463
0.12144143099430948
0.8097419922996778
0.7793826477136463
0.32694336475105956
0.132097702822648
0.5503542322257999
0.6421199981705286
0.25459247527760454
0.6096874738577753
0.053851855045650154
0.901368951657787
0.38818064524093643
0.16283840755932033
0.5657932184112724
0.5250836239720229
0.6961353230872191
0.3148644171014894
0.6486430863151327
0.2613329936284572
0.09917234125896357
0.28383909261901863
0.5090460072970018
0.21933623508084565
0.6074555889063049
0.553598094615154
0.1517647075233981
0.5133804426586721
0.7254087332985364
0.3470636300917249
0.6656504115962889
0.8289150216442067
0.9123813020996749
0.4395275466958992
0.21167648100527003
0.6038698492338881
0.050950728938914835
0.8999832666304428
0.8833393342792988
0.4083435180946253
0.19580183265497908
0.5646937363198958
0.02404500564443879
0.4473251771123614
0.6922895494208205
0.8285051301354542
0.41324524278752506
0.1904939602536615
0.08718264955678023
0.2896201909170486
0.017580285435542464
0.9384690298174974
0.9672811365744565
0.9826638791128062
0.4908436247787904
0.7451776698871981
0.8724667636852246
0.9361723462061491
0.968055655277567
0.9838904984062538
0.4919376188190654
0.24596499421750195
0.12298058962915093
0.8114893411111552
0.7807441935874522
0.3278718583169393
0.132685809454415
0.55071736802347
0.14254615415120497
0.5048658582381904
0.23485431977314875
0.6164503552136011
0.05773677528486587
0.40362418646691367
0.13918999262386933
0.5382838249206543
0.1279981135739945
0.5559271573438309
0.1489886641211342
0.009793251723749563
0.47358368334244005
0.7191822454042267
0.8585988245613407
0.9288032632030081
0.9641554644040298
0.9819546485960018
0.9909160209062975
0.9954274779593106
0.9976984727254603
0.9987805680721067
0.49938646747614257
0.749691325443564
0.8748447011166718
0.9374218697485048
0.9687106655910611
0.4843553178361617
0.24217765050707385
0.6210888247587718
0.06054441214655526
0.4052722059423104
0.14013610294205137
0.038818051340058446
0.8787840256409254
0.9315795125730801
0.9618835061555728
0.4789886270882562
0.23851775054936297
0.1187705920310691
0.8052349048957694
0.7755422570044175
0.3247218120377511
0.1291272634116467
0.04843509165220894
0.3950595257920213
0.1329507528571412
0.534674152644584
0.6345083638443612
0.2820898256904911
0.5140896420634817
0.7248181393078994
0.846295728784753
0.9150911939505022
0.953517261747038
0.9757210257521365
0.9717166507034563
0.4779084645851981
0.7350403445016127
0.8655632320733275
0.9318031384900678
0.96541233046446
0.4805083910468966
0.24012805623351596
0.12000102203455754
0.30998475942760706
0.02998450814629905
0.45248830431955867
0.6949779354908969
0.8318596759636421
0.9080865818541497
0.45012166287051514
0.1918500174069777
0.579319601674797
0.5352480884175748
0.12675382319139317
0.5593485279241577
0.15266008698381484
0.512822962453356
0.7246579260390718
0.8465742557309568
0.4154097444261424
0.20378145418362692
0.5999366474570706
0.03336628386750817
0.8833821222360712
0.9082436758035328
0.9461872077372391
0.9398289360105991
0.4610946345492266
0.2300418065278791
0.614775792171713
0.05732632355648093
0.40363262881874107
0.6393010479223449
0.7883318555541337
0.2535371111589484
0.11871000711107627
0.8053257293067873
0.27564822760177776
0.07431679527508095
0.7556488789850846
0.3620696801226586
0.17318773953593336
0.08268569750362076
0.28938923944951966
0.0187178150517866
0.9385580051748548
0.9651285514119081
0.4814656126254704
0.7406716367986519
0.8693287298083305
0.4341603479697369
0.21487504051765427
0.6073134233593009
0.05362518082256429
0.40179706338676624
0.6383908873831388
0.7879416215291712
0.7533438996761106
0.3688508649065625
0.6805187046702486
0.8382907221966889
0.9181610460218508
0.9585578786209226
0.47903275716817006
0.23945438134251162
0.6192081529297866
0.0593445576087106
0.40265042951796204
0.13784456931171007
0.037121045868843794
0.8779045210394543
0.9311242595722433
0.9616481293051038
0.9788665875676088
0.4884567010158207
0.7437400541093666
0.8677196279168129
0.4317846185876988
0.21534298540791497
0.6056878463714384
0.05234038128401153
0.4009184196766
0.6378333243483212
0.7871154381718952
0.7529165055602789
0.36863764649024233
0.18041042744880542
0.5882519694860093
0.04314936263835989
0.39608637025230564
0.6352990295854397
0.28627743702963926
0.5019643387640826
0.24313912013894878
0.1196011678839568
0.30881639156723395
0.02891609212383628
0.9517119943338912
0.9444829713029321
0.9560666914621834
0.9701881781802513
0.48117246085894294
0.7386292235460132
0.36833613814087585
0.17977258225437254
0.589637858007336
0.5446966197923757
0.1472795259032864
0.011135888518765569
0.9742549719230738
0.9714709995605517
0.9777851862600073
0.48497847153339535
0.24028992679086514
0.12002193834632635
0.8099496955692302
0.7799442109826487
0.8274567870830651
0.882470734330127
0.9255455023958348
0.4549276996112894
0.7235489533923101
0.8441960964992177
0.9211137958045583
0.9600647865736391
0.9797862780105788
0.9897701111622155
0.4948197269695811
0.24737910699332133
0.6236818046309054
0.061775992799084634
0.905855541175697
0.390175031760009
0.6637149602174759
0.31616357708116993
0.15026533970376477
0.5087245050235651
0.22115805090288632
0.10178990146960132
0.3004056850622874
0.5171457096876111
0.6920442921400536
0.8283828498097137
0.4131833906285465
0.1907068190339487
0.08741097137681209
0.28976478418917395
0.5179282538010739
0.18767455776105635
0.09334886350552551
0.29643028366263025
0.5230930677789729
0.6989854968560394
0.8182122299040202
0.8934658556827344
0.376412794488715
0.6842658129753545
0.3401778736151755
0.1691114206041675
0.08406695173471235
0.2917890965763945
0.5207723567727953
0.19782508263597265
0.5673878493253142
0.018053545674774796
0.9377300508785993
0.46837243769550696
0.2339418320916593
0.6168449080723803
0.5583594500494655
0.6541482379252557
0.7645583158009686
0.35102534110774286
0.6598552454961464
0.3220989102264866
0.12588891354971565
0.06097583455266431
0.9045074208406731
0.3892634621588513
0.16313660694868304
0.06582074140897021
0.7750367088592611
0.3210796161729377
0.6271983835322317
0.8048058367858175
0.7771585388691165
0.32595707967993803
0.631667444948107
0.30017817503539845
0.017261313332710415
0.9422166503500193
0.45352632395224646
0.22576941747684032
0.5967704062641133
0.540328083676286
0.14113560179248452
0.5060535811062437
0.7368829614424612
0.8603694469493348
0.9262098013423383
0.4621245196904056
0.226665819354821
0.6130878144176677
0.04860885953530669
0.8953369061637204
0.8831827839312609
0.9093485573830549
0.9463694145088084
0.4377833480539266
0.7177889806334861
0.3588323785515968
0.679400869004894
0.3396927743742708
0.669842564559076
0.33491937097278424
0.6674587307497859
0.33372506633168086
0.1668622909928672
0.5834310243953951
0.041715451661730185
0.3958576918230392
0.13542884564958513
0.5364644227956887
0.6276072113832925
0.8059911056770943
0.27408930283854716
0.5725915264047217
0.5040692006878089
0.7359213190793525
0.8638102689001244
0.9298299391230103
0.9643656531407032
0.9821523089776747
0.49106089569977485
0.7455228184408043
0.8727575945085846
0.4363768899056595
0.7181722324748989
0.8590780099912081
0.9295063416357152
0.4647454222140368
0.7323097089829389
0.8661233534221537
0.433045926183695
0.7165189025108702
0.35825748057686724
0.679128231771756
0.3395638690853957
0.6697818744578399
0.3348904303566087
0.6674449617275968
0.3337224137503654
0.16686120312078856
0.0834305398457218
0.2917152399895713
0.02085736664594151
0.4479285566485487
0.19271376793039963
0.5807317628641613
0.03255335069843568
0.38737040996784344
0.16048207227140665
0.5636394102766644
0.5274251431401353
0.7009684230142739
0.8191121372219641
0.8938700323924422
0.37659198365872726
0.1843744755606167
0.5901043497142382
0.044010730838635936
0.39674381184158847
0.13483418856048957
0.5359076275490224
0.125307020440232
0.5616731311311014
0.1552853408793453
0.015111198707018048
0.9762898634653538
0.4725120638613589
0.22844150534365326
0.6103058599692304
0.5531995366327465
0.15060793206794187
0.5123080479097553
0.2227029399073217
0.09560249041533098
0.7938330054166727
0.26993237537681125
0.5714722166594584
0.5000914568081498
0.24980152439093217
0.6247786611202173
0.06232828748761676
0.40613359239068814
0.6405515363439918
0.28901813871925697
0.003880254633259028
0.9941104611498304
0.4931480269005988
0.7446204115985893
0.37133340488071553
0.6851783019665163
0.8423449507390615
0.9210503752401564
0.9599758562981151
0.4799573435157072
0.7399634092289489
0.8699740733427461
0.934983221028233
0.9674897026852705
0.4837438974354882
0.7418714717496186
0.37093359004938975
0.18546667555347085
0.5927332781429868
0.5463666087889578
0.6481832892459352
0.7615916370414197
0.3495458147372119
0.15914790547685698
0.5717614443274215
0.000724471639841795
0.9984090958896559
0.9982279779796954
0.9986256443953607
0.9990686498931609
0.4994122462521773
0.749645057687303
0.8747920035675634
0.9372586092213169
0.468621643492952
0.23430699863820337
0.11715156192076392
0.3085748197045177
0.029286869656061754
0.4521434031485114
0.6948216931778006
0.331785846123239
0.6580804153636564
0.8251339538255706
0.3793638350907713
0.17308035408495925
0.08214558594045229
0.2908286224119365
0.016385975963203236
0.4436788203602191
0.7052073263621423
0.8442876212648116
0.4200609775434714
0.7094773571880069
0.8547215122089256
0.9268715210491791
0.4631911430042237
0.23049670024192892
0.115187195740873
0.3075630206731148
0.028765744878910482
0.9518749896960799
0.944683613080997
0.4567146570479963
0.7205447670421563
0.35636228809016757
0.6762260963150766
0.8371278948907275
0.9141689373645931
0.45684008864918724
0.2204853545408696
0.6062753324804362
0.5511539938452188
0.6495851607178338
0.25789041226380505
0.5974472172674723
0.04077187032089569
0.39147867093561217
0.13128570333356038
0.549041154794395
0.14121978863840923
0.5059126249398105
0.2372092402947601
0.11073108404525556
0.3014287739642896
0.023745999205857515
0.9483888058166485
0.9423912713245954
0.9555382104881573
0.9689714595442638
0.48399697069544345
0.24174647641484626
0.12074723385740072
0.8103106143244077
0.7801238059764728
0.3275540192844346
0.13252306779031642
0.05063459475059062
0.8924890538037289
0.8798304070951417
0.42230261908844113
0.2101737318735104
0.1045980924682226
0.3020547787018586
0.525905255577527
0.20039157674182206
0.5684268661134411
0.518328973907046
0.1887832888169214
0.5904815778194461
0.5432246012496762
0.14560420680209063
0.010042435518698767
0.4726639868458733
0.22067622994654812
0.10642411262961105
0.8012550551211461
0.27464902692008764
0.0704290205903817
0.2537198889767751
0.11892322744824924
0.30549420887837186
0.025763401994481683
0.9493898489454295
0.9429489986796398
0.9556015401612967
0.46984903170960024
0.2305290299700573
0.6151419673406053
0.5575097099645063
0.1537242162739858
0.5143467887828592
0.7259157347143628
0.3473290375259239
0.665850043296814
0.32901018852135167
0.1625514923944138
0.564643427671399
0.024005554587347433
0.4472978226549458
0.692272996500833
0.8285259334079456
0.9132701842754614
0.9405174858111423
0.962201861984795
0.9770725501293782
0.9865220846259035
0.4849297283508349
0.7402523321798071
0.37005749775562435
0.18502491738763638
0.09251055028289557
0.7962543214380275
0.7731266838673037
0.8240631035005208
0.8807795251777861
0.92476374929538
0.4545691064267885
0.7233773346233647
0.8441102964279708
0.921074648067588
0.9600470739533193
0.4797784119436983
0.7397666508913971
0.3698221671220381
0.6848805053159595
0.3424249640083872
0.1711435641045682
0.5855678406660445
0.04253879250609316
0.3961468472261913
0.13551211927551776
0.5364755266637076
0.6275974969612435
0.30597861483693123
0.02404872511397116
0.44756932646851055
0.6914350748702418
0.830031009594677
0.9110784908698406
0.9379457403265405
0.9679886110825464
0.48350220767315477
0.24150493569322862
0.12062938377493992
0.8102495735511184
0.2800933005637489
0.07753877498907968
0.7574544146773405
0.36306972094462253
0.6735921531799249
0.33285715532838367
0.664467759692343
0.8312553791329265
0.4073183177388273
0.19950828765286133
0.5674052707036026
0.01801647260435857
0.4376885961391963
0.21834074286743999
0.6089185939345043
0.5543334082176443
0.6521342773048673
0.7634288549306802
0.3504601280146744
0.6596048216160852
0.8219897756353021
0.3758386340341531
0.18596619105665013
0.59200653253356
0.04551498478394933
0.39751335163600743
0.13613460547639988
0.03675626733456738
0.37772261595819145
0.1809114788484294
0.08654185989871621
0.7910698495979887
0.7704109466576483
0.8206903592508752
0.8780876225791872
0.4307275327737443
0.21120562712894753
0.6045608647400513
0.052005744306370616
0.900995227828389
0.8877496511267964
0.9125008441624232
0.439586868888
0.7114616578328423
0.35364013593061827
0.6763240360014606
0.8360824714181945
0.4174918894423172
0.20871541221276857
0.10434243985218927
0.8021635867771693
0.27607797682867385
0.5755370801198296
0.006502327130874619
0.48761805522372015
0.7359638641355559
0.3640679334057495
0.17995680440799333
0.08893982105655596
0.7941947605577298
0.2720818756206427
0.5732891044463031
0.005268158711260185
0.4869477973843459
0.7356270063319243
0.36378324546967633
0.6799070114502683
0.3394494813401252
0.16947272847755812
0.08461034300853498
0.29224318254273385
0.02110585561604239
0.44780091935535893
0.19252445542952046
0.5800859443261288
0.032199447945458815
0.38913871624390595
0.6623389138549101
0.81505426458898
0.8994695361179765
0.8832059699634556
0.9093132410780527
0.44632520226878114
0.6878689604345709
0.3429502575309016
0.1709830251056701
0.5852454310224857
0.5424996894143987
0.6461882729781792
0.2605597743531689
0.09902796489768662
0.2838269861531444
0.009069994906894863
0.9692411780415569
0.9826596995699219
0.49083774592145346
0.7451728228770662
0.8724633873207495
0.4361701797461137
0.21805433291592635
0.10888971394160762
0.8044366908725351
0.2772145157796331
0.0761062967358157
0.7568026677763555
0.8627760935924016
0.42357447298127227
0.7078809264057782
0.8519873081531841
0.9250170756131411
0.45420774904778227
0.22295348200714216
0.5947531072306447
0.04340926799341105
0.39569755367119797
0.6348452366655692
0.28592084732372314
0.0002564131573308259
0.49911921529565006
0.24929925266769715
0.12452326342463493
0.8122308756865095
0.7811000598303508
0.8280423409014475
0.8827673259365838
0.925756740703946
0.955049531214172
0.9736108228680678
0.46922536232159473
0.7336275346460752
0.3663249938690569
0.6829181101929862
0.841336861718446
0.4206073341774754
0.2102731341146864
0.6051213005557656
0.052491981943603605
0.9012421753141098
0.3881191761174705
0.6628086341370363
0.8157788251992315
0.4000766666722484
0.13363196037244052
0.5336127936898265
0.6330170800792985
0.2847701912687626
0.5093279760621954
0.7193854291690513
0.35767748148646206
0.17783160103135742
0.08865637128474191
0.7941984710050747
0.27206489571835846
0.07328639613115229
0.2552701722015627
0.11194857314694673
0.7981310263567138
0.7700218147365376
0.32054913218598813
0.12853580425144173
0.05621114041423425
0.899077189329546
0.3850244042405393
0.6602551068936009
0.8142431464511901
0.40308558993274346
0.13705533556640148
0.5362991979054641
0.6270353640138637
0.8054605645302217
0.7756548485194799
0.8242897073796485
0.8806191821931861
0.42466882566805
0.7045179640117567
0.848350817192113
0.9065962069726083
0.9523214795044623
0.4444224277685862
0.7063420578779187
0.8452364546537865
0.9186509252758697
0.4573418195359409
0.22767902884515934
0.10937628880492412
0.3046843147894833
0.5273402425809763
0.20116913408855908
0.06933408832992427
0.2690419240097981
0.5642084019200411
0.5281979209103156
0.6996458204230294
0.3175963402027264
0.1426848254923243
0.0007857403252273798
0.9983176664391067
0.9981212055135984
0.9987859369721264
0.4993777059135027
0.24968122167047113
0.6248367877269629
0.5624164860346355
0.15620728911017068
0.015595538192428648
0.9765437159512658
0.9726457849610597
0.4785103328176774
0.23534793267026544
0.6157203495677095
0.5568833659344818
0.6529532785352785
0.7617788659408689
0.349517228489276
0.159072570677381
0.5716932672658004
0.0006751246110070497
0.49837680778000504
0.24820802666363306
0.12361382460221648
0.8115541885781568
0.7806545471248683
0.8277965175511781
0.8826328807626851
0.4256837513821665
0.7049644960206933
0.34854355818242766
0.6566850635572337
0.32733494133572094
0.631921319727553
0.8000876439909916
0.7671073140518274
0.8170777736522723
0.8909602178027853
0.3820035426178947
0.17488848816719837
0.07938760239630938
0.7856654808565509
0.7501935793261509
0.8745779903547373
0.9370295955159236
0.9684461330762133
0.48421925178263336
0.24210771851358004
0.12105290545150638
0.8105259758594912
0.7802627494966146
0.827629348175833
0.8825636607944034
0.4256565621763002
0.705015766172437
0.8486013872025069
0.9067224456521217
0.952384598844219
0.44445398743846454
0.7063577259541489
0.34524425890413113
0.6686548432335258
0.3323437789804302
0.16518006817204878
0.5781268382561393
0.03905960443080403
0.3789028948522173
0.1816379937226884
0.5869122699950822
0.04150277157896198
0.3947747040656395
0.13439901114907116
0.5317988466995303
0.638824213121552
0.2876127827039454
0.5031508700340055
0.2432593931152951
0.11747167559224181
0.3076333898061421
0.5287537521508057
0.7018606625497341
0.31967222498496994
0.14420896669616923
0.5017918641096912
0.24698962245020084
0.12154165640822612
0.30979425078839995
0.5294088366790675
0.20196021438459866
0.06960800520027988
0.2691178398381453
0.5639717314334121
0.5280638723925222
0.6995709395268932
0.3175549714360386
0.1426622365543153
0.0007739707652945071
0.49831153475679457
0.2481181091570761
0.1237843812268693
0.3118769242428243
0.03093082897248678
0.4529615681094583
0.6952288608590607
0.8319883533404209
0.40817398743820377
0.7001768953632563
0.31688341341214254
0.14183918957132846
0.5040207715064753
0.7361410065786913
0.36404206324368715
0.18000681183184497
0.08899629508960061
0.2939945921243634
0.5218675923824776
0.6973923818441108
0.31694074301049113
0.14076921503874473
0.0073348105361219496
0.4880116473941598
0.7361779447528534
0.36417502918629907
0.6801300680090208
0.8390882255043834
0.4190405093249865
0.20926845294889063
0.6035317705536727
0.5517029422917403
0.14888213344966061
0.010956397862173617
0.9737377718847711
0.9709996259771287
0.47658862051321194
0.23823324526892975
0.6112735901260749
0.05171527876518667
0.8988968216290232
0.8859680019377265
0.9112436847644858
0.4397517178149428
0.7109606652811635
0.8554182207444683
0.42767853126861155
0.21382399098365568
0.10690435839933343
0.3034483625087887
0.026722272945335135
0.4508601825509686
0.6941757996100932
0.33146266132825986
0.1579187111929059
0.5750530459627043
0.5043233672331553
0.7355601057352033
0.8633855176449288
0.931448616203852
0.46169598726555705
0.2288338259968441
0.11340982918045484
0.30620134287164547
0.5240647058817558
0.1975143738964107
0.06651345806312747
0.2673866308759898
0.06716451639658771
0.26594284377642907
0.5694642146700062
0.018603535398142412
0.4388590835733339
0.21545820162282325
0.10575963574228808
0.8017773102619685
0.275826651166426
0.5744019463891163
0.0054624497424811125
0.986861963145202
0.9854963507095817
0.988292574940715
0.49411576965940185
0.7431363759096712
0.3696074335020967
0.18382333952467889
0.5914214811346028
0.5454656462534331
0.14761027597705834
0.010753675800515339
0.4740962010982912
0.7214077821408864
0.8528837318590377
0.9225317863165401
0.45931085335905664
0.7286779067653697
0.8638501934183296
0.9297256769204978
0.9647406484582461
0.4823016296431888
0.7411469850922003
0.3705715776886791
0.18528483141562901
0.09264193699345924
0.29632072168169543
0.023160241136793047
0.9490800607018173
0.4432897620717995
0.20601986610563472
0.5951974255731329
0.04369245900306851
0.8948931026097853
0.8839699877426028
0.40634046256309375
0.20292609062744305
0.5700909749721177
0.019359452329808846
0.4393367085722275
0.21574684546794742
0.6059126683103386
0.5519759569433518
0.15048253108398058
0.012496171228121966
0.972922413435299
0.4697983706428204
0.7307181578944437
0.3643671980535146
0.6819317991903517
0.8398634371696971
0.4198687090247404
0.7099028795200866
0.8549435700697359
0.9274678501824383
0.9637319576577283
0.4818578425620217
0.7409267604816705
0.3704633131274022
0.18523165257647634
0.5926158243964892
0.5463079117180314
0.6481539556116331
0.7615769776748493
0.3495384883135557
0.15914424412767403
0.0717596220492851
0.25072356101009063
0.6234086554904934
0.5607277652306948
0.6548756013507955
0.26469366005039774
0.600974759698147
0.5348013446782716
0.13455765476101078
0.031985248264390975
0.8890318697085604
0.4122855575988069
0.19002759017166682
0.08695620065554976
0.7894493031490128
0.7686868154851254
0.8135119896905962
0.9027118792873807
0.3878717179468367
0.6621956554590724
0.3152277259796392
0.6496788121003192
0.7583718805981334
0.8457080369407777
0.9150257227593102
0.45555207508732565
0.7189850526629016
0.3590032876236364
0.17925702445791103
0.08950429520336911
0.7946909890160896
0.2723149170924444
0.5736421698238701
0.005563440558034927
0.9871223805239424
0.48574677912984043
0.23890514884260483
0.1174684464931488
0.807620093197329
0.7788022979802918
0.8268972746736836
0.8821967001713347
0.9254722622863483
0.9549236236780416
0.9735555580991786
0.9691996521723922
0.9836232626403216
0.9913233495899476
0.49541753393714316
0.7475866965251043
0.3737323125824332
0.18683563868398778
0.09340256053837948
0.2966326157038566
0.5233124931401107
0.6991543392068706
0.3183262159291189
0.6435376311128493
0.7514560771232937
0.8718216693378054
0.4339576500642579
0.7160019942966755
0.8575127009826247
0.9285117255640216
0.4641335503256414
0.7320056189200841
0.3657280907209497
0.6828487562888768
0.8409284523513634
0.9202162027359009
0.45900756114860997
0.2294416725053452
0.614690259040799
0.05732984092901461
0.40365727615426295
0.6393248159147333
0.7884104968688916
0.75357926308061
0.8689728241588455
0.9305800386646297
0.963321575691225
0.9806765622925013
0.48984618327813223
0.2446770129026845
0.6222078376740683
0.5605541180120781
0.1552615575492382
0.5151230301416945
0.7263076407543849
0.8475268832116853
0.9159499730158132
0.9540682522056159
0.9750807291420642
0.9709378465195186
0.47716790265985765
0.7363865660154261
0.3602586528577376
0.6781148979207501
0.3380503539228812
0.16852162944269367
0.08205591584555805
0.7909631061775144
0.7665428772161249
0.8188097300590016
0.39280282545951195
0.6256003919988871
0.3106028111069463
0.030179273744579405
0.9525285709532909
0.44498351411311887
0.7068513713602442
0.8456055244896561
0.4188316539512016
0.20743024698458612
0.602729970443761
0.5469394558167551
0.6482177175930701
0.2615438888024073
0.5994894593895879
0.534111112850951
0.634242816013284
0.2819650382734835
0.014029334502993152
0.474788074468961
0.7212807408359367
0.852583721280098
0.4222635402693413
0.21009415754815564
0.6045282724662684
0.0521268034062814
0.4010557704314124
0.6380240621219855
0.7877601232321467
0.7532541076943744
0.8688140768790618
0.4304967352654785
0.21329321604571305
0.10565425027743913
0.302331184677314
0.025917145248968154
0.9503362564137205
0.4433610594132915
0.20605165351298638
0.09521140344440937
0.7936984309635591
0.7698956117674243
0.8214711232285481
0.8750909702794161
0.9373013144650031
0.9685285718878731
0.4842032432788983
0.24207104070228525
0.12102022976614535
0.8105024770775344
0.7802473937917966
0.8276065231766552
0.3825523041305132
0.17565067333634943
0.5800125898385886
0.5360999252297916
0.12547180757974274
0.06175932625774294
0.905391374399187
0.889951542718336
0.4136036991258152
0.19111579854507
0.5877148737490643
0.5399359260918573
0.14294617297127843
0.5001802073966246
0.7495999146194663
0.8745548627630342
0.9371548841008916
0.46851616841740906
0.23422744739218615
0.11709840505500324
0.30854130478110164
0.029236305184895173
0.45211719145299867
0.194808115134947
0.5817788172571454
0.5330767884734087
0.13763208416639827
0.03561288703349419
0.3762048650532961
0.18370783419231884
0.09160977459396236
0.29568269682931714
0.5227802531735506
0.6988595789589453
0.8181645156582817
0.39332755061332136
0.12628642169875093
0.05921977781690657
0.9025947741174605
0.887805088685127
0.9124005357734859
0.4394727011094801
0.21186084841610864
0.6039462749613449
0.05098869220819324
0.9000021830725018
0.8833487898227759
0.40834061466739513
0.6958080131444149
0.31468538389890455
0.6490341618482489
0.7598159390036017
0.3485339610488154
0.15662685898132622
0.5773058688209858
0.5068991538428236
0.7375717189861462
0.3609123168280348
0.17627524645649828
0.08616923756198958
0.7925887071760371
0.271046397741884
0.07289922118070535
0.25513762174523436
0.6119128164427821
0.5478842703741975
0.14490511259646155
0.008945416600909084
0.9688205178244971
0.4841317711106967
0.742063970741583
0.8710310279566329
0.9355150352639612
0.967757278267527
0.9838785157189704
0.4919391980220098
0.7459695690777153
0.37298465037019923
0.1864923177054152
0.5932461550983135
0.5466230756719597
0.14831153690465726
0.011655767972115427
0.9745778837241232
0.47166394180385396
0.22801947040716186
0.6101034849416465
0.05309861554997042
0.9005727443145588
0.38729809038341045
0.1602017795376014
0.06435381944174878
0.2782096245500725
0.5746211696823593
0.5050687635375652
0.7364134711096995
0.3601462802325841
0.6779960374406073
0.8379518379806541
0.41873130152816884
0.7073512521747034
0.8526684267853852
0.9219243637344334
0.9608324523433112
0.48035136141697876
0.7401585071056616
0.8700782663363498
0.9350386544538196
0.9675190878624562
0.9837594242417254
0.49187965228338726
0.7459393193712458
0.37296940630767494
0.18648463606950827
0.0932423141784966
0.7966210955928545
0.7733105175138917
0.8241552436084021
0.8808276142226532
0.42478877305984497
0.20458188650081865
0.09838463363121264
0.281614161998732
0.5148305035836529
0.7256769630766939
0.8469693073711824
0.9155500814958941
0.9538077546458226
0.9749202342645731
0.9708432955958415
0.9770522018661723
0.48656916117761284
0.23498189196106978
0.11529272655025125
0.8075238160963636
0.7787006339931395
0.8268196799617726
0.8821445214562118
0.4254393630544655
0.2048423167434521
0.5984824759652838
0.03165452613029629
0.889850221836241
0.9131789607927203
0.4407164058065973
0.21242166560841724
0.602242564142216
0.04913357147597708
0.39077664288925007
0.13233897148165852
0.5505139662709553
0.6424292232841253
0.25480073218932375
0.10981842636829242
0.8039307433064096
0.2764608779398259
0.5754781920986716
0.506364879955072
0.23748865621746518
0.11044157989090309
0.8010694158147089
0.27443558335653506
0.5707502606383059
0.503117986896541
0.24324292174424045
0.11746343245613389
0.3076292682380881
0.5287822089449037
0.7018748918781057
0.31968315434642136
0.14421633872552775
0.0017955499060917646
0.49699146521743387
0.24654257684596814
0.12229471054160967
0.8106589508242905
0.28008527326164767
0.07742053602123633
0.7573992251418531
0.3627998909796588
0.17357215500669554
0.5828719512792304
0.039478916209191084
0.8937609211716335
0.8760787219216581
0.9338887300400529
0.9658456120523624
0.48286171079962514
0.7404232684348244
0.8697078407276422
0.4346020832308568
0.217175152618438
0.6075785273860674
0.5532847396971192
0.6513941609591711
0.7631349648581818
0.35028693079948425
0.1595022529072594
0.07193052020738833
0.25080686432193033
0.6234196703589987
0.5607179542712402
0.6548630366742145
0.7646835480991285
0.8509525301342364
0.9098502480483148
0.9471121155074798
0.43839968016254716
0.717246684798738
0.8576467722014058
0.928335071192123
0.4639233930502087
0.23183962525217794
0.11585877722245641
0.30789887090213597
0.028812106320401654
0.451898423518287
0.6946953969309106
0.33172079105861485
0.1580469418258872
0.07511674382840283
0.2543550083646551
0.11057582244393416
0.30089284339919686
0.025202251243172213
0.4460718362533953
0.6897712734353263
0.8360658143647015
0.4175292460131459
0.2086343863629736
0.6042523132637143
0.052109929209109396
0.9010506646591239
0.38802509344532155
0.6627586051181424
0.8157523317495361
0.4000550659839064
0.1336207455897238
0.03357671506819315
0.38298402866348624
0.15974609993281774
0.07181259276694618
0.2506108089874033
0.623351325339172
0.06057655278709717
0.40522700175642967
0.14008286406169645
0.03877611362258904
0.37875539759988897
0.6815613691869657
0.8368724601750728
0.9164821476733778
0.957260217925068
0.4781415883626323
0.7349202838668134
0.8653848867688794
0.9321430970449001
0.4660410159849562
0.23251696024090052
0.6160067063465249
0.5578774523164611
0.6538757794478443
0.7641775065858383
0.8507695968728513
0.40926936391042545
0.19657791836652905
0.5630106071766932
0.5294911274686456
0.20172676112269983
0.569353980186861
0.018983325076987967
0.4391753475938458
0.7156795163173229
0.35588567942613736
0.176965800113976
0.5879943803593051
0.5437510220508557
0.6447993019537535
0.758857970155077
0.8439971081679687
0.42101411533076316
0.2102589826390613
0.10500545392278582
0.8024411851365585
0.7761879141908139
0.3255786311929114
0.13147446198854595
0.5500950629648287
0.6421120064333081
0.2545882411650382
0.10968523862538859
0.8038506783195771
0.2763683335215319
0.5756798452930525
0.006589668802917004
0.9876697673171293
0.9860223799187224
0.9891048784775194
0.9925992834905628
0.9953229446546175
0.4971731833938975
0.7483424490783364
0.37307259073713794
0.1864752599503845
0.5932071123679634
0.5465882973803673
0.6482865192811005
0.2616394449432846
0.5995678151084576
0.5341579538653605
0.1342621853982564
0.031974604265997186
0.3890340579091571
0.16229040682082996
0.5650318923289888
0.024459290638333187
0.4457013175415341
0.6905630573746748
0.33695021309540607
0.664431526500266
0.3312315410876181
0.6573111594479997
0.8245032741688192
0.37990204681409523
0.17426450952189043
0.5783086206065491
0.03866399824619293
0.8784623220271897
0.9312965757853817
0.9616805184341501
0.9788563744805288
0.9884362448647153
0.9937221512373071
0.9926758455985691
0.9943845442321617
0.9967039227485657
0.4961546956910752
0.24795521789928898
0.6239165439619683
0.06192773950169794
0.40594860349665396
0.6404666686139535
0.7889795177325141
0.7538628431211691
0.8691103380115237
0.9306484419212211
0.9633708574110642
0.4807087469380349
0.23986603258526884
0.11968884585076012
0.30972233769716695
0.029311844962649047
0.952125371346483
0.9447974250069819
0.45676602257299237
0.720566666306695
0.8563751606561709
0.9262334940722212
0.46213970391545445
0.22667317304876633
0.1130923181772232
0.7986077144450974
0.7703346498019528
0.8206827211834025
0.8780990587256383
0.9307446782186162
0.9612199209805112
0.9795108205580618
0.9896866113704164
0.9948394834063947
0.49741771136177704
0.24870784051017836
0.6243536510737613
0.062175856437534094
0.9060876860457938
0.8905437219364103
0.9140218004176859
0.9413858699263074
0.46288041982916184
0.727533832192421
0.36181373143335804
0.1721173114492558
0.5855701285763644
0.042540800728602335
0.3961482983722817
0.6355128597642761
0.78647578888922
0.7525976056058425
0.868478539166972
0.43029867979930714
0.21319430379662663
0.6054975635197479
0.552687268704176
0.1513128782971762
0.5131410611211322
0.2253128415613901
0.09702757626655512
0.2906992466596421
0.5164424121903721
0.6937640242394991
0.33027937487349845
0.6568312162416987
0.32621449753060006
0.6317332559556235
0.8001796315656975
0.26724250242114067
0.06721473296056502
0.2659987089864444
0.5695075257390272
0.5186328484851401
0.6887559670431074
0.8403324961254839
0.9182121614576317
0.4586173186835367
0.7290642792358994
0.3644099463126622
0.18165559618500993
0.5907972502172925
0.04343022618559189
0.3957308530807495
0.1348733305640053
0.03594061729381792
0.37526915964554064
0.6865965053148102
0.8430214486725163
0.9214953463233542
0.9604996582202148
0.9801258216321003
0.9900009070697706
0.9949694516544696
0.997469224879751
0.9987259082845412
0.49933236857759766
0.7496585544140544
0.874764427106129
0.9373497884953395
0.4686663111206144
0.23433267869404517
0.11715847151936032
0.30857530183857307
0.029285683936905116
0.9521418584627099
0.44481686121434905
0.706782350258436
0.34557864160160534
0.6688830689236056
0.8324884085159283
0.915267641277751
0.9532392891414929
0.9763755038147792
0.4724406806053594
0.22834680465166457
0.11023663461674005
0.8031499330245424
0.7755907744867727
0.3248032893752679
0.12893721196451224
0.04872058151522651
0.8954230460803956
0.3832429007743485
0.15938713925424963
0.5713889140461106
0.5002921291161329
0.24903883371734992
0.6244578375481069
0.062213656201492995
0.9060991968144663
0.39054578277864493
0.6640209835604765
0.3163845378730912
0.6503754772711545
0.2587812501587905
0.09618738060817122
0.789304568170337
0.7691639730182942
0.814025330968434
0.9029843377065845
0.38697800497175194
0.6612319056293927
0.3147315524693113
0.6484469837450888
0.76168914444861
0.8495926572941244
0.4091703711892478
0.19677220686571673
0.5632296140538529
0.02966155856847763
0.9513532034761738
0.9439378138340544
0.9560996321670245
0.9701147614687216
0.981089972628979
0.9885612822545227
0.993166718777502
0.9926693454035558
0.4953542915463913
0.7471867167623714
0.3733490980230272
0.18557394921663217
0.09272495596087538
0.2963314686494414
0.5231502296519466
0.19906742210150696
0.0682798646739684
0.7685130165773444
0.31394293493940495
0.6530613429204095
0.7620765628525987
0.3488112271297723
0.15829208641662262
0.0710892794013489
0.2522194125922397
0.11725911640678532
0.308354657725431
0.029161948972614482
0.4520732844248414
0.19478231712128036
0.08176591919618659
0.2830665848159697
0.5126251050096471
0.7231084587983787
0.3449521825532429
0.1680794105050154
0.583795428625308
0.04177182831335813
0.8958229711570311
0.8853800141951069
0.4114242714131251
0.189961012249114
0.0871049442794174
0.7891268868406769
0.7693116435839329
0.8142784570227377
0.40320054613403045
0.6371385612583254
0.7863422394148074
0.25205758420634083
0.6179720243380871
0.5569107849441934
0.6524176680250093
0.26343414408620447
0.10045180484303273
0.2845932725467719
0.00948031386360526
0.9695819958287757
0.9828369024617132
0.9904337815532926
0.9947245559305884
0.4971018054347951
0.7484249579720199
0.3732044153730385
0.18609817588003352
0.592797072022222
0.04633547051344067
0.8981362323102076
0.8865526029840112
0.41202236380195245
0.19036898500053212
0.5873710234300233
0.03977877719444223
0.39293599338270724
0.12517892578034662
0.06210094297421165
0.40580621152184904
0.1402809758146759
0.03882942293421365
0.3787589405546896
0.18155158479930833
0.5868618794484064
0.04144336131867021
0.8947431800479535
0.8843828165554442
0.40679077155073173
0.7013200673973188
0.3188606566982344
0.14377479537506588
0.0010712308576330543
0.9963775320502464
0.9970860633184202
0.49848002861835994
0.7482477008015849
0.37362769365427084
0.6865657684393227
0.34315982850966975
0.17151838686550036
0.5857284334488213
0.042724918748717755
0.896361475402955
0.38568024573032744
0.6615899960743263
0.31516993418335915
0.14977245216141455
0.00847985313157551
0.4710367400839459
0.7267292767937761
0.8628763492160942
0.9233815300103743
0.9576624436303973
0.476817061600741
0.23740145069314167
0.6106288259034045
0.051278463244671
0.39865177433239296
0.13633569853845984
0.5366727549408097
0.6275888301897794
0.30592064146185294
0.024023433681577444
0.9472981791186612
0.9422688831982668
0.953523757547373
0.9757772025768645
0.4717427721770946
0.727806577750016
0.3599340656364802
0.6777387573965825
0.3388519701838959
0.669425863889046
0.3347128718160093
0.16735640235128812
0.083678199298447
0.2918390689010266
0.5209195190691389
0.19795975185115822
0.06772987206932157
0.7682399350742344
0.813807467056904
0.40299748329562135
0.6370456146541983
0.2862962438375689
0.0020348404068499804
0.9929607795493212
0.994405194214778
0.9961649993201718
0.4978078413987532
0.24888866188121028
0.12443670141510665
0.8122145359811839
0.7811053606274072
0.8280517266248353
0.3827677570807282
0.6757548254099675
0.33004858103231527
0.6611141661996953
0.31297797462320887
0.6555119330587331
0.764767439395655
0.3508875487896148
0.6596957187284715
0.3219740699569229
0.625799190311227
0.31093118133139797
0.5294203485827893
0.20171807083534077
0.5694850540021434
0.018567254999652505
0.9389401321241166
0.9655483186070342
0.9808132837060839
0.4894262040616013
0.24422264122404158
0.6218671790265944
0.5588583939534146
0.6533915991894901
0.2639211413334124
0.09971874934853986
0.7839826046256348
0.25905291724484414
0.09430726608843543
0.2949248961522244
0.022454341815318912
0.9487231177627109
0.4431104859977495
0.7059301833796781
0.8451525618729647
0.9186700160207693
0.9573818755452521
0.47771437154733576
0.7344626228441484
0.36698715496459045
0.6833715029642917
0.3416247160930652
0.6707818366121501
0.3353756575961597
0.1676801984431222
0.5838362840295304
0.5419009738834575
0.1459495327435434
0.5104437719273847
0.7239563887414988
0.8463454457523767
0.915356348559726
0.4537394695507828
0.7249003823962994
0.3457221997960005
0.664987561001908
0.33050632136291824
0.6564621898869518
0.8277418595389463
0.3823763120744843
0.6754408471751958
0.3298467691638507
0.1609865571372211
0.5628998649481218
0.530465606454527
0.7022101822367404
0.8196090394048952
0.394117529009236
0.6264711285184603
0.8093138165713754
0.7776960344344843
0.8253675802843645
0.3809435712173581
0.17460155716980807
0.07936619987594895
0.2857158143015113
0.5000051237002481
0.7499873029300943
0.37498602201230824
0.18748919627978466
0.09374269054387696
0.29687039146665484
0.023434718867065385
0.44921712088398635
0.1933574875292834
0.081053684145445
0.2827143122558482
0.012450891197659075
0.9730223131191451
0.969909590203315
0.4805602619308047
0.24003598984563723
0.6198959206230938
0.05988692323444411
0.9049129435443319
0.3899412127502728
0.6635909065371379
0.3161056024255231
0.15022313458030112
0.008704363484866917
0.9711333206214476
0.9767697298666462
0.4878926497185603
0.23588771725189872
0.11390740214847028
0.8049373802205082
0.7764768017514143
0.8254866271163337
0.3813674266857561
0.6749957698921207
0.8291656319634058
0.4104243188921828
0.6885455066803843
0.34009077126393095
0.16906113387085497
0.5842825808504131
0.54104073511553
0.645458374870941
0.2582450511981733
0.09688046493101865
0.7901317617215682
0.7659111687680706
0.31935669819358736
0.14399224685621448
0.0016531019937247038
0.9969049807114061
0.9964917052129749
0.9972653408185579
0.4981119565491099
0.7487961000297219
0.37433296075323597
0.18714919476769865
0.5935130257566925
0.5467412242724095
0.6483629678259604
0.26167766176513396
0.599586919794092
0.5341675043455325
0.13426313010859303
0.03197125400765799
0.38903142701019533
0.6622852691216394
0.3150283977156505
0.14945708043524064
0.008199981006328017
0.9718113197013736
0.47757430135970935
0.23474163439823315
0.6163932860945351
0.05770787750952877
0.40360955597134307
0.139182586572133
0.5382801975647453
0.6279962659464218
0.30592623332631774
0.5239881423767656
0.19729296100558713
0.5673335230676457
0.0160571577725932
0.944536217401037
0.9561471663764678
0.4700150268326979
0.7309782389493193
0.8634744747832883
0.9312181962886825
0.4614433276001364
0.22869886000989936
0.11386064186808653
0.3047329210676253
0.027244382741628215
0.45106103279977106
0.6942499389697332
0.8314846807625145
0.40792219602735713
0.2000510258367285
0.5668204768153373
0.5168000760604627
0.1915050290117506
0.0798678463906981
0.7858979583252221
0.2503365143784322
0.12418978335335851
0.8116056548606139
0.7805582094879355
0.8276567957655061
0.8825172433862463
0.4256020907778293
0.20497277993126772
0.09851515575428493
0.2816622791578993
0.014853500440949574
0.47568840748863295
0.22197503235656768
0.6030529304698575
0.5475591762224212
0.1467959287110716
0.5099061421060469
0.7231461250048596
0.843991122674197
0.421505372680258
0.21050759201170877
0.6051312488270923
0.05250435078050941
0.9012215385737363
0.888095450878609
0.41278982782387175
0.6907355667208321
0.33755336856120266
0.6648084417101927
0.330420099577168
0.6564054891350679
0.32770671424805187
0.632324824371608
0.800535473972559
0.2674541491433047
0.06732082081725821
0.7660822835168801
0.3195645783271175
0.6436690074333455
0.7512778628442902
0.8716106109786779
0.4337911452748813
0.21637677354738116
0.6079289873305243
0.553895829099929
0.6514558185881469
0.7629818613058887
0.35011790666612796
0.6593724413251039
0.8213546834012959
0.8752596657141112
0.4365912219218444
0.7180359433114063
0.8589492921892088
0.9292264448886272
0.964550156990299
0.9822440225980245
0.49110672177630477
0.7454846884065773
0.8727385255333502
0.9363673543557525
0.46818272344535217
0.23409088485641405
0.6170452039805241
0.058522482780972496
0.40426118177128956
0.13963032263563946
0.5385651463875547
0.1286566120106727
0.556515325413784
0.6493492648296524
0.7602213880745694
0.34788407187443227
0.15782872485578991
0.07476395688718185
0.7540567756514065
0.36085406769416295
0.6764902643917594
0.8362767400103621
0.4171541776449885
0.7080849926278461
0.853796448209323
0.4257833787705749
0.21288358312449418
0.10253339578048326
0.29931345366640016
0.015865697350818664
0.9449435839196667
0.4566021595383063
0.22036626355838962
0.1062157831620425
0.8011242173088249
0.7745702789688949
0.8203828591504134
0.37866289683734067
0.6815170111367479
0.3368512869346887
0.1664720341505017
0.0822592121839989
0.2906411887379363
0.01617020324920304
0.4435099061811343
0.2055806366552133
0.09494730061851442
0.7930638602410909
0.7712801600864623
0.8230141950189136
0.380194155004574
0.6744558650243562
0.8293462911096867
0.9107647497730795
0.9375599900376983
0.4686578651017044
0.7342678675777279
0.36710340130957775
0.6835364344005939
0.8417605244612787
0.9208764158538543
0.46043629219639115
0.7302095327468123
0.8651042818382848
0.9325518986443058
0.4662758281920105
0.23313784608035348
0.11656892279279418
0.30828446126542985
0.029142230603611097
0.45207111528725363
0.6947855576290749
0.33176777881453745
0.6580713893927168
0.8251294446818065
0.8793615973263513
0.9230792361486237
0.95714508680976
0.9783284027653281
0.9851358810556121
0.49055378037155606
0.7442698100931011
0.37163136500748806
0.6837328577821609
0.8413132977730129
0.9206394827342592
0.4603187876928132
0.7301589169946965
0.8650792200642172
0.9325394908082671
0.4662696857994888
0.7331343362457119
0.36656691480311565
0.6832833903317805
0.841641453007469
0.9208206650218926
0.46040934810298495
0.7302041818329599
0.8651018447999377
0.9325508011970669
0.4662744161323644
0.23313671606592834
0.6165681121347006
0.5582839927228633
0.654141487844754
