3.814697265625e-06
0.9999942779249977
1.049041748046875e-05
0.9999918937392067
2.8371810913085938e-05
0.9999917745299172
2.8312206268310547e-05
0.9999923407740425
2.6807188987731934e-05
0.9999904259748291
2.584978938102722e-05
0.9999995212710928
1.6754493117332458e-06
0.999999401596142
1.6156118363142014e-06
0.9999999700521585
1.0471558198332787e-07
0.999999962572474
0.5000001009611879
0.749999998108251
0.875000006519258
0.6874999976425897
0.8437500062864274
0.9843749998544808
0.054687500407453626
0.980468749825377
0.5527343753783498
0.7490234374708962
0.87841796875
0.6862792968458962
0.8470458984375
0.9843139648146462
0.054901123046875
0.9803924560255837
0.05294036865234375
0.9990196227736305
0.0034313201904296875
0.9987745284743141
0.0033087730407714844
0.9999387263960671
0.00021445751190185547
0.9999234080023598
0.00020679831504821777
0.9999961703724694
1.3403594493865967e-05
0.9999952129728626
1.292489469051361e-05
0.9999997606209945
8.377246558666229e-07
0.9999997007835191
8.078059181571007e-07
0.9999999850115273
5.235779099166393e-08
0.499999981286237
0.750000050466042
0.8749999990395736
0.437500003259629
0.843749998806743
0.4218750031432137
0.9921874999126885
0.027343750203726813
0.4902343749126885
0.776367187674623
0.8745117187208962
0.439208984375
0.8431396484083962
0.42352294921875
0.9921569823927712
0.0274505615234375
0.9901962279982399
0.026470184326171875
0.9995098113722634
0.0017156600952148438
0.9993872642226052
0.0016543865203857422
0.9999693631834816
0.00010722875595092773
0.999961703986628
0.00010339915752410889
0.9999980851716828
6.701797246932983e-06
0.9999976064718794
6.462447345256805e-06
0.9999998802959453
4.1886232793331146e-07
0.9999998503772076
4.0390295907855034e-07
0.9999999924912117
0.5000000261643436
0.7499999906285666
0.375000025233021
0.9374999995052349
0.2187500016298145
0.9218749993888196
0.21093750157160684
0.9960937499417923
0.5136718750873115
0.7451171874417923
0.3881835938373115
0.9372558593458962
0.2196044921875
0.9215698241896462
0.211761474609375
0.9960784911818337
0.01372528076171875
0.995098113984568
0.013235092163085938
0.9997549056715798
0.0008578300476074219
0.9996936320967507
0.0008271932601928711
0.9999846815771889
5.361437797546387e-05
0.9999808519787621
5.169957876205444e-05
0.9999990425712895
3.3508986234664917e-06
0.9999988032213878
3.2312236726284027e-06
0.9999999401334208
2.0943116396665573e-07
0.9999999251740519
2.0195147953927517e-07
0.49999999624560587
0.7500000130676199
0.3749999953142833
0.6875000126019586
0.9687499997380655
0.10937500081490725
0.9609374996798579
0.10546875078580342
0.49804687497089617
0.7568359375291038
0.37255859372089617
0.6940917969041038
0.9686279296583962
0.10980224609375
0.9607849120802712
0.1058807373046875
0.9980392455763649
0.006862640380859375
0.9975490569777321
0.006617546081542969
0.999877452821238
0.00042891502380371094
0.9998468160338234
0.00041359663009643555
0.9999923407740425
2.6807188987731934e-05
0.9999904259748291
2.584978938102722e-05
0.9999995212710928
1.6754493117332458e-06
0.999999401596142
1.6156118363142014e-06
0.9999999700521585
1.0471558198332787e-07
0.999999962572474
0.5000001009611879
0.749999998108251
0.875000006519258
0.6874999976425897
0.8437500062864274
0.9843749998544808
0.054687500407453626
0.980468749825377
0.5527343753783498
0.7490234374708962
0.87841796875
0.6862792968458962
0.8470458984375
0.9843139648146462
0.054901123046875
0.9803924560255837
0.05294036865234375
0.9990196227736305
0.0034313201904296875
0.9987745284743141
0.0033087730407714844
0.9999387263960671
0.00021445751190185547
0.9999234080023598
0.00020679831504821777
0.9999961703724694
1.3403594493865967e-05
0.9999952129728626
1.292489469051361e-05
0.9999997606209945
8.377246558666229e-07
0.9999997007835191
8.078059181571007e-07
0.9999999850115273
5.235779099166393e-08
0.499999981286237
0.750000050466042
0.8749999990395736
0.437500003259629
0.843749998806743
0.4218750031432137
0.9921874999126885
0.027343750203726813
0.4902343749126885
0.776367187674623
0.8745117187208962
0.439208984375
0.8431396484083962
0.42352294921875
0.9921569823927712
0.0274505615234375
0.9901962279982399
0.026470184326171875
0.9995098113722634
0.0017156600952148438
0.9993872642226052
0.0016543865203857422
0.9999693631834816
0.00010722875595092773
0.999961703986628
0.00010339915752410889
0.9999980851716828
6.701797246932983e-06
0.9999976064718794
6.462447345256805e-06
0.9999998802959453
4.1886232793331146e-07
0.9999998503772076
4.0390295907855034e-07
0.9999999924912117
0.5000000261643436
0.7499999906285666
0.375000025233021
0.9374999995052349
0.2187500016298145
0.9218749993888196
0.21093750157160684
0.9960937499417923
0.5136718750873115
0.7451171874417923
0.3881835938373115
0.9372558593458962
0.2196044921875
0.9215698241896462
0.211761474609375
0.9960784911818337
0.01372528076171875
0.995098113984568
0.013235092163085938
0.9997549056715798
0.0008578300476074219
0.9996936320967507
0.0008271932601928711
0.9999846815771889
5.361437797546387e-05
0.9999808519787621
5.169957876205444e-05
0.9999990425712895
3.3508986234664917e-06
0.9999988032213878
3.2312236726284027e-06
0.9999999401334208
2.0943116396665573e-07
0.9999999251740519
2.0195147953927517e-07
0.49999999624560587
0.7500000130676199
0.3749999953142833
0.6875000126019586
0.9687499997380655
0.10937500081490725
0.9609374996798579
0.10546875078580342
0.49804687497089617
0.7568359375291038
0.37255859372089617
0.6940917969041038
0.9686279296583962
0.10980224609375
0.9607849120802712
0.1058807373046875
0.9980392455763649
0.006862640380859375
0.9975490569777321
0.006617546081542969
0.999877452821238
0.00042891502380371094
0.9998468160338234
0.00041359663009643555
0.9999923407740425
2.6807188987731934e-05
0.9999904259748291
2.584978938102722e-05
0.9999995212710928
1.6754493117332458e-06
0.999999401596142
1.6156118363142014e-06
0.9999999700521585
1.0471558198332787e-07
0.999999962572474
0.5000001009611879
0.749999998108251
0.875000006519258
0.6874999976425897
0.8437500062864274
0.9843749998544808
0.054687500407453626
0.980468749825377
0.5527343753783498
0.7490234374708962
0.87841796875
0.6862792968458962
0.8470458984375
0.9843139648146462
0.054901123046875
0.9803924560255837
0.05294036865234375
0.9990196227736305
0.0034313201904296875
0.9987745284743141
0.0033087730407714844
0.9999387263960671
0.00021445751190185547
0.9999234080023598
0.00020679831504821777
0.9999961703724694
1.3403594493865967e-05
0.9999952129728626
1.292489469051361e-05
0.9999997606209945
8.377246558666229e-07
0.9999997007835191
8.078059181571007e-07
0.9999999850115273
5.235779099166393e-08
0.499999981286237
0.750000050466042
0.8749999990395736
0.437500003259629
0.843749998806743
0.4218750031432137
0.9921874999126885
0.027343750203726813
0.4902343749126885
0.776367187674623
0.8745117187208962
0.439208984375
0.8431396484083962
0.42352294921875
0.9921569823927712
0.0274505615234375
0.9901962279982399
0.026470184326171875
0.9995098113722634
0.0017156600952148438
0.9993872642226052
0.0016543865203857422
0.9999693631834816
0.00010722875595092773
0.999961703986628
0.00010339915752410889
0.9999980851716828
6.701797246932983e-06
0.9999976064718794
6.462447345256805e-06
0.9999998802959453
4.1886232793331146e-07
0.9999998503772076
4.0390295907855034e-07
0.9999999924912117
0.5000000261643436
0.7499999906285666
0.375000025233021
0.9374999995052349
0.2187500016298145
0.9218749993888196
0.21093750157160684
0.9960937499417923
0.5136718750873115
0.7451171874417923
0.3881835938373115
0.9372558593458962
0.2196044921875
0.9215698241896462
0.211761474609375
0.9960784911818337
0.01372528076171875
0.995098113984568
0.013235092163085938
0.9997549056715798
0.0008578300476074219
0.9996936320967507
0.0008271932601928711
0.9999846815771889
5.361437797546387e-05
0.9999808519787621
5.169957876205444e-05
0.9999990425712895
3.3508986234664917e-06
0.9999988032213878
3.2312236726284027e-06
0.9999999401334208
2.0943116396665573e-07
0.9999999251740519
2.0195147953927517e-07
0.49999999624560587
0.7500000130676199
0.3749999953142833
0.6875000126019586
0.9687499997380655
0.10937500081490725
0.9609374996798579
0.10546875078580342
0.49804687497089617
0.7568359375291038
0.37255859372089617
0.6940917969041038
0.9686279296583962
0.10980224609375
0.9607849120802712
0.1058807373046875
0.9980392455763649
0.006862640380859375
0.9975490569777321
0.006617546081542969
0.999877452821238
0.00042891502380371094
0.9998468160338234
0.00041359663009643555
0.9999923407740425
2.6807188987731934e-05
0.9999904259748291
2.584978938102722e-05
0.9999995212710928
1.6754493117332458e-06
0.999999401596142
1.6156118363142014e-06
0.9999999700521585
1.0471558198332787e-07
0.999999962572474
0.5000001009611879
0.749999998108251
0.875000006519258
0.6874999976425897
0.8437500062864274
0.9843749998544808
0.054687500407453626
0.980468749825377
0.5527343753783498
0.7490234374708962
0.87841796875
0.6862792968458962
0.8470458984375
0.9843139648146462
0.054901123046875
0.9803924560255837
0.05294036865234375
0.9990196227736305
0.0034313201904296875
0.9987745284743141
0.0033087730407714844
0.9999387263960671
0.00021445751190185547
0.9999234080023598
0.00020679831504821777
0.9999961703724694
1.3403594493865967e-05
0.9999952129728626
1.292489469051361e-05
0.9999997606209945
8.377246558666229e-07
0.9999997007835191
8.078059181571007e-07
0.9999999850115273
5.235779099166393e-08
0.499999981286237
0.750000050466042
0.8749999990395736
0.437500003259629
0.843749998806743
0.4218750031432137
0.9921874999126885
0.027343750203726813
0.4902343749126885
0.776367187674623
0.8745117187208962
0.439208984375
0.8431396484083962
0.42352294921875
0.9921569823927712
0.0274505615234375
0.9901962279982399
0.026470184326171875
0.9995098113722634
0.0017156600952148438
0.9993872642226052
0.0016543865203857422
0.9999693631834816
0.00010722875595092773
0.999961703986628
0.00010339915752410889
0.9999980851716828
6.701797246932983e-06
0.9999976064718794
6.462447345256805e-06
0.9999998802959453
4.1886232793331146e-07
0.9999998503772076
4.0390295907855034e-07
0.9999999924912117
0.5000000261643436
0.7499999906285666
0.375000025233021
0.9374999995052349
0.2187500016298145
0.9218749993888196
0.21093750157160684
0.9960937499417923
0.5136718750873115
0.7451171874417923
0.3881835938373115
0.9372558593458962
0.2196044921875
0.9215698241896462
0.211761474609375
0.9960784911818337
0.01372528076171875
0.995098113984568
0.013235092163085938
0.9997549056715798
0.0008578300476074219
0.9996936320967507
0.0008271932601928711
0.9999846815771889
5.361437797546387e-05
0.9999808519787621
5.169957876205444e-05
0.9999990425712895
3.3508986234664917e-06
0.9999988032213878
3.2312236726284027e-06
0.9999999401334208
2.0943116396665573e-07
0.9999999251740519
2.0195147953927517e-07
0.49999999624560587
0.7500000130676199
0.3749999953142833
0.6875000126019586
0.9687499997380655
0.10937500081490725
0.9609374996798579
0.10546875078580342
0.49804687497089617
0.7568359375291038
0.37255859372089617
0.6940917969041038
0.9686279296583962
0.10980224609375
0.9607849120802712
0.1058807373046875
0.9980392455763649
0.006862640380859375
0.9975490569777321
0.006617546081542969
0.999877452821238
0.00042891502380371094
0.9998468160338234
0.00041359663009643555
0.9999923407740425
2.6807188987731934e-05
0.9999904259748291
2.584978938102722e-05
0.9999995212710928
1.6754493117332458e-06
0.999999401596142
1.6156118363142014e-06
0.9999999700521585
1.0471558198332787e-07
0.999999962572474
0.5000001009611879
0.749999998108251
0.875000006519258
0.6874999976425897
0.8437500062864274
0.9843749998544808
0.054687500407453626
0.980468749825377
0.5527343753783498
0.7490234374708962
0.87841796875
0.6862792968458962
0.8470458984375
0.9843139648146462
0.054901123046875
0.9803924560255837
0.05294036865234375
0.9990196227736305
0.0034313201904296875
0.9987745284743141
0.0033087730407714844
0.9999387263960671
0.00021445751190185547
0.9999234080023598
0.00020679831504821777
0.9999961703724694
1.3403594493865967e-05
0.9999952129728626
1.292489469051361e-05
0.9999997606209945
8.377246558666229e-07
0.9999997007835191
8.078059181571007e-07
0.9999999850115273
5.235779099166393e-08
0.499999981286237
0.750000050466042
0.8749999990395736
0.437500003259629
0.843749998806743
0.4218750031432137
0.9921874999126885
0.027343750203726813
0.4902343749126885
0.776367187674623
0.8745117187208962
0.439208984375
0.8431396484083962
0.42352294921875
0.9921569823927712
0.0274505615234375
0.9901962279982399
0.026470184326171875
0.9995098113722634
0.0017156600952148438
0.9993872642226052
0.0016543865203857422
0.9999693631834816
0.00010722875595092773
0.999961703986628
0.00010339915752410889
0.9999980851716828
6.701797246932983e-06
0.9999976064718794
6.462447345256805e-06
0.9999998802959453
4.1886232793331146e-07
0.9999998503772076
4.0390295907855034e-07
0.9999999924912117
0.5000000261643436
0.7499999906285666
0.375000025233021
0.9374999995052349
0.2187500016298145
0.9218749993888196
0.21093750157160684
0.9960937499417923
0.5136718750873115
0.7451171874417923
0.3881835938373115
0.9372558593458962
0.2196044921875
0.9215698241896462
0.211761474609375
0.9960784911818337
0.01372528076171875
0.995098113984568
0.013235092163085938
0.9997549056715798
0.0008578300476074219
0.9996936320967507
0.0008271932601928711
0.9999846815771889
5.361437797546387e-05
0.9999808519787621
5.169957876205444e-05
0.9999990425712895
3.3508986234664917e-06
0.9999988032213878
3.2312236726284027e-06
0.9999999401334208
2.0943116396665573e-07
0.9999999251740519
2.0195147953927517e-07
0.49999999624560587
0.7500000130676199
0.3749999953142833
0.6875000126019586
0.9687499997380655
0.10937500081490725
0.9609374996798579
0.10546875078580342
0.49804687497089617
0.7568359375291038
0.37255859372089617
0.6940917969041038
0.9686279296583962
0.10980224609375
0.9607849120802712
0.1058807373046875
0.9980392455763649
0.006862640380859375
0.9975490569777321
0.006617546081542969
0.999877452821238
0.00042891502380371094
0.9998468160338234
0.00041359663009643555
0.9999923407740425
2.6807188987731934e-05
0.9999904259748291
2.584978938102722e-05
0.9999995212710928
1.6754493117332458e-06
0.999999401596142
1.6156118363142014e-06
0.9999999700521585
1.0471558198332787e-07
0.999999962572474
0.5000001009611879
0.749999998108251
0.875000006519258
0.6874999976425897
0.8437500062864274
0.9843749998544808
0.054687500407453626
0.980468749825377
0.5527343753783498
0.7490234374708962
0.87841796875
0.6862792968458962
0.8470458984375
0.9843139648146462
0.054901123046875
0.9803924560255837
0.05294036865234375
0.9990196227736305
0.0034313201904296875
0.9987745284743141
0.0033087730407714844
0.9999387263960671
0.00021445751190185547
0.9999234080023598
0.00020679831504821777
0.9999961703724694
1.3403594493865967e-05
0.9999952129728626
1.292489469051361e-05
0.9999997606209945
8.377246558666229e-07
0.9999997007835191
8.078059181571007e-07
0.9999999850115273
5.235779099166393e-08
0.499999981286237
0.750000050466042
0.8749999990395736
0.437500003259629
0.843749998806743
0.4218750031432137
0.9921874999126885
0.027343750203726813
0.4902343749126885
0.776367187674623
0.8745117187208962
0.439208984375
0.8431396484083962
0.42352294921875
0.9921569823927712
0.0274505615234375
0.9901962279982399
0.026470184326171875
0.9995098113722634
0.0017156600952148438
0.9993872642226052
0.0016543865203857422
0.9999693631834816
0.00010722875595092773
0.999961703986628
0.00010339915752410889
0.9999980851716828
6.701797246932983e-06
0.9999976064718794
6.462447345256805e-06
0.9999998802959453
4.1886232793331146e-07
0.9999998503772076
4.0390295907855034e-07
0.9999999924912117
0.5000000261643436
0.7499999906285666
0.375000025233021
0.9374999995052349
0.2187500016298145
0.9218749993888196
0.21093750157160684
0.9960937499417923
0.5136718750873115
0.7451171874417923
0.3881835938373115
0.9372558593458962
0.2196044921875
0.9215698241896462
0.211761474609375
0.9960784911818337
0.01372528076171875
0.995098113984568
0.013235092163085938
0.9997549056715798
0.0008578300476074219
0.9996936320967507
0.0008271932601928711
0.9999846815771889
5.361437797546387e-05
0.9999808519787621
5.169957876205444e-05
0.9999990425712895
3.3508986234664917e-06
0.9999988032213878
3.2312236726284027e-06
0.9999999401334208
2.0943116396665573e-07
0.9999999251740519
2.0195147953927517e-07
0.49999999624560587
0.7500000130676199
0.3749999953142833
0.6875000126019586
0.9687499997380655
0.10937500081490725
0.9609374996798579
0.10546875078580342
0.49804687497089617
0.7568359375291038
0.37255859372089617
0.6940917969041038
0.9686279296583962
0.10980224609375
0.9607849120802712
0.1058807373046875
0.9980392455763649
0.006862640380859375
0.9975490569777321
0.006617546081542969
0.999877452821238
0.00042891502380371094
0.9998468160338234
0.00041359663009643555
0.9999923407740425
2.6807188987731934e-05
0.9999904259748291
2.584978938102722e-05
0.9999995212710928
1.6754493117332458e-06
0.999999401596142
1.6156118363142014e-06
0.9999999700521585
1.0471558198332787e-07
0.999999962572474
0.5000001009611879
0.749999998108251
0.875000006519258
0.6874999976425897
0.8437500062864274
0.9843749998544808
0.054687500407453626
0.980468749825377
0.5527343753783498
0.7490234374708962
0.87841796875
0.6862792968458962
0.8470458984375
0.9843139648146462
0.054901123046875
0.9803924560255837
0.05294036865234375
0.9990196227736305
0.0034313201904296875
0.9987745284743141
0.0033087730407714844
0.9999387263960671
0.00021445751190185547
0.9999234080023598
0.00020679831504821777
0.9999961703724694
1.3403594493865967e-05
0.9999952129728626
1.292489469051361e-05
0.9999997606209945
8.377246558666229e-07
0.9999997007835191
8.078059181571007e-07
0.9999999850115273
5.235779099166393e-08
0.499999981286237
0.750000050466042
0.8749999990395736
0.437500003259629
0.843749998806743
0.4218750031432137
0.9921874999126885
0.027343750203726813
0.4902343749126885
0.776367187674623
0.8745117187208962
0.439208984375
0.8431396484083962
0.42352294921875
0.9921569823927712
0.0274505615234375
0.9901962279982399
0.026470184326171875
0.9995098113722634
0.0017156600952148438
0.9993872642226052
0.0016543865203857422
0.9999693631834816
0.00010722875595092773
0.999961703986628
0.00010339915752410889
0.9999980851716828
6.701797246932983e-06
0.9999976064718794
6.462447345256805e-06
0.9999998802959453
4.1886232793331146e-07
0.9999998503772076
4.0390295907855034e-07
0.9999999924912117
0.5000000261643436
0.7499999906285666
0.375000025233021
0.9374999995052349
0.2187500016298145
0.9218749993888196
0.21093750157160684
0.9960937499417923
0.5136718750873115
0.7451171874417923
0.3881835938373115
0.9372558593458962
0.2196044921875
0.9215698241896462
0.211761474609375
0.9960784911818337
0.01372528076171875
0.995098113984568
0.013235092163085938
0.9997549056715798
0.0008578300476074219
0.9996936320967507
0.0008271932601928711
0.9999846815771889
5.361437797546387e-05
0.9999808519787621
5.169957876205444e-05
0.9999990425712895
3.3508986234664917e-06
0.9999988032213878
3.2312236726284027e-06
0.9999999401334208
2.0943116396665573e-07
0.9999999251740519
2.0195147953927517e-07
0.49999999624560587
0.7500000130676199
0.3749999953142833
0.6875000126019586
0.9687499997380655
0.10937500081490725
0.9609374996798579
0.10546875078580342
0.49804687497089617
0.7568359375291038
0.37255859372089617
0.6940917969041038
0.9686279296583962
0.10980224609375
0.9607849120802712
0.1058807373046875
0.9980392455763649
0.006862640380859375
0.9975490569777321
0.006617546081542969
0.999877452821238
0.00042891502380371094
0.9998468160338234
0.00041359663009643555
0.9999923407740425
2.6807188987731934e-05
0.9999904259748291
2.584978938102722e-05
0.9999995212710928
1.6754493117332458e-06
0.999999401596142
1.6156118363142014e-06
0.9999999700521585
1.0471558198332787e-07
0.999999962572474
0.5000001009611879
0.749999998108251
0.875000006519258
0.6874999976425897
0.8437500062864274
0.9843749998544808
0.054687500407453626
0.980468749825377
0.5527343753783498
0.7490234374708962
0.87841796875
0.6862792968458962
0.8470458984375
0.9843139648146462
0.054901123046875
0.9803924560255837
0.05294036865234375
0.9990196227736305
0.0034313201904296875
0.9987745284743141
0.0033087730407714844
0.9999387263960671
0.00021445751190185547
0.9999234080023598
0.00020679831504821777
0.9999961703724694
1.3403594493865967e-05
0.9999952129728626
1.292489469051361e-05
0.9999997606209945
8.377246558666229e-07
0.9999997007835191
8.078059181571007e-07
0.9999999850115273
5.235779099166393e-08
0.499999981286237
0.750000050466042
0.8749999990395736
0.437500003259629
0.843749998806743
0.4218750031432137
0.9921874999126885
0.027343750203726813
0.4902343749126885
0.776367187674623
0.8745117187208962
0.439208984375
0.8431396484083962
0.42352294921875
0.9921569823927712
0.0274505615234375
0.9901962279982399
0.026470184326171875
0.9995098113722634
0.0017156600952148438
0.9993872642226052
0.0016543865203857422
0.9999693631834816
0.00010722875595092773
0.999961703986628
0.00010339915752410889
0.9999980851716828
6.701797246932983e-06
0.9999976064718794
6.462447345256805e-06
0.9999998802959453
4.1886232793331146e-07
0.9999998503772076
4.0390295907855034e-07
0.9999999924912117
0.5000000261643436
0.7499999906285666
0.375000025233021
0.9374999995052349
0.2187500016298145
0.9218749993888196
0.21093750157160684
0.9960937499417923
0.5136718750873115
0.7451171874417923
0.3881835938373115
0.9372558593458962
0.2196044921875
0.9215698241896462
0.211761474609375
0.9960784911818337
0.01372528076171875
0.995098113984568
0.013235092163085938
0.9997549056715798
0.0008578300476074219
0.9996936320967507
0.0008271932601928711
0.9999846815771889
5.361437797546387e-05
0.9999808519787621
5.169957876205444e-05
0.9999990425712895
3.3508986234664917e-06
0.9999988032213878
3.2312236726284027e-06
0.9999999401334208
2.0943116396665573e-07
0.9999999251740519
2.0195147953927517e-07
0.49999999624560587
0.7500000130676199
0.3749999953142833
0.6875000126019586
0.9687499997380655
0.10937500081490725
0.9609374996798579
0.10546875078580342
0.49804687497089617
0.7568359375291038
0.37255859372089617
0.6940917969041038
0.9686279296583962
0.10980224609375
0.9607849120802712
0.1058807373046875
0.9980392455763649
0.006862640380859375
0.9975490569777321
0.006617546081542969
0.999877452821238
0.00042891502380371094
0.9998468160338234
0.00041359663009643555
0.9999923407740425
2.6807188987731934e-05
0.9999904259748291
2.584978938102722e-05
0.9999995212710928
1.6754493117332458e-06
0.999999401596142
1.6156118363142014e-06
0.9999999700521585
1.0471558198332787e-07
0.999999962572474
0.5000001009611879
0.749999998108251
0.875000006519258
0.6874999976425897
0.8437500062864274
0.9843749998544808
0.054687500407453626
0.980468749825377
0.5527343753783498
0.7490234374708962
0.87841796875
0.6862792968458962
0.8470458984375
0.9843139648146462
0.054901123046875
0.9803924560255837
0.05294036865234375
0.9990196227736305
0.0034313201904296875
0.9987745284743141
0.0033087730407714844
0.9999387263960671
0.00021445751190185547
0.9999234080023598
0.00020679831504821777
0.9999961703724694
1.3403594493865967e-05
0.9999952129728626
1.292489469051361e-05
0.9999997606209945
8.377246558666229e-07
0.9999997007835191
8.078059181571007e-07
0.9999999850115273
5.235779099166393e-08
0.499999981286237
0.750000050466042
0.8749999990395736
0.437500003259629
0.843749998806743
0.4218750031432137
0.9921874999126885
0.027343750203726813
0.4902343749126885
0.776367187674623
0.8745117187208962
0.439208984375
0.8431396484083962
0.42352294921875
0.9921569823927712
0.0274505615234375
0.9901962279982399
0.026470184326171875
0.9995098113722634
0.0017156600952148438
0.9993872642226052
0.0016543865203857422
0.9999693631834816
0.00010722875595092773
0.999961703986628
0.00010339915752410889
0.9999980851716828
6.701797246932983e-06
0.9999976064718794
6.462447345256805e-06
0.9999998802959453
4.1886232793331146e-07
0.9999998503772076
4.0390295907855034e-07
0.9999999924912117
0.5000000261643436
0.7499999906285666
0.375000025233021
0.9374999995052349
0.2187500016298145
0.9218749993888196
0.21093750157160684
0.9960937499417923
0.5136718750873115
0.7451171874417923
0.3881835938373115
0.9372558593458962
0.2196044921875
0.9215698241896462
0.211761474609375
0.9960784911818337
0.01372528076171875
0.995098113984568
0.013235092163085938
0.9997549056715798
0.0008578300476074219
0.9996936320967507
0.0008271932601928711
0.9999846815771889
5.361437797546387e-05
0.9999808519787621
5.169957876205444e-05
0.9999990425712895
3.3508986234664917e-06
0.9999988032213878
3.2312236726284027e-06
0.9999999401334208
2.0943116396665573e-07
0.9999999251740519
2.0195147953927517e-07
0.49999999624560587
0.7500000130676199
0.3749999953142833
0.6875000126019586
0.9687499997380655
0.10937500081490725
0.9609374996798579
0.10546875078580342
0.49804687497089617
0.7568359375291038
0.37255859372089617
0.6940917969041038
0.9686279296583962
0.10980224609375
0.9607849120802712
0.1058807373046875
0.9980392455763649
0.006862640380859375
0.9975490569777321
0.006617546081542969
0.999877452821238
0.00042891502380371094
0.9998468160338234
0.00041359663009643555
0.9999923407740425
2.6807188987731934e-05
0.9999904259748291
2.584978938102722e-05
0.9999995212710928
1.6754493117332458e-06
0.999999401596142
1.6156118363142014e-06
0.9999999700521585
1.0471558198332787e-07
0.999999962572474
0.5000001009611879
0.749999998108251
0.875000006519258
0.6874999976425897
0.8437500062864274
0.9843749998544808
0.054687500407453626
0.980468749825377
0.5527343753783498
0.7490234374708962
0.87841796875
0.6862792968458962
0.8470458984375
0.9843139648146462
0.054901123046875
0.9803924560255837
0.05294036865234375
0.9990196227736305
0.0034313201904296875
0.9987745284743141
0.0033087730407714844
0.9999387263960671
0.00021445751190185547
0.9999234080023598
0.00020679831504821777
0.9999961703724694
1.3403594493865967e-05
0.9999952129728626
1.292489469051361e-05
0.9999997606209945
8.377246558666229e-07
0.9999997007835191
8.078059181571007e-07
0.9999999850115273
5.235779099166393e-08
0.499999981286237
0.750000050466042
0.8749999990395736
0.437500003259629
0.843749998806743
0.4218750031432137
0.9921874999126885
0.027343750203726813
0.4902343749126885
0.776367187674623
0.8745117187208962
0.439208984375
0.8431396484083962
0.42352294921875
0.9921569823927712
0.0274505615234375
0.9901962279982399
0.026470184326171875
0.9995098113722634
0.0017156600952148438
0.9993872642226052
0.0016543865203857422
0.9999693631834816
0.00010722875595092773
0.999961703986628
0.00010339915752410889
0.9999980851716828
6.701797246932983e-06
0.9999976064718794
6.462447345256805e-06
0.9999998802959453
4.1886232793331146e-07
0.9999998503772076
4.0390295907855034e-07
0.9999999924912117
0.5000000261643436
0.7499999906285666
0.375000025233021
0.9374999995052349
0.2187500016298145
0.9218749993888196
0.21093750157160684
0.9960937499417923
0.5136718750873115
0.7451171874417923
0.3881835938373115
0.9372558593458962
0.2196044921875
0.9215698241896462
0.211761474609375
0.9960784911818337
0.01372528076171875
0.995098113984568
0.013235092163085938
0.9997549056715798
0.0008578300476074219
0.9996936320967507
0.0008271932601928711
0.9999846815771889
5.361437797546387e-05
0.9999808519787621
5.169957876205444e-05
0.9999990425712895
3.3508986234664917e-06
0.9999988032213878
3.2312236726284027e-06
0.9999999401334208
2.0943116396665573e-07
0.9999999251740519
2.0195147953927517e-07
0.49999999624560587
0.7500000130676199
0.3749999953142833
0.6875000126019586
0.9687499997380655
0.10937500081490725
0.9609374996798579
0.10546875078580342
0.49804687497089617
0.7568359375291038
0.37255859372089617
0.6940917969041038
0.9686279296583962
0.10980224609375
0.9607849120802712
0.1058807373046875
0.9980392455763649
0.006862640380859375
0.9975490569777321
0.006617546081542969
0.999877452821238
0.00042891502380371094
0.9998468160338234
0.00041359663009643555
0.9999923407740425
2.6807188987731934e-05
0.9999904259748291
2.584978938102722e-05
0.9999995212710928
1.6754493117332458e-06
0.999999401596142
1.6156118363142014e-06
0.9999999700521585
1.0471558198332787e-07
0.999999962572474
0.5000001009611879
0.749999998108251
0.875000006519258
0.6874999976425897
0.8437500062864274
0.9843749998544808
0.054687500407453626
0.980468749825377
0.5527343753783498
0.7490234374708962
0.87841796875
0.6862792968458962
0.8470458984375
0.9843139648146462
0.054901123046875
0.9803924560255837
0.05294036865234375
0.9990196227736305
0.0034313201904296875
0.9987745284743141
0.0033087730407714844
0.9999387263960671
0.00021445751190185547
0.9999234080023598
0.00020679831504821777
0.9999961703724694
1.3403594493865967e-05
0.9999952129728626
1.292489469051361e-05
0.9999997606209945
8.377246558666229e-07
0.9999997007835191
8.078059181571007e-07
0.9999999850115273
5.235779099166393e-08
0.499999981286237
0.750000050466042
0.8749999990395736
0.437500003259629
0.843749998806743
0.4218750031432137
0.9921874999126885
0.027343750203726813
0.4902343749126885
0.776367187674623
0.8745117187208962
0.439208984375
0.8431396484083962
0.42352294921875
0.9921569823927712
0.0274505615234375
0.9901962279982399
0.026470184326171875
0.9995098113722634
0.0017156600952148438
0.9993872642226052
0.0016543865203857422
0.9999693631834816
0.00010722875595092773
0.999961703986628
0.00010339915752410889
0.9999980851716828
6.701797246932983e-06
0.9999976064718794
6.462447345256805e-06
0.9999998802959453
4.1886232793331146e-07
0.9999998503772076
4.0390295907855034e-07
0.9999999924912117
0.5000000261643436
0.7499999906285666
0.375000025233021
0.9374999995052349
0.2187500016298145
0.9218749993888196
0.21093750157160684
0.9960937499417923
0.5136718750873115
0.7451171874417923
0.3881835938373115
0.9372558593458962
0.2196044921875
0.9215698241896462
0.211761474609375
0.9960784911818337
0.01372528076171875
0.995098113984568
0.013235092163085938
0.9997549056715798
0.0008578300476074219
0.9996936320967507
0.0008271932601928711
0.9999846815771889
5.361437797546387e-05
0.9999808519787621
5.169957876205444e-05
0.9999990425712895
3.3508986234664917e-06
0.9999988032213878
3.2312236726284027e-06
0.9999999401334208
2.0943116396665573e-07
0.9999999251740519
2.0195147953927517e-07
0.49999999624560587
0.7500000130676199
0.3749999953142833
0.6875000126019586
0.9687499997380655
0.10937500081490725
0.9609374996798579
0.10546875078580342
0.49804687497089617
0.7568359375291038
0.37255859372089617
0.6940917969041038
0.9686279296583962
0.10980224609375
0.9607849120802712
0.1058807373046875
0.9980392455763649
0.006862640380859375
0.9975490569777321
0.006617546081542969
0.999877452821238
0.00042891502380371094
0.9998468160338234
0.00041359663009643555
0.9999923407740425
2.6807188987731934e-05
0.9999904259748291
2.584978938102722e-05
0.9999995212710928
1.6754493117332458e-06
0.999999401596142
1.6156118363142014e-06
0.9999999700521585
1.0471558198332787e-07
0.999999962572474
0.5000001009611879
0.749999998108251
0.875000006519258
0.6874999976425897
0.8437500062864274
0.9843749998544808
0.054687500407453626
0.980468749825377
0.5527343753783498
0.7490234374708962
0.87841796875
0.6862792968458962
0.8470458984375
0.9843139648146462
0.054901123046875
0.9803924560255837
0.05294036865234375
0.9990196227736305
0.0034313201904296875
0.9987745284743141
0.0033087730407714844
0.9999387263960671
0.00021445751190185547
0.9999234080023598
0.00020679831504821777
0.9999961703724694
1.3403594493865967e-05
0.9999952129728626
1.292489469051361e-05
0.9999997606209945
8.377246558666229e-07
0.9999997007835191
8.078059181571007e-07
0.9999999850115273
5.235779099166393e-08
0.499999981286237
0.750000050466042
0.8749999990395736
0.437500003259629
0.843749998806743
0.4218750031432137
0.9921874999126885
0.027343750203726813
0.4902343749126885
0.776367187674623
0.8745117187208962
0.439208984375
0.8431396484083962
0.42352294921875
0.9921569823927712
0.0274505615234375
0.9901962279982399
0.026470184326171875
0.9995098113722634
0.0017156600952148438
0.9993872642226052
0.0016543865203857422
0.9999693631834816
0.00010722875595092773
0.999961703986628
0.00010339915752410889
0.9999980851716828
6.701797246932983e-06
0.9999976064718794
6.462447345256805e-06
0.9999998802959453
4.1886232793331146e-07
0.9999998503772076
4.0390295907855034e-07
0.9999999924912117
0.5000000261643436
0.7499999906285666
0.375000025233021
0.9374999995052349
0.2187500016298145
0.9218749993888196
0.21093750157160684
0.9960937499417923
0.5136718750873115
0.7451171874417923
0.3881835938373115
0.9372558593458962
0.2196044921875
0.9215698241896462
0.211761474609375
0.9960784911818337
0.01372528076171875
0.995098113984568
0.013235092163085938
0.9997549056715798
0.0008578300476074219
0.9996936320967507
0.0008271932601928711
0.9999846815771889
5.361437797546387e-05
0.9999808519787621
5.169957876205444e-05
0.9999990425712895
3.3508986234664917e-06
0.9999988032213878
3.2312236726284027e-06
0.9999999401334208
2.0943116396665573e-07
0.9999999251740519
2.0195147953927517e-07
0.49999999624560587
0.7500000130676199
0.3749999953142833
0.6875000126019586
0.9687499997380655
0.10937500081490725
0.9609374996798579
0.10546875078580342
0.49804687497089617
0.7568359375291038
0.37255859372089617
0.6940917969041038
0.9686279296583962
0.10980224609375
0.9607849120802712
0.1058807373046875
0.9980392455763649
0.006862640380859375
0.9975490569777321
0.006617546081542969
0.999877452821238
0.00042891502380371094
0.9998468160338234
0.00041359663009643555
0.9999923407740425
2.6807188987731934e-05
0.9999904259748291
2.584978938102722e-05
0.9999995212710928
1.6754493117332458e-06
0.999999401596142
1.6156118363142014e-06
0.9999999700521585
1.0471558198332787e-07
0.999999962572474
0.5000001009611879
0.749999998108251
0.875000006519258
0.6874999976425897
0.8437500062864274
0.9843749998544808
0.054687500407453626
0.980468749825377
0.5527343753783498
0.7490234374708962
0.87841796875
0.6862792968458962
0.8470458984375
0.9843139648146462
0.054901123046875
0.9803924560255837
0.05294036865234375
0.9990196227736305
0.0034313201904296875
0.9987745284743141
0.0033087730407714844
0.9999387263960671
0.00021445751190185547
0.9999234080023598
0.00020679831504821777
0.9999961703724694
1.3403594493865967e-05
0.9999952129728626
1.292489469051361e-05
0.9999997606209945
8.377246558666229e-07
0.9999997007835191
8.078059181571007e-07
0.9999999850115273
5.235779099166393e-08
0.499999981286237
0.750000050466042
0.8749999990395736
0.437500003259629
0.843749998806743
0.4218750031432137
0.9921874999126885
0.027343750203726813
0.4902343749126885
0.776367187674623
0.8745117187208962
0.439208984375
0.8431396484083962
0.42352294921875
0.9921569823927712
0.0274505615234375
0.9901962279982399
0.026470184326171875
0.9995098113722634
0.0017156600952148438
0.9993872642226052
0.0016543865203857422
0.9999693631834816
0.00010722875595092773
0.999961703986628
0.00010339915752410889
0.9999980851716828
6.701797246932983e-06
0.9999976064718794
6.462447345256805e-06
0.9999998802959453
4.1886232793331146e-07
0.9999998503772076
4.0390295907855034e-07
0.9999999924912117
0.5000000261643436
0.7499999906285666
0.375000025233021
0.9374999995052349
0.2187500016298145
0.9218749993888196
0.21093750157160684
0.9960937499417923
0.5136718750873115
0.7451171874417923
0.3881835938373115
0.9372558593458962
0.2196044921875
0.9215698241896462
0.211761474609375
0.9960784911818337
0.01372528076171875
0.995098113984568
0.013235092163085938
0.9997549056715798
0.0008578300476074219
0.9996936320967507
0.0008271932601928711
0.9999846815771889
5.361437797546387e-05
0.9999808519787621
5.169957876205444e-05
0.9999990425712895
3.3508986234664917e-06
0.9999988032213878
3.2312236726284027e-06
0.9999999401334208
2.0943116396665573e-07
0.9999999251740519
2.0195147953927517e-07
0.49999999624560587
0.7500000130676199
0.3749999953142833
0.6875000126019586
0.9687499997380655
0.10937500081490725
0.9609374996798579
0.10546875078580342
0.49804687497089617
0.7568359375291038
0.37255859372089617
0.6940917969041038
0.9686279296583962
0.10980224609375
0.9607849120802712
0.1058807373046875
0.9980392455763649
0.006862640380859375
0.9975490569777321
0.006617546081542969
0.999877452821238
0.00042891502380371094
0.9998468160338234
0.00041359663009643555
0.9999923407740425
2.6807188987731934e-05
0.9999904259748291
2.584978938102722e-05
0.9999995212710928
1.6754493117332458e-06
0.999999401596142
1.6156118363142014e-06
0.9999999700521585
1.0471558198332787e-07
0.999999962572474
0.5000001009611879
0.749999998108251
0.875000006519258
0.6874999976425897
0.8437500062864274
0.9843749998544808
0.054687500407453626
0.980468749825377
0.5527343753783498
0.7490234374708962
0.87841796875
0.6862792968458962
0.8470458984375
0.9843139648146462
0.054901123046875
0.9803924560255837
0.05294036865234375
0.9990196227736305
0.0034313201904296875
0.9987745284743141
0.0033087730407714844
0.9999387263960671
0.00021445751190185547
0.9999234080023598
0.00020679831504821777
0.9999961703724694
1.3403594493865967e-05
0.9999952129728626
1.292489469051361e-05
0.9999997606209945
8.377246558666229e-07
0.9999997007835191
8.078059181571007e-07
0.9999999850115273
5.235779099166393e-08
0.499999981286237
0.750000050466042
0.8749999990395736
0.437500003259629
0.843749998806743
0.4218750031432137
0.9921874999126885
0.027343750203726813
0.4902343749126885
0.776367187674623
0.8745117187208962
0.439208984375
0.8431396484083962
0.42352294921875
0.9921569823927712
0.0274505615234375
0.9901962279982399
0.026470184326171875
0.9995098113722634
0.0017156600952148438
0.9993872642226052
0.0016543865203857422
0.9999693631834816
0.00010722875595092773
0.999961703986628
0.00010339915752410889
0.9999980851716828
6.701797246932983e-06
0.9999976064718794
6.462447345256805e-06
0.9999998802959453
4.1886232793331146e-07
0.9999998503772076
4.0390295907855034e-07
0.9999999924912117
0.5000000261643436
0.7499999906285666
0.375000025233021
0.9374999995052349
0.2187500016298145
0.9218749993888196
0.21093750157160684
0.9960937499417923
0.5136718750873115
0.7451171874417923
0.3881835938373115
0.9372558593458962
0.2196044921875
0.9215698241896462
0.211761474609375
0.9960784911818337
0.01372528076171875
0.995098113984568
0.013235092163085938
0.9997549056715798
0.0008578300476074219
0.9996936320967507
0.0008271932601928711
0.9999846815771889
5.361437797546387e-05
0.9999808519787621
5.169957876205444e-05
0.9999990425712895
3.3508986234664917e-06
0.9999988032213878
3.2312236726284027e-06
0.9999999401334208
2.0943116396665573e-07
0.9999999251740519
2.0195147953927517e-07
0.49999999624560587
0.7500000130676199
0.3749999953142833
0.6875000126019586
0.9687499997380655
0.10937500081490725
0.9609374996798579
0.10546875078580342
0.49804687497089617
0.7568359375291038
0.37255859372089617
0.6940917969041038
0.9686279296583962
0.10980224609375
0.9607849120802712
0.1058807373046875
0.9980392455763649
0.006862640380859375
0.9975490569777321
0.006617546081542969
0.999877452821238
0.00042891502380371094
0.9998468160338234
0.00041359663009643555
0.9999923407740425
2.6807188987731934e-05
0.9999904259748291
2.584978938102722e-05
0.9999995212710928
1.6754493117332458e-06
0.999999401596142
1.6156118363142014e-06
0.9999999700521585
1.0471558198332787e-07
0.999999962572474
0.5000001009611879
0.749999998108251
0.875000006519258
0.6874999976425897
0.8437500062864274
0.9843749998544808
0.054687500407453626
0.980468749825377
0.5527343753783498
0.7490234374708962
0.87841796875
0.6862792968458962
0.8470458984375
0.9843139648146462
0.054901123046875
0.9803924560255837
0.05294036865234375
0.9990196227736305
0.0034313201904296875
0.9987745284743141
0.0033087730407714844
0.9999387263960671
0.00021445751190185547
0.9999234080023598
0.00020679831504821777
0.9999961703724694
1.3403594493865967e-05
0.9999952129728626
1.292489469051361e-05
0.9999997606209945
8.377246558666229e-07
0.9999997007835191
8.078059181571007e-07
0.9999999850115273
5.235779099166393e-08
0.499999981286237
0.750000050466042
0.8749999990395736
0.437500003259629
0.843749998806743
0.4218750031432137
0.9921874999126885
0.027343750203726813
0.4902343749126885
0.776367187674623
0.8745117187208962
0.439208984375
0.8431396484083962
0.42352294921875
0.9921569823927712
0.0274505615234375
0.9901962279982399
0.026470184326171875
0.9995098113722634
0.0017156600952148438
0.9993872642226052
0.0016543865203857422
0.9999693631834816
0.00010722875595092773
0.999961703986628
0.00010339915752410889
0.9999980851716828
6.701797246932983e-06
0.9999976064718794
6.462447345256805e-06
0.9999998802959453
4.1886232793331146e-07
0.9999998503772076
4.0390295907855034e-07
0.9999999924912117
0.5000000261643436
0.7499999906285666
0.375000025233021
0.9374999995052349
0.2187500016298145
0.9218749993888196
0.21093750157160684
0.9960937499417923
0.5136718750873115
0.7451171874417923
0.3881835938373115
0.9372558593458962
0.2196044921875
0.9215698241896462
0.211761474609375
0.9960784911818337
0.01372528076171875
0.995098113984568
0.013235092163085938
0.9997549056715798
0.0008578300476074219
0.9996936320967507
0.0008271932601928711
0.9999846815771889
5.361437797546387e-05
0.9999808519787621
5.169957876205444e-05
0.9999990425712895
3.3508986234664917e-06
0.9999988032213878
3.2312236726284027e-06
0.9999999401334208
2.0943116396665573e-07
0.9999999251740519
2.0195147953927517e-07
0.49999999624560587
0.7500000130676199
0.3749999953142833
0.6875000126019586
0.9687499997380655
0.10937500081490725
0.9609374996798579
0.10546875078580342
0.49804687497089617
0.7568359375291038
0.37255859372089617
0.6940917969041038
0.9686279296583962
0.10980224609375
0.9607849120802712
0.1058807373046875
0.9980392455763649
0.006862640380859375
0.9975490569777321
0.006617546081542969
0.999877452821238
0.00042891502380371094
0.9998468160338234
0.00041359663009643555
0.9999923407740425
2.6807188987731934e-05
0.9999904259748291
2.584978938102722e-05
0.9999995212710928
1.6754493117332458e-06
0.999999401596142
1.6156118363142014e-06
0.9999999700521585
1.0471558198332787e-07
0.999999962572474
0.5000001009611879
0.749999998108251
0.875000006519258
0.6874999976425897
0.8437500062864274
0.9843749998544808
0.054687500407453626
0.980468749825377
0.5527343753783498
0.7490234374708962
0.87841796875
0.6862792968458962
0.8470458984375
0.9843139648146462
0.054901123046875
0.9803924560255837
0.05294036865234375
0.9990196227736305
0.0034313201904296875
0.9987745284743141
0.0033087730407714844
0.9999387263960671
0.00021445751190185547
0.9999234080023598
0.00020679831504821777
0.9999961703724694
1.3403594493865967e-05
0.9999952129728626
1.292489469051361e-05
0.9999997606209945
8.377246558666229e-07
0.9999997007835191
8.078059181571007e-07
0.9999999850115273
5.235779099166393e-08
0.499999981286237
0.750000050466042
0.8749999990395736
0.437500003259629
0.843749998806743
0.4218750031432137
0.9921874999126885
0.027343750203726813
0.4902343749126885
0.776367187674623
0.8745117187208962
0.439208984375
0.8431396484083962
0.42352294921875
0.9921569823927712
0.0274505615234375
0.9901962279982399
0.026470184326171875
0.9995098113722634
0.0017156600952148438
0.9993872642226052
0.0016543865203857422
0.9999693631834816
0.00010722875595092773
0.999961703986628
0.00010339915752410889
0.9999980851716828
6.701797246932983e-06
0.9999976064718794
6.462447345256805e-06
0.9999998802959453
4.1886232793331146e-07
0.9999998503772076
4.0390295907855034e-07
0.9999999924912117
0.5000000261643436
0.7499999906285666
0.375000025233021
0.9374999995052349
0.2187500016298145
0.9218749993888196
0.21093750157160684
0.9960937499417923
0.5136718750873115
0.7451171874417923
0.3881835938373115
0.9372558593458962
0.2196044921875
0.9215698241896462
0.211761474609375
0.9960784911818337
0.01372528076171875
0.995098113984568
0.013235092163085938
0.9997549056715798
0.0008578300476074219
0.9996936320967507
0.0008271932601928711
0.9999846815771889
5.361437797546387e-05
0.9999808519787621
5.169957876205444e-05
0.9999990425712895
3.3508986234664917e-06
0.9999988032213878
3.2312236726284027e-06
0.9999999401334208
2.0943116396665573e-07
0.9999999251740519
2.0195147953927517e-07
0.49999999624560587
0.7500000130676199
0.3749999953142833
0.6875000126019586
0.9687499997380655
0.10937500081490725
0.9609374996798579
0.10546875078580342
0.49804687497089617
0.7568359375291038
0.37255859372089617
0.6940917969041038
0.9686279296583962
0.10980224609375
0.9607849120802712
0.1058807373046875
0.9980392455763649
0.006862640380859375
0.9975490569777321
0.006617546081542969
0.999877452821238
0.00042891502380371094
0.9998468160338234
0.00041359663009643555
0.9999923407740425
2.6807188987731934e-05
0.9999904259748291
2.584978938102722e-05
0.9999995212710928
1.6754493117332458e-06
0.999999401596142
1.6156118363142014e-06
0.9999999700521585
1.0471558198332787e-07
0.999999962572474
0.5000001009611879
0.749999998108251
0.875000006519258
0.6874999976425897
0.8437500062864274
0.9843749998544808
0.054687500407453626
0.980468749825377
0.5527343753783498
0.7490234374708962
0.87841796875
0.6862792968458962
0.8470458984375
0.9843139648146462
0.054901123046875
0.9803924560255837
0.05294036865234375
0.9990196227736305
0.0034313201904296875
0.9987745284743141
0.0033087730407714844
0.9999387263960671
0.00021445751190185547
0.9999234080023598
0.00020679831504821777
0.9999961703724694
1.3403594493865967e-05
0.9999952129728626
1.292489469051361e-05
0.9999997606209945
8.377246558666229e-07
0.9999997007835191
8.078059181571007e-07
0.9999999850115273
5.235779099166393e-08
0.499999981286237
0.750000050466042
0.8749999990395736
0.437500003259629
0.843749998806743
0.4218750031432137
0.9921874999126885
0.027343750203726813
0.4902343749126885
0.776367187674623
0.8745117187208962
0.439208984375
0.8431396484083962
0.42352294921875
0.9921569823927712
0.0274505615234375
0.9901962279982399
0.026470184326171875
0.9995098113722634
0.0017156600952148438
0.9993872642226052
0.0016543865203857422
0.9999693631834816
0.00010722875595092773
0.999961703986628
0.00010339915752410889
0.9999980851716828
6.701797246932983e-06
0.9999976064718794
6.462447345256805e-06
0.9999998802959453
4.1886232793331146e-07
0.9999998503772076
4.0390295907855034e-07
0.9999999924912117
0.5000000261643436
0.7499999906285666
0.375000025233021
0.9374999995052349
0.2187500016298145
0.9218749993888196
0.21093750157160684
0.9960937499417923
0.5136718750873115
0.7451171874417923
0.3881835938373115
0.9372558593458962
0.2196044921875
0.9215698241896462
0.211761474609375
0.9960784911818337
0.01372528076171875
0.995098113984568
0.013235092163085938
0.9997549056715798
0.0008578300476074219
0.9996936320967507
0.0008271932601928711
0.9999846815771889
5.361437797546387e-05
0.9999808519787621
5.169957876205444e-05
0.9999990425712895
3.3508986234664917e-06
0.9999988032213878
3.2312236726284027e-06
0.9999999401334208
2.0943116396665573e-07
0.9999999251740519
2.0195147953927517e-07
0.49999999624560587
0.7500000130676199
0.3749999953142833
0.6875000126019586
0.9687499997380655
0.10937500081490725
0.9609374996798579
0.10546875078580342
0.49804687497089617
0.7568359375291038
0.37255859372089617
0.6940917969041038
0.9686279296583962
0.10980224609375
0.9607849120802712
0.1058807373046875
0.9980392455763649
0.006862640380859375
0.9975490569777321
0.006617546081542969
0.999877452821238
0.00042891502380371094
0.9998468160338234
0.00041359663009643555
0.9999923407740425
2.6807188987731934e-05
0.9999904259748291
2.584978938102722e-05
0.9999995212710928
1.6754493117332458e-06
0.999999401596142
1.6156118363142014e-06
0.9999999700521585
1.0471558198332787e-07
0.999999962572474
0.5000001009611879
0.749999998108251
0.875000006519258
0.6874999976425897
0.8437500062864274
0.9843749998544808
0.054687500407453626
0.980468749825377
0.5527343753783498
0.7490234374708962
0.87841796875
0.6862792968458962
0.8470458984375
0.9843139648146462
0.054901123046875
0.9803924560255837
0.05294036865234375
0.9990196227736305
0.0034313201904296875
0.9987745284743141
0.0033087730407714844
0.9999387263960671
0.00021445751190185547
0.9999234080023598
0.00020679831504821777
0.9999961703724694
1.3403594493865967e-05
0.9999952129728626
1.292489469051361e-05
0.9999997606209945
8.377246558666229e-07
0.9999997007835191
8.078059181571007e-07
0.9999999850115273
5.235779099166393e-08
0.499999981286237
0.750000050466042
0.8749999990395736
0.437500003259629
0.843749998806743
0.4218750031432137
0.9921874999126885
0.027343750203726813
0.4902343749126885
0.776367187674623
0.8745117187208962
0.439208984375
0.8431396484083962
0.42352294921875
0.9921569823927712
0.0274505615234375
0.9901962279982399
0.026470184326171875
0.9995098113722634
0.0017156600952148438
0.9993872642226052
0.0016543865203857422
0.9999693631834816
0.00010722875595092773
0.999961703986628
0.00010339915752410889
0.9999980851716828
6.701797246932983e-06
0.9999976064718794
6.462447345256805e-06
0.9999998802959453
4.1886232793331146e-07
0.9999998503772076
4.0390295907855034e-07
0.9999999924912117
0.5000000261643436
0.7499999906285666
0.375000025233021
0.9374999995052349
0.2187500016298145
0.9218749993888196
0.21093750157160684
0.9960937499417923
0.5136718750873115
0.7451171874417923
0.3881835938373115
0.9372558593458962
0.2196044921875
0.9215698241896462
0.211761474609375
0.9960784911818337
0.01372528076171875
0.995098113984568
0.013235092163085938
0.9997549056715798
0.0008578300476074219
0.9996936320967507
0.0008271932601928711
0.9999846815771889
5.361437797546387e-05
0.9999808519787621
5.169957876205444e-05
0.9999990425712895
3.3508986234664917e-06
0.9999988032213878
3.2312236726284027e-06
0.9999999401334208
2.0943116396665573e-07
0.9999999251740519
2.0195147953927517e-07
0.49999999624560587
0.7500000130676199
0.3749999953142833
0.6875000126019586
0.9687499997380655
0.10937500081490725
0.9609374996798579
0.10546875078580342
0.49804687497089617
0.7568359375291038
0.37255859372089617
0.6940917969041038
0.9686279296583962
0.10980224609375
0.9607849120802712
0.1058807373046875
0.9980392455763649
0.006862640380859375
0.9975490569777321
0.006617546081542969
0.999877452821238
0.00042891502380371094
0.9998468160338234
0.00041359663009643555
0.9999923407740425
2.6807188987731934e-05
0.9999904259748291
2.584978938102722e-05
0.9999995212710928
1.6754493117332458e-06
0.999999401596142
1.6156118363142014e-06
0.9999999700521585
1.0471558198332787e-07
0.999999962572474
0.5000001009611879
0.749999998108251
0.875000006519258
0.6874999976425897
0.8437500062864274
0.9843749998544808
0.054687500407453626
0.980468749825377
0.5527343753783498
0.7490234374708962
0.87841796875
0.6862792968458962
0.8470458984375
0.9843139648146462
0.054901123046875
0.9803924560255837
0.05294036865234375
0.9990196227736305
0.0034313201904296875
0.9987745284743141
0.0033087730407714844
0.9999387263960671
0.00021445751190185547
0.9999234080023598
0.00020679831504821777
0.9999961703724694
1.3403594493865967e-05
0.9999952129728626
1.292489469051361e-05
0.9999997606209945
8.377246558666229e-07
0.9999997007835191
8.078059181571007e-07
0.9999999850115273
5.235779099166393e-08
0.499999981286237
0.750000050466042
0.8749999990395736
0.437500003259629
0.843749998806743
0.4218750031432137
0.9921874999126885
0.027343750203726813
0.4902343749126885
0.776367187674623
0.8745117187208962
0.439208984375
0.8431396484083962
0.42352294921875
0.9921569823927712
0.0274505615234375
0.9901962279982399
0.026470184326171875
0.9995098113722634
0.0017156600952148438
0.9993872642226052
0.0016543865203857422
0.9999693631834816
0.00010722875595092773
0.999961703986628
0.00010339915752410889
0.9999980851716828
6.701797246932983e-06
0.9999976064718794
6.462447345256805e-06
0.9999998802959453
4.1886232793331146e-07
0.9999998503772076
4.0390295907855034e-07
0.9999999924912117
0.5000000261643436
0.7499999906285666
0.375000025233021
0.9374999995052349
0.2187500016298145
0.9218749993888196
0.21093750157160684
0.9960937499417923
0.5136718750873115
0.7451171874417923
0.3881835938373115
0.9372558593458962
0.2196044921875
0.9215698241896462
0.211761474609375
0.9960784911818337
0.01372528076171875
0.995098113984568
0.013235092163085938
0.9997549056715798
0.0008578300476074219
0.9996936320967507
0.0008271932601928711
0.9999846815771889
5.361437797546387e-05
0.9999808519787621
5.169957876205444e-05
0.9999990425712895
3.3508986234664917e-06
0.9999988032213878
3.2312236726284027e-06
0.9999999401334208
2.0943116396665573e-07
0.9999999251740519
2.0195147953927517e-07
0.49999999624560587
0.7500000130676199
0.3749999953142833
0.6875000126019586
0.9687499997380655
0.10937500081490725
0.9609374996798579
0.10546875078580342
0.49804687497089617
0.7568359375291038
0.37255859372089617
0.6940917969041038
0.9686279296583962
0.10980224609375
0.9607849120802712
0.1058807373046875
0.9980392455763649
0.006862640380859375
0.9975490569777321
0.006617546081542969
0.999877452821238
0.00042891502380371094
0.9998468160338234
0.00041359663009643555
0.9999923407740425
2.6807188987731934e-05
0.9999904259748291
2.584978938102722e-05
0.9999995212710928
1.6754493117332458e-06
0.999999401596142
1.6156118363142014e-06
0.9999999700521585
1.0471558198332787e-07
0.999999962572474
0.5000001009611879
0.749999998108251
0.875000006519258
0.6874999976425897
0.8437500062864274
0.9843749998544808
0.054687500407453626
0.980468749825377
0.5527343753783498
0.7490234374708962
0.87841796875
0.6862792968458962
0.8470458984375
0.9843139648146462
0.054901123046875
0.9803924560255837
0.05294036865234375
0.9990196227736305
0.0034313201904296875
0.9987745284743141
0.0033087730407714844
0.9999387263960671
0.00021445751190185547
0.9999234080023598
0.00020679831504821777
0.9999961703724694
1.3403594493865967e-05
0.9999952129728626
1.292489469051361e-05
0.9999997606209945
8.377246558666229e-07
0.9999997007835191
8.078059181571007e-07
0.9999999850115273
5.235779099166393e-08
0.499999981286237
0.750000050466042
0.8749999990395736
0.437500003259629
0.843749998806743
0.4218750031432137
0.9921874999126885
0.027343750203726813
0.4902343749126885
0.776367187674623
0.8745117187208962
0.439208984375
0.8431396484083962
0.42352294921875
0.9921569823927712
0.0274505615234375
0.9901962279982399
0.026470184326171875
0.9995098113722634
0.0017156600952148438
0.9993872642226052
0.0016543865203857422
0.9999693631834816
0.00010722875595092773
0.999961703986628
0.00010339915752410889
0.9999980851716828
6.701797246932983e-06
0.9999976064718794
6.462447345256805e-06
0.9999998802959453
4.1886232793331146e-07
0.9999998503772076
4.0390295907855034e-07
0.9999999924912117
0.5000000261643436
0.7499999906285666
0.375000025233021
0.9374999995052349
0.2187500016298145
0.9218749993888196
0.21093750157160684
0.9960937499417923
0.5136718750873115
0.7451171874417923
0.3881835938373115
0.9372558593458962
0.2196044921875
0.9215698241896462
0.211761474609375
0.9960784911818337
0.01372528076171875
0.995098113984568
0.013235092163085938
0.9997549056715798
0.0008578300476074219
0.9996936320967507
0.0008271932601928711
0.9999846815771889
5.361437797546387e-05
0.9999808519787621
5.169957876205444e-05
0.9999990425712895
3.3508986234664917e-06
0.9999988032213878
3.2312236726284027e-06
0.9999999401334208
2.0943116396665573e-07
0.9999999251740519
2.0195147953927517e-07
0.49999999624560587
0.7500000130676199
0.3749999953142833
0.6875000126019586
0.9687499997380655
0.10937500081490725
0.9609374996798579
0.10546875078580342
0.49804687497089617
0.7568359375291038
0.37255859372089617
0.6940917969041038
0.9686279296583962
0.10980224609375
0.9607849120802712
0.1058807373046875
0.9980392455763649
0.006862640380859375
0.9975490569777321
0.006617546081542969
0.999877452821238
0.00042891502380371094
0.9998468160338234
0.00041359663009643555
0.9999923407740425
2.6807188987731934e-05
0.9999904259748291
2.584978938102722e-05
0.9999995212710928
1.6754493117332458e-06
0.999999401596142
1.6156118363142014e-06
0.9999999700521585
1.0471558198332787e-07
0.999999962572474
0.5000001009611879
0.749999998108251
0.875000006519258
0.6874999976425897
0.8437500062864274
0.9843749998544808
0.054687500407453626
0.980468749825377
0.5527343753783498
0.7490234374708962
0.87841796875
0.6862792968458962
0.8470458984375
0.9843139648146462
0.054901123046875
0.9803924560255837
0.05294036865234375
0.9990196227736305
0.0034313201904296875
0.9987745284743141
0.0033087730407714844
0.9999387263960671
0.00021445751190185547
0.9999234080023598
0.00020679831504821777
0.9999961703724694
1.3403594493865967e-05
0.9999952129728626
1.292489469051361e-05
0.9999997606209945
8.377246558666229e-07
0.9999997007835191
8.078059181571007e-07
0.9999999850115273
5.235779099166393e-08
0.499999981286237
0.750000050466042
0.8749999990395736
0.437500003259629
0.843749998806743
0.4218750031432137
0.9921874999126885
0.027343750203726813
0.4902343749126885
0.776367187674623
0.8745117187208962
0.439208984375
0.8431396484083962
0.42352294921875
0.9921569823927712
0.0274505615234375
0.9901962279982399
0.026470184326171875
0.9995098113722634
0.0017156600952148438
0.9993872642226052
0.0016543865203857422
0.9999693631834816
0.00010722875595092773
0.999961703986628
0.00010339915752410889
0.9999980851716828
6.701797246932983e-06
0.9999976064718794
6.462447345256805e-06
0.9999998802959453
4.1886232793331146e-07
0.9999998503772076
4.0390295907855034e-07
0.9999999924912117
0.5000000261643436
0.7499999906285666
0.375000025233021
0.9374999995052349
0.2187500016298145
0.9218749993888196
0.21093750157160684
0.9960937499417923
0.5136718750873115
0.7451171874417923
0.3881835938373115
0.9372558593458962
0.2196044921875
0.9215698241896462
0.211761474609375
0.9960784911818337
0.01372528076171875
0.995098113984568
0.013235092163085938
0.9997549056715798
0.0008578300476074219
0.9996936320967507
0.0008271932601928711
0.9999846815771889
5.361437797546387e-05
0.9999808519787621
5.169957876205444e-05
0.9999990425712895
3.3508986234664917e-06
0.9999988032213878
3.2312236726284027e-06
0.9999999401334208
2.0943116396665573e-07
0.9999999251740519
2.0195147953927517e-07
0.49999999624560587
0.7500000130676199
0.3749999953142833
0.6875000126019586
0.9687499997380655
0.10937500081490725
0.9609374996798579
0.10546875078580342
0.49804687497089617
0.7568359375291038
0.37255859372089617
0.6940917969041038
0.9686279296583962
0.10980224609375
0.9607849120802712
0.1058807373046875
0.9980392455763649
0.006862640380859375
0.9975490569777321
0.006617546081542969
0.999877452821238
0.00042891502380371094
0.9998468160338234
0.00041359663009643555
0.9999923407740425
2.6807188987731934e-05
0.9999904259748291
2.584978938102722e-05
0.9999995212710928
1.6754493117332458e-06
0.999999401596142
1.6156118363142014e-06
0.9999999700521585
1.0471558198332787e-07
0.999999962572474
0.5000001009611879
0.749999998108251
0.875000006519258
0.6874999976425897
0.8437500062864274
0.9843749998544808
0.054687500407453626
0.980468749825377
0.5527343753783498
0.7490234374708962
0.87841796875
0.6862792968458962
0.8470458984375
0.9843139648146462
0.054901123046875
0.9803924560255837
0.05294036865234375
0.9990196227736305
0.0034313201904296875
0.9987745284743141
0.0033087730407714844
0.9999387263960671
0.00021445751190185547
0.9999234080023598
0.00020679831504821777
0.9999961703724694
1.3403594493865967e-05
0.9999952129728626
1.292489469051361e-05
0.9999997606209945
8.377246558666229e-07
0.9999997007835191
8.078059181571007e-07
0.9999999850115273
5.235779099166393e-08
0.499999981286237
0.750000050466042
0.8749999990395736
0.437500003259629
0.843749998806743
0.4218750031432137
0.9921874999126885
0.027343750203726813
0.4902343749126885
0.776367187674623
0.8745117187208962
0.439208984375
0.8431396484083962
0.42352294921875
0.9921569823927712
0.0274505615234375
0.9901962279982399
0.026470184326171875
0.9995098113722634
0.0017156600952148438
0.9993872642226052
0.0016543865203857422
0.9999693631834816
0.00010722875595092773
0.999961703986628
0.00010339915752410889
0.9999980851716828
6.701797246932983e-06
0.9999976064718794
6.462447345256805e-06
0.9999998802959453
4.1886232793331146e-07
0.9999998503772076
4.0390295907855034e-07
0.9999999924912117
0.5000000261643436
0.7499999906285666
0.375000025233021
0.9374999995052349
0.2187500016298145
0.9218749993888196
0.21093750157160684
0.9960937499417923
0.5136718750873115
0.7451171874417923
0.3881835938373115
0.9372558593458962
0.2196044921875
0.9215698241896462
0.211761474609375
0.9960784911818337
0.01372528076171875
0.995098113984568
0.013235092163085938
0.9997549056715798
0.0008578300476074219
0.9996936320967507
0.0008271932601928711
0.9999846815771889
5.361437797546387e-05
0.9999808519787621
5.169957876205444e-05
0.9999990425712895
3.3508986234664917e-06
0.9999988032213878
3.2312236726284027e-06
0.9999999401334208
2.0943116396665573e-07
0.9999999251740519
2.0195147953927517e-07
0.49999999624560587
0.7500000130676199
0.3749999953142833
0.6875000126019586
0.9687499997380655
0.10937500081490725
0.9609374996798579
0.10546875078580342
0.49804687497089617
0.7568359375291038
0.37255859372089617
0.6940917969041038
0.9686279296583962
0.10980224609375
0.9607849120802712
0.1058807373046875
0.9980392455763649
0.006862640380859375
0.9975490569777321
0.006617546081542969
0.999877452821238
0.00042891502380371094
0.9998468160338234
0.00041359663009643555
0.9999923407740425
2.6807188987731934e-05
0.9999904259748291
2.584978938102722e-05
0.9999995212710928
1.6754493117332458e-06
0.999999401596142
1.6156118363142014e-06
0.9999999700521585
1.0471558198332787e-07
0.999999962572474
0.5000001009611879
0.749999998108251
0.875000006519258
0.6874999976425897
0.8437500062864274
0.9843749998544808
0.054687500407453626
0.980468749825377
0.5527343753783498
0.7490234374708962
0.87841796875
0.6862792968458962
0.8470458984375
0.9843139648146462
0.054901123046875
0.9803924560255837
0.05294036865234375
0.9990196227736305
0.0034313201904296875
0.9987745284743141
0.0033087730407714844
0.9999387263960671
0.00021445751190185547
0.9999234080023598
0.00020679831504821777
0.9999961703724694
1.3403594493865967e-05
0.9999952129728626
1.292489469051361e-05
0.9999997606209945
8.377246558666229e-07
0.9999997007835191
8.078059181571007e-07
0.9999999850115273
5.235779099166393e-08
0.499999981286237
0.750000050466042
0.8749999990395736
0.437500003259629
0.843749998806743
0.4218750031432137
0.9921874999126885
0.027343750203726813
0.4902343749126885
0.776367187674623
0.8745117187208962
0.439208984375
0.8431396484083962
0.42352294921875
0.9921569823927712
0.0274505615234375
0.9901962279982399
0.026470184326171875
0.9995098113722634
0.0017156600952148438
0.9993872642226052
0.0016543865203857422
0.9999693631834816
0.00010722875595092773
0.999961703986628
0.00010339915752410889
0.9999980851716828
6.701797246932983e-06
0.9999976064718794
6.462447345256805e-06
0.9999998802959453
4.1886232793331146e-07
0.9999998503772076
4.0390295907855034e-07
0.9999999924912117
0.5000000261643436
0.7499999906285666
0.375000025233021
0.9374999995052349
0.2187500016298145
0.9218749993888196
0.21093750157160684
0.9960937499417923
0.5136718750873115
0.7451171874417923
0.3881835938373115
0.9372558593458962
0.2196044921875
0.9215698241896462
0.211761474609375
0.9960784911818337
0.01372528076171875
0.995098113984568
0.013235092163085938
0.9997549056715798
0.0008578300476074219
0.9996936320967507
0.0008271932601928711
0.9999846815771889
5.361437797546387e-05
0.9999808519787621
5.169957876205444e-05
0.9999990425712895
3.3508986234664917e-06
0.9999988032213878
3.2312236726284027e-06
0.9999999401334208
2.0943116396665573e-07
0.9999999251740519
2.0195147953927517e-07
0.49999999624560587
0.7500000130676199
0.3749999953142833
0.6875000126019586
0.9687499997380655
0.10937500081490725
0.9609374996798579
0.10546875078580342
0.49804687497089617
0.7568359375291038
0.37255859372089617
0.6940917969041038
0.9686279296583962
0.10980224609375
0.9607849120802712
0.1058807373046875
0.9980392455763649
0.006862640380859375
0.9975490569777321
0.006617546081542969
0.999877452821238
0.00042891502380371094
0.9998468160338234
0.00041359663009643555
0.9999923407740425
2.6807188987731934e-05
0.9999904259748291
2.584978938102722e-05
0.9999995212710928
1.6754493117332458e-06
0.999999401596142
1.6156118363142014e-06
0.9999999700521585
1.0471558198332787e-07
0.999999962572474
0.5000001009611879
0.749999998108251
0.875000006519258
0.6874999976425897
0.8437500062864274
0.9843749998544808
0.054687500407453626
0.980468749825377
0.5527343753783498
0.7490234374708962
0.87841796875
0.6862792968458962
0.8470458984375
0.9843139648146462
0.054901123046875
0.9803924560255837
0.05294036865234375
0.9990196227736305
0.0034313201904296875
0.9987745284743141
0.0033087730407714844
0.9999387263960671
0.00021445751190185547
0.9999234080023598
0.00020679831504821777
0.9999961703724694
1.3403594493865967e-05
0.9999952129728626
1.292489469051361e-05
0.9999997606209945
8.377246558666229e-07
0.9999997007835191
8.078059181571007e-07
0.9999999850115273
5.235779099166393e-08
0.499999981286237
0.750000050466042
0.8749999990395736
0.437500003259629
0.843749998806743
0.4218750031432137
0.9921874999126885
0.027343750203726813
0.4902343749126885
0.776367187674623
0.8745117187208962
0.439208984375
0.8431396484083962
0.42352294921875
0.9921569823927712
0.0274505615234375
0.9901962279982399
0.026470184326171875
0.9995098113722634
0.0017156600952148438
0.9993872642226052
0.0016543865203857422
0.9999693631834816
0.00010722875595092773
0.999961703986628
0.00010339915752410889
0.9999980851716828
6.701797246932983e-06
0.9999976064718794
6.462447345256805e-06
0.9999998802959453
4.1886232793331146e-07
0.9999998503772076
4.0390295907855034e-07
0.9999999924912117
0.5000000261643436
0.7499999906285666
0.375000025233021
0.9374999995052349
0.2187500016298145
0.9218749993888196
0.21093750157160684
0.9960937499417923
0.5136718750873115
0.7451171874417923
0.3881835938373115
0.9372558593458962
0.2196044921875
0.9215698241896462
0.211761474609375
0.9960784911818337
0.01372528076171875
0.995098113984568
0.013235092163085938
0.9997549056715798
0.0008578300476074219
0.9996936320967507
0.0008271932601928711
0.9999846815771889
5.361437797546387e-05
0.9999808519787621
5.169957876205444e-05
0.9999990425712895
3.3508986234664917e-06
0.9999988032213878
3.2312236726284027e-06
0.9999999401334208
2.0943116396665573e-07
0.9999999251740519
2.0195147953927517e-07
0.49999999624560587
0.7500000130676199
0.3749999953142833
0.6875000126019586
0.9687499997380655
0.10937500081490725
0.9609374996798579
0.10546875078580342
0.49804687497089617
0.7568359375291038
0.37255859372089617
0.6940917969041038
0.9686279296583962
0.10980224609375
0.9607849120802712
0.1058807373046875
0.9980392455763649
0.006862640380859375
0.9975490569777321
0.006617546081542969
0.999877452821238
0.00042891502380371094
0.9998468160338234
0.00041359663009643555
0.9999923407740425
2.6807188987731934e-05
0.9999904259748291
2.584978938102722e-05
0.9999995212710928
1.6754493117332458e-06
0.999999401596142
1.6156118363142014e-06
0.9999999700521585
1.0471558198332787e-07
0.999999962572474
0.5000001009611879
0.749999998108251
0.875000006519258
0.6874999976425897
0.8437500062864274
0.9843749998544808
0.054687500407453626
0.980468749825377
0.5527343753783498
0.7490234374708962
0.87841796875
0.6862792968458962
0.8470458984375
0.9843139648146462
0.054901123046875
0.9803924560255837
0.05294036865234375
0.9990196227736305
0.0034313201904296875
0.9987745284743141
0.0033087730407714844
0.9999387263960671
0.00021445751190185547
0.9999234080023598
0.00020679831504821777
0.9999961703724694
1.3403594493865967e-05
0.9999952129728626
1.292489469051361e-05
0.9999997606209945
8.377246558666229e-07
0.9999997007835191
8.078059181571007e-07
0.9999999850115273
5.235779099166393e-08
0.499999981286237
0.750000050466042
0.8749999990395736
0.437500003259629
0.843749998806743
0.4218750031432137
0.9921874999126885
0.027343750203726813
0.4902343749126885
0.776367187674623
0.8745117187208962
0.439208984375
0.8431396484083962
0.42352294921875
0.9921569823927712
0.0274505615234375
0.9901962279982399
0.026470184326171875
0.9995098113722634
0.0017156600952148438
0.9993872642226052
0.0016543865203857422
0.9999693631834816
0.00010722875595092773
0.999961703986628
0.00010339915752410889
0.9999980851716828
6.701797246932983e-06
0.9999976064718794
6.462447345256805e-06
0.9999998802959453
4.1886232793331146e-07
0.9999998503772076
4.0390295907855034e-07
0.9999999924912117
0.5000000261643436
0.7499999906285666
0.375000025233021
0.9374999995052349
0.2187500016298145
0.9218749993888196
0.21093750157160684
0.9960937499417923
0.5136718750873115
0.7451171874417923
0.3881835938373115
0.9372558593458962
0.2196044921875
0.9215698241896462
0.211761474609375
0.9960784911818337
0.01372528076171875
0.995098113984568
0.013235092163085938
0.9997549056715798
0.0008578300476074219
0.9996936320967507
0.0008271932601928711
0.9999846815771889
5.361437797546387e-05
0.9999808519787621
5.169957876205444e-05
0.9999990425712895
3.3508986234664917e-06
0.9999988032213878
3.2312236726284027e-06
0.9999999401334208
2.0943116396665573e-07
0.9999999251740519
2.0195147953927517e-07
0.49999999624560587
0.7500000130676199
0.3749999953142833
0.6875000126019586
0.9687499997380655
0.10937500081490725
0.9609374996798579
0.10546875078580342
0.49804687497089617
0.7568359375291038
0.37255859372089617
0.6940917969041038
0.9686279296583962
0.10980224609375
0.9607849120802712
0.1058807373046875
0.9980392455763649
0.006862640380859375
0.9975490569777321
0.006617546081542969
0.999877452821238
0.00042891502380371094
0.9998468160338234
0.00041359663009643555
0.9999923407740425
2.6807188987731934e-05
0.9999904259748291
2.584978938102722e-05
0.9999995212710928
1.6754493117332458e-06
0.999999401596142
1.6156118363142014e-06
0.9999999700521585
1.0471558198332787e-07
0.999999962572474
0.5000001009611879
0.749999998108251
0.875000006519258
0.6874999976425897
0.8437500062864274
0.9843749998544808
0.054687500407453626
0.980468749825377
0.5527343753783498
0.7490234374708962
0.87841796875
0.6862792968458962
0.8470458984375
0.9843139648146462
0.054901123046875
0.9803924560255837
0.05294036865234375
0.9990196227736305
0.0034313201904296875
0.9987745284743141
0.0033087730407714844
0.9999387263960671
0.00021445751190185547
0.9999234080023598
0.00020679831504821777
0.9999961703724694
1.3403594493865967e-05
0.9999952129728626
1.292489469051361e-05
0.9999997606209945
8.377246558666229e-07
0.9999997007835191
8.078059181571007e-07
0.9999999850115273
5.235779099166393e-08
0.499999981286237
0.750000050466042
0.8749999990395736
0.437500003259629
0.843749998806743
0.4218750031432137
0.9921874999126885
0.027343750203726813
0.4902343749126885
0.776367187674623
0.8745117187208962
0.439208984375
0.8431396484083962
0.42352294921875
0.9921569823927712
0.0274505615234375
0.9901962279982399
0.026470184326171875
0.9995098113722634
0.0017156600952148438
0.9993872642226052
0.0016543865203857422
0.9999693631834816
0.00010722875595092773
0.999961703986628
0.00010339915752410889
0.9999980851716828
6.701797246932983e-06
0.9999976064718794
6.462447345256805e-06
0.9999998802959453
4.1886232793331146e-07
0.9999998503772076
4.0390295907855034e-07
0.9999999924912117
0.5000000261643436
0.7499999906285666
0.375000025233021
0.9374999995052349
0.2187500016298145
0.9218749993888196
0.21093750157160684
0.9960937499417923
0.5136718750873115
0.7451171874417923
0.3881835938373115
0.9372558593458962
0.2196044921875
0.9215698241896462
0.211761474609375
0.9960784911818337
0.01372528076171875
0.995098113984568
0.013235092163085938
0.9997549056715798
0.0008578300476074219
0.9996936320967507
0.0008271932601928711
0.9999846815771889
5.361437797546387e-05
0.9999808519787621
5.169957876205444e-05
0.9999990425712895
3.3508986234664917e-06
0.9999988032213878
3.2312236726284027e-06
0.9999999401334208
2.0943116396665573e-07
0.9999999251740519
2.0195147953927517e-07
0.49999999624560587
0.7500000130676199
0.3749999953142833
0.6875000126019586
0.9687499997380655
0.10937500081490725
0.9609374996798579
0.10546875078580342
0.49804687497089617
0.7568359375291038
0.37255859372089617
0.6940917969041038
0.9686279296583962
0.10980224609375
0.9607849120802712
0.1058807373046875
0.9980392455763649
0.006862640380859375
0.9975490569777321
0.006617546081542969
0.999877452821238
0.00042891502380371094
0.9998468160338234
0.00041359663009643555
0.9999923407740425
2.6807188987731934e-05
0.9999904259748291
2.584978938102722e-05
0.9999995212710928
1.6754493117332458e-06
0.999999401596142
1.6156118363142014e-06
0.9999999700521585
1.0471558198332787e-07
0.999999962572474
0.5000001009611879
0.749999998108251
0.875000006519258
0.6874999976425897
0.8437500062864274
0.9843749998544808
0.054687500407453626
0.980468749825377
0.5527343753783498
0.7490234374708962
0.87841796875
0.6862792968458962
0.8470458984375
0.9843139648146462
0.054901123046875
0.9803924560255837
0.05294036865234375
0.9990196227736305
0.0034313201904296875
0.9987745284743141
0.0033087730407714844
0.9999387263960671
0.00021445751190185547
0.9999234080023598
0.00020679831504821777
0.9999961703724694
1.3403594493865967e-05
0.9999952129728626
1.292489469051361e-05
0.9999997606209945
8.377246558666229e-07
0.9999997007835191
8.078059181571007e-07
0.9999999850115273
5.235779099166393e-08
0.499999981286237
0.750000050466042
0.8749999990395736
0.437500003259629
0.843749998806743
0.4218750031432137
0.9921874999126885
0.027343750203726813
0.4902343749126885
0.776367187674623
0.8745117187208962
0.439208984375
0.8431396484083962
0.42352294921875
0.9921569823927712
0.0274505615234375
0.9901962279982399
0.026470184326171875
0.9995098113722634
0.0017156600952148438
0.9993872642226052
0.0016543865203857422
0.9999693631834816
0.00010722875595092773
0.999961703986628
0.00010339915752410889
0.9999980851716828
6.701797246932983e-06
0.9999976064718794
6.462447345256805e-06
0.9999998802959453
4.1886232793331146e-07
0.9999998503772076
4.0390295907855034e-07
0.9999999924912117
0.5000000261643436
0.7499999906285666
0.375000025233021
0.9374999995052349
0.2187500016298145
0.9218749993888196
0.21093750157160684
0.9960937499417923
0.5136718750873115
0.7451171874417923
0.3881835938373115
0.9372558593458962
0.2196044921875
0.9215698241896462
0.211761474609375
0.9960784911818337
0.01372528076171875
0.995098113984568
0.013235092163085938
0.9997549056715798
0.0008578300476074219
0.9996936320967507
0.0008271932601928711
0.9999846815771889
5.361437797546387e-05
0.9999808519787621
5.169957876205444e-05
0.9999990425712895
3.3508986234664917e-06
0.9999988032213878
3.2312236726284027e-06
0.9999999401334208
2.0943116396665573e-07
0.9999999251740519
2.0195147953927517e-07
0.49999999624560587
0.7500000130676199
0.3749999953142833
0.6875000126019586
0.9687499997380655
0.10937500081490725
0.9609374996798579
0.10546875078580342
0.49804687497089617
0.7568359375291038
0.37255859372089617
0.6940917969041038
0.9686279296583962
0.10980224609375
0.9607849120802712
0.1058807373046875
0.9980392455763649
0.006862640380859375
0.9975490569777321
0.006617546081542969
0.999877452821238
0.00042891502380371094
0.9998468160338234
0.00041359663009643555
0.9999923407740425
2.6807188987731934e-05
0.9999904259748291
2.584978938102722e-05
0.9999995212710928
1.6754493117332458e-06
0.999999401596142
1.6156118363142014e-06
0.9999999700521585
1.0471558198332787e-07
0.999999962572474
0.5000001009611879
0.749999998108251
0.875000006519258
0.6874999976425897
0.8437500062864274
0.9843749998544808
0.054687500407453626
0.980468749825377
0.5527343753783498
0.7490234374708962
0.87841796875
0.6862792968458962
0.8470458984375
0.9843139648146462
0.054901123046875
0.9803924560255837
0.05294036865234375
0.9990196227736305
0.0034313201904296875
0.9987745284743141
0.0033087730407714844
0.9999387263960671
0.00021445751190185547
0.9999234080023598
0.00020679831504821777
0.9999961703724694
1.3403594493865967e-05
0.9999952129728626
1.292489469051361e-05
0.9999997606209945
8.377246558666229e-07
0.9999997007835191
8.078059181571007e-07
0.9999999850115273
5.235779099166393e-08
0.499999981286237
0.750000050466042
0.8749999990395736
0.437500003259629
0.843749998806743
0.4218750031432137
0.9921874999126885
0.027343750203726813
0.4902343749126885
0.776367187674623
0.8745117187208962
0.439208984375
0.8431396484083962
0.42352294921875
0.9921569823927712
0.0274505615234375
0.9901962279982399
0.026470184326171875
0.9995098113722634
0.0017156600952148438
0.9993872642226052
0.0016543865203857422
0.9999693631834816
0.00010722875595092773
0.999961703986628
0.00010339915752410889
0.9999980851716828
6.701797246932983e-06
0.9999976064718794
6.462447345256805e-06
0.9999998802959453
4.1886232793331146e-07
0.9999998503772076
4.0390295907855034e-07
0.9999999924912117
0.5000000261643436
0.7499999906285666
0.375000025233021
0.9374999995052349
0.2187500016298145
0.9218749993888196
0.21093750157160684
0.9960937499417923
0.5136718750873115
0.7451171874417923
0.3881835938373115
0.9372558593458962
0.2196044921875
0.9215698241896462
0.211761474609375
0.9960784911818337
0.01372528076171875
0.995098113984568
0.013235092163085938
0.9997549056715798
0.0008578300476074219
0.9996936320967507
0.0008271932601928711
0.9999846815771889
5.361437797546387e-05
0.9999808519787621
5.169957876205444e-05
0.9999990425712895
3.3508986234664917e-06
0.9999988032213878
3.2312236726284027e-06
0.9999999401334208
2.0943116396665573e-07
0.9999999251740519
2.0195147953927517e-07
0.49999999624560587
0.7500000130676199
0.3749999953142833
0.6875000126019586
0.9687499997380655
0.10937500081490725
0.9609374996798579
0.10546875078580342
0.49804687497089617
0.7568359375291038
0.37255859372089617
0.6940917969041038
0.9686279296583962
0.10980224609375
0.9607849120802712
0.1058807373046875
0.9980392455763649
0.006862640380859375
0.9975490569777321
0.006617546081542969
0.999877452821238
0.00042891502380371094
0.9998468160338234
0.00041359663009643555
0.9999923407740425
2.6807188987731934e-05
0.9999904259748291
2.584978938102722e-05
0.9999995212710928
1.6754493117332458e-06
0.999999401596142
1.6156118363142014e-06
0.9999999700521585
1.0471558198332787e-07
0.999999962572474
0.5000001009611879
0.749999998108251
0.875000006519258
0.6874999976425897
0.8437500062864274
0.9843749998544808
0.054687500407453626
0.980468749825377
0.5527343753783498
0.7490234374708962
0.87841796875
0.6862792968458962
0.8470458984375
0.9843139648146462
0.054901123046875
0.9803924560255837
0.05294036865234375
0.9990196227736305
0.0034313201904296875
0.9987745284743141
0.0033087730407714844
0.9999387263960671
0.00021445751190185547
0.9999234080023598
0.00020679831504821777
0.9999961703724694
1.3403594493865967e-05
0.9999952129728626
1.292489469051361e-05
0.9999997606209945
8.377246558666229e-07
0.9999997007835191
8.078059181571007e-07
0.9999999850115273
5.235779099166393e-08
0.499999981286237
0.750000050466042
0.8749999990395736
0.437500003259629
0.843749998806743
0.4218750031432137
0.9921874999126885
0.027343750203726813
0.4902343749126885
0.776367187674623
0.8745117187208962
0.439208984375
0.8431396484083962
0.42352294921875
0.9921569823927712
0.0274505615234375
0.9901962279982399
0.026470184326171875
0.9995098113722634
0.0017156600952148438
0.9993872642226052
0.0016543865203857422
0.9999693631834816
0.00010722875595092773
0.999961703986628
0.00010339915752410889
0.9999980851716828
6.701797246932983e-06
0.9999976064718794
6.462447345256805e-06
0.9999998802959453
4.1886232793331146e-07
0.9999998503772076
4.0390295907855034e-07
0.9999999924912117
0.5000000261643436
0.7499999906285666
0.375000025233021
0.9374999995052349
0.2187500016298145
0.9218749993888196
0.21093750157160684
0.9960937499417923
0.5136718750873115
0.7451171874417923
0.3881835938373115
0.9372558593458962
0.2196044921875
0.9215698241896462
0.211761474609375
0.9960784911818337
0.01372528076171875
0.995098113984568
0.013235092163085938
0.9997549056715798
0.0008578300476074219
0.9996936320967507
0.0008271932601928711
0.9999846815771889
5.361437797546387e-05
0.9999808519787621
5.169957876205444e-05
0.9999990425712895
3.3508986234664917e-06
0.9999988032213878
3.2312236726284027e-06
0.9999999401334208
2.0943116396665573e-07
0.9999999251740519
2.0195147953927517e-07
0.49999999624560587
0.7500000130676199
0.3749999953142833
0.6875000126019586
0.9687499997380655
0.10937500081490725
0.9609374996798579
0.10546875078580342
0.49804687497089617
0.7568359375291038
0.37255859372089617
0.6940917969041038
0.9686279296583962
0.10980224609375
0.9607849120802712
0.1058807373046875
0.9980392455763649
0.006862640380859375
0.9975490569777321
0.006617546081542969
0.999877452821238
0.00042891502380371094
0.9998468160338234
0.00041359663009643555
0.9999923407740425
2.6807188987731934e-05
0.9999904259748291
2.584978938102722e-05
0.9999995212710928
1.6754493117332458e-06
0.999999401596142
1.6156118363142014e-06
0.9999999700521585
1.0471558198332787e-07
0.999999962572474
0.5000001009611879
0.749999998108251
0.875000006519258
0.6874999976425897
0.8437500062864274
0.9843749998544808
0.054687500407453626
0.980468749825377
0.5527343753783498
0.7490234374708962
0.87841796875
0.6862792968458962
0.8470458984375
0.9843139648146462
0.054901123046875
0.9803924560255837
0.05294036865234375
0.9990196227736305
0.0034313201904296875
0.9987745284743141
0.0033087730407714844
0.9999387263960671
0.00021445751190185547
0.9999234080023598
0.00020679831504821777
0.9999961703724694
1.3403594493865967e-05
0.9999952129728626
1.292489469051361e-05
0.9999997606209945
8.377246558666229e-07
0.9999997007835191
8.078059181571007e-07
0.9999999850115273
5.235779099166393e-08
0.499999981286237
0.750000050466042
0.8749999990395736
0.437500003259629
0.843749998806743
0.4218750031432137
0.9921874999126885
0.027343750203726813
0.4902343749126885
0.776367187674623
0.8745117187208962
0.439208984375
0.8431396484083962
0.42352294921875
0.9921569823927712
0.0274505615234375
0.9901962279982399
0.026470184326171875
0.9995098113722634
0.0017156600952148438
0.9993872642226052
0.0016543865203857422
0.9999693631834816
0.00010722875595092773
0.999961703986628
0.00010339915752410889
0.9999980851716828
6.701797246932983e-06
0.9999976064718794
6.462447345256805e-06
0.9999998802959453
4.1886232793331146e-07
0.9999998503772076
4.0390295907855034e-07
0.9999999924912117
0.5000000261643436
0.7499999906285666
0.375000025233021
0.9374999995052349
0.2187500016298145
0.9218749993888196
0.21093750157160684
0.9960937499417923
0.5136718750873115
0.7451171874417923
0.3881835938373115
0.9372558593458962
0.2196044921875
0.9215698241896462
0.211761474609375
0.9960784911818337
0.01372528076171875
0.995098113984568
0.013235092163085938
0.9997549056715798
0.0008578300476074219
0.9996936320967507
0.0008271932601928711
0.9999846815771889
5.361437797546387e-05
0.9999808519787621
5.169957876205444e-05
0.9999990425712895
3.3508986234664917e-06
0.9999988032213878
3.2312236726284027e-06
0.9999999401334208
2.0943116396665573e-07
0.9999999251740519
2.0195147953927517e-07
0.49999999624560587
0.7500000130676199
0.3749999953142833
0.6875000126019586
0.9687499997380655
0.10937500081490725
0.9609374996798579
0.10546875078580342
0.49804687497089617
0.7568359375291038
0.37255859372089617
0.6940917969041038
0.9686279296583962
0.10980224609375
0.9607849120802712
0.1058807373046875
0.9980392455763649
0.006862640380859375
0.9975490569777321
0.006617546081542969
0.999877452821238
0.00042891502380371094
0.9998468160338234
0.00041359663009643555
0.9999923407740425
2.6807188987731934e-05
0.9999904259748291
2.584978938102722e-05
0.9999995212710928
1.6754493117332458e-06
0.999999401596142
1.6156118363142014e-06
0.9999999700521585
1.0471558198332787e-07
0.999999962572474
0.5000001009611879
0.749999998108251
0.875000006519258
0.6874999976425897
0.8437500062864274
0.9843749998544808
0.054687500407453626
0.980468749825377
0.5527343753783498
0.7490234374708962
0.87841796875
0.6862792968458962
0.8470458984375
0.9843139648146462
0.054901123046875
0.9803924560255837
0.05294036865234375
0.9990196227736305
0.0034313201904296875
0.9987745284743141
0.0033087730407714844
0.9999387263960671
0.00021445751190185547
0.9999234080023598
0.00020679831504821777
0.9999961703724694
1.3403594493865967e-05
0.9999952129728626
1.292489469051361e-05
0.9999997606209945
8.377246558666229e-07
0.9999997007835191
8.078059181571007e-07
0.9999999850115273
5.235779099166393e-08
0.499999981286237
0.750000050466042
0.8749999990395736
0.437500003259629
0.843749998806743
0.4218750031432137
0.9921874999126885
0.027343750203726813
0.4902343749126885
0.776367187674623
0.8745117187208962
0.439208984375
0.8431396484083962
0.42352294921875
0.9921569823927712
0.0274505615234375
0.9901962279982399
0.026470184326171875
0.9995098113722634
0.0017156600952148438
0.9993872642226052
0.0016543865203857422
0.9999693631834816
0.00010722875595092773
0.999961703986628
0.00010339915752410889
0.9999980851716828
6.701797246932983e-06
0.9999976064718794
6.462447345256805e-06
0.9999998802959453
4.1886232793331146e-07
0.9999998503772076
4.0390295907855034e-07
0.9999999924912117
0.5000000261643436
0.7499999906285666
0.375000025233021
0.9374999995052349
0.2187500016298145
0.9218749993888196
0.21093750157160684
0.9960937499417923
0.5136718750873115
0.7451171874417923
0.3881835938373115
0.9372558593458962
0.2196044921875
0.9215698241896462
0.211761474609375
0.9960784911818337
0.01372528076171875
0.995098113984568
0.013235092163085938
0.9997549056715798
0.0008578300476074219
0.9996936320967507
0.0008271932601928711
0.9999846815771889
5.361437797546387e-05
0.9999808519787621
5.169957876205444e-05
0.9999990425712895
3.3508986234664917e-06
0.9999988032213878
3.2312236726284027e-06
0.9999999401334208
2.0943116396665573e-07
0.9999999251740519
2.0195147953927517e-07
0.49999999624560587
0.7500000130676199
0.3749999953142833
0.6875000126019586
0.9687499997380655
0.10937500081490725
0.9609374996798579
0.10546875078580342
0.49804687497089617
0.7568359375291038
0.37255859372089617
0.6940917969041038
0.9686279296583962
0.10980224609375
0.9607849120802712
0.1058807373046875
0.9980392455763649
0.006862640380859375
0.9975490569777321
0.006617546081542969
0.999877452821238
0.00042891502380371094
0.9998468160338234
0.00041359663009643555
0.9999923407740425
2.6807188987731934e-05
0.9999904259748291
2.584978938102722e-05
0.9999995212710928
1.6754493117332458e-06
0.999999401596142
1.6156118363142014e-06
0.9999999700521585
1.0471558198332787e-07
0.999999962572474
0.5000001009611879
0.749999998108251
0.875000006519258
0.6874999976425897
0.8437500062864274
0.9843749998544808
0.054687500407453626
0.980468749825377
0.5527343753783498
0.7490234374708962
0.87841796875
0.6862792968458962
0.8470458984375
0.9843139648146462
0.054901123046875
0.9803924560255837
0.05294036865234375
0.9990196227736305
0.0034313201904296875
0.9987745284743141
0.0033087730407714844
0.9999387263960671
0.00021445751190185547
0.9999234080023598
0.00020679831504821777
0.9999961703724694
1.3403594493865967e-05
0.9999952129728626
1.292489469051361e-05
0.9999997606209945
8.377246558666229e-07
0.9999997007835191
8.078059181571007e-07
0.9999999850115273
5.235779099166393e-08
0.499999981286237
0.750000050466042
0.8749999990395736
0.437500003259629
0.843749998806743
0.4218750031432137
0.9921874999126885
0.027343750203726813
0.4902343749126885
0.776367187674623
0.8745117187208962
0.439208984375
0.8431396484083962
0.42352294921875
0.9921569823927712
0.0274505615234375
0.9901962279982399
0.026470184326171875
0.9995098113722634
0.0017156600952148438
0.9993872642226052
0.0016543865203857422
0.9999693631834816
0.00010722875595092773
0.999961703986628
0.00010339915752410889
0.9999980851716828
6.701797246932983e-06
0.9999976064718794
6.462447345256805e-06
0.9999998802959453
4.1886232793331146e-07
0.9999998503772076
4.0390295907855034e-07
0.9999999924912117
0.5000000261643436
0.7499999906285666
0.375000025233021
0.9374999995052349
0.2187500016298145
0.9218749993888196
0.21093750157160684
0.9960937499417923
0.5136718750873115
0.7451171874417923
0.3881835938373115
0.9372558593458962
0.2196044921875
0.9215698241896462
0.211761474609375
0.9960784911818337
0.01372528076171875
0.995098113984568
0.013235092163085938
0.9997549056715798
0.0008578300476074219
0.9996936320967507
0.0008271932601928711
0.9999846815771889
5.361437797546387e-05
0.9999808519787621
5.169957876205444e-05
0.9999990425712895
3.3508986234664917e-06
0.9999988032213878
3.2312236726284027e-06
0.9999999401334208
2.0943116396665573e-07
0.9999999251740519
2.0195147953927517e-07
0.49999999624560587
0.7500000130676199
0.3749999953142833
0.6875000126019586
0.9687499997380655
0.10937500081490725
0.9609374996798579
0.10546875078580342
0.49804687497089617
0.7568359375291038
0.37255859372089617
0.6940917969041038
0.9686279296583962
0.10980224609375
0.9607849120802712
0.1058807373046875
0.9980392455763649
0.006862640380859375
0.9975490569777321
0.006617546081542969
0.999877452821238
0.00042891502380371094
0.9998468160338234
0.00041359663009643555
0.9999923407740425
2.6807188987731934e-05
0.9999904259748291
2.584978938102722e-05
0.9999995212710928
1.6754493117332458e-06
0.999999401596142
1.6156118363142014e-06
0.9999999700521585
1.0471558198332787e-07
0.999999962572474
0.5000001009611879
0.749999998108251
0.875000006519258
0.6874999976425897
0.8437500062864274
0.9843749998544808
0.054687500407453626
0.980468749825377
0.5527343753783498
0.7490234374708962
0.87841796875
0.6862792968458962
0.8470458984375
0.9843139648146462
0.054901123046875
0.9803924560255837
0.05294036865234375
0.9990196227736305
0.0034313201904296875
0.9987745284743141
0.0033087730407714844
0.9999387263960671
0.00021445751190185547
0.9999234080023598
0.00020679831504821777
0.9999961703724694
1.3403594493865967e-05
0.9999952129728626
1.292489469051361e-05
0.9999997606209945
8.377246558666229e-07
0.9999997007835191
8.078059181571007e-07
0.9999999850115273
5.235779099166393e-08
0.499999981286237
0.750000050466042
0.8749999990395736
0.437500003259629
0.843749998806743
0.4218750031432137
0.9921874999126885
0.027343750203726813
0.4902343749126885
0.776367187674623
0.8745117187208962
0.439208984375
0.8431396484083962
0.42352294921875
0.9921569823927712
0.0274505615234375
0.9901962279982399
0.026470184326171875
0.9995098113722634
0.0017156600952148438
0.9993872642226052
0.0016543865203857422
0.9999693631834816
0.00010722875595092773
0.999961703986628
0.00010339915752410889
0.9999980851716828
6.701797246932983e-06
0.9999976064718794
6.462447345256805e-06
0.9999998802959453
4.1886232793331146e-07
0.9999998503772076
4.0390295907855034e-07
0.9999999924912117
0.5000000261643436
0.7499999906285666
0.375000025233021
0.9374999995052349
0.2187500016298145
0.9218749993888196
0.21093750157160684
0.9960937499417923
0.5136718750873115
0.7451171874417923
0.3881835938373115
0.9372558593458962
0.2196044921875
0.9215698241896462
0.211761474609375
0.9960784911818337
0.01372528076171875
0.995098113984568
0.013235092163085938
0.9997549056715798
0.0008578300476074219
0.9996936320967507
0.0008271932601928711
0.9999846815771889
5.361437797546387e-05
0.9999808519787621
5.169957876205444e-05
0.9999990425712895
3.3508986234664917e-06
0.9999988032213878
3.2312236726284027e-06
0.9999999401334208
2.0943116396665573e-07
0.9999999251740519
2.0195147953927517e-07
0.49999999624560587
0.7500000130676199
0.3749999953142833
0.6875000126019586
0.9687499997380655
0.10937500081490725
0.9609374996798579
0.10546875078580342
0.49804687497089617
0.7568359375291038
0.37255859372089617
0.6940917969041038
0.9686279296583962
0.10980224609375
0.9607849120802712
0.1058807373046875
0.9980392455763649
0.006862640380859375
0.9975490569777321
0.006617546081542969
0.999877452821238
0.00042891502380371094
0.9998468160338234
0.00041359663009643555
0.9999923407740425
2.6807188987731934e-05
0.9999904259748291
2.584978938102722e-05
0.9999995212710928
1.6754493117332458e-06
0.999999401596142
1.6156118363142014e-06
0.9999999700521585
1.0471558198332787e-07
0.999999962572474
0.5000001009611879
0.749999998108251
0.875000006519258
0.6874999976425897
0.8437500062864274
0.9843749998544808
0.054687500407453626
0.980468749825377
0.5527343753783498
0.7490234374708962
0.87841796875
0.6862792968458962
0.8470458984375
0.9843139648146462
0.054901123046875
0.9803924560255837
0.05294036865234375
0.9990196227736305
0.0034313201904296875
0.9987745284743141
0.0033087730407714844
0.9999387263960671
0.00021445751190185547
0.9999234080023598
0.00020679831504821777
0.9999961703724694
1.3403594493865967e-05
0.9999952129728626
1.292489469051361e-05
0.9999997606209945
8.377246558666229e-07
0.9999997007835191
8.078059181571007e-07
0.9999999850115273
5.235779099166393e-08
0.499999981286237
0.750000050466042
0.8749999990395736
0.437500003259629
0.843749998806743
0.4218750031432137
0.9921874999126885
0.027343750203726813
0.4902343749126885
0.776367187674623
0.8745117187208962
0.439208984375
0.8431396484083962
0.42352294921875
0.9921569823927712
0.0274505615234375
0.9901962279982399
0.026470184326171875
0.9995098113722634
0.0017156600952148438
0.9993872642226052
0.0016543865203857422
0.9999693631834816
0.00010722875595092773
0.999961703986628
0.00010339915752410889
0.9999980851716828
6.701797246932983e-06
0.9999976064718794
6.462447345256805e-06
0.9999998802959453
4.1886232793331146e-07
0.9999998503772076
4.0390295907855034e-07
0.9999999924912117
0.5000000261643436
0.7499999906285666
0.375000025233021
0.9374999995052349
0.2187500016298145
0.9218749993888196
0.21093750157160684
0.9960937499417923
0.5136718750873115
0.7451171874417923
0.3881835938373115
0.9372558593458962
0.2196044921875
0.9215698241896462
0.211761474609375
0.9960784911818337
0.01372528076171875
0.995098113984568
0.013235092163085938
0.9997549056715798
0.0008578300476074219
0.9996936320967507
0.0008271932601928711
0.9999846815771889
5.361437797546387e-05
0.9999808519787621
5.169957876205444e-05
0.9999990425712895
3.3508986234664917e-06
0.9999988032213878
3.2312236726284027e-06
0.9999999401334208
2.0943116396665573e-07
0.9999999251740519
2.0195147953927517e-07
0.49999999624560587
0.7500000130676199
0.3749999953142833
0.6875000126019586
0.9687499997380655
0.10937500081490725
0.9609374996798579
0.10546875078580342
0.49804687497089617
0.7568359375291038
0.37255859372089617
0.6940917969041038
0.9686279296583962
0.10980224609375
0.9607849120802712
0.1058807373046875
0.9980392455763649
0.006862640380859375
0.9975490569777321
0.006617546081542969
0.999877452821238
0.00042891502380371094
0.9998468160338234
0.00041359663009643555
0.9999923407740425
2.6807188987731934e-05
0.9999904259748291
2.584978938102722e-05
0.9999995212710928
1.6754493117332458e-06
0.999999401596142
1.6156118363142014e-06
0.9999999700521585
1.0471558198332787e-07
0.999999962572474
0.5000001009611879
0.749999998108251
0.875000006519258
0.6874999976425897
0.8437500062864274
0.9843749998544808
0.054687500407453626
0.980468749825377
0.5527343753783498
0.7490234374708962
0.87841796875
0.6862792968458962
0.8470458984375
0.9843139648146462
0.054901123046875
0.9803924560255837
0.05294036865234375
0.9990196227736305
0.0034313201904296875
0.9987745284743141
0.0033087730407714844
0.9999387263960671
0.00021445751190185547
0.9999234080023598
0.00020679831504821777
0.9999961703724694
1.3403594493865967e-05
0.9999952129728626
1.292489469051361e-05
0.9999997606209945
8.377246558666229e-07
0.9999997007835191
8.078059181571007e-07
0.9999999850115273
5.235779099166393e-08
0.499999981286237
0.750000050466042
0.8749999990395736
0.437500003259629
0.843749998806743
0.4218750031432137
0.9921874999126885
0.027343750203726813
0.4902343749126885
0.776367187674623
0.8745117187208962
0.439208984375
0.8431396484083962
0.42352294921875
0.9921569823927712
0.0274505615234375
0.9901962279982399
0.026470184326171875
0.9995098113722634
0.0017156600952148438
0.9993872642226052
0.0016543865203857422
0.9999693631834816
0.00010722875595092773
0.999961703986628
0.00010339915752410889
0.9999980851716828
6.701797246932983e-06
0.9999976064718794
6.462447345256805e-06
0.9999998802959453
4.1886232793331146e-07
0.9999998503772076
4.0390295907855034e-07
0.9999999924912117
0.5000000261643436
0.7499999906285666
0.375000025233021
0.9374999995052349
0.2187500016298145
0.9218749993888196
0.21093750157160684
0.9960937499417923
0.5136718750873115
0.7451171874417923
0.3881835938373115
0.9372558593458962
0.2196044921875
0.9215698241896462
0.211761474609375
0.9960784911818337
0.01372528076171875
0.995098113984568
0.013235092163085938
0.9997549056715798
0.0008578300476074219
0.9996936320967507
0.0008271932601928711
0.9999846815771889
5.361437797546387e-05
0.9999808519787621
5.169957876205444e-05
0.9999990425712895
3.3508986234664917e-06
0.9999988032213878
3.2312236726284027e-06
0.9999999401334208
2.0943116396665573e-07
0.9999999251740519
2.0195147953927517e-07
0.49999999624560587
0.7500000130676199
0.3749999953142833
0.6875000126019586
0.9687499997380655
0.10937500081490725
0.9609374996798579
0.10546875078580342
0.49804687497089617
0.7568359375291038
0.37255859372089617
0.6940917969041038
0.9686279296583962
0.10980224609375
0.9607849120802712
0.1058807373046875
0.9980392455763649
0.006862640380859375
0.9975490569777321
0.006617546081542969
0.999877452821238
0.00042891502380371094
0.9998468160338234
0.00041359663009643555
0.9999923407740425
2.6807188987731934e-05
0.9999904259748291
2.584978938102722e-05
0.9999995212710928
1.6754493117332458e-06
0.999999401596142
1.6156118363142014e-06
0.9999999700521585
1.0471558198332787e-07
0.999999962572474
0.5000001009611879
0.749999998108251
0.875000006519258
0.6874999976425897
0.8437500062864274
0.9843749998544808
0.054687500407453626
0.980468749825377
0.5527343753783498
0.7490234374708962
0.87841796875
0.6862792968458962
0.8470458984375
0.9843139648146462
0.054901123046875
0.9803924560255837
0.05294036865234375
0.9990196227736305
0.0034313201904296875
0.9987745284743141
0.0033087730407714844
0.9999387263960671
0.00021445751190185547
0.9999234080023598
0.00020679831504821777
0.9999961703724694
1.3403594493865967e-05
0.9999952129728626
1.292489469051361e-05
0.9999997606209945
8.377246558666229e-07
0.9999997007835191
8.078059181571007e-07
0.9999999850115273
5.235779099166393e-08
0.499999981286237
0.750000050466042
0.8749999990395736
0.437500003259629
0.843749998806743
0.4218750031432137
0.9921874999126885
0.027343750203726813
0.4902343749126885
0.776367187674623
0.8745117187208962
0.439208984375
0.8431396484083962
0.42352294921875
0.9921569823927712
0.0274505615234375
0.9901962279982399
0.026470184326171875
0.9995098113722634
0.0017156600952148438
0.9993872642226052
0.0016543865203857422
0.9999693631834816
0.00010722875595092773
0.999961703986628
0.00010339915752410889
0.9999980851716828
6.701797246932983e-06
0.9999976064718794
6.462447345256805e-06
0.9999998802959453
4.1886232793331146e-07
0.9999998503772076
4.0390295907855034e-07
0.9999999924912117
0.5000000261643436
0.7499999906285666
0.375000025233021
0.9374999995052349
0.2187500016298145
0.9218749993888196
0.21093750157160684
0.9960937499417923
0.5136718750873115
0.7451171874417923
0.3881835938373115
0.9372558593458962
