0.37416388938436285
0.6887584872310981
0.4673583031690214
0.8624548592488281
0.9602574035234284
0.10705563053488731
0.99969493408571
0.0009460104629397392
0.9996186489879619
0.0006942169275134802
0.9994927340594586
0.001768039248418063
0.9993660374893807
0.5016912483552005
0.7499379421933554
0.37521719475626014
0.9374226475774776
0.2189595045056194
0.9218739078787621
0.21094130695564672
0.9960918696015142
0.5136747263313737
0.7451148291002028
0.38819098376552574
0.9372528824314941
0.2196099150169175
0.42156586368218996
0.961775287927594
0.6210887954512145
0.701185088546481
0.46386670143692754
0.8725602915219497
0.44506775168702006
0.8406998726713937
0.4274291837355122
0.9959412160387728
0.014144878106890246
0.49492650423781015
0.7635307292803191
0.8745021886134055
0.4392385458922945
0.84312773385318
0.9235446452221368
0.24217164536821656
0.4023990034183953
0.9277145566302352
0.7451700418896507
0.8901347741484642
0.6814032755501103
0.8548559676855803
0.9918888462416362
0.028289732988923788
0.9898531210783403
0.027061384986154735
0.9990045704471413
0.0034770889615174383
0.4987554815306794
0.7533392811019439
0.37496831579483114
0.6876105067494791
0.9687103637261316
0.609480708517367
0.7109336115827318
0.9804823323502205
0.560542013583472
0.7255989815457724
0.41943346997140907
0.9675297285139095
0.11315902485512197
0.9594120339897927
0.1082458344171755
0.9960175090818666
0.5139083672256675
0.7450218710000627
0.3883571619808208
0.9373731629748363
0.21919202743447386
0.42171645324560814
0.9613603352627251
0.12107819339144044
0.4512262045464013
0.838847741659265
0.9351107701368164
0.2263178639113903
0.9188249688304495
0.21649107988923788
0.9920365637808573
0.027816711692139506
0.9900438523327466
0.026714248990174383
0.9997465264168568
0.500884054141352
0.7496829100127798
0.8758456682553515
0.6874688928073738
0.8438586590054911
0.4843361087841913
0.8047918525116984
0.35546775985858403
0.7402378283150028
0.9052721988409758
0.6752962721220683
0.865966675337404
0.9681400728586596
0.11126693792175502
0.9601749681460205
0.10685729593387805
0.49898530400241725
0.7535362195048947
0.3737316260521766
0.6908826823055279
0.9686255471315235
0.6098096364585217
0.7107819334487431
0.48088616129825823
0.8105429113202263
0.35059975084732287
0.7319286391430069
0.9362925104505848
0.22253369353711605
0.9203508188656997
0.21371399192139506
0.9979722115385812
0.007072433247230947
0.9974632802477572
0.006765346246538684
0.49975114260450937
0.7508692722185515
0.874688870360842
0.43833482026821
0.8437420789268799
0.9219026266655419
0.2421775909315329
0.4023701771220658
0.9277334028738551
0.7451205830730032
0.8901355033740401
0.6813997453718912
0.8548583674710244
0.9918824321066495
0.028289756213780493
0.9898530084756203
0.527061458589742
0.7490043772559147
0.878477091784589
0.6862554677354638
0.8470892904733773
0.4843432907364331
0.8047980068367906
0.8554291132895742
0.4903400838084053
0.7802695483260322
0.36280655112932436
0.7097119354002643
0.9837776925123762
0.056579465977847576
0.9797062421857845
0.05412276997230947
0.9980091409233864
0.006954177923034877
0.9975109630613588
0.5066785622329917
0.7499366315896623
0.37522101352806203
0.9374207274813671
0.21896141706383787
0.4218672231945675
0.9609646647295449
0.12108402719604783
0.45119796312064864
0.8388669399428181
0.9350594570569228
0.22631804971024394
0.9188240680086892
0.216491668834351
0.992035018192837
0.027816734480438754
0.4900437420292292
0.7767143239616416
0.8747463259787764
0.4383840548689477
0.8434329064912163
0.9227206705545541
0.24215638678288087
0.9024524090928026
0.6776954833476339
0.8702215403027367
0.4526357278227806
0.8376499376900028
0.43298215977847576
0.9840731275908183
0.05563342338427901
0.980087704694597
0.053428497980348766
0.9994930528628174
0.0017681083118077368
0.49936582005466335
0.7516913365398068
0.3749377856438514
0.687717318040086
0.9686722175683826
0.6095837050525006
0.7109355197171681
0.4804756566591095
0.8105443977110554
0.3505925442732405
0.7319333507039119
0.9362801457464229
0.22253387584351003
0.9203499363211449
0.2137145918677561
0.9979706080048345
0.5070724390388932
0.7474632521043532
0.38176536464015953
0.9372510942921508
0.21961927294614725
0.42156386692659
0.9617723225965165
0.6210858226695564
0.7011995016946457
0.4638572783151176
0.8725850209302735
0.4450673870742321
0.8407016377605032
0.4274279838427901
0.9959444231062662
0.014144866494461894
0.9949265605246183
0.013530692493077368
0.9995022852090187
0.5017385444662068
0.7493777407507878
0.87666964053642
0.6874841578828637
0.8438052533601876
0.4843551818630658
0.8047403542441316
0.855466805776814
0.49024116617511027
0.7802710067771841
0.3627994907728862
0.7097167349711526
0.9837648642424028
0.056579512427560985
0.9797060169803444
0.05412291720858775
0.4980087545409333
0.7569541835982818
0.37251093550003134
0.6941785809758585
0.9686865814728662
0.609596013702685
0.7108582266082522
0.9806801676168106
0.5605390966811683
0.7256131022586487
0.4194238708296325
0.9675553850538563
0.11315893195569515
0.9594124844006728
0.10824553994461894
0.9960182818758767
0.013908355846069753
0.9950219261518214
0.013357124495087191
0.4998732632084284
0.7504420270561241
0.874841454991838
0.43792283412767574
0.843734446389135
0.9219293294881936
0.24216805439209566
0.9023959262412973
0.6777338799147401
0.8701189141429495
0.4526360994204879
0.8376481360464823
0.432983337668702
0.9840700364147779
0.05563346896087751
0.9800874840584584
0.5534286479523871
0.7494926519866567
0.8767681097378954
0.6868658130115364
0.845441341138212
0.48431277356576174
0.8049048182147089
0.35539096672437154
0.7404430806345772
0.9052714556455612
0.6752998754091095
0.8659643195569515
0.9681462552107405
0.11126684676855803
0.9601754094182979
0.10685699596069753
0.9989861057547387
0.0035362166236154735
0.9987316401093267
0.5033826731087174
0.7498755712877028
0.37543463610927574
0.9373444351658691
0.219167410134105
0.42187103946343996
0.960951313318219
0.6210887954512145
0.701185088546481
0.46386670143692754
0.8725602915219497
0.44506775168702006
0.8406998726713937
0.4274291837355122
0.9959412160387728
0.014144878106890246
0.49492650423781015
0.7635307292803191
0.8745021886134055
0.4392385458922945
0.84312773385318
0.9235446452221368
0.24217164536821656
0.4023990034183953
0.9277145566302352
0.7451700418896507
0.8901347741484642
0.6814032755501103
0.8548559676855803
0.9918888462416362
0.028289732988923788
0.9898531210783403
0.027061384986154735
0.9990045704471413
0.0034770889615174383
0.4987554815306794
0.7533392811019439
0.37496831579483114
0.6876105067494791
0.9687103637261316
0.609480708517367
0.7109336115827318
0.9804823323502205
0.560542013583472
0.7255989815457724
0.41943346997140907
0.9675297285139095
0.11315902485512197
0.9594120339897927
0.1082458344171755
0.9960175090818666
0.5139083672256675
0.7450218710000627
0.3883571619808208
0.9373731629748363
0.21919202743447386
0.42171645324560814
0.9613603352627251
0.12107819339144044
0.4512262045464013
0.838847741659265
0.9351107701368164
0.2263178639113903
0.9188249688304495
0.21649107988923788
0.9920365637808573
0.027816711692139506
0.9900438523327466
0.026714248990174383
0.9997465264168568
0.500884054141352
0.7496829100127798
0.8758456682553515
0.6874688928073738
0.8438586590054911
0.4843361087841913
0.8047918525116984
0.35546775985858403
0.7402378283150028
0.9052721988409758
0.6752962721220683
0.865966675337404
0.9681400728586596
0.11126693792175502
0.9601749681460205
0.10685729593387805
0.49898530400241725
0.7535362195048947
0.3737316260521766
0.6908826823055279
0.9686255471315235
0.6098096364585217
0.7107819334487431
0.48088616129825823
0.8105429113202263
0.35059975084732287
0.7319286391430069
0.9362925104505848
0.22253369353711605
0.9203508188656997
0.21371399192139506
0.9979722115385812
0.007072433247230947
0.9974632802477572
0.006765346246538684
0.49975114260450937
0.7508692722185515
0.874688870360842
0.43833482026821
0.8437420789268799
0.9219026266655419
0.2421775909315329
0.4023701771220658
0.9277334028738551
0.7451205830730032
0.8901355033740401
0.6813997453718912
0.8548583674710244
0.9918824321066495
0.028289756213780493
0.9898530084756203
0.527061458589742
0.7490043772559147
0.878477091784589
0.6862554677354638
0.8470892904733773
0.4843432907364331
0.8047980068367906
0.8554291132895742
0.4903400838084053
0.7802695483260322
0.36280655112932436
0.7097119354002643
0.9837776925123762
0.056579465977847576
0.9797062421857845
0.05412276997230947
0.9980091409233864
0.006954177923034877
0.9975109630613588
0.5066785622329917
0.7499366315896623
0.37522101352806203
0.9374207274813671
0.21896141706383787
0.4218672231945675
0.9609646647295449
0.12108402719604783
0.45119796312064864
0.8388669399428181
0.9350594570569228
0.22631804971024394
0.9188240680086892
0.216491668834351
0.992035018192837
0.027816734480438754
0.4900437420292292
0.7767143239616416
0.8747463259787764
0.4383840548689477
0.8434329064912163
0.9227206705545541
0.24215638678288087
0.9024524090928026
0.6776954833476339
0.8702215403027367
0.4526357278227806
0.8376499376900028
0.43298215977847576
0.9840731275908183
0.05563342338427901
0.980087704694597
0.053428497980348766
0.9994930528628174
0.0017681083118077368
0.49936582005466335
0.7516913365398068
0.3749377856438514
0.687717318040086
0.9686722175683826
0.6095837050525006
0.7109355197171681
0.4804756566591095
0.8105443977110554
0.3505925442732405
0.7319333507039119
0.9362801457464229
0.22253387584351003
0.9203499363211449
0.2137145918677561
0.9979706080048345
0.5070724390388932
0.7474632521043532
0.38176536464015953
0.9372510942921508
0.21961927294614725
0.42156386692659
0.9617723225965165
0.6210858226695564
0.7011995016946457
0.4638572783151176
0.8725850209302735
0.4450673870742321
0.8407016377605032
0.4274279838427901
0.9959444231062662
0.014144866494461894
0.9949265605246183
0.013530692493077368
0.9995022852090187
0.5017385444662068
0.7493777407507878
0.87666964053642
0.6874841578828637
0.8438052533601876
0.4843551818630658
0.8047403542441316
0.855466805776814
0.49024116617511027
0.7802710067771841
0.3627994907728862
0.7097167349711526
0.9837648642424028
0.056579512427560985
0.9797060169803444
0.05412291720858775
0.4980087545409333
0.7569541835982818
0.37251093550003134
0.6941785809758585
0.9686865814728662
0.609596013702685
0.7108582266082522
0.9806801676168106
0.5605390966811683
0.7256131022586487
0.4194238708296325
0.9675553850538563
0.11315893195569515
0.9594124844006728
0.10824553994461894
0.9960182818758767
0.013908355846069753
0.9950219261518214
0.013357124495087191
0.4998732632084284
0.7504420270561241
0.874841454991838
0.43792283412767574
0.843734446389135
0.9219293294881936
0.24216805439209566
0.9023959262412973
0.6777338799147401
0.8701189141429495
0.4526360994204879
0.8376481360464823
0.432983337668702
0.9840700364147779
0.05563346896087751
0.9800874840584584
0.5534286479523871
0.7494926519866567
0.8767681097378954
0.6868658130115364
0.845441341138212
0.48431277356576174
0.8049048182147089
0.35539096672437154
0.7404430806345772
0.9052714556455612
0.6752998754091095
0.8659643195569515
0.9681462552107405
0.11126684676855803
0.9601754094182979
0.10685699596069753
0.9989861057547387
0.0035362166236154735
0.9987316401093267
0.5033826731087174
0.7498755712877028
0.37543463610927574
0.9373444351658691
0.219167410134105
0.42187103946343996
0.960951313318219
0.6210887954512145
0.701185088546481
0.46386670143692754
0.8725602915219497
0.44506775168702006
0.8406998726713937
0.4274291837355122
0.9959412160387728
0.014144878106890246
0.49492650423781015
0.7635307292803191
0.8745021886134055
0.4392385458922945
0.84312773385318
0.9235446452221368
0.24217164536821656
0.4023990034183953
0.9277145566302352
0.7451700418896507
0.8901347741484642
0.6814032755501103
0.8548559676855803
0.9918888462416362
0.028289732988923788
0.9898531210783403
0.027061384986154735
0.9990045704471413
0.0034770889615174383
0.4987554815306794
0.7533392811019439
0.37496831579483114
0.6876105067494791
0.9687103637261316
0.609480708517367
0.7109336115827318
0.9804823323502205
0.560542013583472
0.7255989815457724
0.41943346997140907
0.9675297285139095
0.11315902485512197
0.9594120339897927
0.1082458344171755
0.9960175090818666
0.5139083672256675
0.7450218710000627
0.3883571619808208
0.9373731629748363
0.21919202743447386
0.42171645324560814
0.9613603352627251
0.12107819339144044
0.4512262045464013
0.838847741659265
0.9351107701368164
0.2263178639113903
0.9188249688304495
0.21649107988923788
0.9920365637808573
0.027816711692139506
0.9900438523327466
0.026714248990174383
0.9997465264168568
0.500884054141352
0.7496829100127798
0.8758456682553515
0.6874688928073738
0.8438586590054911
0.4843361087841913
0.8047918525116984
0.35546775985858403
0.7402378283150028
0.9052721988409758
0.6752962721220683
0.865966675337404
0.9681400728586596
0.11126693792175502
0.9601749681460205
0.10685729593387805
0.49898530400241725
0.7535362195048947
0.3737316260521766
0.6908826823055279
0.9686255471315235
0.6098096364585217
0.7107819334487431
0.48088616129825823
0.8105429113202263
0.35059975084732287
0.7319286391430069
0.9362925104505848
0.22253369353711605
0.9203508188656997
0.21371399192139506
0.9979722115385812
0.007072433247230947
0.9974632802477572
0.006765346246538684
0.49975114260450937
0.7508692722185515
0.874688870360842
0.43833482026821
0.8437420789268799
0.9219026266655419
0.2421775909315329
0.4023701771220658
0.9277334028738551
0.7451205830730032
0.8901355033740401
0.6813997453718912
0.8548583674710244
0.9918824321066495
0.028289756213780493
0.9898530084756203
0.527061458589742
0.7490043772559147
0.878477091784589
0.6862554677354638
0.8470892904733773
0.4843432907364331
0.8047980068367906
0.8554291132895742
0.4903400838084053
0.7802695483260322
0.36280655112932436
0.7097119354002643
0.9837776925123762
0.056579465977847576
0.9797062421857845
0.05412276997230947
0.9980091409233864
0.006954177923034877
0.9975109630613588
0.5066785622329917
0.7499366315896623
0.37522101352806203
0.9374207274813671
0.21896141706383787
0.4218672231945675
0.9609646647295449
0.12108402719604783
0.45119796312064864
0.8388669399428181
0.9350594570569228
0.22631804971024394
0.9188240680086892
0.216491668834351
0.992035018192837
0.027816734480438754
0.4900437420292292
0.7767143239616416
0.8747463259787764
0.4383840548689477
0.8434329064912163
0.9227206705545541
0.24215638678288087
0.9024524090928026
0.6776954833476339
0.8702215403027367
0.4526357278227806
0.8376499376900028
0.43298215977847576
0.9840731275908183
0.05563342338427901
0.980087704694597
0.053428497980348766
0.9994930528628174
0.0017681083118077368
0.49936582005466335
0.7516913365398068
0.3749377856438514
0.687717318040086
0.9686722175683826
0.6095837050525006
0.7109355197171681
0.4804756566591095
0.8105443977110554
0.3505925442732405
0.7319333507039119
0.9362801457464229
0.22253387584351003
0.9203499363211449
0.2137145918677561
0.9979706080048345
0.5070724390388932
0.7474632521043532
0.38176536464015953
0.9372510942921508
0.21961927294614725
0.42156386692659
0.9617723225965165
0.6210858226695564
0.7011995016946457
0.4638572783151176
0.8725850209302735
0.4450673870742321
0.8407016377605032
0.4274279838427901
0.9959444231062662
0.014144866494461894
0.9949265605246183
0.013530692493077368
0.9995022852090187
0.5017385444662068
0.7493777407507878
0.87666964053642
0.6874841578828637
0.8438052533601876
0.4843551818630658
0.8047403542441316
0.855466805776814
0.49024116617511027
0.7802710067771841
0.3627994907728862
0.7097167349711526
0.9837648642424028
0.056579512427560985
0.9797060169803444
0.05412291720858775
0.4980087545409333
0.7569541835982818
0.37251093550003134
0.6941785809758585
0.9686865814728662
0.609596013702685
0.7108582266082522
0.9806801676168106
0.5605390966811683
0.7256131022586487
0.4194238708296325
0.9675553850538563
0.11315893195569515
0.9594124844006728
0.10824553994461894
0.9960182818758767
0.013908355846069753
0.9950219261518214
0.013357124495087191
0.4998732632084284
0.7504420270561241
0.874841454991838
0.43792283412767574
0.843734446389135
0.9219293294881936
0.24216805439209566
0.9023959262412973
0.6777338799147401
0.8701189141429495
0.4526360994204879
0.8376481360464823
0.432983337668702
0.9840700364147779
0.05563346896087751
0.9800874840584584
0.5534286479523871
0.7494926519866567
0.8767681097378954
0.6868658130115364
0.845441341138212
0.48431277356576174
0.8049048182147089
0.35539096672437154
0.7404430806345772
0.9052714556455612
0.6752998754091095
0.8659643195569515
0.9681462552107405
0.11126684676855803
0.9601754094182979
0.10685699596069753
0.9989861057547387
0.0035362166236154735
0.9987316401093267
0.5033826731087174
0.7498755712877028
0.37543463610927574
0.9373444351658691
0.219167410134105
0.42187103946343996
0.960951313318219
0.6210887954512145
0.701185088546481
0.46386670143692754
0.8725602915219497
0.44506775168702006
0.8406998726713937
0.4274291837355122
0.9959412160387728
0.014144878106890246
0.49492650423781015
0.7635307292803191
0.8745021886134055
0.4392385458922945
0.84312773385318
0.9235446452221368
0.24217164536821656
0.4023990034183953
0.9277145566302352
0.7451700418896507
0.8901347741484642
0.6814032755501103
0.8548559676855803
0.9918888462416362
0.028289732988923788
0.9898531210783403
0.027061384986154735
0.9990045704471413
0.0034770889615174383
0.4987554815306794
0.7533392811019439
0.37496831579483114
0.6876105067494791
0.9687103637261316
0.609480708517367
0.7109336115827318
0.9804823323502205
0.560542013583472
0.7255989815457724
0.41943346997140907
0.9675297285139095
0.11315902485512197
0.9594120339897927
0.1082458344171755
0.9960175090818666
0.5139083672256675
0.7450218710000627
0.3883571619808208
0.9373731629748363
0.21919202743447386
0.42171645324560814
0.9613603352627251
0.12107819339144044
0.4512262045464013
0.838847741659265
0.9351107701368164
0.2263178639113903
0.9188249688304495
0.21649107988923788
0.9920365637808573
0.027816711692139506
0.9900438523327466
0.026714248990174383
0.9997465264168568
0.500884054141352
0.7496829100127798
0.8758456682553515
0.6874688928073738
0.8438586590054911
0.4843361087841913
0.8047918525116984
0.35546775985858403
0.7402378283150028
0.9052721988409758
0.6752962721220683
0.865966675337404
0.9681400728586596
0.11126693792175502
0.9601749681460205
0.10685729593387805
0.49898530400241725
0.7535362195048947
0.3737316260521766
0.6908826823055279
0.9686255471315235
0.6098096364585217
0.7107819334487431
0.48088616129825823
0.8105429113202263
0.35059975084732287
0.7319286391430069
0.9362925104505848
0.22253369353711605
0.9203508188656997
0.21371399192139506
0.9979722115385812
0.007072433247230947
0.9974632802477572
0.006765346246538684
0.49975114260450937
0.7508692722185515
0.874688870360842
0.43833482026821
0.8437420789268799
0.9219026266655419
0.2421775909315329
0.4023701771220658
0.9277334028738551
0.7451205830730032
0.8901355033740401
0.6813997453718912
0.8548583674710244
0.9918824321066495
0.028289756213780493
0.9898530084756203
0.527061458589742
0.7490043772559147
0.878477091784589
0.6862554677354638
0.8470892904733773
0.4843432907364331
0.8047980068367906
0.8554291132895742
0.4903400838084053
0.7802695483260322
0.36280655112932436
0.7097119354002643
0.9837776925123762
0.056579465977847576
0.9797062421857845
0.05412276997230947
0.9980091409233864
0.006954177923034877
0.9975109630613588
0.5066785622329917
0.7499366315896623
0.37522101352806203
0.9374207274813671
0.21896141706383787
0.4218672231945675
0.9609646647295449
0.12108402719604783
0.45119796312064864
0.8388669399428181
0.9350594570569228
0.22631804971024394
0.9188240680086892
0.216491668834351
0.992035018192837
0.027816734480438754
0.4900437420292292
0.7767143239616416
0.8747463259787764
0.4383840548689477
0.8434329064912163
0.9227206705545541
0.24215638678288087
0.9024524090928026
0.6776954833476339
0.8702215403027367
0.4526357278227806
0.8376499376900028
0.43298215977847576
0.9840731275908183
0.05563342338427901
0.980087704694597
0.053428497980348766
0.9994930528628174
0.0017681083118077368
0.49936582005466335
0.7516913365398068
0.3749377856438514
0.687717318040086
0.9686722175683826
0.6095837050525006
0.7109355197171681
0.4804756566591095
0.8105443977110554
0.3505925442732405
0.7319333507039119
0.9362801457464229
0.22253387584351003
0.9203499363211449
0.2137145918677561
0.9979706080048345
0.5070724390388932
0.7474632521043532
0.38176536464015953
0.9372510942921508
0.21961927294614725
0.42156386692659
0.9617723225965165
0.6210858226695564
0.7011995016946457
0.4638572783151176
0.8725850209302735
0.4450673870742321
0.8407016377605032
0.4274279838427901
0.9959444231062662
0.014144866494461894
0.9949265605246183
0.013530692493077368
0.9995022852090187
0.5017385444662068
0.7493777407507878
0.87666964053642
0.6874841578828637
0.8438052533601876
0.4843551818630658
0.8047403542441316
0.855466805776814
0.49024116617511027
0.7802710067771841
0.3627994907728862
0.7097167349711526
0.9837648642424028
0.056579512427560985
0.9797060169803444
0.05412291720858775
0.4980087545409333
0.7569541835982818
0.37251093550003134
0.6941785809758585
0.9686865814728662
0.609596013702685
0.7108582266082522
0.9806801676168106
0.5605390966811683
0.7256131022586487
0.4194238708296325
0.9675553850538563
0.11315893195569515
0.9594124844006728
0.10824553994461894
0.9960182818758767
0.013908355846069753
0.9950219261518214
0.013357124495087191
0.4998732632084284
0.7504420270561241
0.874841454991838
0.43792283412767574
0.843734446389135
0.9219293294881936
0.24216805439209566
0.9023959262412973
0.6777338799147401
0.8701189141429495
0.4526360994204879
0.8376481360464823
0.432983337668702
0.9840700364147779
0.05563346896087751
0.9800874840584584
0.5534286479523871
0.7494926519866567
0.8767681097378954
0.6868658130115364
0.845441341138212
0.48431277356576174
0.8049048182147089
0.35539096672437154
0.7404430806345772
0.9052714556455612
0.6752998754091095
0.8659643195569515
0.9681462552107405
0.11126684676855803
0.9601754094182979
0.10685699596069753
0.9989861057547387
0.0035362166236154735
0.9987316401093267
0.5033826731087174
0.7498755712877028
0.37543463610927574
0.9373444351658691
0.219167410134105
0.42187103946343996
0.960951313318219
0.6210887954512145
0.701185088546481
0.46386670143692754
0.8725602915219497
0.44506775168702006
0.8406998726713937
0.4274291837355122
0.9959412160387728
0.014144878106890246
0.49492650423781015
0.7635307292803191
0.8745021886134055
0.4392385458922945
0.84312773385318
0.9235446452221368
0.24217164536821656
0.4023990034183953
0.9277145566302352
0.7451700418896507
0.8901347741484642
0.6814032755501103
0.8548559676855803
0.9918888462416362
0.028289732988923788
0.9898531210783403
0.027061384986154735
0.9990045704471413
0.0034770889615174383
0.4987554815306794
0.7533392811019439
0.37496831579483114
0.6876105067494791
0.9687103637261316
0.609480708517367
0.7109336115827318
0.9804823323502205
0.560542013583472
0.7255989815457724
0.41943346997140907
0.9675297285139095
0.11315902485512197
0.9594120339897927
0.1082458344171755
0.9960175090818666
0.5139083672256675
0.7450218710000627
0.3883571619808208
0.9373731629748363
0.21919202743447386
0.42171645324560814
0.9613603352627251
0.12107819339144044
0.4512262045464013
0.838847741659265
0.9351107701368164
0.2263178639113903
0.9188249688304495
0.21649107988923788
0.9920365637808573
0.027816711692139506
0.9900438523327466
0.026714248990174383
0.9997465264168568
0.500884054141352
0.7496829100127798
0.8758456682553515
0.6874688928073738
0.8438586590054911
0.4843361087841913
0.8047918525116984
0.35546775985858403
0.7402378283150028
0.9052721988409758
0.6752962721220683
0.865966675337404
0.9681400728586596
0.11126693792175502
0.9601749681460205
0.10685729593387805
0.49898530400241725
0.7535362195048947
0.3737316260521766
0.6908826823055279
0.9686255471315235
0.6098096364585217
0.7107819334487431
0.48088616129825823
0.8105429113202263
0.35059975084732287
0.7319286391430069
0.9362925104505848
0.22253369353711605
0.9203508188656997
0.21371399192139506
0.9979722115385812
0.007072433247230947
0.9974632802477572
0.006765346246538684
0.49975114260450937
0.7508692722185515
0.874688870360842
0.43833482026821
0.8437420789268799
0.9219026266655419
0.2421775909315329
0.4023701771220658
0.9277334028738551
0.7451205830730032
0.8901355033740401
0.6813997453718912
0.8548583674710244
0.9918824321066495
0.028289756213780493
0.9898530084756203
0.527061458589742
0.7490043772559147
0.878477091784589
0.6862554677354638
0.8470892904733773
0.4843432907364331
0.8047980068367906
0.8554291132895742
0.4903400838084053
0.7802695483260322
0.36280655112932436
0.7097119354002643
0.9837776925123762
0.056579465977847576
0.9797062421857845
0.05412276997230947
0.9980091409233864
0.006954177923034877
0.9975109630613588
0.5066785622329917
0.7499366315896623
0.37522101352806203
0.9374207274813671
0.21896141706383787
0.4218672231945675
0.9609646647295449
0.12108402719604783
0.45119796312064864
0.8388669399428181
0.9350594570569228
0.22631804971024394
0.9188240680086892
0.216491668834351
0.992035018192837
0.027816734480438754
0.4900437420292292
0.7767143239616416
0.8747463259787764
0.4383840548689477
0.8434329064912163
0.9227206705545541
0.24215638678288087
0.9024524090928026
0.6776954833476339
0.8702215403027367
0.4526357278227806
0.8376499376900028
0.43298215977847576
0.9840731275908183
0.05563342338427901
0.980087704694597
0.053428497980348766
0.9994930528628174
0.0017681083118077368
0.49936582005466335
0.7516913365398068
0.3749377856438514
0.687717318040086
0.9686722175683826
0.6095837050525006
0.7109355197171681
0.4804756566591095
0.8105443977110554
0.3505925442732405
0.7319333507039119
0.9362801457464229
0.22253387584351003
0.9203499363211449
0.2137145918677561
0.9979706080048345
0.5070724390388932
0.7474632521043532
0.38176536464015953
0.9372510942921508
0.21961927294614725
0.42156386692659
0.9617723225965165
0.6210858226695564
0.7011995016946457
0.4638572783151176
0.8725850209302735
0.4450673870742321
0.8407016377605032
0.4274279838427901
0.9959444231062662
0.014144866494461894
0.9949265605246183
0.013530692493077368
0.9995022852090187
0.5017385444662068
0.7493777407507878
0.87666964053642
0.6874841578828637
0.8438052533601876
0.4843551818630658
0.8047403542441316
0.855466805776814
0.49024116617511027
0.7802710067771841
0.3627994907728862
0.7097167349711526
0.9837648642424028
0.056579512427560985
0.9797060169803444
0.05412291720858775
0.4980087545409333
0.7569541835982818
0.37251093550003134
0.6941785809758585
0.9686865814728662
0.609596013702685
0.7108582266082522
0.9806801676168106
0.5605390966811683
0.7256131022586487
0.4194238708296325
0.9675553850538563
0.11315893195569515
0.9594124844006728
0.10824553994461894
0.9960182818758767
0.013908355846069753
0.9950219261518214
0.013357124495087191
0.4998732632084284
0.7504420270561241
0.874841454991838
0.43792283412767574
0.843734446389135
0.9219293294881936
0.24216805439209566
0.9023959262412973
0.6777338799147401
0.8701189141429495
0.4526360994204879
0.8376481360464823
0.432983337668702
0.9840700364147779
0.05563346896087751
0.9800874840584584
0.5534286479523871
0.7494926519866567
0.8767681097378954
0.6868658130115364
0.845441341138212
0.48431277356576174
0.8049048182147089
0.35539096672437154
0.7404430806345772
0.9052714556455612
0.6752998754091095
0.8659643195569515
0.9681462552107405
0.11126684676855803
0.9601754094182979
0.10685699596069753
0.9989861057547387
0.0035362166236154735
0.9987316401093267
0.5033826731087174
0.7498755712877028
0.37543463610927574
0.9373444351658691
0.219167410134105
0.42187103946343996
0.960951313318219
0.6210887954512145
0.701185088546481
0.46386670143692754
0.8725602915219497
0.44506775168702006
0.8406998726713937
0.4274291837355122
0.9959412160387728
0.014144878106890246
0.49492650423781015
0.7635307292803191
0.8745021886134055
0.4392385458922945
0.84312773385318
0.9235446452221368
0.24217164536821656
0.4023990034183953
0.9277145566302352
0.7451700418896507
0.8901347741484642
0.6814032755501103
0.8548559676855803
0.9918888462416362
0.028289732988923788
0.9898531210783403
0.027061384986154735
0.9990045704471413
0.0034770889615174383
0.4987554815306794
0.7533392811019439
0.37496831579483114
0.6876105067494791
0.9687103637261316
0.609480708517367
0.7109336115827318
0.9804823323502205
0.560542013583472
0.7255989815457724
0.41943346997140907
0.9675297285139095
0.11315902485512197
0.9594120339897927
0.1082458344171755
0.9960175090818666
0.5139083672256675
0.7450218710000627
0.3883571619808208
0.9373731629748363
0.21919202743447386
0.42171645324560814
0.9613603352627251
0.12107819339144044
0.4512262045464013
0.838847741659265
0.9351107701368164
0.2263178639113903
0.9188249688304495
0.21649107988923788
0.9920365637808573
0.027816711692139506
0.9900438523327466
0.026714248990174383
0.9997465264168568
0.500884054141352
0.7496829100127798
0.8758456682553515
0.6874688928073738
0.8438586590054911
0.4843361087841913
0.8047918525116984
0.35546775985858403
0.7402378283150028
0.9052721988409758
0.6752962721220683
0.865966675337404
0.9681400728586596
0.11126693792175502
0.9601749681460205
0.10685729593387805
0.49898530400241725
0.7535362195048947
0.3737316260521766
0.6908826823055279
0.9686255471315235
0.6098096364585217
0.7107819334487431
0.48088616129825823
0.8105429113202263
0.35059975084732287
0.7319286391430069
0.9362925104505848
0.22253369353711605
0.9203508188656997
0.21371399192139506
0.9979722115385812
0.007072433247230947
0.9974632802477572
0.006765346246538684
0.49975114260450937
0.7508692722185515
0.874688870360842
0.43833482026821
0.8437420789268799
0.9219026266655419
0.2421775909315329
0.4023701771220658
0.9277334028738551
0.7451205830730032
0.8901355033740401
0.6813997453718912
0.8548583674710244
0.9918824321066495
0.028289756213780493
0.9898530084756203
0.527061458589742
0.7490043772559147
0.878477091784589
0.6862554677354638
0.8470892904733773
0.4843432907364331
0.8047980068367906
0.8554291132895742
0.4903400838084053
0.7802695483260322
0.36280655112932436
0.7097119354002643
0.9837776925123762
0.056579465977847576
0.9797062421857845
0.05412276997230947
0.9980091409233864
0.006954177923034877
0.9975109630613588
0.5066785622329917
0.7499366315896623
0.37522101352806203
0.9374207274813671
0.21896141706383787
0.4218672231945675
0.9609646647295449
0.12108402719604783
0.45119796312064864
0.8388669399428181
0.9350594570569228
0.22631804971024394
0.9188240680086892
0.216491668834351
0.992035018192837
0.027816734480438754
0.4900437420292292
0.7767143239616416
0.8747463259787764
0.4383840548689477
0.8434329064912163
0.9227206705545541
0.24215638678288087
0.9024524090928026
0.6776954833476339
0.8702215403027367
0.4526357278227806
0.8376499376900028
0.43298215977847576
0.9840731275908183
0.05563342338427901
0.980087704694597
0.053428497980348766
0.9994930528628174
0.0017681083118077368
0.49936582005466335
0.7516913365398068
0.3749377856438514
0.687717318040086
0.9686722175683826
0.6095837050525006
0.7109355197171681
0.4804756566591095
0.8105443977110554
0.3505925442732405
0.7319333507039119
0.9362801457464229
0.22253387584351003
0.9203499363211449
0.2137145918677561
0.9979706080048345
0.5070724390388932
0.7474632521043532
0.38176536464015953
0.9372510942921508
0.21961927294614725
0.42156386692659
0.9617723225965165
0.6210858226695564
0.7011995016946457
0.4638572783151176
0.8725850209302735
0.4450673870742321
0.8407016377605032
0.4274279838427901
0.9959444231062662
0.014144866494461894
0.9949265605246183
0.013530692493077368
0.9995022852090187
0.5017385444662068
0.7493777407507878
0.87666964053642
0.6874841578828637
0.8438052533601876
0.4843551818630658
0.8047403542441316
0.855466805776814
0.49024116617511027
0.7802710067771841
0.3627994907728862
0.7097167349711526
0.9837648642424028
0.056579512427560985
0.9797060169803444
0.05412291720858775
0.4980087545409333
0.7569541835982818
0.37251093550003134
0.6941785809758585
0.9686865814728662
0.609596013702685
0.7108582266082522
0.9806801676168106
0.5605390966811683
0.7256131022586487
0.4194238708296325
0.9675553850538563
0.11315893195569515
0.9594124844006728
0.10824553994461894
0.9960182818758767
0.013908355846069753
0.9950219261518214
0.013357124495087191
0.4998732632084284
0.7504420270561241
0.874841454991838
0.43792283412767574
0.843734446389135
0.9219293294881936
0.24216805439209566
0.9023959262412973
0.6777338799147401
0.8701189141429495
0.4526360994204879
0.8376481360464823
0.432983337668702
0.9840700364147779
0.05563346896087751
0.9800874840584584
0.5534286479523871
0.7494926519866567
0.8767681097378954
0.6868658130115364
0.845441341138212
0.48431277356576174
0.8049048182147089
0.35539096672437154
0.7404430806345772
0.9052714556455612
0.6752998754091095
0.8659643195569515
0.9681462552107405
0.11126684676855803
0.9601754094182979
0.10685699596069753
0.9989861057547387
0.0035362166236154735
0.9987316401093267
0.5033826731087174
0.7498755712877028
0.37543463610927574
0.9373444351658691
0.219167410134105
0.42187103946343996
0.960951313318219
0.6210887954512145
0.701185088546481
0.46386670143692754
0.8725602915219497
0.44506775168702006
0.8406998726713937
0.4274291837355122
0.9959412160387728
0.014144878106890246
0.49492650423781015
0.7635307292803191
0.8745021886134055
0.4392385458922945
0.84312773385318
0.9235446452221368
0.24217164536821656
0.4023990034183953
0.9277145566302352
0.7451700418896507
0.8901347741484642
0.6814032755501103
0.8548559676855803
0.9918888462416362
0.028289732988923788
0.9898531210783403
0.027061384986154735
0.9990045704471413
0.0034770889615174383
0.4987554815306794
0.7533392811019439
0.37496831579483114
0.6876105067494791
0.9687103637261316
0.609480708517367
0.7109336115827318
0.9804823323502205
0.560542013583472
0.7255989815457724
0.41943346997140907
0.9675297285139095
0.11315902485512197
0.9594120339897927
0.1082458344171755
0.9960175090818666
0.5139083672256675
0.7450218710000627
0.3883571619808208
0.9373731629748363
0.21919202743447386
0.42171645324560814
0.9613603352627251
0.12107819339144044
0.4512262045464013
0.838847741659265
0.9351107701368164
0.2263178639113903
0.9188249688304495
0.21649107988923788
0.9920365637808573
0.027816711692139506
0.9900438523327466
0.026714248990174383
0.9997465264168568
0.500884054141352
0.7496829100127798
0.8758456682553515
0.6874688928073738
0.8438586590054911
0.4843361087841913
0.8047918525116984
0.35546775985858403
0.7402378283150028
0.9052721988409758
0.6752962721220683
0.865966675337404
0.9681400728586596
0.11126693792175502
0.9601749681460205
0.10685729593387805
0.49898530400241725
0.7535362195048947
0.3737316260521766
0.6908826823055279
0.9686255471315235
0.6098096364585217
0.7107819334487431
0.48088616129825823
0.8105429113202263
0.35059975084732287
0.7319286391430069
0.9362925104505848
0.22253369353711605
0.9203508188656997
0.21371399192139506
0.9979722115385812
0.007072433247230947
0.9974632802477572
0.006765346246538684
0.49975114260450937
0.7508692722185515
0.874688870360842
0.43833482026821
0.8437420789268799
0.9219026266655419
0.2421775909315329
0.4023701771220658
0.9277334028738551
0.7451205830730032
0.8901355033740401
0.6813997453718912
0.8548583674710244
0.9918824321066495
0.028289756213780493
0.9898530084756203
0.527061458589742
0.7490043772559147
0.878477091784589
0.6862554677354638
0.8470892904733773
0.4843432907364331
0.8047980068367906
0.8554291132895742
0.4903400838084053
0.7802695483260322
0.36280655112932436
0.7097119354002643
0.9837776925123762
0.056579465977847576
0.9797062421857845
0.05412276997230947
0.9980091409233864
0.006954177923034877
0.9975109630613588
0.5066785622329917
0.7499366315896623
0.37522101352806203
0.9374207274813671
0.21896141706383787
0.4218672231945675
0.9609646647295449
0.12108402719604783
0.45119796312064864
0.8388669399428181
0.9350594570569228
0.22631804971024394
0.9188240680086892
0.216491668834351
0.992035018192837
0.027816734480438754
0.4900437420292292
0.7767143239616416
0.8747463259787764
0.4383840548689477
0.8434329064912163
0.9227206705545541
0.24215638678288087
0.9024524090928026
0.6776954833476339
0.8702215403027367
0.4526357278227806
0.8376499376900028
0.43298215977847576
0.9840731275908183
0.05563342338427901
0.980087704694597
0.053428497980348766
0.9994930528628174
0.0017681083118077368
0.49936582005466335
0.7516913365398068
0.3749377856438514
0.687717318040086
0.9686722175683826
0.6095837050525006
0.7109355197171681
0.4804756566591095
0.8105443977110554
0.3505925442732405
0.7319333507039119
0.9362801457464229
0.22253387584351003
0.9203499363211449
0.2137145918677561
0.9979706080048345
0.5070724390388932
0.7474632521043532
0.38176536464015953
0.9372510942921508
0.21961927294614725
0.42156386692659
0.9617723225965165
0.6210858226695564
0.7011995016946457
0.4638572783151176
0.8725850209302735
0.4450673870742321
0.8407016377605032
0.4274279838427901
0.9959444231062662
0.014144866494461894
0.9949265605246183
0.013530692493077368
0.9995022852090187
0.5017385444662068
0.7493777407507878
0.87666964053642
0.6874841578828637
0.8438052533601876
0.4843551818630658
0.8047403542441316
0.855466805776814
0.49024116617511027
0.7802710067771841
0.3627994907728862
0.7097167349711526
0.9837648642424028
0.056579512427560985
0.9797060169803444
0.05412291720858775
0.4980087545409333
0.7569541835982818
0.37251093550003134
0.6941785809758585
0.9686865814728662
0.609596013702685
0.7108582266082522
0.9806801676168106
0.5605390966811683
0.7256131022586487
0.4194238708296325
0.9675553850538563
0.11315893195569515
0.9594124844006728
0.10824553994461894
0.9960182818758767
0.013908355846069753
0.9950219261518214
0.013357124495087191
0.4998732632084284
0.7504420270561241
0.874841454991838
0.43792283412767574
0.843734446389135
0.9219293294881936
0.24216805439209566
0.9023959262412973
0.6777338799147401
0.8701189141429495
0.4526360994204879
0.8376481360464823
0.432983337668702
0.9840700364147779
0.05563346896087751
0.9800874840584584
0.5534286479523871
0.7494926519866567
0.8767681097378954
0.6868658130115364
0.845441341138212
0.48431277356576174
0.8049048182147089
0.35539096672437154
0.7404430806345772
0.9052714556455612
0.6752998754091095
0.8659643195569515
0.9681462552107405
0.11126684676855803
0.9601754094182979
0.10685699596069753
0.9989861057547387
0.0035362166236154735
0.9987316401093267
0.5033826731087174
0.7498755712877028
0.37543463610927574
0.9373444351658691
0.219167410134105
0.42187103946343996
0.960951313318219
0.6210887954512145
0.701185088546481
0.46386670143692754
0.8725602915219497
0.44506775168702006
0.8406998726713937
0.4274291837355122
0.9959412160387728
0.014144878106890246
0.49492650423781015
0.7635307292803191
0.8745021886134055
0.4392385458922945
0.84312773385318
0.9235446452221368
0.24217164536821656
0.4023990034183953
0.9277145566302352
0.7451700418896507
0.8901347741484642
0.6814032755501103
0.8548559676855803
0.9918888462416362
0.028289732988923788
0.9898531210783403
0.027061384986154735
0.9990045704471413
0.0034770889615174383
0.4987554815306794
0.7533392811019439
0.37496831579483114
0.6876105067494791
0.9687103637261316
0.609480708517367
0.7109336115827318
0.9804823323502205
0.560542013583472
0.7255989815457724
0.41943346997140907
0.9675297285139095
0.11315902485512197
0.9594120339897927
0.1082458344171755
0.9960175090818666
0.5139083672256675
0.7450218710000627
0.3883571619808208
0.9373731629748363
0.21919202743447386
0.42171645324560814
0.9613603352627251
0.12107819339144044
0.4512262045464013
0.838847741659265
0.9351107701368164
0.2263178639113903
0.9188249688304495
0.21649107988923788
0.9920365637808573
0.027816711692139506
0.9900438523327466
0.026714248990174383
0.9997465264168568
0.500884054141352
0.7496829100127798
0.8758456682553515
0.6874688928073738
0.8438586590054911
0.4843361087841913
0.8047918525116984
0.35546775985858403
0.7402378283150028
0.9052721988409758
0.6752962721220683
0.865966675337404
0.9681400728586596
0.11126693792175502
0.9601749681460205
0.10685729593387805
0.49898530400241725
0.7535362195048947
0.3737316260521766
0.6908826823055279
0.9686255471315235
0.6098096364585217
0.7107819334487431
0.48088616129825823
0.8105429113202263
0.35059975084732287
0.7319286391430069
0.9362925104505848
0.22253369353711605
0.9203508188656997
0.21371399192139506
0.9979722115385812
0.007072433247230947
0.9974632802477572
0.006765346246538684
0.49975114260450937
0.7508692722185515
0.874688870360842
0.43833482026821
0.8437420789268799
0.9219026266655419
0.2421775909315329
0.4023701771220658
0.9277334028738551
0.7451205830730032
0.8901355033740401
0.6813997453718912
0.8548583674710244
0.9918824321066495
0.028289756213780493
0.9898530084756203
0.527061458589742
0.7490043772559147
0.878477091784589
0.6862554677354638
0.8470892904733773
0.4843432907364331
0.8047980068367906
0.8554291132895742
0.4903400838084053
0.7802695483260322
0.36280655112932436
0.7097119354002643
0.9837776925123762
0.056579465977847576
0.9797062421857845
0.05412276997230947
0.9980091409233864
0.006954177923034877
0.9975109630613588
0.5066785622329917
0.7499366315896623
0.37522101352806203
0.9374207274813671
0.21896141706383787
0.4218672231945675
0.9609646647295449
0.12108402719604783
0.45119796312064864
0.8388669399428181
0.9350594570569228
0.22631804971024394
0.9188240680086892
0.216491668834351
0.992035018192837
0.027816734480438754
0.4900437420292292
0.7767143239616416
0.8747463259787764
0.4383840548689477
0.8434329064912163
0.9227206705545541
0.24215638678288087
0.9024524090928026
0.6776954833476339
0.8702215403027367
0.4526357278227806
0.8376499376900028
0.43298215977847576
0.9840731275908183
0.05563342338427901
0.980087704694597
0.053428497980348766
0.9994930528628174
0.0017681083118077368
0.49936582005466335
0.7516913365398068
0.3749377856438514
0.687717318040086
0.9686722175683826
0.6095837050525006
0.7109355197171681
0.4804756566591095
0.8105443977110554
0.3505925442732405
0.7319333507039119
0.9362801457464229
0.22253387584351003
0.9203499363211449
0.2137145918677561
0.9979706080048345
0.5070724390388932
0.7474632521043532
0.38176536464015953
0.9372510942921508
0.21961927294614725
0.42156386692659
0.9617723225965165
0.6210858226695564
0.7011995016946457
0.4638572783151176
0.8725850209302735
0.4450673870742321
0.8407016377605032
0.4274279838427901
0.9959444231062662
0.014144866494461894
0.9949265605246183
0.013530692493077368
0.9995022852090187
0.5017385444662068
0.7493777407507878
0.87666964053642
0.6874841578828637
0.8438052533601876
0.4843551818630658
0.8047403542441316
0.855466805776814
0.49024116617511027
0.7802710067771841
0.3627994907728862
0.7097167349711526
0.9837648642424028
0.056579512427560985
0.9797060169803444
0.05412291720858775
0.4980087545409333
0.7569541835982818
0.37251093550003134
0.6941785809758585
0.9686865814728662
0.609596013702685
0.7108582266082522
0.9806801676168106
0.5605390966811683
0.7256131022586487
0.4194238708296325
0.9675553850538563
0.11315893195569515
0.9594124844006728
0.10824553994461894
0.9960182818758767
0.013908355846069753
0.9950219261518214
0.013357124495087191
0.4998732632084284
0.7504420270561241
0.874841454991838
0.43792283412767574
0.843734446389135
0.9219293294881936
0.24216805439209566
0.9023959262412973
0.6777338799147401
0.8701189141429495
0.4526360994204879
0.8376481360464823
0.432983337668702
0.9840700364147779
0.05563346896087751
0.9800874840584584
0.5534286479523871
0.7494926519866567
0.8767681097378954
0.6868658130115364
0.845441341138212
0.48431277356576174
0.8049048182147089
0.35539096672437154
0.7404430806345772
0.9052714556455612
0.6752998754091095
0.8659643195569515
0.9681462552107405
0.11126684676855803
0.9601754094182979
0.10685699596069753
0.9989861057547387
0.0035362166236154735
0.9987316401093267
0.5033826731087174
0.7498755712877028
0.37543463610927574
0.9373444351658691
0.219167410134105
0.42187103946343996
0.960951313318219
0.6210887954512145
0.701185088546481
0.46386670143692754
0.8725602915219497
0.44506775168702006
0.8406998726713937
0.4274291837355122
0.9959412160387728
0.014144878106890246
0.49492650423781015
0.7635307292803191
0.8745021886134055
0.4392385458922945
0.84312773385318
0.9235446452221368
0.24217164536821656
0.4023990034183953
0.9277145566302352
0.7451700418896507
0.8901347741484642
0.6814032755501103
0.8548559676855803
0.9918888462416362
0.028289732988923788
0.9898531210783403
0.027061384986154735
0.9990045704471413
0.0034770889615174383
0.4987554815306794
0.7533392811019439
0.37496831579483114
0.6876105067494791
0.9687103637261316
0.609480708517367
0.7109336115827318
0.9804823323502205
0.560542013583472
0.7255989815457724
0.41943346997140907
0.9675297285139095
0.11315902485512197
0.9594120339897927
0.1082458344171755
0.9960175090818666
0.5139083672256675
0.7450218710000627
0.3883571619808208
0.9373731629748363
0.21919202743447386
0.42171645324560814
0.9613603352627251
0.12107819339144044
0.4512262045464013
0.838847741659265
0.9351107701368164
0.2263178639113903
0.9188249688304495
0.21649107988923788
0.9920365637808573
0.027816711692139506
0.9900438523327466
0.026714248990174383
0.9997465264168568
0.500884054141352
0.7496829100127798
0.8758456682553515
0.6874688928073738
0.8438586590054911
0.4843361087841913
0.8047918525116984
0.35546775985858403
0.7402378283150028
0.9052721988409758
0.6752962721220683
0.865966675337404
0.9681400728586596
0.11126693792175502
0.9601749681460205
0.10685729593387805
0.49898530400241725
0.7535362195048947
0.3737316260521766
0.6908826823055279
0.9686255471315235
0.6098096364585217
0.7107819334487431
0.48088616129825823
0.8105429113202263
0.35059975084732287
0.7319286391430069
0.9362925104505848
0.22253369353711605
0.9203508188656997
0.21371399192139506
0.9979722115385812
0.007072433247230947
0.9974632802477572
0.006765346246538684
0.49975114260450937
0.7508692722185515
0.874688870360842
0.43833482026821
0.8437420789268799
0.9219026266655419
0.2421775909315329
0.4023701771220658
0.9277334028738551
0.7451205830730032
0.8901355033740401
0.6813997453718912
0.8548583674710244
0.9918824321066495
0.028289756213780493
0.9898530084756203
0.527061458589742
0.7490043772559147
0.878477091784589
0.6862554677354638
0.8470892904733773
0.4843432907364331
0.8047980068367906
0.8554291132895742
0.4903400838084053
0.7802695483260322
0.36280655112932436
0.7097119354002643
0.9837776925123762
0.056579465977847576
0.9797062421857845
0.05412276997230947
0.9980091409233864
0.006954177923034877
0.9975109630613588
0.5066785622329917
0.7499366315896623
0.37522101352806203
0.9374207274813671
0.21896141706383787
0.4218672231945675
0.9609646647295449
0.12108402719604783
0.45119796312064864
0.8388669399428181
0.9350594570569228
0.22631804971024394
0.9188240680086892
0.216491668834351
0.992035018192837
0.027816734480438754
0.4900437420292292
0.7767143239616416
0.8747463259787764
0.4383840548689477
0.8434329064912163
0.9227206705545541
0.24215638678288087
0.9024524090928026
0.6776954833476339
0.8702215403027367
0.4526357278227806
0.8376499376900028
0.43298215977847576
0.9840731275908183
0.05563342338427901
0.980087704694597
0.053428497980348766
0.9994930528628174
0.0017681083118077368
0.49936582005466335
0.7516913365398068
0.3749377856438514
0.687717318040086
0.9686722175683826
0.6095837050525006
0.7109355197171681
0.4804756566591095
0.8105443977110554
0.3505925442732405
0.7319333507039119
0.9362801457464229
0.22253387584351003
0.9203499363211449
0.2137145918677561
0.9979706080048345
0.5070724390388932
0.7474632521043532
0.38176536464015953
0.9372510942921508
0.21961927294614725
0.42156386692659
0.9617723225965165
0.6210858226695564
0.7011995016946457
0.4638572783151176
0.8725850209302735
0.4450673870742321
0.8407016377605032
0.4274279838427901
0.9959444231062662
0.014144866494461894
0.9949265605246183
0.013530692493077368
0.9995022852090187
0.5017385444662068
0.7493777407507878
0.87666964053642
0.6874841578828637
0.8438052533601876
0.4843551818630658
0.8047403542441316
0.855466805776814
0.49024116617511027
0.7802710067771841
0.3627994907728862
0.7097167349711526
0.9837648642424028
0.056579512427560985
0.9797060169803444
0.05412291720858775
0.4980087545409333
0.7569541835982818
0.37251093550003134
0.6941785809758585
0.9686865814728662
0.609596013702685
0.7108582266082522
0.9806801676168106
0.5605390966811683
0.7256131022586487
0.4194238708296325
0.9675553850538563
0.11315893195569515
0.9594124844006728
0.10824553994461894
0.9960182818758767
0.013908355846069753
0.9950219261518214
0.013357124495087191
0.4998732632084284
0.7504420270561241
0.874841454991838
0.43792283412767574
0.843734446389135
0.9219293294881936
0.24216805439209566
0.9023959262412973
0.6777338799147401
0.8701189141429495
0.4526360994204879
0.8376481360464823
0.432983337668702
0.9840700364147779
0.05563346896087751
0.9800874840584584
0.5534286479523871
0.7494926519866567
0.8767681097378954
0.6868658130115364
0.845441341138212
0.48431277356576174
0.8049048182147089
0.35539096672437154
0.7404430806345772
0.9052714556455612
0.6752998754091095
0.8659643195569515
0.9681462552107405
0.11126684676855803
0.9601754094182979
0.10685699596069753
0.9989861057547387
0.0035362166236154735
0.9987316401093267
0.5033826731087174
0.7498755712877028
0.37543463610927574
0.9373444351658691
0.219167410134105
0.42187103946343996
0.960951313318219
0.6210887954512145
0.701185088546481
0.46386670143692754
0.8725602915219497
0.44506775168702006
0.8406998726713937
0.4274291837355122
0.9959412160387728
0.014144878106890246
0.49492650423781015
0.7635307292803191
0.8745021886134055
0.4392385458922945
0.84312773385318
0.9235446452221368
0.24217164536821656
0.4023990034183953
0.9277145566302352
0.7451700418896507
0.8901347741484642
0.6814032755501103
0.8548559676855803
0.9918888462416362
0.028289732988923788
0.9898531210783403
0.027061384986154735
0.9990045704471413
0.0034770889615174383
0.4987554815306794
0.7533392811019439
0.37496831579483114
0.6876105067494791
0.9687103637261316
0.609480708517367
0.7109336115827318
0.9804823323502205
0.560542013583472
0.7255989815457724
0.41943346997140907
0.9675297285139095
0.11315902485512197
0.9594120339897927
0.1082458344171755
0.9960175090818666
0.5139083672256675
0.7450218710000627
0.3883571619808208
0.9373731629748363
0.21919202743447386
0.42171645324560814
0.9613603352627251
0.12107819339144044
0.4512262045464013
0.838847741659265
0.9351107701368164
0.2263178639113903
0.9188249688304495
0.21649107988923788
0.9920365637808573
0.027816711692139506
0.9900438523327466
0.026714248990174383
0.9997465264168568
0.500884054141352
0.7496829100127798
0.8758456682553515
0.6874688928073738
0.8438586590054911
0.4843361087841913
0.8047918525116984
0.35546775985858403
0.7402378283150028
0.9052721988409758
0.6752962721220683
0.865966675337404
0.9681400728586596
0.11126693792175502
0.9601749681460205
0.10685729593387805
0.49898530400241725
0.7535362195048947
0.3737316260521766
0.6908826823055279
0.9686255471315235
0.6098096364585217
0.7107819334487431
0.48088616129825823
0.8105429113202263
0.35059975084732287
0.7319286391430069
0.9362925104505848
0.22253369353711605
0.9203508188656997
0.21371399192139506
0.9979722115385812
0.007072433247230947
0.9974632802477572
0.006765346246538684
0.49975114260450937
0.7508692722185515
0.874688870360842
0.43833482026821
0.8437420789268799
0.9219026266655419
0.2421775909315329
0.4023701771220658
0.9277334028738551
0.7451205830730032
0.8901355033740401
0.6813997453718912
0.8548583674710244
0.9918824321066495
0.028289756213780493
0.9898530084756203
0.527061458589742
0.7490043772559147
0.878477091784589
0.6862554677354638
0.8470892904733773
0.4843432907364331
0.8047980068367906
0.8554291132895742
0.4903400838084053
0.7802695483260322
0.36280655112932436
0.7097119354002643
0.9837776925123762
0.056579465977847576
0.9797062421857845
0.05412276997230947
0.9980091409233864
0.006954177923034877
0.9975109630613588
0.5066785622329917
0.7499366315896623
0.37522101352806203
0.9374207274813671
0.21896141706383787
0.4218672231945675
0.9609646647295449
0.12108402719604783
0.45119796312064864
0.8388669399428181
0.9350594570569228
0.22631804971024394
0.9188240680086892
0.216491668834351
0.992035018192837
0.027816734480438754
0.4900437420292292
0.7767143239616416
0.8747463259787764
0.4383840548689477
0.8434329064912163
0.9227206705545541
0.24215638678288087
0.9024524090928026
0.6776954833476339
0.8702215403027367
0.4526357278227806
0.8376499376900028
0.43298215977847576
0.9840731275908183
0.05563342338427901
0.980087704694597
0.053428497980348766
0.9994930528628174
0.0017681083118077368
0.49936582005466335
0.7516913365398068
0.3749377856438514
0.687717318040086
0.9686722175683826
0.6095837050525006
0.7109355197171681
0.4804756566591095
0.8105443977110554
0.3505925442732405
0.7319333507039119
0.9362801457464229
0.22253387584351003
0.9203499363211449
0.2137145918677561
0.9979706080048345
0.5070724390388932
0.7474632521043532
0.38176536464015953
0.9372510942921508
0.21961927294614725
0.42156386692659
0.9617723225965165
0.6210858226695564
0.7011995016946457
0.4638572783151176
0.8725850209302735
0.4450673870742321
0.8407016377605032
0.4274279838427901
0.9959444231062662
0.014144866494461894
0.9949265605246183
0.013530692493077368
0.9995022852090187
0.5017385444662068
0.7493777407507878
0.87666964053642
0.6874841578828637
0.8438052533601876
0.4843551818630658
0.8047403542441316
0.855466805776814
0.49024116617511027
0.7802710067771841
0.3627994907728862
0.7097167349711526
0.9837648642424028
0.056579512427560985
0.9797060169803444
0.05412291720858775
0.4980087545409333
0.7569541835982818
0.37251093550003134
0.6941785809758585
0.9686865814728662
0.609596013702685
0.7108582266082522
0.9806801676168106
0.5605390966811683
0.7256131022586487
0.4194238708296325
0.9675553850538563
0.11315893195569515
0.9594124844006728
0.10824553994461894
0.9960182818758767
0.013908355846069753
0.9950219261518214
0.013357124495087191
0.4998732632084284
0.7504420270561241
0.874841454991838
0.43792283412767574
0.843734446389135
0.9219293294881936
0.24216805439209566
0.9023959262412973
0.6777338799147401
0.8701189141429495
0.4526360994204879
0.8376481360464823
0.432983337668702
0.9840700364147779
0.05563346896087751
0.9800874840584584
0.5534286479523871
0.7494926519866567
0.8767681097378954
0.6868658130115364
0.845441341138212
0.48431277356576174
0.8049048182147089
0.35539096672437154
0.7404430806345772
0.9052714556455612
0.6752998754091095
0.8659643195569515
0.9681462552107405
0.11126684676855803
0.9601754094182979
0.10685699596069753
0.9989861057547387
0.0035362166236154735
0.9987316401093267
0.5033826731087174
0.7498755712877028
0.37543463610927574
0.9373444351658691
0.219167410134105
0.42187103946343996
0.960951313318219
0.6210887954512145
0.701185088546481
0.46386670143692754
0.8725602915219497
0.44506775168702006
0.8406998726713937
0.4274291837355122
0.9959412160387728
0.014144878106890246
0.49492650423781015
0.7635307292803191
0.8745021886134055
0.4392385458922945
0.84312773385318
0.9235446452221368
0.24217164536821656
0.4023990034183953
0.9277145566302352
0.7451700418896507
0.8901347741484642
0.6814032755501103
0.8548559676855803
0.9918888462416362
0.028289732988923788
0.9898531210783403
0.027061384986154735
0.9990045704471413
0.0034770889615174383
0.4987554815306794
0.7533392811019439
0.37496831579483114
0.6876105067494791
0.9687103637261316
0.609480708517367
0.7109336115827318
0.9804823323502205
0.560542013583472
0.7255989815457724
0.41943346997140907
0.9675297285139095
0.11315902485512197
0.9594120339897927
0.1082458344171755
0.9960175090818666
0.5139083672256675
0.7450218710000627
0.3883571619808208
0.9373731629748363
0.21919202743447386
0.42171645324560814
0.9613603352627251
0.12107819339144044
0.4512262045464013
0.838847741659265
0.9351107701368164
0.2263178639113903
0.9188249688304495
0.21649107988923788
0.9920365637808573
0.027816711692139506
0.9900438523327466
0.026714248990174383
0.9997465264168568
0.500884054141352
0.7496829100127798
0.8758456682553515
0.6874688928073738
0.8438586590054911
0.4843361087841913
0.8047918525116984
0.35546775985858403
0.7402378283150028
0.9052721988409758
0.6752962721220683
0.865966675337404
0.9681400728586596
0.11126693792175502
0.9601749681460205
0.10685729593387805
0.49898530400241725
0.7535362195048947
0.3737316260521766
0.6908826823055279
0.9686255471315235
0.6098096364585217
0.7107819334487431
0.48088616129825823
0.8105429113202263
0.35059975084732287
0.7319286391430069
0.9362925104505848
0.22253369353711605
0.9203508188656997
0.21371399192139506
0.9979722115385812
0.007072433247230947
0.9974632802477572
0.006765346246538684
0.49975114260450937
0.7508692722185515
0.874688870360842
0.43833482026821
0.8437420789268799
0.9219026266655419
0.2421775909315329
0.4023701771220658
0.9277334028738551
0.7451205830730032
0.8901355033740401
0.6813997453718912
0.8548583674710244
0.9918824321066495
0.028289756213780493
0.9898530084756203
0.527061458589742
0.7490043772559147
0.878477091784589
0.6862554677354638
0.8470892904733773
0.4843432907364331
0.8047980068367906
0.8554291132895742
0.4903400838084053
0.7802695483260322
0.36280655112932436
0.7097119354002643
0.9837776925123762
0.056579465977847576
0.9797062421857845
0.05412276997230947
0.9980091409233864
0.006954177923034877
0.9975109630613588
0.5066785622329917
0.7499366315896623
0.37522101352806203
0.9374207274813671
0.21896141706383787
0.4218672231945675
0.9609646647295449
0.12108402719604783
0.45119796312064864
0.8388669399428181
0.9350594570569228
0.22631804971024394
0.9188240680086892
0.216491668834351
0.992035018192837
0.027816734480438754
0.4900437420292292
0.7767143239616416
0.8747463259787764
0.4383840548689477
0.8434329064912163
0.9227206705545541
0.24215638678288087
0.9024524090928026
0.6776954833476339
0.8702215403027367
0.4526357278227806
0.8376499376900028
0.43298215977847576
0.9840731275908183
0.05563342338427901
0.980087704694597
0.053428497980348766
0.9994930528628174
0.0017681083118077368
0.49936582005466335
0.7516913365398068
0.3749377856438514
0.687717318040086
0.9686722175683826
0.6095837050525006
0.7109355197171681
0.4804756566591095
0.8105443977110554
0.3505925442732405
0.7319333507039119
0.9362801457464229
0.22253387584351003
0.9203499363211449
0.2137145918677561
0.9979706080048345
0.5070724390388932
0.7474632521043532
0.38176536464015953
0.9372510942921508
0.21961927294614725
0.42156386692659
0.9617723225965165
0.6210858226695564
0.7011995016946457
0.4638572783151176
0.8725850209302735
0.4450673870742321
0.8407016377605032
0.4274279838427901
0.9959444231062662
0.014144866494461894
0.9949265605246183
0.013530692493077368
0.9995022852090187
0.5017385444662068
0.7493777407507878
0.87666964053642
0.6874841578828637
0.8438052533601876
0.4843551818630658
0.8047403542441316
0.855466805776814
0.49024116617511027
0.7802710067771841
0.3627994907728862
0.7097167349711526
0.9837648642424028
0.056579512427560985
0.9797060169803444
0.05412291720858775
0.4980087545409333
0.7569541835982818
0.37251093550003134
0.6941785809758585
0.9686865814728662
0.609596013702685
0.7108582266082522
0.9806801676168106
0.5605390966811683
0.7256131022586487
0.4194238708296325
0.9675553850538563
0.11315893195569515
0.9594124844006728
0.10824553994461894
0.9960182818758767
0.013908355846069753
0.9950219261518214
0.013357124495087191
0.4998732632084284
0.7504420270561241
0.874841454991838
0.43792283412767574
0.843734446389135
0.9219293294881936
0.24216805439209566
0.9023959262412973
0.6777338799147401
0.8701189141429495
0.4526360994204879
0.8376481360464823
0.432983337668702
0.9840700364147779
0.05563346896087751
0.9800874840584584
0.5534286479523871
0.7494926519866567
0.8767681097378954
0.6868658130115364
0.845441341138212
0.48431277356576174
0.8049048182147089
0.35539096672437154
0.7404430806345772
0.9052714556455612
0.6752998754091095
0.8659643195569515
0.9681462552107405
0.11126684676855803
0.9601754094182979
0.10685699596069753
0.9989861057547387
0.0035362166236154735
0.9987316401093267
0.5033826731087174
0.7498755712877028
0.37543463610927574
0.9373444351658691
0.219167410134105
0.42187103946343996
0.960951313318219
0.6210887954512145
0.701185088546481
0.46386670143692754
0.8725602915219497
0.44506775168702006
0.8406998726713937
0.4274291837355122
0.9959412160387728
0.014144878106890246
0.49492650423781015
0.7635307292803191
0.8745021886134055
0.4392385458922945
0.84312773385318
0.9235446452221368
0.24217164536821656
0.4023990034183953
0.9277145566302352
0.7451700418896507
0.8901347741484642
0.6814032755501103
0.8548559676855803
0.9918888462416362
0.028289732988923788
0.9898531210783403
0.027061384986154735
0.9990045704471413
0.0034770889615174383
0.4987554815306794
0.7533392811019439
0.37496831579483114
0.6876105067494791
0.9687103637261316
0.609480708517367
0.7109336115827318
0.9804823323502205
0.560542013583472
0.7255989815457724
0.41943346997140907
0.9675297285139095
0.11315902485512197
0.9594120339897927
0.1082458344171755
0.9960175090818666
0.5139083672256675
0.7450218710000627
0.3883571619808208
0.9373731629748363
0.21919202743447386
0.42171645324560814
0.9613603352627251
0.12107819339144044
0.4512262045464013
0.838847741659265
0.9351107701368164
0.2263178639113903
0.9188249688304495
0.21649107988923788
0.9920365637808573
0.027816711692139506
0.9900438523327466
0.026714248990174383
0.9997465264168568
0.500884054141352
0.7496829100127798
0.8758456682553515
0.6874688928073738
0.8438586590054911
0.4843361087841913
0.8047918525116984
0.35546775985858403
0.7402378283150028
0.9052721988409758
0.6752962721220683
0.865966675337404
0.9681400728586596
0.11126693792175502
0.9601749681460205
0.10685729593387805
0.49898530400241725
0.7535362195048947
0.3737316260521766
0.6908826823055279
0.9686255471315235
0.6098096364585217
0.7107819334487431
0.48088616129825823
0.8105429113202263
0.35059975084732287
0.7319286391430069
0.9362925104505848
0.22253369353711605
0.9203508188656997
0.21371399192139506
0.9979722115385812
0.007072433247230947
0.9974632802477572
0.006765346246538684
0.49975114260450937
0.7508692722185515
0.874688870360842
0.43833482026821
0.8437420789268799
0.9219026266655419
0.2421775909315329
0.4023701771220658
0.9277334028738551
0.7451205830730032
0.8901355033740401
0.6813997453718912
0.8548583674710244
0.9918824321066495
0.028289756213780493
0.9898530084756203
0.527061458589742
0.7490043772559147
0.878477091784589
0.6862554677354638
0.8470892904733773
0.4843432907364331
0.8047980068367906
0.8554291132895742
0.4903400838084053
0.7802695483260322
0.36280655112932436
0.7097119354002643
0.9837776925123762
0.056579465977847576
0.9797062421857845
0.05412276997230947
0.9980091409233864
0.006954177923034877
0.9975109630613588
0.5066785622329917
0.7499366315896623
0.37522101352806203
0.9374207274813671
0.21896141706383787
0.4218672231945675
0.9609646647295449
0.12108402719604783
0.45119796312064864
0.8388669399428181
0.9350594570569228
0.22631804971024394
0.9188240680086892
0.216491668834351
0.992035018192837
0.027816734480438754
0.4900437420292292
0.7767143239616416
0.8747463259787764
0.4383840548689477
0.8434329064912163
0.9227206705545541
0.24215638678288087
0.9024524090928026
0.6776954833476339
0.8702215403027367
0.4526357278227806
0.8376499376900028
0.43298215977847576
0.9840731275908183
0.05563342338427901
0.980087704694597
0.053428497980348766
0.9994930528628174
0.0017681083118077368
0.49936582005466335
0.7516913365398068
0.3749377856438514
0.687717318040086
0.9686722175683826
0.6095837050525006
0.7109355197171681
0.4804756566591095
0.8105443977110554
0.3505925442732405
0.7319333507039119
0.9362801457464229
0.22253387584351003
0.9203499363211449
0.2137145918677561
0.9979706080048345
0.5070724390388932
0.7474632521043532
0.38176536464015953
0.9372510942921508
0.21961927294614725
0.42156386692659
0.9617723225965165
0.6210858226695564
0.7011995016946457
0.4638572783151176
0.8725850209302735
0.4450673870742321
0.8407016377605032
0.4274279838427901
0.9959444231062662
0.014144866494461894
0.9949265605246183
0.013530692493077368
0.9995022852090187
0.5017385444662068
0.7493777407507878
0.87666964053642
0.6874841578828637
0.8438052533601876
0.4843551818630658
0.8047403542441316
0.855466805776814
0.49024116617511027
0.7802710067771841
0.3627994907728862
0.7097167349711526
0.9837648642424028
0.056579512427560985
0.9797060169803444
0.05412291720858775
0.4980087545409333
0.7569541835982818
0.37251093550003134
0.6941785809758585
0.9686865814728662
0.609596013702685
0.7108582266082522
0.9806801676168106
0.5605390966811683
0.7256131022586487
0.4194238708296325
0.9675553850538563
0.11315893195569515
0.9594124844006728
0.10824553994461894
0.9960182818758767
0.013908355846069753
0.9950219261518214
0.013357124495087191
0.4998732632084284
0.7504420270561241
0.874841454991838
0.43792283412767574
0.843734446389135
0.9219293294881936
0.24216805439209566
0.9023959262412973
0.6777338799147401
0.8701189141429495
0.4526360994204879
0.8376481360464823
0.432983337668702
0.9840700364147779
0.05563346896087751
0.9800874840584584
0.5534286479523871
0.7494926519866567
0.8767681097378954
0.6868658130115364
0.845441341138212
0.48431277356576174
0.8049048182147089
0.35539096672437154
0.7404430806345772
0.9052714556455612
0.6752998754091095
0.8659643195569515
0.9681462552107405
0.11126684676855803
0.9601754094182979
0.10685699596069753
0.9989861057547387
0.0035362166236154735
0.9987316401093267
0.5033826731087174
0.7498755712877028
0.37543463610927574
0.9373444351658691
0.219167410134105
0.42187103946343996
0.960951313318219
0.6210887954512145
0.701185088546481
0.46386670143692754
0.8725602915219497
0.44506775168702006
0.8406998726713937
0.4274291837355122
0.9959412160387728
0.014144878106890246
0.49492650423781015
0.7635307292803191
0.8745021886134055
0.4392385458922945
0.84312773385318
0.9235446452221368
0.24217164536821656
0.4023990034183953
0.9277145566302352
0.7451700418896507
0.8901347741484642
0.6814032755501103
0.8548559676855803
0.9918888462416362
0.028289732988923788
0.9898531210783403
0.027061384986154735
0.9990045704471413
0.0034770889615174383
0.4987554815306794
0.7533392811019439
0.37496831579483114
0.6876105067494791
0.9687103637261316
0.609480708517367
0.7109336115827318
0.9804823323502205
0.560542013583472
0.7255989815457724
0.41943346997140907
0.9675297285139095
0.11315902485512197
0.9594120339897927
0.1082458344171755
0.9960175090818666
0.5139083672256675
0.7450218710000627
0.3883571619808208
0.9373731629748363
0.21919202743447386
0.42171645324560814
0.9613603352627251
0.12107819339144044
0.4512262045464013
0.838847741659265
0.9351107701368164
0.2263178639113903
0.9188249688304495
0.21649107988923788
0.9920365637808573
0.027816711692139506
0.9900438523327466
0.026714248990174383
0.9997465264168568
0.500884054141352
0.7496829100127798
0.8758456682553515
0.6874688928073738
0.8438586590054911
0.4843361087841913
0.8047918525116984
0.35546775985858403
0.7402378283150028
0.9052721988409758
0.6752962721220683
0.865966675337404
0.9681400728586596
0.11126693792175502
0.9601749681460205
0.10685729593387805
0.49898530400241725
0.7535362195048947
0.3737316260521766
0.6908826823055279
0.9686255471315235
0.6098096364585217
0.7107819334487431
0.48088616129825823
0.8105429113202263
0.35059975084732287
0.7319286391430069
0.9362925104505848
0.22253369353711605
0.9203508188656997
0.21371399192139506
0.9979722115385812
0.007072433247230947
0.9974632802477572
0.006765346246538684
0.49975114260450937
0.7508692722185515
0.874688870360842
0.43833482026821
0.8437420789268799
0.9219026266655419
0.2421775909315329
0.4023701771220658
0.9277334028738551
0.7451205830730032
0.8901355033740401
0.6813997453718912
0.8548583674710244
0.9918824321066495
0.028289756213780493
0.9898530084756203
0.527061458589742
0.7490043772559147
0.878477091784589
0.6862554677354638
0.8470892904733773
0.4843432907364331
0.8047980068367906
0.8554291132895742
0.4903400838084053
0.7802695483260322
0.36280655112932436
0.7097119354002643
0.9837776925123762
0.056579465977847576
0.9797062421857845
0.05412276997230947
0.9980091409233864
0.006954177923034877
0.9975109630613588
0.5066785622329917
0.7499366315896623
0.37522101352806203
0.9374207274813671
0.21896141706383787
0.4218672231945675
0.9609646647295449
0.12108402719604783
0.45119796312064864
0.8388669399428181
0.9350594570569228
0.22631804971024394
0.9188240680086892
0.216491668834351
0.992035018192837
0.027816734480438754
0.4900437420292292
0.7767143239616416
0.8747463259787764
0.4383840548689477
0.8434329064912163
0.9227206705545541
0.24215638678288087
0.9024524090928026
0.6776954833476339
0.8702215403027367
0.4526357278227806
0.8376499376900028
0.43298215977847576
0.9840731275908183
0.05563342338427901
0.980087704694597
0.053428497980348766
0.9994930528628174
0.0017681083118077368
0.49936582005466335
0.7516913365398068
0.3749377856438514
0.687717318040086
0.9686722175683826
0.6095837050525006
0.7109355197171681
0.4804756566591095
0.8105443977110554
0.3505925442732405
0.7319333507039119
0.9362801457464229
0.22253387584351003
0.9203499363211449
0.2137145918677561
0.9979706080048345
0.5070724390388932
0.7474632521043532
0.38176536464015953
0.9372510942921508
0.21961927294614725
0.42156386692659
0.9617723225965165
0.6210858226695564
0.7011995016946457
0.4638572783151176
0.8725850209302735
0.4450673870742321
0.8407016377605032
0.4274279838427901
0.9959444231062662
0.014144866494461894
0.9949265605246183
0.013530692493077368
0.9995022852090187
0.5017385444662068
0.7493777407507878
0.87666964053642
0.6874841578828637
0.8438052533601876
0.4843551818630658
0.8047403542441316
0.855466805776814
0.49024116617511027
0.7802710067771841
0.3627994907728862
0.7097167349711526
0.9837648642424028
0.056579512427560985
0.9797060169803444
0.05412291720858775
0.4980087545409333
0.7569541835982818
0.37251093550003134
0.6941785809758585
0.9686865814728662
0.609596013702685
0.7108582266082522
0.9806801676168106
0.5605390966811683
0.7256131022586487
0.4194238708296325
0.9675553850538563
0.11315893195569515
0.9594124844006728
0.10824553994461894
0.9960182818758767
0.013908355846069753
0.9950219261518214
0.013357124495087191
0.4998732632084284
0.7504420270561241
0.874841454991838
0.43792283412767574
0.843734446389135
0.9219293294881936
0.24216805439209566
0.9023959262412973
0.6777338799147401
0.8701189141429495
0.4526360994204879
0.8376481360464823
0.432983337668702
0.9840700364147779
0.05563346896087751
0.9800874840584584
0.5534286479523871
0.7494926519866567
0.8767681097378954
0.6868658130115364
0.845441341138212
0.48431277356576174
0.8049048182147089
0.35539096672437154
0.7404430806345772
0.9052714556455612
0.6752998754091095
0.8659643195569515
0.9681462552107405
0.11126684676855803
0.9601754094182979
0.10685699596069753
0.9989861057547387
0.0035362166236154735
0.9987316401093267
0.5033826731087174
0.7498755712877028
0.37543463610927574
0.9373444351658691
0.219167410134105
0.42187103946343996
0.960951313318219
0.6210887954512145
0.701185088546481
0.46386670143692754
0.8725602915219497
0.44506775168702006
0.8406998726713937
0.4274291837355122
0.9959412160387728
0.014144878106890246
0.49492650423781015
0.7635307292803191
0.8745021886134055
0.4392385458922945
0.84312773385318
0.9235446452221368
0.24217164536821656
0.4023990034183953
0.9277145566302352
0.7451700418896507
0.8901347741484642
0.6814032755501103
0.8548559676855803
0.9918888462416362
0.028289732988923788
0.9898531210783403
0.027061384986154735
0.9990045704471413
0.0034770889615174383
0.4987554815306794
0.7533392811019439
0.37496831579483114
0.6876105067494791
0.9687103637261316
0.609480708517367
0.7109336115827318
0.9804823323502205
0.560542013583472
0.7255989815457724
0.41943346997140907
0.9675297285139095
0.11315902485512197
0.9594120339897927
0.1082458344171755
0.9960175090818666
0.5139083672256675
0.7450218710000627
0.3883571619808208
0.9373731629748363
0.21919202743447386
0.42171645324560814
0.9613603352627251
0.12107819339144044
0.4512262045464013
0.838847741659265
0.9351107701368164
0.2263178639113903
0.9188249688304495
0.21649107988923788
0.9920365637808573
0.027816711692139506
0.9900438523327466
0.026714248990174383
0.9997465264168568
0.500884054141352
0.7496829100127798
0.8758456682553515
0.6874688928073738
0.8438586590054911
0.4843361087841913
0.8047918525116984
0.35546775985858403
0.7402378283150028
0.9052721988409758
0.6752962721220683
0.865966675337404
0.9681400728586596
0.11126693792175502
0.9601749681460205
0.10685729593387805
0.49898530400241725
0.7535362195048947
0.3737316260521766
0.6908826823055279
0.9686255471315235
0.6098096364585217
0.7107819334487431
0.48088616129825823
0.8105429113202263
0.35059975084732287
0.7319286391430069
0.9362925104505848
0.22253369353711605
0.9203508188656997
0.21371399192139506
0.9979722115385812
0.007072433247230947
0.9974632802477572
0.006765346246538684
0.49975114260450937
0.7508692722185515
0.874688870360842
0.43833482026821
0.8437420789268799
0.9219026266655419
0.2421775909315329
0.4023701771220658
0.9277334028738551
0.7451205830730032
0.8901355033740401
0.6813997453718912
0.8548583674710244
0.9918824321066495
0.028289756213780493
0.9898530084756203
0.527061458589742
0.7490043772559147
0.878477091784589
0.6862554677354638
0.8470892904733773
0.4843432907364331
0.8047980068367906
0.8554291132895742
0.4903400838084053
0.7802695483260322
0.36280655112932436
0.7097119354002643
0.9837776925123762
0.056579465977847576
0.9797062421857845
0.05412276997230947
0.9980091409233864
0.006954177923034877
0.9975109630613588
0.5066785622329917
0.7499366315896623
0.37522101352806203
0.9374207274813671
0.21896141706383787
0.4218672231945675
0.9609646647295449
0.12108402719604783
0.45119796312064864
0.8388669399428181
0.9350594570569228
0.22631804971024394
0.9188240680086892
0.216491668834351
0.992035018192837
0.027816734480438754
0.4900437420292292
0.7767143239616416
0.8747463259787764
0.4383840548689477
0.8434329064912163
0.9227206705545541
0.24215638678288087
0.9024524090928026
0.6776954833476339
0.8702215403027367
0.4526357278227806
0.8376499376900028
0.43298215977847576
0.9840731275908183
0.05563342338427901
0.980087704694597
0.053428497980348766
0.9994930528628174
0.0017681083118077368
0.49936582005466335
0.7516913365398068
0.3749377856438514
0.687717318040086
0.9686722175683826
0.6095837050525006
0.7109355197171681
0.4804756566591095
0.8105443977110554
0.3505925442732405
0.7319333507039119
0.9362801457464229
0.22253387584351003
0.9203499363211449
0.2137145918677561
0.9979706080048345
0.5070724390388932
0.7474632521043532
0.38176536464015953
0.9372510942921508
0.21961927294614725
0.42156386692659
0.9617723225965165
0.6210858226695564
0.7011995016946457
0.4638572783151176
0.8725850209302735
0.4450673870742321
0.8407016377605032
0.4274279838427901
0.9959444231062662
0.014144866494461894
0.9949265605246183
0.013530692493077368
0.9995022852090187
0.5017385444662068
0.7493777407507878
0.87666964053642
0.6874841578828637
0.8438052533601876
0.4843551818630658
0.8047403542441316
0.855466805776814
0.49024116617511027
0.7802710067771841
0.3627994907728862
0.7097167349711526
0.9837648642424028
0.056579512427560985
0.9797060169803444
0.05412291720858775
0.4980087545409333
0.7569541835982818
0.37251093550003134
0.6941785809758585
0.9686865814728662
0.609596013702685
0.7108582266082522
0.9806801676168106
0.5605390966811683
0.7256131022586487
0.4194238708296325
0.9675553850538563
0.11315893195569515
0.9594124844006728
0.10824553994461894
0.9960182818758767
0.013908355846069753
0.9950219261518214
0.013357124495087191
0.4998732632084284
0.7504420270561241
0.874841454991838
0.43792283412767574
0.843734446389135
0.9219293294881936
0.24216805439209566
0.9023959262412973
0.6777338799147401
0.8701189141429495
0.4526360994204879
0.8376481360464823
0.432983337668702
0.9840700364147779
0.05563346896087751
0.9800874840584584
0.5534286479523871
0.7494926519866567
0.8767681097378954
0.6868658130115364
0.845441341138212
0.48431277356576174
0.8049048182147089
0.35539096672437154
0.7404430806345772
0.9052714556455612
0.6752998754091095
0.8659643195569515
0.9681462552107405
0.11126684676855803
0.9601754094182979
0.10685699596069753
0.9989861057547387
0.0035362166236154735
0.9987316401093267
0.5033826731087174
0.7498755712877028
0.37543463610927574
0.9373444351658691
0.219167410134105
0.42187103946343996
0.960951313318219
0.6210887954512145
0.701185088546481
0.46386670143692754
0.8725602915219497
0.44506775168702006
0.8406998726713937
0.4274291837355122
0.9959412160387728
0.014144878106890246
0.49492650423781015
0.7635307292803191
0.8745021886134055
0.4392385458922945
0.84312773385318
0.9235446452221368
0.24217164536821656
0.4023990034183953
0.9277145566302352
0.7451700418896507
0.8901347741484642
0.6814032755501103
0.8548559676855803
0.9918888462416362
0.028289732988923788
0.9898531210783403
0.027061384986154735
0.9990045704471413
0.0034770889615174383
0.4987554815306794
0.7533392811019439
0.37496831579483114
0.6876105067494791
0.9687103637261316
0.609480708517367
0.7109336115827318
0.9804823323502205
0.560542013583472
0.7255989815457724
0.41943346997140907
0.9675297285139095
0.11315902485512197
0.9594120339897927
0.1082458344171755
0.9960175090818666
0.5139083672256675
0.7450218710000627
0.3883571619808208
0.9373731629748363
0.21919202743447386
0.42171645324560814
0.9613603352627251
0.12107819339144044
0.4512262045464013
0.838847741659265
0.9351107701368164
0.2263178639113903
0.9188249688304495
0.21649107988923788
0.9920365637808573
0.027816711692139506
0.9900438523327466
0.026714248990174383
0.9997465264168568
0.500884054141352
0.7496829100127798
0.8758456682553515
0.6874688928073738
0.8438586590054911
0.4843361087841913
0.8047918525116984
0.35546775985858403
0.7402378283150028
0.9052721988409758
0.6752962721220683
0.865966675337404
0.9681400728586596
0.11126693792175502
0.9601749681460205
0.10685729593387805
0.49898530400241725
0.7535362195048947
0.3737316260521766
0.6908826823055279
0.9686255471315235
0.6098096364585217
0.7107819334487431
0.48088616129825823
0.8105429113202263
0.35059975084732287
0.7319286391430069
0.9362925104505848
0.22253369353711605
0.9203508188656997
0.21371399192139506
0.9979722115385812
0.007072433247230947
0.9974632802477572
0.006765346246538684
0.49975114260450937
0.7508692722185515
0.874688870360842
0.43833482026821
0.8437420789268799
0.9219026266655419
0.2421775909315329
0.4023701771220658
0.9277334028738551
0.7451205830730032
0.8901355033740401
0.6813997453718912
0.8548583674710244
0.9918824321066495
0.028289756213780493
0.9898530084756203
0.527061458589742
0.7490043772559147
0.878477091784589
0.6862554677354638
0.8470892904733773
0.4843432907364331
0.8047980068367906
0.8554291132895742
0.4903400838084053
0.7802695483260322
0.36280655112932436
0.7097119354002643
0.9837776925123762
0.056579465977847576
0.9797062421857845
0.05412276997230947
0.9980091409233864
0.006954177923034877
0.9975109630613588
0.5066785622329917
0.7499366315896623
0.37522101352806203
0.9374207274813671
0.21896141706383787
0.4218672231945675
0.9609646647295449
0.12108402719604783
0.45119796312064864
0.8388669399428181
0.9350594570569228
0.22631804971024394
0.9188240680086892
0.216491668834351
0.992035018192837
0.027816734480438754
0.4900437420292292
0.7767143239616416
0.8747463259787764
0.4383840548689477
0.8434329064912163
0.9227206705545541
0.24215638678288087
0.9024524090928026
0.6776954833476339
0.8702215403027367
0.4526357278227806
0.8376499376900028
0.43298215977847576
0.9840731275908183
0.05563342338427901
0.980087704694597
0.053428497980348766
0.9994930528628174
0.0017681083118077368
0.49936582005466335
0.7516913365398068
0.3749377856438514
0.687717318040086
0.9686722175683826
0.6095837050525006
0.7109355197171681
0.4804756566591095
0.8105443977110554
0.3505925442732405
0.7319333507039119
0.9362801457464229
0.22253387584351003
0.9203499363211449
0.2137145918677561
0.9979706080048345
0.5070724390388932
0.7474632521043532
0.38176536464015953
0.9372510942921508
0.21961927294614725
0.42156386692659
0.9617723225965165
0.6210858226695564
0.7011995016946457
0.4638572783151176
0.8725850209302735
0.4450673870742321
0.8407016377605032
0.4274279838427901
0.9959444231062662
0.014144866494461894
0.9949265605246183
0.013530692493077368
0.9995022852090187
0.5017385444662068
0.7493777407507878
0.87666964053642
0.6874841578828637
0.8438052533601876
0.4843551818630658
0.8047403542441316
0.855466805776814
0.49024116617511027
0.7802710067771841
0.3627994907728862
0.7097167349711526
0.9837648642424028
0.056579512427560985
0.9797060169803444
0.05412291720858775
0.4980087545409333
0.7569541835982818
0.37251093550003134
0.6941785809758585
0.9686865814728662
0.609596013702685
0.7108582266082522
0.9806801676168106
0.5605390966811683
0.7256131022586487
0.4194238708296325
0.9675553850538563
0.11315893195569515
0.9594124844006728
0.10824553994461894
0.9960182818758767
0.013908355846069753
0.9950219261518214
0.013357124495087191
0.4998732632084284
0.7504420270561241
0.874841454991838
0.43792283412767574
0.843734446389135
0.9219293294881936
0.24216805439209566
0.9023959262412973
0.6777338799147401
0.8701189141429495
0.4526360994204879
0.8376481360464823
0.432983337668702
0.9840700364147779
0.05563346896087751
0.9800874840584584
0.5534286479523871
0.7494926519866567
0.8767681097378954
0.6868658130115364
0.845441341138212
0.48431277356576174
0.8049048182147089
0.35539096672437154
0.7404430806345772
0.9052714556455612
0.6752998754091095
0.8659643195569515
0.9681462552107405
0.11126684676855803
0.9601754094182979
0.10685699596069753
0.9989861057547387
0.0035362166236154735
0.9987316401093267
0.5033826731087174
0.7498755712877028
0.37543463610927574
0.9373444351658691
0.219167410134105
0.42187103946343996
0.960951313318219
0.6210887954512145
0.701185088546481
0.46386670143692754
0.8725602915219497
0.44506775168702006
0.8406998726713937
0.4274291837355122
0.9959412160387728
0.014144878106890246
0.49492650423781015
0.7635307292803191
0.8745021886134055
0.4392385458922945
0.84312773385318
0.9235446452221368
0.24217164536821656
0.4023990034183953
0.9277145566302352
0.7451700418896507
0.8901347741484642
0.6814032755501103
0.8548559676855803
0.9918888462416362
0.028289732988923788
0.9898531210783403
0.027061384986154735
0.9990045704471413
0.0034770889615174383
0.4987554815306794
0.7533392811019439
0.37496831579483114
0.6876105067494791
0.9687103637261316
0.609480708517367
0.7109336115827318
0.9804823323502205
0.560542013583472
0.7255989815457724
0.41943346997140907
0.9675297285139095
0.11315902485512197
0.9594120339897927
0.1082458344171755
0.9960175090818666
0.5139083672256675
0.7450218710000627
0.3883571619808208
0.9373731629748363
0.21919202743447386
0.42171645324560814
0.9613603352627251
0.12107819339144044
0.4512262045464013
0.838847741659265
0.9351107701368164
0.2263178639113903
0.9188249688304495
0.21649107988923788
0.9920365637808573
0.027816711692139506
0.9900438523327466
0.026714248990174383
0.9997465264168568
0.500884054141352
0.7496829100127798
0.8758456682553515
0.6874688928073738
0.8438586590054911
0.4843361087841913
0.8047918525116984
0.35546775985858403
0.7402378283150028
0.9052721988409758
0.6752962721220683
0.865966675337404
0.9681400728586596
0.11126693792175502
0.9601749681460205
0.10685729593387805
0.49898530400241725
0.7535362195048947
0.3737316260521766
0.6908826823055279
0.9686255471315235
0.6098096364585217
0.7107819334487431
0.48088616129825823
0.8105429113202263
0.35059975084732287
0.7319286391430069
0.9362925104505848
0.22253369353711605
0.9203508188656997
0.21371399192139506
0.9979722115385812
0.007072433247230947
0.9974632802477572
0.006765346246538684
0.49975114260450937
0.7508692722185515
0.874688870360842
0.43833482026821
0.8437420789268799
0.9219026266655419
0.2421775909315329
0.4023701771220658
0.9277334028738551
0.7451205830730032
0.8901355033740401
0.6813997453718912
0.8548583674710244
0.9918824321066495
0.028289756213780493
0.9898530084756203
0.527061458589742
0.7490043772559147
0.878477091784589
0.6862554677354638
0.8470892904733773
0.4843432907364331
0.8047980068367906
0.8554291132895742
0.4903400838084053
0.7802695483260322
0.36280655112932436
0.7097119354002643
0.9837776925123762
0.056579465977847576
0.9797062421857845
0.05412276997230947
0.9980091409233864
0.006954177923034877
0.9975109630613588
0.5066785622329917
0.7499366315896623
0.37522101352806203
0.9374207274813671
0.21896141706383787
0.4218672231945675
0.9609646647295449
0.12108402719604783
0.45119796312064864
0.8388669399428181
0.9350594570569228
0.22631804971024394
0.9188240680086892
0.216491668834351
0.992035018192837
0.027816734480438754
0.4900437420292292
0.7767143239616416
0.8747463259787764
0.4383840548689477
0.8434329064912163
0.9227206705545541
0.24215638678288087
0.9024524090928026
0.6776954833476339
0.8702215403027367
0.4526357278227806
0.8376499376900028
0.43298215977847576
0.9840731275908183
0.05563342338427901
0.980087704694597
0.053428497980348766
0.9994930528628174
0.0017681083118077368
0.49936582005466335
0.7516913365398068
0.3749377856438514
0.687717318040086
0.9686722175683826
0.6095837050525006
0.7109355197171681
0.4804756566591095
0.8105443977110554
0.3505925442732405
0.7319333507039119
0.9362801457464229
0.22253387584351003
0.9203499363211449
0.2137145918677561
0.9979706080048345
0.5070724390388932
0.7474632521043532
0.38176536464015953
0.9372510942921508
0.21961927294614725
0.42156386692659
0.9617723225965165
0.6210858226695564
0.7011995016946457
0.4638572783151176
0.8725850209302735
0.4450673870742321
0.8407016377605032
0.4274279838427901
0.9959444231062662
0.014144866494461894
0.9949265605246183
0.013530692493077368
0.9995022852090187
0.5017385444662068
0.7493777407507878
0.87666964053642
0.6874841578828637
0.8438052533601876
0.4843551818630658
0.8047403542441316
0.855466805776814
0.49024116617511027
0.7802710067771841
0.3627994907728862
0.7097167349711526
0.9837648642424028
0.056579512427560985
0.9797060169803444
0.05412291720858775
0.4980087545409333
0.7569541835982818
0.37251093550003134
0.6941785809758585
0.9686865814728662
0.609596013702685
0.7108582266082522
0.9806801676168106
0.5605390966811683
0.7256131022586487
0.4194238708296325
0.9675553850538563
0.11315893195569515
0.9594124844006728
0.10824553994461894
0.9960182818758767
0.013908355846069753
0.9950219261518214
0.013357124495087191
0.4998732632084284
0.7504420270561241
0.874841454991838
0.43792283412767574
0.843734446389135
0.9219293294881936
0.24216805439209566
0.9023959262412973
0.6777338799147401
0.8701189141429495
0.4526360994204879
0.8376481360464823
0.432983337668702
0.9840700364147779
0.05563346896087751
0.9800874840584584
0.5534286479523871
0.7494926519866567
0.8767681097378954
0.6868658130115364
0.845441341138212
0.48431277356576174
0.8049048182147089
0.35539096672437154
0.7404430806345772
0.9052714556455612
0.6752998754091095
0.8659643195569515
0.9681462552107405
0.11126684676855803
0.9601754094182979
0.10685699596069753
0.9989861057547387
0.0035362166236154735
0.9987316401093267
0.5033826731087174
0.7498755712877028
0.37543463610927574
0.9373444351658691
0.219167410134105
0.42187103946343996
0.960951313318219
0.6210887954512145
0.701185088546481
0.46386670143692754
0.8725602915219497
0.44506775168702006
0.8406998726713937
0.4274291837355122
0.9959412160387728
0.014144878106890246
0.49492650423781015
0.7635307292803191
0.8745021886134055
0.4392385458922945
0.84312773385318
0.9235446452221368
0.24217164536821656
0.4023990034183953
0.9277145566302352
0.7451700418896507
0.8901347741484642
0.6814032755501103
0.8548559676855803
0.9918888462416362
0.028289732988923788
0.9898531210783403
0.027061384986154735
0.9990045704471413
0.0034770889615174383
0.4987554815306794
0.7533392811019439
0.37496831579483114
0.6876105067494791
0.9687103637261316
0.609480708517367
0.7109336115827318
0.9804823323502205
0.560542013583472
0.7255989815457724
0.41943346997140907
0.9675297285139095
0.11315902485512197
0.9594120339897927
0.1082458344171755
0.9960175090818666
0.5139083672256675
0.7450218710000627
0.3883571619808208
0.9373731629748363
0.21919202743447386
0.42171645324560814
0.9613603352627251
0.12107819339144044
0.4512262045464013
0.838847741659265
0.9351107701368164
0.2263178639113903
0.9188249688304495
0.21649107988923788
0.9920365637808573
0.027816711692139506
0.9900438523327466
0.026714248990174383
0.9997465264168568
0.500884054141352
0.7496829100127798
0.8758456682553515
0.6874688928073738
0.8438586590054911
0.4843361087841913
0.8047918525116984
0.35546775985858403
0.7402378283150028
0.9052721988409758
0.6752962721220683
0.865966675337404
0.9681400728586596
0.11126693792175502
0.9601749681460205
0.10685729593387805
0.49898530400241725
0.7535362195048947
0.3737316260521766
0.6908826823055279
0.9686255471315235
0.6098096364585217
0.7107819334487431
0.48088616129825823
0.8105429113202263
0.35059975084732287
0.7319286391430069
0.9362925104505848
0.22253369353711605
0.9203508188656997
0.21371399192139506
0.9979722115385812
0.007072433247230947
0.9974632802477572
0.006765346246538684
0.49975114260450937
0.7508692722185515
0.874688870360842
0.43833482026821
0.8437420789268799
0.9219026266655419
0.2421775909315329
0.4023701771220658
0.9277334028738551
0.7451205830730032
0.8901355033740401
0.6813997453718912
0.8548583674710244
0.9918824321066495
0.028289756213780493
0.9898530084756203
0.527061458589742
0.7490043772559147
0.878477091784589
0.6862554677354638
0.8470892904733773
0.4843432907364331
0.8047980068367906
0.8554291132895742
0.4903400838084053
0.7802695483260322
0.36280655112932436
0.7097119354002643
0.9837776925123762
0.056579465977847576
0.9797062421857845
0.05412276997230947
0.9980091409233864
0.006954177923034877
0.9975109630613588
0.5066785622329917
0.7499366315896623
0.37522101352806203
0.9374207274813671
0.21896141706383787
0.4218672231945675
0.9609646647295449
0.12108402719604783
0.45119796312064864
0.8388669399428181
0.9350594570569228
0.22631804971024394
0.9188240680086892
0.216491668834351
0.992035018192837
0.027816734480438754
0.4900437420292292
0.7767143239616416
0.8747463259787764
0.4383840548689477
0.8434329064912163
0.9227206705545541
0.24215638678288087
0.9024524090928026
0.6776954833476339
0.8702215403027367
0.4526357278227806
0.8376499376900028
0.43298215977847576
0.9840731275908183
0.05563342338427901
0.980087704694597
0.053428497980348766
0.9994930528628174
0.0017681083118077368
0.49936582005466335
0.7516913365398068
0.3749377856438514
0.687717318040086
0.9686722175683826
0.6095837050525006
0.7109355197171681
0.4804756566591095
0.8105443977110554
0.3505925442732405
0.7319333507039119
0.9362801457464229
0.22253387584351003
0.9203499363211449
0.2137145918677561
0.9979706080048345
0.5070724390388932
0.7474632521043532
0.38176536464015953
0.9372510942921508
0.21961927294614725
0.42156386692659
0.9617723225965165
0.6210858226695564
0.7011995016946457
0.4638572783151176
0.8725850209302735
0.4450673870742321
0.8407016377605032
0.4274279838427901
0.9959444231062662
0.014144866494461894
0.9949265605246183
0.013530692493077368
0.9995022852090187
0.5017385444662068
0.7493777407507878
0.87666964053642
0.6874841578828637
0.8438052533601876
0.4843551818630658
0.8047403542441316
0.855466805776814
0.49024116617511027
0.7802710067771841
0.3627994907728862
0.7097167349711526
0.9837648642424028
0.056579512427560985
0.9797060169803444
0.05412291720858775
0.4980087545409333
0.7569541835982818
0.37251093550003134
0.6941785809758585
0.9686865814728662
0.609596013702685
0.7108582266082522
0.9806801676168106
0.5605390966811683
0.7256131022586487
0.4194238708296325
0.9675553850538563
0.11315893195569515
0.9594124844006728
0.10824553994461894
0.9960182818758767
0.013908355846069753
0.9950219261518214
0.013357124495087191
0.4998732632084284
0.7504420270561241
0.874841454991838
0.43792283412767574
0.843734446389135
0.9219293294881936
0.24216805439209566
0.9023959262412973
0.6777338799147401
0.8701189141429495
0.4526360994204879
0.8376481360464823
0.432983337668702
0.9840700364147779
0.05563346896087751
0.9800874840584584
0.5534286479523871
0.7494926519866567
0.8767681097378954
0.6868658130115364
0.845441341138212
0.48431277356576174
0.8049048182147089
0.35539096672437154
0.7404430806345772
0.9052714556455612
0.6752998754091095
0.8659643195569515
0.9681462552107405
0.11126684676855803
0.9601754094182979
0.10685699596069753
0.9989861057547387
0.0035362166236154735
0.9987316401093267
0.5033826731087174
0.7498755712877028
0.37543463610927574
0.9373444351658691
0.219167410134105
0.42187103946343996
0.960951313318219
0.6210887954512145
0.701185088546481
0.46386670143692754
0.8725602915219497
0.44506775168702006
0.8406998726713937
0.4274291837355122
0.9959412160387728
0.014144878106890246
0.49492650423781015
0.7635307292803191
0.8745021886134055
0.4392385458922945
0.84312773385318
0.9235446452221368
0.24217164536821656
0.4023990034183953
0.9277145566302352
0.7451700418896507
0.8901347741484642
0.6814032755501103
0.8548559676855803
0.9918888462416362
0.028289732988923788
0.9898531210783403
0.027061384986154735
0.9990045704471413
0.0034770889615174383
0.4987554815306794
0.7533392811019439
0.37496831579483114
0.6876105067494791
0.9687103637261316
0.609480708517367
0.7109336115827318
0.9804823323502205
0.560542013583472
0.7255989815457724
0.41943346997140907
0.9675297285139095
0.11315902485512197
0.9594120339897927
0.1082458344171755
0.9960175090818666
0.5139083672256675
0.7450218710000627
0.3883571619808208
0.9373731629748363
0.21919202743447386
0.42171645324560814
0.9613603352627251
0.12107819339144044
0.4512262045464013
0.838847741659265
0.9351107701368164
0.2263178639113903
0.9188249688304495
0.21649107988923788
0.9920365637808573
0.027816711692139506
0.9900438523327466
0.026714248990174383
0.9997465264168568
0.500884054141352
0.7496829100127798
0.8758456682553515
0.6874688928073738
0.8438586590054911
0.4843361087841913
0.8047918525116984
0.35546775985858403
0.7402378283150028
0.9052721988409758
0.6752962721220683
0.865966675337404
0.9681400728586596
0.11126693792175502
0.9601749681460205
0.10685729593387805
0.49898530400241725
0.7535362195048947
0.3737316260521766
0.6908826823055279
0.9686255471315235
0.6098096364585217
0.7107819334487431
0.48088616129825823
0.8105429113202263
0.35059975084732287
0.7319286391430069
0.9362925104505848
0.22253369353711605
0.9203508188656997
0.21371399192139506
0.9979722115385812
0.007072433247230947
0.9974632802477572
0.006765346246538684
0.49975114260450937
0.7508692722185515
0.874688870360842
0.43833482026821
0.8437420789268799
0.9219026266655419
0.2421775909315329
0.4023701771220658
0.9277334028738551
0.7451205830730032
0.8901355033740401
0.6813997453718912
0.8548583674710244
0.9918824321066495
0.028289756213780493
0.9898530084756203
0.527061458589742
0.7490043772559147
0.878477091784589
0.6862554677354638
0.8470892904733773
0.4843432907364331
0.8047980068367906
0.8554291132895742
0.4903400838084053
0.7802695483260322
0.36280655112932436
0.7097119354002643
0.9837776925123762
0.056579465977847576
0.9797062421857845
0.05412276997230947
0.9980091409233864
0.006954177923034877
0.9975109630613588
0.5066785622329917
0.7499366315896623
0.37522101352806203
0.9374207274813671
0.21896141706383787
0.4218672231945675
0.9609646647295449
0.12108402719604783
0.45119796312064864
0.8388669399428181
0.9350594570569228
0.22631804971024394
0.9188240680086892
0.216491668834351
0.992035018192837
0.027816734480438754
0.4900437420292292
0.7767143239616416
0.8747463259787764
0.4383840548689477
0.8434329064912163
0.9227206705545541
0.24215638678288087
0.9024524090928026
0.6776954833476339
0.8702215403027367
0.4526357278227806
0.8376499376900028
0.43298215977847576
0.9840731275908183
0.05563342338427901
0.980087704694597
0.053428497980348766
0.9994930528628174
0.0017681083118077368
0.49936582005466335
0.7516913365398068
0.3749377856438514
0.687717318040086
0.9686722175683826
0.6095837050525006
0.7109355197171681
0.4804756566591095
0.8105443977110554
0.3505925442732405
0.7319333507039119
0.9362801457464229
0.22253387584351003
0.9203499363211449
0.2137145918677561
0.9979706080048345
0.5070724390388932
0.7474632521043532
0.38176536464015953
0.9372510942921508
0.21961927294614725
0.42156386692659
0.9617723225965165
0.6210858226695564
0.7011995016946457
0.4638572783151176
0.8725850209302735
0.4450673870742321
0.8407016377605032
0.4274279838427901
0.9959444231062662
0.014144866494461894
0.9949265605246183
0.013530692493077368
0.9995022852090187
0.5017385444662068
0.7493777407507878
0.87666964053642
0.6874841578828637
0.8438052533601876
0.4843551818630658
0.8047403542441316
0.855466805776814
0.49024116617511027
