3.814697265625e-06
0.9999866485304665
1.9073486328125e-05
0.9999485015578102
6.103515625e-05
0.9997863769240212
0.00030517578125
0.9991760253615212
0.0009765625
0.9965820312208962
0.0048828125
0.9868164062208962
0.015625
0.9453124999708962
0.078125
0.7890624999708962
0.25
0.12499999997089617
0.25000000002910383
0.6249999998835847
1.1641532182693481e-10
0.9999999995634425
5.820766091346741e-10
0.9999999983992893
1.862645149230957e-09
0.9999999934516381
9.313225746154785e-09
0.9999999748251867
2.9802322387695312e-08
0.9999998956627678
1.4901161193847656e-07
0.9999995976395439
4.76837158203125e-07
0.9999983310408425
2.384185791015625e-06
0.9999935626692604
7.62939453125e-06
0.9999732970900368
3.814697265625e-05
0.9998970031447243
0.0001220703125
0.9995727538771462
0.0006103515625
0.9983520507521462
0.001953125
0.9931640624708962
0.009765625
0.9736328124708962
0.03125
0.8906249999708962
0.15625
0.5781249999708962
0.5
0.24999999994179234
0.5000000000582077
0.2499999997962732
2.3283064365386963e-10
0.9999999991559889
1.1641532182693481e-09
0.9999999968276825
3.725290298461914e-09
0.9999999869323801
1.862645149230957e-08
0.9999999496794771
5.960464477539063e-08
0.9999997913546395
2.980232238769531e-07
0.9999991953081917
9.5367431640625e-07
0.9999966621107887
4.76837158203125e-06
0.9999871253676247
1.52587890625e-05
0.9999465942091774
7.62939453125e-05
0.9997940063185524
0.000244140625
0.9991455077833962
0.001220703125
0.9967041015333962
0.00390625
0.9863281249708962
0.01953125
0.9472656249708962
0.0625
0.7812499999708962
0.3125
0.15624999997089617
2.9103830456733704e-11
0.4999999998835847
1.4551915228366852e-10
0.4999999995925464
4.656612873077393e-10
0.9999999983410817
2.3283064365386963e-09
0.9999999936844688
7.450580596923828e-09
0.9999999738938641
3.725290298461914e-08
0.9999998993880581
1.1920928955078125e-07
0.9999995827383827
5.960464477539062e-07
0.9999983906454872
1.9073486328125e-06
0.9999933242506813
9.5367431640625e-06
0.9999742507643532
3.0517578125e-05
0.9998931884474587
0.000152587890625
0.9995880126662087
0.00048828125
0.9982910155958962
0.00244140625
0.9934082030958962
0.0078125
0.9726562499708962
0.0390625
0.8945312499708962
0.125
0.5624999999708962
0.625
0.31249999994179234
5.820766091346741e-11
0.9999999997671694
2.9103830456733704e-10
0.9999999991850927
9.313225746154785e-10
0.9999999967112672
4.6566128730773926e-09
0.9999999873980414
1.4901161193847656e-08
0.999999947816832
7.450580596923828e-08
0.99999979880522
2.384185791015625e-07
0.9999991655058693
1.1920928955078125e-06
0.9999967813200783
3.814697265625e-06
0.9999866485304665
1.9073486328125e-05
0.9999485015578102
6.103515625e-05
0.9997863769240212
0.00030517578125
0.9991760253615212
0.0009765625
0.9965820312208962
0.0048828125
0.9868164062208962
0.015625
0.9453124999708962
0.078125
0.7890624999708962
0.25
0.12499999997089617
0.25000000002910383
0.6249999998835847
1.1641532182693481e-10
0.9999999995634425
5.820766091346741e-10
0.9999999983992893
1.862645149230957e-09
0.9999999934516381
9.313225746154785e-09
0.9999999748251867
2.9802322387695312e-08
0.9999998956627678
1.4901161193847656e-07
0.9999995976395439
4.76837158203125e-07
0.9999983310408425
2.384185791015625e-06
0.9999935626692604
7.62939453125e-06
0.9999732970900368
3.814697265625e-05
0.9998970031447243
0.0001220703125
0.9995727538771462
0.0006103515625
0.9983520507521462
0.001953125
0.9931640624708962
0.009765625
0.9736328124708962
0.03125
0.8906249999708962
0.15625
0.5781249999708962
0.5
0.24999999994179234
0.5000000000582077
0.2499999997962732
2.3283064365386963e-10
0.9999999991559889
1.1641532182693481e-09
0.9999999968276825
3.725290298461914e-09
0.9999999869323801
1.862645149230957e-08
0.9999999496794771
5.960464477539063e-08
0.9999997913546395
2.980232238769531e-07
0.9999991953081917
9.5367431640625e-07
0.9999966621107887
4.76837158203125e-06
0.9999871253676247
1.52587890625e-05
0.9999465942091774
7.62939453125e-05
0.9997940063185524
0.000244140625
0.9991455077833962
0.001220703125
0.9967041015333962
0.00390625
0.9863281249708962
0.01953125
0.9472656249708962
0.0625
0.7812499999708962
0.3125
0.15624999997089617
2.9103830456733704e-11
0.4999999998835847
1.4551915228366852e-10
0.4999999995925464
4.656612873077393e-10
0.9999999983410817
2.3283064365386963e-09
0.9999999936844688
7.450580596923828e-09
0.9999999738938641
3.725290298461914e-08
0.9999998993880581
1.1920928955078125e-07
0.9999995827383827
5.960464477539062e-07
0.9999983906454872
1.9073486328125e-06
0.9999933242506813
9.5367431640625e-06
0.9999742507643532
3.0517578125e-05
0.9998931884474587
0.000152587890625
0.9995880126662087
0.00048828125
0.9982910155958962
0.00244140625
0.9934082030958962
0.0078125
0.9726562499708962
0.0390625
0.8945312499708962
0.125
0.5624999999708962
0.625
0.31249999994179234
5.820766091346741e-11
0.9999999997671694
2.9103830456733704e-10
0.9999999991850927
9.313225746154785e-10
0.9999999967112672
4.6566128730773926e-09
0.9999999873980414
1.4901161193847656e-08
0.999999947816832
7.450580596923828e-08
0.99999979880522
2.384185791015625e-07
0.9999991655058693
1.1920928955078125e-06
0.9999967813200783
3.814697265625e-06
0.9999866485304665
1.9073486328125e-05
0.9999485015578102
6.103515625e-05
0.9997863769240212
0.00030517578125
0.9991760253615212
0.0009765625
0.9965820312208962
0.0048828125
0.9868164062208962
0.015625
0.9453124999708962
0.078125
0.7890624999708962
0.25
0.12499999997089617
0.25000000002910383
0.6249999998835847
1.1641532182693481e-10
0.9999999995634425
5.820766091346741e-10
0.9999999983992893
1.862645149230957e-09
0.9999999934516381
9.313225746154785e-09
0.9999999748251867
2.9802322387695312e-08
0.9999998956627678
1.4901161193847656e-07
0.9999995976395439
4.76837158203125e-07
0.9999983310408425
2.384185791015625e-06
0.9999935626692604
7.62939453125e-06
0.9999732970900368
3.814697265625e-05
0.9998970031447243
0.0001220703125
0.9995727538771462
0.0006103515625
0.9983520507521462
0.001953125
0.9931640624708962
0.009765625
0.9736328124708962
0.03125
0.8906249999708962
0.15625
0.5781249999708962
0.5
0.24999999994179234
0.5000000000582077
0.2499999997962732
2.3283064365386963e-10
0.9999999991559889
1.1641532182693481e-09
0.9999999968276825
3.725290298461914e-09
0.9999999869323801
1.862645149230957e-08
0.9999999496794771
5.960464477539063e-08
0.9999997913546395
2.980232238769531e-07
0.9999991953081917
9.5367431640625e-07
0.9999966621107887
4.76837158203125e-06
0.9999871253676247
1.52587890625e-05
0.9999465942091774
7.62939453125e-05
0.9997940063185524
0.000244140625
0.9991455077833962
0.001220703125
0.9967041015333962
0.00390625
0.9863281249708962
0.01953125
0.9472656249708962
0.0625
0.7812499999708962
0.3125
0.15624999997089617
2.9103830456733704e-11
0.4999999998835847
1.4551915228366852e-10
0.4999999995925464
4.656612873077393e-10
0.9999999983410817
2.3283064365386963e-09
0.9999999936844688
7.450580596923828e-09
0.9999999738938641
3.725290298461914e-08
0.9999998993880581
1.1920928955078125e-07
0.9999995827383827
5.960464477539062e-07
0.9999983906454872
1.9073486328125e-06
0.9999933242506813
9.5367431640625e-06
0.9999742507643532
3.0517578125e-05
0.9998931884474587
0.000152587890625
0.9995880126662087
0.00048828125
0.9982910155958962
0.00244140625
0.9934082030958962
0.0078125
0.9726562499708962
0.0390625
0.8945312499708962
0.125
0.5624999999708962
0.625
0.31249999994179234
5.820766091346741e-11
0.9999999997671694
2.9103830456733704e-10
0.9999999991850927
9.313225746154785e-10
0.9999999967112672
4.6566128730773926e-09
0.9999999873980414
1.4901161193847656e-08
0.999999947816832
7.450580596923828e-08
0.99999979880522
2.384185791015625e-07
0.9999991655058693
1.1920928955078125e-06
0.9999967813200783
3.814697265625e-06
0.9999866485304665
1.9073486328125e-05
0.9999485015578102
6.103515625e-05
0.9997863769240212
0.00030517578125
0.9991760253615212
0.0009765625
0.9965820312208962
0.0048828125
0.9868164062208962
0.015625
0.9453124999708962
0.078125
0.7890624999708962
0.25
0.12499999997089617
0.25000000002910383
0.6249999998835847
1.1641532182693481e-10
0.9999999995634425
5.820766091346741e-10
0.9999999983992893
1.862645149230957e-09
0.9999999934516381
9.313225746154785e-09
0.9999999748251867
2.9802322387695312e-08
0.9999998956627678
1.4901161193847656e-07
0.9999995976395439
4.76837158203125e-07
0.9999983310408425
2.384185791015625e-06
0.9999935626692604
7.62939453125e-06
0.9999732970900368
3.814697265625e-05
0.9998970031447243
0.0001220703125
0.9995727538771462
0.0006103515625
0.9983520507521462
0.001953125
0.9931640624708962
0.009765625
0.9736328124708962
0.03125
0.8906249999708962
0.15625
0.5781249999708962
0.5
0.24999999994179234
0.5000000000582077
0.2499999997962732
2.3283064365386963e-10
0.9999999991559889
1.1641532182693481e-09
0.9999999968276825
3.725290298461914e-09
0.9999999869323801
1.862645149230957e-08
0.9999999496794771
5.960464477539063e-08
0.9999997913546395
2.980232238769531e-07
0.9999991953081917
9.5367431640625e-07
0.9999966621107887
4.76837158203125e-06
0.9999871253676247
1.52587890625e-05
0.9999465942091774
7.62939453125e-05
0.9997940063185524
0.000244140625
0.9991455077833962
0.001220703125
0.9967041015333962
0.00390625
0.9863281249708962
0.01953125
0.9472656249708962
0.0625
0.7812499999708962
0.3125
0.15624999997089617
2.9103830456733704e-11
0.4999999998835847
1.4551915228366852e-10
0.4999999995925464
4.656612873077393e-10
0.9999999983410817
2.3283064365386963e-09
0.9999999936844688
7.450580596923828e-09
0.9999999738938641
3.725290298461914e-08
0.9999998993880581
1.1920928955078125e-07
0.9999995827383827
5.960464477539062e-07
0.9999983906454872
1.9073486328125e-06
0.9999933242506813
9.5367431640625e-06
0.9999742507643532
3.0517578125e-05
0.9998931884474587
0.000152587890625
0.9995880126662087
0.00048828125
0.9982910155958962
0.00244140625
0.9934082030958962
0.0078125
0.9726562499708962
0.0390625
0.8945312499708962
0.125
0.5624999999708962
0.625
0.31249999994179234
5.820766091346741e-11
0.9999999997671694
2.9103830456733704e-10
0.9999999991850927
9.313225746154785e-10
0.9999999967112672
4.6566128730773926e-09
0.9999999873980414
1.4901161193847656e-08
0.999999947816832
7.450580596923828e-08
0.99999979880522
2.384185791015625e-07
0.9999991655058693
1.1920928955078125e-06
0.9999967813200783
3.814697265625e-06
0.9999866485304665
1.9073486328125e-05
0.9999485015578102
6.103515625e-05
0.9997863769240212
0.00030517578125
0.9991760253615212
0.0009765625
0.9965820312208962
0.0048828125
0.9868164062208962
0.015625
0.9453124999708962
0.078125
0.7890624999708962
0.25
0.12499999997089617
0.25000000002910383
0.6249999998835847
1.1641532182693481e-10
0.9999999995634425
5.820766091346741e-10
0.9999999983992893
1.862645149230957e-09
0.9999999934516381
9.313225746154785e-09
0.9999999748251867
2.9802322387695312e-08
0.9999998956627678
1.4901161193847656e-07
0.9999995976395439
4.76837158203125e-07
0.9999983310408425
2.384185791015625e-06
0.9999935626692604
7.62939453125e-06
0.9999732970900368
3.814697265625e-05
0.9998970031447243
0.0001220703125
0.9995727538771462
0.0006103515625
0.9983520507521462
0.001953125
0.9931640624708962
0.009765625
0.9736328124708962
0.03125
0.8906249999708962
0.15625
0.5781249999708962
0.5
0.24999999994179234
0.5000000000582077
0.2499999997962732
2.3283064365386963e-10
0.9999999991559889
1.1641532182693481e-09
0.9999999968276825
3.725290298461914e-09
0.9999999869323801
1.862645149230957e-08
0.9999999496794771
5.960464477539063e-08
0.9999997913546395
2.980232238769531e-07
0.9999991953081917
9.5367431640625e-07
0.9999966621107887
4.76837158203125e-06
0.9999871253676247
1.52587890625e-05
0.9999465942091774
7.62939453125e-05
0.9997940063185524
0.000244140625
0.9991455077833962
0.001220703125
0.9967041015333962
0.00390625
0.9863281249708962
0.01953125
0.9472656249708962
0.0625
0.7812499999708962
0.3125
0.15624999997089617
2.9103830456733704e-11
0.4999999998835847
1.4551915228366852e-10
0.4999999995925464
4.656612873077393e-10
0.9999999983410817
2.3283064365386963e-09
0.9999999936844688
7.450580596923828e-09
0.9999999738938641
3.725290298461914e-08
0.9999998993880581
1.1920928955078125e-07
0.9999995827383827
5.960464477539062e-07
0.9999983906454872
1.9073486328125e-06
0.9999933242506813
9.5367431640625e-06
0.9999742507643532
3.0517578125e-05
0.9998931884474587
0.000152587890625
0.9995880126662087
0.00048828125
0.9982910155958962
0.00244140625
0.9934082030958962
0.0078125
0.9726562499708962
0.0390625
0.8945312499708962
0.125
0.5624999999708962
0.625
0.31249999994179234
5.820766091346741e-11
0.9999999997671694
2.9103830456733704e-10
0.9999999991850927
9.313225746154785e-10
0.9999999967112672
4.6566128730773926e-09
0.9999999873980414
1.4901161193847656e-08
0.999999947816832
7.450580596923828e-08
0.99999979880522
2.384185791015625e-07
0.9999991655058693
1.1920928955078125e-06
0.9999967813200783
3.814697265625e-06
0.9999866485304665
1.9073486328125e-05
0.9999485015578102
6.103515625e-05
0.9997863769240212
0.00030517578125
0.9991760253615212
0.0009765625
0.9965820312208962
0.0048828125
0.9868164062208962
0.015625
0.9453124999708962
0.078125
0.7890624999708962
0.25
0.12499999997089617
0.25000000002910383
0.6249999998835847
1.1641532182693481e-10
0.9999999995634425
5.820766091346741e-10
0.9999999983992893
1.862645149230957e-09
0.9999999934516381
9.313225746154785e-09
0.9999999748251867
2.9802322387695312e-08
0.9999998956627678
1.4901161193847656e-07
0.9999995976395439
4.76837158203125e-07
0.9999983310408425
2.384185791015625e-06
0.9999935626692604
7.62939453125e-06
0.9999732970900368
3.814697265625e-05
0.9998970031447243
0.0001220703125
0.9995727538771462
0.0006103515625
0.9983520507521462
0.001953125
0.9931640624708962
0.009765625
0.9736328124708962
0.03125
0.8906249999708962
0.15625
0.5781249999708962
0.5
0.24999999994179234
0.5000000000582077
0.2499999997962732
2.3283064365386963e-10
0.9999999991559889
1.1641532182693481e-09
0.9999999968276825
3.725290298461914e-09
0.9999999869323801
1.862645149230957e-08
0.9999999496794771
5.960464477539063e-08
0.9999997913546395
2.980232238769531e-07
0.9999991953081917
9.5367431640625e-07
0.9999966621107887
4.76837158203125e-06
0.9999871253676247
1.52587890625e-05
0.9999465942091774
7.62939453125e-05
0.9997940063185524
0.000244140625
0.9991455077833962
0.001220703125
0.9967041015333962
0.00390625
0.9863281249708962
0.01953125
0.9472656249708962
0.0625
0.7812499999708962
0.3125
0.15624999997089617
2.9103830456733704e-11
0.4999999998835847
1.4551915228366852e-10
0.4999999995925464
4.656612873077393e-10
0.9999999983410817
2.3283064365386963e-09
0.9999999936844688
7.450580596923828e-09
0.9999999738938641
3.725290298461914e-08
0.9999998993880581
1.1920928955078125e-07
0.9999995827383827
5.960464477539062e-07
0.9999983906454872
1.9073486328125e-06
0.9999933242506813
9.5367431640625e-06
0.9999742507643532
3.0517578125e-05
0.9998931884474587
0.000152587890625
0.9995880126662087
0.00048828125
0.9982910155958962
0.00244140625
0.9934082030958962
0.0078125
0.9726562499708962
0.0390625
0.8945312499708962
0.125
0.5624999999708962
0.625
0.31249999994179234
5.820766091346741e-11
0.9999999997671694
2.9103830456733704e-10
0.9999999991850927
9.313225746154785e-10
0.9999999967112672
4.6566128730773926e-09
0.9999999873980414
1.4901161193847656e-08
0.999999947816832
7.450580596923828e-08
0.99999979880522
2.384185791015625e-07
0.9999991655058693
1.1920928955078125e-06
0.9999967813200783
3.814697265625e-06
0.9999866485304665
1.9073486328125e-05
0.9999485015578102
6.103515625e-05
0.9997863769240212
0.00030517578125
0.9991760253615212
0.0009765625
0.9965820312208962
0.0048828125
0.9868164062208962
0.015625
0.9453124999708962
0.078125
0.7890624999708962
0.25
0.12499999997089617
0.25000000002910383
0.6249999998835847
1.1641532182693481e-10
0.9999999995634425
5.820766091346741e-10
0.9999999983992893
1.862645149230957e-09
0.9999999934516381
9.313225746154785e-09
0.9999999748251867
2.9802322387695312e-08
0.9999998956627678
1.4901161193847656e-07
0.9999995976395439
4.76837158203125e-07
0.9999983310408425
2.384185791015625e-06
0.9999935626692604
7.62939453125e-06
0.9999732970900368
3.814697265625e-05
0.9998970031447243
0.0001220703125
0.9995727538771462
0.0006103515625
0.9983520507521462
0.001953125
0.9931640624708962
0.009765625
0.9736328124708962
0.03125
0.8906249999708962
0.15625
0.5781249999708962
0.5
0.24999999994179234
0.5000000000582077
0.2499999997962732
2.3283064365386963e-10
0.9999999991559889
1.1641532182693481e-09
0.9999999968276825
3.725290298461914e-09
0.9999999869323801
1.862645149230957e-08
0.9999999496794771
5.960464477539063e-08
0.9999997913546395
2.980232238769531e-07
0.9999991953081917
9.5367431640625e-07
0.9999966621107887
4.76837158203125e-06
0.9999871253676247
1.52587890625e-05
0.9999465942091774
7.62939453125e-05
0.9997940063185524
0.000244140625
0.9991455077833962
0.001220703125
0.9967041015333962
0.00390625
0.9863281249708962
0.01953125
0.9472656249708962
0.0625
0.7812499999708962
0.3125
0.15624999997089617
2.9103830456733704e-11
0.4999999998835847
1.4551915228366852e-10
0.4999999995925464
4.656612873077393e-10
0.9999999983410817
2.3283064365386963e-09
0.9999999936844688
7.450580596923828e-09
0.9999999738938641
3.725290298461914e-08
0.9999998993880581
1.1920928955078125e-07
0.9999995827383827
5.960464477539062e-07
0.9999983906454872
1.9073486328125e-06
0.9999933242506813
9.5367431640625e-06
0.9999742507643532
3.0517578125e-05
0.9998931884474587
0.000152587890625
0.9995880126662087
0.00048828125
0.9982910155958962
0.00244140625
0.9934082030958962
0.0078125
0.9726562499708962
0.0390625
0.8945312499708962
0.125
0.5624999999708962
0.625
0.31249999994179234
5.820766091346741e-11
0.9999999997671694
2.9103830456733704e-10
0.9999999991850927
9.313225746154785e-10
0.9999999967112672
4.6566128730773926e-09
0.9999999873980414
1.4901161193847656e-08
0.999999947816832
7.450580596923828e-08
0.99999979880522
2.384185791015625e-07
0.9999991655058693
1.1920928955078125e-06
0.9999967813200783
3.814697265625e-06
0.9999866485304665
1.9073486328125e-05
0.9999485015578102
6.103515625e-05
0.9997863769240212
0.00030517578125
0.9991760253615212
0.0009765625
0.9965820312208962
0.0048828125
0.9868164062208962
0.015625
0.9453124999708962
0.078125
0.7890624999708962
0.25
0.12499999997089617
0.25000000002910383
0.6249999998835847
1.1641532182693481e-10
0.9999999995634425
5.820766091346741e-10
0.9999999983992893
1.862645149230957e-09
0.9999999934516381
9.313225746154785e-09
0.9999999748251867
2.9802322387695312e-08
0.9999998956627678
1.4901161193847656e-07
0.9999995976395439
4.76837158203125e-07
0.9999983310408425
2.384185791015625e-06
0.9999935626692604
7.62939453125e-06
0.9999732970900368
3.814697265625e-05
0.9998970031447243
0.0001220703125
0.9995727538771462
0.0006103515625
0.9983520507521462
0.001953125
0.9931640624708962
0.009765625
0.9736328124708962
0.03125
0.8906249999708962
0.15625
0.5781249999708962
0.5
0.24999999994179234
0.5000000000582077
0.2499999997962732
2.3283064365386963e-10
0.9999999991559889
1.1641532182693481e-09
0.9999999968276825
3.725290298461914e-09
0.9999999869323801
1.862645149230957e-08
0.9999999496794771
5.960464477539063e-08
0.9999997913546395
2.980232238769531e-07
0.9999991953081917
9.5367431640625e-07
0.9999966621107887
4.76837158203125e-06
0.9999871253676247
1.52587890625e-05
0.9999465942091774
7.62939453125e-05
0.9997940063185524
0.000244140625
0.9991455077833962
0.001220703125
0.9967041015333962
0.00390625
0.9863281249708962
0.01953125
0.9472656249708962
0.0625
0.7812499999708962
0.3125
0.15624999997089617
2.9103830456733704e-11
0.4999999998835847
1.4551915228366852e-10
0.4999999995925464
4.656612873077393e-10
0.9999999983410817
2.3283064365386963e-09
0.9999999936844688
7.450580596923828e-09
0.9999999738938641
3.725290298461914e-08
0.9999998993880581
1.1920928955078125e-07
0.9999995827383827
5.960464477539062e-07
0.9999983906454872
1.9073486328125e-06
0.9999933242506813
9.5367431640625e-06
0.9999742507643532
3.0517578125e-05
0.9998931884474587
0.000152587890625
0.9995880126662087
0.00048828125
0.9982910155958962
0.00244140625
0.9934082030958962
0.0078125
0.9726562499708962
0.0390625
0.8945312499708962
0.125
0.5624999999708962
0.625
0.31249999994179234
5.820766091346741e-11
0.9999999997671694
2.9103830456733704e-10
0.9999999991850927
9.313225746154785e-10
0.9999999967112672
4.6566128730773926e-09
0.9999999873980414
1.4901161193847656e-08
0.999999947816832
7.450580596923828e-08
0.99999979880522
2.384185791015625e-07
0.9999991655058693
1.1920928955078125e-06
0.9999967813200783
3.814697265625e-06
0.9999866485304665
1.9073486328125e-05
0.9999485015578102
6.103515625e-05
0.9997863769240212
0.00030517578125
0.9991760253615212
0.0009765625
0.9965820312208962
0.0048828125
0.9868164062208962
0.015625
0.9453124999708962
0.078125
0.7890624999708962
0.25
0.12499999997089617
0.25000000002910383
0.6249999998835847
1.1641532182693481e-10
0.9999999995634425
5.820766091346741e-10
0.9999999983992893
1.862645149230957e-09
0.9999999934516381
9.313225746154785e-09
0.9999999748251867
2.9802322387695312e-08
0.9999998956627678
1.4901161193847656e-07
0.9999995976395439
4.76837158203125e-07
0.9999983310408425
2.384185791015625e-06
0.9999935626692604
7.62939453125e-06
0.9999732970900368
3.814697265625e-05
0.9998970031447243
0.0001220703125
0.9995727538771462
0.0006103515625
0.9983520507521462
0.001953125
0.9931640624708962
0.009765625
0.9736328124708962
0.03125
0.8906249999708962
0.15625
0.5781249999708962
0.5
0.24999999994179234
0.5000000000582077
0.2499999997962732
2.3283064365386963e-10
0.9999999991559889
1.1641532182693481e-09
0.9999999968276825
3.725290298461914e-09
0.9999999869323801
1.862645149230957e-08
0.9999999496794771
5.960464477539063e-08
0.9999997913546395
2.980232238769531e-07
0.9999991953081917
9.5367431640625e-07
0.9999966621107887
4.76837158203125e-06
0.9999871253676247
1.52587890625e-05
0.9999465942091774
7.62939453125e-05
0.9997940063185524
0.000244140625
0.9991455077833962
0.001220703125
0.9967041015333962
0.00390625
0.9863281249708962
0.01953125
0.9472656249708962
0.0625
0.7812499999708962
0.3125
0.15624999997089617
2.9103830456733704e-11
0.4999999998835847
1.4551915228366852e-10
0.4999999995925464
4.656612873077393e-10
0.9999999983410817
2.3283064365386963e-09
0.9999999936844688
7.450580596923828e-09
0.9999999738938641
3.725290298461914e-08
0.9999998993880581
1.1920928955078125e-07
0.9999995827383827
5.960464477539062e-07
0.9999983906454872
1.9073486328125e-06
0.9999933242506813
9.5367431640625e-06
0.9999742507643532
3.0517578125e-05
0.9998931884474587
0.000152587890625
0.9995880126662087
0.00048828125
0.9982910155958962
0.00244140625
0.9934082030958962
0.0078125
0.9726562499708962
0.0390625
0.8945312499708962
0.125
0.5624999999708962
0.625
0.31249999994179234
5.820766091346741e-11
0.9999999997671694
2.9103830456733704e-10
0.9999999991850927
9.313225746154785e-10
0.9999999967112672
4.6566128730773926e-09
0.9999999873980414
1.4901161193847656e-08
0.999999947816832
7.450580596923828e-08
0.99999979880522
2.384185791015625e-07
0.9999991655058693
1.1920928955078125e-06
0.9999967813200783
3.814697265625e-06
0.9999866485304665
1.9073486328125e-05
0.9999485015578102
6.103515625e-05
0.9997863769240212
0.00030517578125
0.9991760253615212
0.0009765625
0.9965820312208962
0.0048828125
0.9868164062208962
0.015625
0.9453124999708962
0.078125
0.7890624999708962
0.25
0.12499999997089617
0.25000000002910383
0.6249999998835847
1.1641532182693481e-10
0.9999999995634425
5.820766091346741e-10
0.9999999983992893
1.862645149230957e-09
0.9999999934516381
9.313225746154785e-09
0.9999999748251867
2.9802322387695312e-08
0.9999998956627678
1.4901161193847656e-07
0.9999995976395439
4.76837158203125e-07
0.9999983310408425
2.384185791015625e-06
0.9999935626692604
7.62939453125e-06
0.9999732970900368
3.814697265625e-05
0.9998970031447243
0.0001220703125
0.9995727538771462
0.0006103515625
0.9983520507521462
0.001953125
0.9931640624708962
0.009765625
0.9736328124708962
0.03125
0.8906249999708962
0.15625
0.5781249999708962
0.5
0.24999999994179234
0.5000000000582077
0.2499999997962732
2.3283064365386963e-10
0.9999999991559889
1.1641532182693481e-09
0.9999999968276825
3.725290298461914e-09
0.9999999869323801
1.862645149230957e-08
0.9999999496794771
5.960464477539063e-08
0.9999997913546395
2.980232238769531e-07
0.9999991953081917
9.5367431640625e-07
0.9999966621107887
4.76837158203125e-06
0.9999871253676247
1.52587890625e-05
0.9999465942091774
7.62939453125e-05
0.9997940063185524
0.000244140625
0.9991455077833962
0.001220703125
0.9967041015333962
0.00390625
0.9863281249708962
0.01953125
0.9472656249708962
0.0625
0.7812499999708962
0.3125
0.15624999997089617
2.9103830456733704e-11
0.4999999998835847
1.4551915228366852e-10
0.4999999995925464
4.656612873077393e-10
0.9999999983410817
2.3283064365386963e-09
0.9999999936844688
7.450580596923828e-09
0.9999999738938641
3.725290298461914e-08
0.9999998993880581
1.1920928955078125e-07
0.9999995827383827
5.960464477539062e-07
0.9999983906454872
1.9073486328125e-06
0.9999933242506813
9.5367431640625e-06
0.9999742507643532
3.0517578125e-05
0.9998931884474587
0.000152587890625
0.9995880126662087
0.00048828125
0.9982910155958962
0.00244140625
0.9934082030958962
0.0078125
0.9726562499708962
0.0390625
0.8945312499708962
0.125
0.5624999999708962
0.625
0.31249999994179234
5.820766091346741e-11
0.9999999997671694
2.9103830456733704e-10
0.9999999991850927
9.313225746154785e-10
0.9999999967112672
4.6566128730773926e-09
0.9999999873980414
1.4901161193847656e-08
0.999999947816832
7.450580596923828e-08
0.99999979880522
2.384185791015625e-07
0.9999991655058693
1.1920928955078125e-06
0.9999967813200783
3.814697265625e-06
0.9999866485304665
1.9073486328125e-05
0.9999485015578102
6.103515625e-05
0.9997863769240212
0.00030517578125
0.9991760253615212
0.0009765625
0.9965820312208962
0.0048828125
0.9868164062208962
0.015625
0.9453124999708962
0.078125
0.7890624999708962
0.25
0.12499999997089617
0.25000000002910383
0.6249999998835847
1.1641532182693481e-10
0.9999999995634425
5.820766091346741e-10
0.9999999983992893
1.862645149230957e-09
0.9999999934516381
9.313225746154785e-09
0.9999999748251867
2.9802322387695312e-08
0.9999998956627678
1.4901161193847656e-07
0.9999995976395439
4.76837158203125e-07
0.9999983310408425
2.384185791015625e-06
0.9999935626692604
7.62939453125e-06
0.9999732970900368
3.814697265625e-05
0.9998970031447243
0.0001220703125
0.9995727538771462
0.0006103515625
0.9983520507521462
0.001953125
0.9931640624708962
0.009765625
0.9736328124708962
0.03125
0.8906249999708962
0.15625
0.5781249999708962
0.5
0.24999999994179234
0.5000000000582077
0.2499999997962732
2.3283064365386963e-10
0.9999999991559889
1.1641532182693481e-09
0.9999999968276825
3.725290298461914e-09
0.9999999869323801
1.862645149230957e-08
0.9999999496794771
5.960464477539063e-08
0.9999997913546395
2.980232238769531e-07
0.9999991953081917
9.5367431640625e-07
0.9999966621107887
4.76837158203125e-06
0.9999871253676247
1.52587890625e-05
0.9999465942091774
7.62939453125e-05
0.9997940063185524
0.000244140625
0.9991455077833962
0.001220703125
0.9967041015333962
0.00390625
0.9863281249708962
0.01953125
0.9472656249708962
0.0625
0.7812499999708962
0.3125
0.15624999997089617
2.9103830456733704e-11
0.4999999998835847
1.4551915228366852e-10
0.4999999995925464
4.656612873077393e-10
0.9999999983410817
2.3283064365386963e-09
0.9999999936844688
7.450580596923828e-09
0.9999999738938641
3.725290298461914e-08
0.9999998993880581
1.1920928955078125e-07
0.9999995827383827
5.960464477539062e-07
0.9999983906454872
1.9073486328125e-06
0.9999933242506813
9.5367431640625e-06
0.9999742507643532
3.0517578125e-05
0.9998931884474587
0.000152587890625
0.9995880126662087
0.00048828125
0.9982910155958962
0.00244140625
0.9934082030958962
0.0078125
0.9726562499708962
0.0390625
0.8945312499708962
0.125
0.5624999999708962
0.625
0.31249999994179234
5.820766091346741e-11
0.9999999997671694
2.9103830456733704e-10
0.9999999991850927
9.313225746154785e-10
0.9999999967112672
4.6566128730773926e-09
0.9999999873980414
1.4901161193847656e-08
0.999999947816832
7.450580596923828e-08
0.99999979880522
2.384185791015625e-07
0.9999991655058693
1.1920928955078125e-06
0.9999967813200783
3.814697265625e-06
0.9999866485304665
1.9073486328125e-05
0.9999485015578102
6.103515625e-05
0.9997863769240212
0.00030517578125
0.9991760253615212
0.0009765625
0.9965820312208962
0.0048828125
0.9868164062208962
0.015625
0.9453124999708962
0.078125
0.7890624999708962
0.25
0.12499999997089617
0.25000000002910383
0.6249999998835847
1.1641532182693481e-10
0.9999999995634425
5.820766091346741e-10
0.9999999983992893
1.862645149230957e-09
0.9999999934516381
9.313225746154785e-09
0.9999999748251867
2.9802322387695312e-08
0.9999998956627678
1.4901161193847656e-07
0.9999995976395439
4.76837158203125e-07
0.9999983310408425
2.384185791015625e-06
0.9999935626692604
7.62939453125e-06
0.9999732970900368
3.814697265625e-05
0.9998970031447243
0.0001220703125
0.9995727538771462
0.0006103515625
0.9983520507521462
0.001953125
0.9931640624708962
0.009765625
0.9736328124708962
0.03125
0.8906249999708962
0.15625
0.5781249999708962
0.5
0.24999999994179234
0.5000000000582077
0.2499999997962732
2.3283064365386963e-10
0.9999999991559889
1.1641532182693481e-09
0.9999999968276825
3.725290298461914e-09
0.9999999869323801
1.862645149230957e-08
0.9999999496794771
5.960464477539063e-08
0.9999997913546395
2.980232238769531e-07
0.9999991953081917
9.5367431640625e-07
0.9999966621107887
4.76837158203125e-06
0.9999871253676247
1.52587890625e-05
0.9999465942091774
7.62939453125e-05
0.9997940063185524
0.000244140625
0.9991455077833962
0.001220703125
0.9967041015333962
0.00390625
0.9863281249708962
0.01953125
0.9472656249708962
0.0625
0.7812499999708962
0.3125
0.15624999997089617
2.9103830456733704e-11
0.4999999998835847
1.4551915228366852e-10
0.4999999995925464
4.656612873077393e-10
0.9999999983410817
2.3283064365386963e-09
0.9999999936844688
7.450580596923828e-09
0.9999999738938641
3.725290298461914e-08
0.9999998993880581
1.1920928955078125e-07
0.9999995827383827
5.960464477539062e-07
0.9999983906454872
1.9073486328125e-06
0.9999933242506813
9.5367431640625e-06
0.9999742507643532
3.0517578125e-05
0.9998931884474587
0.000152587890625
0.9995880126662087
0.00048828125
0.9982910155958962
0.00244140625
0.9934082030958962
0.0078125
0.9726562499708962
0.0390625
0.8945312499708962
0.125
0.5624999999708962
0.625
0.31249999994179234
5.820766091346741e-11
0.9999999997671694
2.9103830456733704e-10
0.9999999991850927
9.313225746154785e-10
0.9999999967112672
4.6566128730773926e-09
0.9999999873980414
1.4901161193847656e-08
0.999999947816832
7.450580596923828e-08
0.99999979880522
2.384185791015625e-07
0.9999991655058693
1.1920928955078125e-06
0.9999967813200783
3.814697265625e-06
0.9999866485304665
1.9073486328125e-05
0.9999485015578102
6.103515625e-05
0.9997863769240212
0.00030517578125
0.9991760253615212
0.0009765625
0.9965820312208962
0.0048828125
0.9868164062208962
0.015625
0.9453124999708962
0.078125
0.7890624999708962
0.25
0.12499999997089617
0.25000000002910383
0.6249999998835847
1.1641532182693481e-10
0.9999999995634425
5.820766091346741e-10
0.9999999983992893
1.862645149230957e-09
0.9999999934516381
9.313225746154785e-09
0.9999999748251867
2.9802322387695312e-08
0.9999998956627678
1.4901161193847656e-07
0.9999995976395439
4.76837158203125e-07
0.9999983310408425
2.384185791015625e-06
0.9999935626692604
7.62939453125e-06
0.9999732970900368
3.814697265625e-05
0.9998970031447243
0.0001220703125
0.9995727538771462
0.0006103515625
0.9983520507521462
0.001953125
0.9931640624708962
0.009765625
0.9736328124708962
0.03125
0.8906249999708962
0.15625
0.5781249999708962
0.5
0.24999999994179234
0.5000000000582077
0.2499999997962732
2.3283064365386963e-10
0.9999999991559889
1.1641532182693481e-09
0.9999999968276825
3.725290298461914e-09
0.9999999869323801
1.862645149230957e-08
0.9999999496794771
5.960464477539063e-08
0.9999997913546395
2.980232238769531e-07
0.9999991953081917
9.5367431640625e-07
0.9999966621107887
4.76837158203125e-06
0.9999871253676247
1.52587890625e-05
0.9999465942091774
7.62939453125e-05
0.9997940063185524
0.000244140625
0.9991455077833962
0.001220703125
0.9967041015333962
0.00390625
0.9863281249708962
0.01953125
0.9472656249708962
0.0625
0.7812499999708962
0.3125
0.15624999997089617
2.9103830456733704e-11
0.4999999998835847
1.4551915228366852e-10
0.4999999995925464
4.656612873077393e-10
0.9999999983410817
2.3283064365386963e-09
0.9999999936844688
7.450580596923828e-09
0.9999999738938641
3.725290298461914e-08
0.9999998993880581
1.1920928955078125e-07
0.9999995827383827
5.960464477539062e-07
0.9999983906454872
1.9073486328125e-06
0.9999933242506813
9.5367431640625e-06
0.9999742507643532
3.0517578125e-05
0.9998931884474587
0.000152587890625
0.9995880126662087
0.00048828125
0.9982910155958962
0.00244140625
0.9934082030958962
0.0078125
0.9726562499708962
0.0390625
0.8945312499708962
0.125
0.5624999999708962
0.625
0.31249999994179234
5.820766091346741e-11
0.9999999997671694
2.9103830456733704e-10
0.9999999991850927
9.313225746154785e-10
0.9999999967112672
4.6566128730773926e-09
0.9999999873980414
1.4901161193847656e-08
0.999999947816832
7.450580596923828e-08
0.99999979880522
2.384185791015625e-07
0.9999991655058693
1.1920928955078125e-06
0.9999967813200783
3.814697265625e-06
0.9999866485304665
1.9073486328125e-05
0.9999485015578102
6.103515625e-05
0.9997863769240212
0.00030517578125
0.9991760253615212
0.0009765625
0.9965820312208962
0.0048828125
0.9868164062208962
0.015625
0.9453124999708962
0.078125
0.7890624999708962
0.25
0.12499999997089617
0.25000000002910383
0.6249999998835847
1.1641532182693481e-10
0.9999999995634425
5.820766091346741e-10
0.9999999983992893
1.862645149230957e-09
0.9999999934516381
9.313225746154785e-09
0.9999999748251867
2.9802322387695312e-08
0.9999998956627678
1.4901161193847656e-07
0.9999995976395439
4.76837158203125e-07
0.9999983310408425
2.384185791015625e-06
0.9999935626692604
7.62939453125e-06
0.9999732970900368
3.814697265625e-05
0.9998970031447243
0.0001220703125
0.9995727538771462
0.0006103515625
0.9983520507521462
0.001953125
0.9931640624708962
0.009765625
0.9736328124708962
0.03125
0.8906249999708962
0.15625
0.5781249999708962
0.5
0.24999999994179234
0.5000000000582077
0.2499999997962732
2.3283064365386963e-10
0.9999999991559889
1.1641532182693481e-09
0.9999999968276825
3.725290298461914e-09
0.9999999869323801
1.862645149230957e-08
0.9999999496794771
5.960464477539063e-08
0.9999997913546395
2.980232238769531e-07
0.9999991953081917
9.5367431640625e-07
0.9999966621107887
4.76837158203125e-06
0.9999871253676247
1.52587890625e-05
0.9999465942091774
7.62939453125e-05
0.9997940063185524
0.000244140625
0.9991455077833962
0.001220703125
0.9967041015333962
0.00390625
0.9863281249708962
0.01953125
0.9472656249708962
0.0625
0.7812499999708962
0.3125
0.15624999997089617
2.9103830456733704e-11
0.4999999998835847
1.4551915228366852e-10
0.4999999995925464
4.656612873077393e-10
0.9999999983410817
2.3283064365386963e-09
0.9999999936844688
7.450580596923828e-09
0.9999999738938641
3.725290298461914e-08
0.9999998993880581
1.1920928955078125e-07
0.9999995827383827
5.960464477539062e-07
0.9999983906454872
1.9073486328125e-06
0.9999933242506813
9.5367431640625e-06
0.9999742507643532
3.0517578125e-05
0.9998931884474587
0.000152587890625
0.9995880126662087
0.00048828125
0.9982910155958962
0.00244140625
0.9934082030958962
0.0078125
0.9726562499708962
0.0390625
0.8945312499708962
0.125
0.5624999999708962
0.625
0.31249999994179234
5.820766091346741e-11
0.9999999997671694
2.9103830456733704e-10
0.9999999991850927
9.313225746154785e-10
0.9999999967112672
4.6566128730773926e-09
0.9999999873980414
1.4901161193847656e-08
0.999999947816832
7.450580596923828e-08
0.99999979880522
2.384185791015625e-07
0.9999991655058693
1.1920928955078125e-06
0.9999967813200783
3.814697265625e-06
0.9999866485304665
1.9073486328125e-05
0.9999485015578102
6.103515625e-05
0.9997863769240212
0.00030517578125
0.9991760253615212
0.0009765625
0.9965820312208962
0.0048828125
0.9868164062208962
0.015625
0.9453124999708962
0.078125
0.7890624999708962
0.25
0.12499999997089617
0.25000000002910383
0.6249999998835847
1.1641532182693481e-10
0.9999999995634425
5.820766091346741e-10
0.9999999983992893
1.862645149230957e-09
0.9999999934516381
9.313225746154785e-09
0.9999999748251867
2.9802322387695312e-08
0.9999998956627678
1.4901161193847656e-07
0.9999995976395439
4.76837158203125e-07
0.9999983310408425
2.384185791015625e-06
0.9999935626692604
7.62939453125e-06
0.9999732970900368
3.814697265625e-05
0.9998970031447243
0.0001220703125
0.9995727538771462
0.0006103515625
0.9983520507521462
0.001953125
0.9931640624708962
0.009765625
0.9736328124708962
0.03125
0.8906249999708962
0.15625
0.5781249999708962
0.5
0.24999999994179234
0.5000000000582077
0.2499999997962732
2.3283064365386963e-10
0.9999999991559889
1.1641532182693481e-09
0.9999999968276825
3.725290298461914e-09
0.9999999869323801
1.862645149230957e-08
0.9999999496794771
5.960464477539063e-08
0.9999997913546395
2.980232238769531e-07
0.9999991953081917
9.5367431640625e-07
0.9999966621107887
4.76837158203125e-06
0.9999871253676247
1.52587890625e-05
0.9999465942091774
7.62939453125e-05
0.9997940063185524
0.000244140625
0.9991455077833962
0.001220703125
0.9967041015333962
0.00390625
0.9863281249708962
0.01953125
0.9472656249708962
0.0625
0.7812499999708962
0.3125
0.15624999997089617
2.9103830456733704e-11
0.4999999998835847
1.4551915228366852e-10
0.4999999995925464
4.656612873077393e-10
0.9999999983410817
2.3283064365386963e-09
0.9999999936844688
7.450580596923828e-09
0.9999999738938641
3.725290298461914e-08
0.9999998993880581
1.1920928955078125e-07
0.9999995827383827
5.960464477539062e-07
0.9999983906454872
1.9073486328125e-06
0.9999933242506813
9.5367431640625e-06
0.9999742507643532
3.0517578125e-05
0.9998931884474587
0.000152587890625
0.9995880126662087
0.00048828125
0.9982910155958962
0.00244140625
0.9934082030958962
0.0078125
0.9726562499708962
0.0390625
0.8945312499708962
0.125
0.5624999999708962
0.625
0.31249999994179234
5.820766091346741e-11
0.9999999997671694
2.9103830456733704e-10
0.9999999991850927
9.313225746154785e-10
0.9999999967112672
4.6566128730773926e-09
0.9999999873980414
1.4901161193847656e-08
0.999999947816832
7.450580596923828e-08
0.99999979880522
2.384185791015625e-07
0.9999991655058693
1.1920928955078125e-06
0.9999967813200783
3.814697265625e-06
0.9999866485304665
1.9073486328125e-05
0.9999485015578102
6.103515625e-05
0.9997863769240212
0.00030517578125
0.9991760253615212
0.0009765625
0.9965820312208962
0.0048828125
0.9868164062208962
0.015625
0.9453124999708962
0.078125
0.7890624999708962
0.25
0.12499999997089617
0.25000000002910383
0.6249999998835847
1.1641532182693481e-10
0.9999999995634425
5.820766091346741e-10
0.9999999983992893
1.862645149230957e-09
0.9999999934516381
9.313225746154785e-09
0.9999999748251867
2.9802322387695312e-08
0.9999998956627678
1.4901161193847656e-07
0.9999995976395439
4.76837158203125e-07
0.9999983310408425
2.384185791015625e-06
0.9999935626692604
7.62939453125e-06
0.9999732970900368
3.814697265625e-05
0.9998970031447243
0.0001220703125
0.9995727538771462
0.0006103515625
0.9983520507521462
0.001953125
0.9931640624708962
0.009765625
0.9736328124708962
0.03125
0.8906249999708962
0.15625
0.5781249999708962
0.5
0.24999999994179234
0.5000000000582077
0.2499999997962732
2.3283064365386963e-10
0.9999999991559889
1.1641532182693481e-09
0.9999999968276825
3.725290298461914e-09
0.9999999869323801
1.862645149230957e-08
0.9999999496794771
5.960464477539063e-08
0.9999997913546395
2.980232238769531e-07
0.9999991953081917
9.5367431640625e-07
0.9999966621107887
4.76837158203125e-06
0.9999871253676247
1.52587890625e-05
0.9999465942091774
7.62939453125e-05
0.9997940063185524
0.000244140625
0.9991455077833962
0.001220703125
0.9967041015333962
0.00390625
0.9863281249708962
0.01953125
0.9472656249708962
0.0625
0.7812499999708962
0.3125
0.15624999997089617
2.9103830456733704e-11
0.4999999998835847
1.4551915228366852e-10
0.4999999995925464
4.656612873077393e-10
0.9999999983410817
2.3283064365386963e-09
0.9999999936844688
7.450580596923828e-09
0.9999999738938641
3.725290298461914e-08
0.9999998993880581
1.1920928955078125e-07
0.9999995827383827
5.960464477539062e-07
0.9999983906454872
1.9073486328125e-06
0.9999933242506813
9.5367431640625e-06
0.9999742507643532
3.0517578125e-05
0.9998931884474587
0.000152587890625
0.9995880126662087
0.00048828125
0.9982910155958962
0.00244140625
0.9934082030958962
0.0078125
0.9726562499708962
0.0390625
0.8945312499708962
0.125
0.5624999999708962
0.625
0.31249999994179234
5.820766091346741e-11
0.9999999997671694
2.9103830456733704e-10
0.9999999991850927
9.313225746154785e-10
0.9999999967112672
4.6566128730773926e-09
0.9999999873980414
1.4901161193847656e-08
0.999999947816832
7.450580596923828e-08
0.99999979880522
2.384185791015625e-07
0.9999991655058693
1.1920928955078125e-06
0.9999967813200783
3.814697265625e-06
0.9999866485304665
1.9073486328125e-05
0.9999485015578102
6.103515625e-05
0.9997863769240212
0.00030517578125
0.9991760253615212
0.0009765625
0.9965820312208962
0.0048828125
0.9868164062208962
0.015625
0.9453124999708962
0.078125
0.7890624999708962
0.25
0.12499999997089617
0.25000000002910383
0.6249999998835847
1.1641532182693481e-10
0.9999999995634425
5.820766091346741e-10
0.9999999983992893
1.862645149230957e-09
0.9999999934516381
9.313225746154785e-09
0.9999999748251867
2.9802322387695312e-08
0.9999998956627678
1.4901161193847656e-07
0.9999995976395439
4.76837158203125e-07
0.9999983310408425
2.384185791015625e-06
0.9999935626692604
7.62939453125e-06
0.9999732970900368
3.814697265625e-05
0.9998970031447243
0.0001220703125
0.9995727538771462
0.0006103515625
0.9983520507521462
0.001953125
0.9931640624708962
0.009765625
0.9736328124708962
0.03125
0.8906249999708962
0.15625
0.5781249999708962
0.5
0.24999999994179234
0.5000000000582077
0.2499999997962732
2.3283064365386963e-10
0.9999999991559889
1.1641532182693481e-09
0.9999999968276825
3.725290298461914e-09
0.9999999869323801
1.862645149230957e-08
0.9999999496794771
5.960464477539063e-08
0.9999997913546395
2.980232238769531e-07
0.9999991953081917
9.5367431640625e-07
0.9999966621107887
4.76837158203125e-06
0.9999871253676247
1.52587890625e-05
0.9999465942091774
7.62939453125e-05
0.9997940063185524
0.000244140625
0.9991455077833962
0.001220703125
0.9967041015333962
0.00390625
0.9863281249708962
0.01953125
0.9472656249708962
0.0625
0.7812499999708962
0.3125
0.15624999997089617
2.9103830456733704e-11
0.4999999998835847
1.4551915228366852e-10
0.4999999995925464
4.656612873077393e-10
0.9999999983410817
2.3283064365386963e-09
0.9999999936844688
7.450580596923828e-09
0.9999999738938641
3.725290298461914e-08
0.9999998993880581
1.1920928955078125e-07
0.9999995827383827
5.960464477539062e-07
0.9999983906454872
1.9073486328125e-06
0.9999933242506813
9.5367431640625e-06
0.9999742507643532
3.0517578125e-05
0.9998931884474587
0.000152587890625
0.9995880126662087
0.00048828125
0.9982910155958962
0.00244140625
0.9934082030958962
0.0078125
0.9726562499708962
0.0390625
0.8945312499708962
0.125
0.5624999999708962
0.625
0.31249999994179234
5.820766091346741e-11
0.9999999997671694
2.9103830456733704e-10
0.9999999991850927
9.313225746154785e-10
0.9999999967112672
4.6566128730773926e-09
0.9999999873980414
1.4901161193847656e-08
0.999999947816832
7.450580596923828e-08
0.99999979880522
2.384185791015625e-07
0.9999991655058693
1.1920928955078125e-06
0.9999967813200783
3.814697265625e-06
0.9999866485304665
1.9073486328125e-05
0.9999485015578102
6.103515625e-05
0.9997863769240212
0.00030517578125
0.9991760253615212
0.0009765625
0.9965820312208962
0.0048828125
0.9868164062208962
0.015625
0.9453124999708962
0.078125
0.7890624999708962
0.25
0.12499999997089617
0.25000000002910383
0.6249999998835847
1.1641532182693481e-10
0.9999999995634425
5.820766091346741e-10
0.9999999983992893
1.862645149230957e-09
0.9999999934516381
9.313225746154785e-09
0.9999999748251867
2.9802322387695312e-08
0.9999998956627678
1.4901161193847656e-07
0.9999995976395439
4.76837158203125e-07
0.9999983310408425
2.384185791015625e-06
0.9999935626692604
7.62939453125e-06
0.9999732970900368
3.814697265625e-05
0.9998970031447243
0.0001220703125
0.9995727538771462
0.0006103515625
0.9983520507521462
0.001953125
0.9931640624708962
0.009765625
0.9736328124708962
0.03125
0.8906249999708962
0.15625
0.5781249999708962
0.5
0.24999999994179234
0.5000000000582077
0.2499999997962732
2.3283064365386963e-10
0.9999999991559889
1.1641532182693481e-09
0.9999999968276825
3.725290298461914e-09
0.9999999869323801
1.862645149230957e-08
0.9999999496794771
5.960464477539063e-08
0.9999997913546395
2.980232238769531e-07
0.9999991953081917
9.5367431640625e-07
0.9999966621107887
4.76837158203125e-06
0.9999871253676247
1.52587890625e-05
0.9999465942091774
7.62939453125e-05
0.9997940063185524
0.000244140625
0.9991455077833962
0.001220703125
0.9967041015333962
0.00390625
0.9863281249708962
0.01953125
0.9472656249708962
0.0625
0.7812499999708962
0.3125
0.15624999997089617
2.9103830456733704e-11
0.4999999998835847
1.4551915228366852e-10
0.4999999995925464
4.656612873077393e-10
0.9999999983410817
2.3283064365386963e-09
0.9999999936844688
7.450580596923828e-09
0.9999999738938641
3.725290298461914e-08
0.9999998993880581
1.1920928955078125e-07
0.9999995827383827
5.960464477539062e-07
0.9999983906454872
1.9073486328125e-06
0.9999933242506813
9.5367431640625e-06
0.9999742507643532
3.0517578125e-05
0.9998931884474587
0.000152587890625
0.9995880126662087
0.00048828125
0.9982910155958962
0.00244140625
0.9934082030958962
0.0078125
0.9726562499708962
0.0390625
0.8945312499708962
0.125
0.5624999999708962
0.625
0.31249999994179234
5.820766091346741e-11
0.9999999997671694
2.9103830456733704e-10
0.9999999991850927
9.313225746154785e-10
0.9999999967112672
4.6566128730773926e-09
0.9999999873980414
1.4901161193847656e-08
0.999999947816832
7.450580596923828e-08
0.99999979880522
2.384185791015625e-07
0.9999991655058693
1.1920928955078125e-06
0.9999967813200783
3.814697265625e-06
0.9999866485304665
1.9073486328125e-05
0.9999485015578102
6.103515625e-05
0.9997863769240212
0.00030517578125
0.9991760253615212
0.0009765625
0.9965820312208962
0.0048828125
0.9868164062208962
0.015625
0.9453124999708962
0.078125
0.7890624999708962
0.25
0.12499999997089617
0.25000000002910383
0.6249999998835847
1.1641532182693481e-10
0.9999999995634425
5.820766091346741e-10
0.9999999983992893
1.862645149230957e-09
0.9999999934516381
9.313225746154785e-09
0.9999999748251867
2.9802322387695312e-08
0.9999998956627678
1.4901161193847656e-07
0.9999995976395439
4.76837158203125e-07
0.9999983310408425
2.384185791015625e-06
0.9999935626692604
7.62939453125e-06
0.9999732970900368
3.814697265625e-05
0.9998970031447243
0.0001220703125
0.9995727538771462
0.0006103515625
0.9983520507521462
0.001953125
0.9931640624708962
0.009765625
0.9736328124708962
0.03125
0.8906249999708962
0.15625
0.5781249999708962
0.5
0.24999999994179234
0.5000000000582077
0.2499999997962732
2.3283064365386963e-10
0.9999999991559889
1.1641532182693481e-09
0.9999999968276825
3.725290298461914e-09
0.9999999869323801
1.862645149230957e-08
0.9999999496794771
5.960464477539063e-08
0.9999997913546395
2.980232238769531e-07
0.9999991953081917
9.5367431640625e-07
0.9999966621107887
4.76837158203125e-06
0.9999871253676247
1.52587890625e-05
0.9999465942091774
7.62939453125e-05
0.9997940063185524
0.000244140625
0.9991455077833962
0.001220703125
0.9967041015333962
0.00390625
0.9863281249708962
0.01953125
0.9472656249708962
0.0625
0.7812499999708962
0.3125
0.15624999997089617
2.9103830456733704e-11
0.4999999998835847
1.4551915228366852e-10
0.4999999995925464
4.656612873077393e-10
0.9999999983410817
2.3283064365386963e-09
0.9999999936844688
7.450580596923828e-09
0.9999999738938641
3.725290298461914e-08
0.9999998993880581
1.1920928955078125e-07
0.9999995827383827
5.960464477539062e-07
0.9999983906454872
1.9073486328125e-06
0.9999933242506813
9.5367431640625e-06
0.9999742507643532
3.0517578125e-05
0.9998931884474587
0.000152587890625
0.9995880126662087
0.00048828125
0.9982910155958962
0.00244140625
0.9934082030958962
0.0078125
0.9726562499708962
0.0390625
0.8945312499708962
0.125
0.5624999999708962
0.625
0.31249999994179234
5.820766091346741e-11
0.9999999997671694
2.9103830456733704e-10
0.9999999991850927
9.313225746154785e-10
0.9999999967112672
4.6566128730773926e-09
0.9999999873980414
1.4901161193847656e-08
0.999999947816832
7.450580596923828e-08
0.99999979880522
2.384185791015625e-07
0.9999991655058693
1.1920928955078125e-06
0.9999967813200783
3.814697265625e-06
0.9999866485304665
1.9073486328125e-05
0.9999485015578102
6.103515625e-05
0.9997863769240212
0.00030517578125
0.9991760253615212
0.0009765625
0.9965820312208962
0.0048828125
0.9868164062208962
0.015625
0.9453124999708962
0.078125
0.7890624999708962
0.25
0.12499999997089617
0.25000000002910383
0.6249999998835847
1.1641532182693481e-10
0.9999999995634425
5.820766091346741e-10
0.9999999983992893
1.862645149230957e-09
0.9999999934516381
9.313225746154785e-09
0.9999999748251867
2.9802322387695312e-08
0.9999998956627678
1.4901161193847656e-07
0.9999995976395439
4.76837158203125e-07
0.9999983310408425
2.384185791015625e-06
0.9999935626692604
7.62939453125e-06
0.9999732970900368
3.814697265625e-05
0.9998970031447243
0.0001220703125
0.9995727538771462
0.0006103515625
0.9983520507521462
0.001953125
0.9931640624708962
0.009765625
0.9736328124708962
0.03125
0.8906249999708962
0.15625
0.5781249999708962
0.5
0.24999999994179234
0.5000000000582077
0.2499999997962732
2.3283064365386963e-10
0.9999999991559889
1.1641532182693481e-09
0.9999999968276825
3.725290298461914e-09
0.9999999869323801
1.862645149230957e-08
0.9999999496794771
5.960464477539063e-08
0.9999997913546395
2.980232238769531e-07
0.9999991953081917
9.5367431640625e-07
0.9999966621107887
4.76837158203125e-06
0.9999871253676247
1.52587890625e-05
0.9999465942091774
7.62939453125e-05
0.9997940063185524
0.000244140625
0.9991455077833962
0.001220703125
0.9967041015333962
0.00390625
0.9863281249708962
0.01953125
0.9472656249708962
0.0625
0.7812499999708962
0.3125
0.15624999997089617
2.9103830456733704e-11
0.4999999998835847
1.4551915228366852e-10
0.4999999995925464
4.656612873077393e-10
0.9999999983410817
2.3283064365386963e-09
0.9999999936844688
7.450580596923828e-09
0.9999999738938641
3.725290298461914e-08
0.9999998993880581
1.1920928955078125e-07
0.9999995827383827
5.960464477539062e-07
0.9999983906454872
1.9073486328125e-06
0.9999933242506813
9.5367431640625e-06
0.9999742507643532
3.0517578125e-05
0.9998931884474587
0.000152587890625
0.9995880126662087
0.00048828125
0.9982910155958962
0.00244140625
0.9934082030958962
0.0078125
0.9726562499708962
0.0390625
0.8945312499708962
0.125
0.5624999999708962
0.625
0.31249999994179234
5.820766091346741e-11
0.9999999997671694
2.9103830456733704e-10
0.9999999991850927
9.313225746154785e-10
0.9999999967112672
4.6566128730773926e-09
0.9999999873980414
1.4901161193847656e-08
0.999999947816832
7.450580596923828e-08
0.99999979880522
2.384185791015625e-07
0.9999991655058693
1.1920928955078125e-06
0.9999967813200783
3.814697265625e-06
0.9999866485304665
1.9073486328125e-05
0.9999485015578102
6.103515625e-05
0.9997863769240212
0.00030517578125
0.9991760253615212
0.0009765625
0.9965820312208962
0.0048828125
0.9868164062208962
0.015625
0.9453124999708962
0.078125
0.7890624999708962
0.25
0.12499999997089617
0.25000000002910383
0.6249999998835847
1.1641532182693481e-10
0.9999999995634425
5.820766091346741e-10
0.9999999983992893
1.862645149230957e-09
0.9999999934516381
9.313225746154785e-09
0.9999999748251867
2.9802322387695312e-08
0.9999998956627678
1.4901161193847656e-07
0.9999995976395439
4.76837158203125e-07
0.9999983310408425
2.384185791015625e-06
0.9999935626692604
7.62939453125e-06
0.9999732970900368
3.814697265625e-05
0.9998970031447243
0.0001220703125
0.9995727538771462
0.0006103515625
0.9983520507521462
0.001953125
0.9931640624708962
0.009765625
0.9736328124708962
0.03125
0.8906249999708962
0.15625
0.5781249999708962
0.5
0.24999999994179234
0.5000000000582077
0.2499999997962732
2.3283064365386963e-10
0.9999999991559889
1.1641532182693481e-09
0.9999999968276825
3.725290298461914e-09
0.9999999869323801
1.862645149230957e-08
0.9999999496794771
5.960464477539063e-08
0.9999997913546395
2.980232238769531e-07
0.9999991953081917
9.5367431640625e-07
0.9999966621107887
4.76837158203125e-06
0.9999871253676247
1.52587890625e-05
0.9999465942091774
7.62939453125e-05
0.9997940063185524
0.000244140625
0.9991455077833962
0.001220703125
0.9967041015333962
0.00390625
0.9863281249708962
0.01953125
0.9472656249708962
0.0625
0.7812499999708962
0.3125
0.15624999997089617
2.9103830456733704e-11
0.4999999998835847
1.4551915228366852e-10
0.4999999995925464
4.656612873077393e-10
0.9999999983410817
2.3283064365386963e-09
0.9999999936844688
7.450580596923828e-09
0.9999999738938641
3.725290298461914e-08
0.9999998993880581
1.1920928955078125e-07
0.9999995827383827
5.960464477539062e-07
0.9999983906454872
1.9073486328125e-06
0.9999933242506813
9.5367431640625e-06
0.9999742507643532
3.0517578125e-05
0.9998931884474587
0.000152587890625
0.9995880126662087
0.00048828125
0.9982910155958962
0.00244140625
0.9934082030958962
0.0078125
0.9726562499708962
0.0390625
0.8945312499708962
0.125
0.5624999999708962
0.625
0.31249999994179234
5.820766091346741e-11
0.9999999997671694
2.9103830456733704e-10
0.9999999991850927
9.313225746154785e-10
0.9999999967112672
4.6566128730773926e-09
0.9999999873980414
1.4901161193847656e-08
0.999999947816832
7.450580596923828e-08
0.99999979880522
2.384185791015625e-07
0.9999991655058693
1.1920928955078125e-06
0.9999967813200783
3.814697265625e-06
0.9999866485304665
1.9073486328125e-05
0.9999485015578102
6.103515625e-05
0.9997863769240212
0.00030517578125
0.9991760253615212
0.0009765625
0.9965820312208962
0.0048828125
0.9868164062208962
0.015625
0.9453124999708962
0.078125
0.7890624999708962
0.25
0.12499999997089617
0.25000000002910383
0.6249999998835847
1.1641532182693481e-10
0.9999999995634425
5.820766091346741e-10
0.9999999983992893
1.862645149230957e-09
0.9999999934516381
9.313225746154785e-09
0.9999999748251867
2.9802322387695312e-08
0.9999998956627678
1.4901161193847656e-07
0.9999995976395439
4.76837158203125e-07
0.9999983310408425
2.384185791015625e-06
0.9999935626692604
7.62939453125e-06
0.9999732970900368
3.814697265625e-05
0.9998970031447243
0.0001220703125
0.9995727538771462
0.0006103515625
0.9983520507521462
0.001953125
0.9931640624708962
0.009765625
0.9736328124708962
0.03125
0.8906249999708962
0.15625
0.5781249999708962
0.5
0.24999999994179234
0.5000000000582077
0.2499999997962732
2.3283064365386963e-10
0.9999999991559889
1.1641532182693481e-09
0.9999999968276825
3.725290298461914e-09
0.9999999869323801
1.862645149230957e-08
0.9999999496794771
5.960464477539063e-08
0.9999997913546395
2.980232238769531e-07
0.9999991953081917
9.5367431640625e-07
0.9999966621107887
4.76837158203125e-06
0.9999871253676247
1.52587890625e-05
0.9999465942091774
7.62939453125e-05
0.9997940063185524
0.000244140625
0.9991455077833962
0.001220703125
0.9967041015333962
0.00390625
0.9863281249708962
0.01953125
0.9472656249708962
0.0625
0.7812499999708962
0.3125
0.15624999997089617
2.9103830456733704e-11
0.4999999998835847
1.4551915228366852e-10
0.4999999995925464
4.656612873077393e-10
0.9999999983410817
2.3283064365386963e-09
0.9999999936844688
7.450580596923828e-09
0.9999999738938641
3.725290298461914e-08
0.9999998993880581
1.1920928955078125e-07
0.9999995827383827
5.960464477539062e-07
0.9999983906454872
1.9073486328125e-06
0.9999933242506813
9.5367431640625e-06
0.9999742507643532
3.0517578125e-05
0.9998931884474587
0.000152587890625
0.9995880126662087
0.00048828125
0.9982910155958962
0.00244140625
0.9934082030958962
0.0078125
0.9726562499708962
0.0390625
0.8945312499708962
0.125
0.5624999999708962
0.625
0.31249999994179234
5.820766091346741e-11
0.9999999997671694
2.9103830456733704e-10
0.9999999991850927
9.313225746154785e-10
0.9999999967112672
4.6566128730773926e-09
0.9999999873980414
1.4901161193847656e-08
0.999999947816832
7.450580596923828e-08
0.99999979880522
2.384185791015625e-07
0.9999991655058693
1.1920928955078125e-06
0.9999967813200783
3.814697265625e-06
0.9999866485304665
1.9073486328125e-05
0.9999485015578102
6.103515625e-05
0.9997863769240212
0.00030517578125
0.9991760253615212
0.0009765625
0.9965820312208962
0.0048828125
0.9868164062208962
0.015625
0.9453124999708962
0.078125
0.7890624999708962
0.25
0.12499999997089617
0.25000000002910383
0.6249999998835847
1.1641532182693481e-10
0.9999999995634425
5.820766091346741e-10
0.9999999983992893
1.862645149230957e-09
0.9999999934516381
9.313225746154785e-09
0.9999999748251867
2.9802322387695312e-08
0.9999998956627678
1.4901161193847656e-07
0.9999995976395439
4.76837158203125e-07
0.9999983310408425
2.384185791015625e-06
0.9999935626692604
7.62939453125e-06
0.9999732970900368
3.814697265625e-05
0.9998970031447243
0.0001220703125
0.9995727538771462
0.0006103515625
0.9983520507521462
0.001953125
0.9931640624708962
0.009765625
0.9736328124708962
0.03125
0.8906249999708962
0.15625
0.5781249999708962
0.5
0.24999999994179234
0.5000000000582077
0.2499999997962732
2.3283064365386963e-10
0.9999999991559889
1.1641532182693481e-09
0.9999999968276825
3.725290298461914e-09
0.9999999869323801
1.862645149230957e-08
0.9999999496794771
5.960464477539063e-08
0.9999997913546395
2.980232238769531e-07
0.9999991953081917
9.5367431640625e-07
0.9999966621107887
4.76837158203125e-06
0.9999871253676247
1.52587890625e-05
0.9999465942091774
7.62939453125e-05
0.9997940063185524
0.000244140625
0.9991455077833962
0.001220703125
0.9967041015333962
0.00390625
0.9863281249708962
0.01953125
0.9472656249708962
0.0625
0.7812499999708962
0.3125
0.15624999997089617
2.9103830456733704e-11
0.4999999998835847
1.4551915228366852e-10
0.4999999995925464
4.656612873077393e-10
0.9999999983410817
2.3283064365386963e-09
0.9999999936844688
7.450580596923828e-09
0.9999999738938641
3.725290298461914e-08
0.9999998993880581
1.1920928955078125e-07
0.9999995827383827
5.960464477539062e-07
0.9999983906454872
1.9073486328125e-06
0.9999933242506813
9.5367431640625e-06
0.9999742507643532
3.0517578125e-05
0.9998931884474587
0.000152587890625
0.9995880126662087
0.00048828125
0.9982910155958962
0.00244140625
0.9934082030958962
0.0078125
0.9726562499708962
0.0390625
0.8945312499708962
0.125
0.5624999999708962
0.625
0.31249999994179234
5.820766091346741e-11
0.9999999997671694
2.9103830456733704e-10
0.9999999991850927
9.313225746154785e-10
0.9999999967112672
4.6566128730773926e-09
0.9999999873980414
1.4901161193847656e-08
0.999999947816832
7.450580596923828e-08
0.99999979880522
2.384185791015625e-07
0.9999991655058693
1.1920928955078125e-06
0.9999967813200783
3.814697265625e-06
0.9999866485304665
1.9073486328125e-05
0.9999485015578102
6.103515625e-05
0.9997863769240212
0.00030517578125
0.9991760253615212
0.0009765625
0.9965820312208962
0.0048828125
0.9868164062208962
0.015625
0.9453124999708962
0.078125
0.7890624999708962
0.25
0.12499999997089617
0.25000000002910383
0.6249999998835847
1.1641532182693481e-10
0.9999999995634425
5.820766091346741e-10
0.9999999983992893
1.862645149230957e-09
0.9999999934516381
9.313225746154785e-09
0.9999999748251867
2.9802322387695312e-08
0.9999998956627678
1.4901161193847656e-07
0.9999995976395439
4.76837158203125e-07
0.9999983310408425
2.384185791015625e-06
0.9999935626692604
7.62939453125e-06
0.9999732970900368
3.814697265625e-05
0.9998970031447243
0.0001220703125
0.9995727538771462
0.0006103515625
0.9983520507521462
0.001953125
0.9931640624708962
0.009765625
0.9736328124708962
0.03125
0.8906249999708962
0.15625
0.5781249999708962
0.5
0.24999999994179234
0.5000000000582077
0.2499999997962732
2.3283064365386963e-10
0.9999999991559889
1.1641532182693481e-09
0.9999999968276825
3.725290298461914e-09
0.9999999869323801
1.862645149230957e-08
0.9999999496794771
5.960464477539063e-08
0.9999997913546395
2.980232238769531e-07
0.9999991953081917
9.5367431640625e-07
0.9999966621107887
4.76837158203125e-06
0.9999871253676247
1.52587890625e-05
0.9999465942091774
7.62939453125e-05
0.9997940063185524
0.000244140625
0.9991455077833962
0.001220703125
0.9967041015333962
0.00390625
0.9863281249708962
0.01953125
0.9472656249708962
0.0625
0.7812499999708962
0.3125
0.15624999997089617
2.9103830456733704e-11
0.4999999998835847
1.4551915228366852e-10
0.4999999995925464
4.656612873077393e-10
0.9999999983410817
2.3283064365386963e-09
0.9999999936844688
7.450580596923828e-09
0.9999999738938641
3.725290298461914e-08
0.9999998993880581
1.1920928955078125e-07
0.9999995827383827
5.960464477539062e-07
0.9999983906454872
1.9073486328125e-06
0.9999933242506813
9.5367431640625e-06
0.9999742507643532
3.0517578125e-05
0.9998931884474587
0.000152587890625
0.9995880126662087
0.00048828125
0.9982910155958962
0.00244140625
0.9934082030958962
0.0078125
0.9726562499708962
0.0390625
0.8945312499708962
0.125
0.5624999999708962
0.625
0.31249999994179234
5.820766091346741e-11
0.9999999997671694
2.9103830456733704e-10
0.9999999991850927
9.313225746154785e-10
0.9999999967112672
4.6566128730773926e-09
0.9999999873980414
1.4901161193847656e-08
0.999999947816832
7.450580596923828e-08
0.99999979880522
2.384185791015625e-07
0.9999991655058693
1.1920928955078125e-06
0.9999967813200783
3.814697265625e-06
0.9999866485304665
1.9073486328125e-05
0.9999485015578102
6.103515625e-05
0.9997863769240212
0.00030517578125
0.9991760253615212
0.0009765625
0.9965820312208962
0.0048828125
0.9868164062208962
0.015625
0.9453124999708962
0.078125
0.7890624999708962
0.25
0.12499999997089617
0.25000000002910383
0.6249999998835847
1.1641532182693481e-10
0.9999999995634425
5.820766091346741e-10
0.9999999983992893
1.862645149230957e-09
0.9999999934516381
9.313225746154785e-09
0.9999999748251867
2.9802322387695312e-08
0.9999998956627678
1.4901161193847656e-07
0.9999995976395439
4.76837158203125e-07
0.9999983310408425
2.384185791015625e-06
0.9999935626692604
7.62939453125e-06
0.9999732970900368
3.814697265625e-05
0.9998970031447243
0.0001220703125
0.9995727538771462
0.0006103515625
0.9983520507521462
0.001953125
0.9931640624708962
0.009765625
0.9736328124708962
0.03125
0.8906249999708962
0.15625
0.5781249999708962
0.5
0.24999999994179234
0.5000000000582077
0.2499999997962732
2.3283064365386963e-10
0.9999999991559889
1.1641532182693481e-09
0.9999999968276825
3.725290298461914e-09
0.9999999869323801
1.862645149230957e-08
0.9999999496794771
5.960464477539063e-08
0.9999997913546395
2.980232238769531e-07
0.9999991953081917
9.5367431640625e-07
0.9999966621107887
4.76837158203125e-06
0.9999871253676247
1.52587890625e-05
0.9999465942091774
7.62939453125e-05
0.9997940063185524
0.000244140625
0.9991455077833962
0.001220703125
0.9967041015333962
0.00390625
0.9863281249708962
0.01953125
0.9472656249708962
0.0625
0.7812499999708962
0.3125
0.15624999997089617
2.9103830456733704e-11
0.4999999998835847
1.4551915228366852e-10
0.4999999995925464
4.656612873077393e-10
0.9999999983410817
2.3283064365386963e-09
0.9999999936844688
7.450580596923828e-09
0.9999999738938641
3.725290298461914e-08
0.9999998993880581
1.1920928955078125e-07
0.9999995827383827
5.960464477539062e-07
0.9999983906454872
1.9073486328125e-06
0.9999933242506813
9.5367431640625e-06
0.9999742507643532
3.0517578125e-05
0.9998931884474587
0.000152587890625
0.9995880126662087
0.00048828125
0.9982910155958962
0.00244140625
0.9934082030958962
0.0078125
0.9726562499708962
0.0390625
0.8945312499708962
0.125
0.5624999999708962
0.625
0.31249999994179234
5.820766091346741e-11
0.9999999997671694
2.9103830456733704e-10
0.9999999991850927
9.313225746154785e-10
0.9999999967112672
4.6566128730773926e-09
0.9999999873980414
1.4901161193847656e-08
0.999999947816832
7.450580596923828e-08
0.99999979880522
2.384185791015625e-07
0.9999991655058693
1.1920928955078125e-06
0.9999967813200783
3.814697265625e-06
0.9999866485304665
1.9073486328125e-05
0.9999485015578102
6.103515625e-05
0.9997863769240212
0.00030517578125
0.9991760253615212
0.0009765625
0.9965820312208962
0.0048828125
0.9868164062208962
0.015625
0.9453124999708962
0.078125
0.7890624999708962
0.25
0.12499999997089617
0.25000000002910383
0.6249999998835847
1.1641532182693481e-10
0.9999999995634425
5.820766091346741e-10
0.9999999983992893
1.862645149230957e-09
0.9999999934516381
9.313225746154785e-09
0.9999999748251867
2.9802322387695312e-08
0.9999998956627678
1.4901161193847656e-07
0.9999995976395439
4.76837158203125e-07
0.9999983310408425
2.384185791015625e-06
0.9999935626692604
7.62939453125e-06
0.9999732970900368
3.814697265625e-05
0.9998970031447243
0.0001220703125
0.9995727538771462
0.0006103515625
0.9983520507521462
0.001953125
0.9931640624708962
0.009765625
0.9736328124708962
0.03125
0.8906249999708962
0.15625
0.5781249999708962
0.5
0.24999999994179234
0.5000000000582077
0.2499999997962732
2.3283064365386963e-10
0.9999999991559889
1.1641532182693481e-09
0.9999999968276825
3.725290298461914e-09
0.9999999869323801
1.862645149230957e-08
0.9999999496794771
5.960464477539063e-08
0.9999997913546395
2.980232238769531e-07
0.9999991953081917
9.5367431640625e-07
0.9999966621107887
4.76837158203125e-06
0.9999871253676247
1.52587890625e-05
0.9999465942091774
7.62939453125e-05
0.9997940063185524
0.000244140625
0.9991455077833962
0.001220703125
0.9967041015333962
0.00390625
0.9863281249708962
0.01953125
0.9472656249708962
0.0625
0.7812499999708962
0.3125
0.15624999997089617
2.9103830456733704e-11
0.4999999998835847
1.4551915228366852e-10
0.4999999995925464
4.656612873077393e-10
0.9999999983410817
2.3283064365386963e-09
0.9999999936844688
7.450580596923828e-09
0.9999999738938641
3.725290298461914e-08
0.9999998993880581
1.1920928955078125e-07
0.9999995827383827
5.960464477539062e-07
0.9999983906454872
1.9073486328125e-06
0.9999933242506813
9.5367431640625e-06
0.9999742507643532
3.0517578125e-05
0.9998931884474587
0.000152587890625
0.9995880126662087
0.00048828125
0.9982910155958962
0.00244140625
0.9934082030958962
0.0078125
0.9726562499708962
0.0390625
0.8945312499708962
0.125
0.5624999999708962
0.625
0.31249999994179234
5.820766091346741e-11
0.9999999997671694
2.9103830456733704e-10
0.9999999991850927
9.313225746154785e-10
0.9999999967112672
4.6566128730773926e-09
0.9999999873980414
1.4901161193847656e-08
0.999999947816832
7.450580596923828e-08
0.99999979880522
2.384185791015625e-07
0.9999991655058693
1.1920928955078125e-06
0.9999967813200783
3.814697265625e-06
0.9999866485304665
1.9073486328125e-05
0.9999485015578102
6.103515625e-05
0.9997863769240212
0.00030517578125
0.9991760253615212
0.0009765625
0.9965820312208962
0.0048828125
0.9868164062208962
0.015625
0.9453124999708962
0.078125
0.7890624999708962
0.25
0.12499999997089617
0.25000000002910383
0.6249999998835847
1.1641532182693481e-10
0.9999999995634425
5.820766091346741e-10
0.9999999983992893
1.862645149230957e-09
0.9999999934516381
9.313225746154785e-09
0.9999999748251867
2.9802322387695312e-08
0.9999998956627678
1.4901161193847656e-07
0.9999995976395439
4.76837158203125e-07
0.9999983310408425
2.384185791015625e-06
0.9999935626692604
7.62939453125e-06
0.9999732970900368
3.814697265625e-05
0.9998970031447243
0.0001220703125
0.9995727538771462
0.0006103515625
0.9983520507521462
0.001953125
0.9931640624708962
0.009765625
0.9736328124708962
0.03125
0.8906249999708962
0.15625
0.5781249999708962
0.5
0.24999999994179234
0.5000000000582077
0.2499999997962732
2.3283064365386963e-10
0.9999999991559889
1.1641532182693481e-09
0.9999999968276825
3.725290298461914e-09
0.9999999869323801
1.862645149230957e-08
0.9999999496794771
5.960464477539063e-08
0.9999997913546395
2.980232238769531e-07
0.9999991953081917
9.5367431640625e-07
0.9999966621107887
4.76837158203125e-06
0.9999871253676247
1.52587890625e-05
0.9999465942091774
7.62939453125e-05
0.9997940063185524
0.000244140625
0.9991455077833962
0.001220703125
0.9967041015333962
0.00390625
0.9863281249708962
0.01953125
0.9472656249708962
0.0625
0.7812499999708962
0.3125
0.15624999997089617
2.9103830456733704e-11
0.4999999998835847
1.4551915228366852e-10
0.4999999995925464
4.656612873077393e-10
0.9999999983410817
2.3283064365386963e-09
0.9999999936844688
7.450580596923828e-09
0.9999999738938641
3.725290298461914e-08
0.9999998993880581
1.1920928955078125e-07
0.9999995827383827
5.960464477539062e-07
0.9999983906454872
1.9073486328125e-06
0.9999933242506813
9.5367431640625e-06
0.9999742507643532
3.0517578125e-05
0.9998931884474587
0.000152587890625
0.9995880126662087
0.00048828125
0.9982910155958962
0.00244140625
0.9934082030958962
0.0078125
0.9726562499708962
0.0390625
0.8945312499708962
0.125
0.5624999999708962
0.625
0.31249999994179234
5.820766091346741e-11
0.9999999997671694
2.9103830456733704e-10
0.9999999991850927
9.313225746154785e-10
0.9999999967112672
4.6566128730773926e-09
0.9999999873980414
1.4901161193847656e-08
0.999999947816832
7.450580596923828e-08
0.99999979880522
2.384185791015625e-07
0.9999991655058693
1.1920928955078125e-06
0.9999967813200783
3.814697265625e-06
0.9999866485304665
1.9073486328125e-05
0.9999485015578102
6.103515625e-05
0.9997863769240212
0.00030517578125
0.9991760253615212
0.0009765625
0.9965820312208962
0.0048828125
0.9868164062208962
0.015625
0.9453124999708962
0.078125
0.7890624999708962
0.25
0.12499999997089617
0.25000000002910383
0.6249999998835847
1.1641532182693481e-10
0.9999999995634425
5.820766091346741e-10
0.9999999983992893
1.862645149230957e-09
0.9999999934516381
9.313225746154785e-09
0.9999999748251867
2.9802322387695312e-08
0.9999998956627678
1.4901161193847656e-07
0.9999995976395439
4.76837158203125e-07
0.9999983310408425
2.384185791015625e-06
0.9999935626692604
7.62939453125e-06
0.9999732970900368
3.814697265625e-05
0.9998970031447243
0.0001220703125
0.9995727538771462
0.0006103515625
0.9983520507521462
0.001953125
0.9931640624708962
0.009765625
0.9736328124708962
0.03125
0.8906249999708962
0.15625
0.5781249999708962
0.5
0.24999999994179234
0.5000000000582077
0.2499999997962732
2.3283064365386963e-10
0.9999999991559889
1.1641532182693481e-09
0.9999999968276825
3.725290298461914e-09
0.9999999869323801
1.862645149230957e-08
0.9999999496794771
5.960464477539063e-08
0.9999997913546395
2.980232238769531e-07
0.9999991953081917
9.5367431640625e-07
0.9999966621107887
4.76837158203125e-06
0.9999871253676247
1.52587890625e-05
0.9999465942091774
7.62939453125e-05
0.9997940063185524
0.000244140625
0.9991455077833962
0.001220703125
0.9967041015333962
0.00390625
0.9863281249708962
0.01953125
0.9472656249708962
0.0625
0.7812499999708962
0.3125
0.15624999997089617
2.9103830456733704e-11
0.4999999998835847
1.4551915228366852e-10
0.4999999995925464
4.656612873077393e-10
0.9999999983410817
2.3283064365386963e-09
0.9999999936844688
7.450580596923828e-09
0.9999999738938641
3.725290298461914e-08
0.9999998993880581
1.1920928955078125e-07
0.9999995827383827
5.960464477539062e-07
0.9999983906454872
1.9073486328125e-06
0.9999933242506813
9.5367431640625e-06
0.9999742507643532
3.0517578125e-05
0.9998931884474587
0.000152587890625
0.9995880126662087
0.00048828125
0.9982910155958962
0.00244140625
0.9934082030958962
0.0078125
0.9726562499708962
0.0390625
0.8945312499708962
0.125
0.5624999999708962
0.625
0.31249999994179234
5.820766091346741e-11
0.9999999997671694
2.9103830456733704e-10
0.9999999991850927
9.313225746154785e-10
0.9999999967112672
4.6566128730773926e-09
0.9999999873980414
1.4901161193847656e-08
0.999999947816832
7.450580596923828e-08
0.99999979880522
2.384185791015625e-07
0.9999991655058693
1.1920928955078125e-06
0.9999967813200783
3.814697265625e-06
0.9999866485304665
1.9073486328125e-05
0.9999485015578102
6.103515625e-05
0.9997863769240212
0.00030517578125
0.9991760253615212
0.0009765625
0.9965820312208962
0.0048828125
0.9868164062208962
0.015625
0.9453124999708962
0.078125
0.7890624999708962
0.25
0.12499999997089617
0.25000000002910383
0.6249999998835847
1.1641532182693481e-10
0.9999999995634425
5.820766091346741e-10
0.9999999983992893
1.862645149230957e-09
0.9999999934516381
9.313225746154785e-09
0.9999999748251867
2.9802322387695312e-08
0.9999998956627678
1.4901161193847656e-07
0.9999995976395439
4.76837158203125e-07
0.9999983310408425
2.384185791015625e-06
0.9999935626692604
7.62939453125e-06
0.9999732970900368
3.814697265625e-05
0.9998970031447243
0.0001220703125
0.9995727538771462
0.0006103515625
0.9983520507521462
0.001953125
0.9931640624708962
0.009765625
0.9736328124708962
0.03125
0.8906249999708962
0.15625
0.5781249999708962
0.5
0.24999999994179234
0.5000000000582077
0.2499999997962732
2.3283064365386963e-10
0.9999999991559889
1.1641532182693481e-09
0.9999999968276825
3.725290298461914e-09
0.9999999869323801
1.862645149230957e-08
0.9999999496794771
5.960464477539063e-08
0.9999997913546395
2.980232238769531e-07
0.9999991953081917
9.5367431640625e-07
0.9999966621107887
4.76837158203125e-06
0.9999871253676247
1.52587890625e-05
0.9999465942091774
7.62939453125e-05
0.9997940063185524
0.000244140625
0.9991455077833962
0.001220703125
0.9967041015333962
0.00390625
0.9863281249708962
0.01953125
0.9472656249708962
0.0625
0.7812499999708962
0.3125
0.15624999997089617
2.9103830456733704e-11
0.4999999998835847
1.4551915228366852e-10
0.4999999995925464
4.656612873077393e-10
0.9999999983410817
2.3283064365386963e-09
0.9999999936844688
7.450580596923828e-09
0.9999999738938641
3.725290298461914e-08
0.9999998993880581
1.1920928955078125e-07
0.9999995827383827
5.960464477539062e-07
0.9999983906454872
1.9073486328125e-06
0.9999933242506813
9.5367431640625e-06
0.9999742507643532
3.0517578125e-05
0.9998931884474587
0.000152587890625
0.9995880126662087
0.00048828125
0.9982910155958962
0.00244140625
0.9934082030958962
0.0078125
0.9726562499708962
0.0390625
0.8945312499708962
0.125
0.5624999999708962
0.625
0.31249999994179234
5.820766091346741e-11
0.9999999997671694
2.9103830456733704e-10
0.9999999991850927
9.313225746154785e-10
0.9999999967112672
4.6566128730773926e-09
0.9999999873980414
1.4901161193847656e-08
0.999999947816832
7.450580596923828e-08
0.99999979880522
2.384185791015625e-07
0.9999991655058693
1.1920928955078125e-06
0.9999967813200783
3.814697265625e-06
0.9999866485304665
1.9073486328125e-05
0.9999485015578102
6.103515625e-05
0.9997863769240212
0.00030517578125
0.9991760253615212
0.0009765625
0.9965820312208962
0.0048828125
0.9868164062208962
0.015625
0.9453124999708962
0.078125
0.7890624999708962
0.25
0.12499999997089617
0.25000000002910383
0.6249999998835847
1.1641532182693481e-10
0.9999999995634425
5.820766091346741e-10
0.9999999983992893
1.862645149230957e-09
0.9999999934516381
9.313225746154785e-09
0.9999999748251867
2.9802322387695312e-08
0.9999998956627678
1.4901161193847656e-07
0.9999995976395439
4.76837158203125e-07
0.9999983310408425
2.384185791015625e-06
0.9999935626692604
7.62939453125e-06
0.9999732970900368
3.814697265625e-05
0.9998970031447243
0.0001220703125
0.9995727538771462
0.0006103515625
0.9983520507521462
0.001953125
0.9931640624708962
0.009765625
0.9736328124708962
0.03125
0.8906249999708962
0.15625
0.5781249999708962
0.5
0.24999999994179234
0.5000000000582077
0.2499999997962732
2.3283064365386963e-10
0.9999999991559889
1.1641532182693481e-09
0.9999999968276825
3.725290298461914e-09
0.9999999869323801
1.862645149230957e-08
0.9999999496794771
5.960464477539063e-08
0.9999997913546395
2.980232238769531e-07
0.9999991953081917
9.5367431640625e-07
0.9999966621107887
4.76837158203125e-06
0.9999871253676247
1.52587890625e-05
0.9999465942091774
7.62939453125e-05
0.9997940063185524
0.000244140625
0.9991455077833962
0.001220703125
0.9967041015333962
0.00390625
0.9863281249708962
0.01953125
0.9472656249708962
0.0625
0.7812499999708962
0.3125
0.15624999997089617
2.9103830456733704e-11
0.4999999998835847
1.4551915228366852e-10
0.4999999995925464
4.656612873077393e-10
0.9999999983410817
2.3283064365386963e-09
0.9999999936844688
7.450580596923828e-09
0.9999999738938641
3.725290298461914e-08
0.9999998993880581
1.1920928955078125e-07
0.9999995827383827
5.960464477539062e-07
0.9999983906454872
1.9073486328125e-06
0.9999933242506813
9.5367431640625e-06
0.9999742507643532
3.0517578125e-05
0.9998931884474587
0.000152587890625
0.9995880126662087
0.00048828125
0.9982910155958962
0.00244140625
0.9934082030958962
0.0078125
0.9726562499708962
0.0390625
0.8945312499708962
0.125
0.5624999999708962
0.625
0.31249999994179234
5.820766091346741e-11
0.9999999997671694
2.9103830456733704e-10
0.9999999991850927
9.313225746154785e-10
0.9999999967112672
4.6566128730773926e-09
0.9999999873980414
1.4901161193847656e-08
0.999999947816832
7.450580596923828e-08
0.99999979880522
2.384185791015625e-07
0.9999991655058693
1.1920928955078125e-06
0.9999967813200783
3.814697265625e-06
0.9999866485304665
1.9073486328125e-05
0.9999485015578102
6.103515625e-05
0.9997863769240212
0.00030517578125
0.9991760253615212
0.0009765625
0.9965820312208962
0.0048828125
0.9868164062208962
0.015625
0.9453124999708962
0.078125
0.7890624999708962
0.25
0.12499999997089617
0.25000000002910383
0.6249999998835847
1.1641532182693481e-10
0.9999999995634425
5.820766091346741e-10
0.9999999983992893
1.862645149230957e-09
0.9999999934516381
9.313225746154785e-09
0.9999999748251867
2.9802322387695312e-08
0.9999998956627678
1.4901161193847656e-07
0.9999995976395439
4.76837158203125e-07
0.9999983310408425
2.384185791015625e-06
0.9999935626692604
7.62939453125e-06
0.9999732970900368
3.814697265625e-05
0.9998970031447243
0.0001220703125
0.9995727538771462
0.0006103515625
0.9983520507521462
0.001953125
0.9931640624708962
0.009765625
0.9736328124708962
0.03125
0.8906249999708962
0.15625
0.5781249999708962
0.5
0.24999999994179234
0.5000000000582077
0.2499999997962732
2.3283064365386963e-10
0.9999999991559889
1.1641532182693481e-09
0.9999999968276825
3.725290298461914e-09
0.9999999869323801
1.862645149230957e-08
0.9999999496794771
5.960464477539063e-08
0.9999997913546395
2.980232238769531e-07
0.9999991953081917
9.5367431640625e-07
0.9999966621107887
4.76837158203125e-06
0.9999871253676247
1.52587890625e-05
0.9999465942091774
7.62939453125e-05
0.9997940063185524
0.000244140625
0.9991455077833962
0.001220703125
0.9967041015333962
0.00390625
0.9863281249708962
0.01953125
0.9472656249708962
0.0625
0.7812499999708962
0.3125
0.15624999997089617
2.9103830456733704e-11
0.4999999998835847
1.4551915228366852e-10
0.4999999995925464
4.656612873077393e-10
0.9999999983410817
2.3283064365386963e-09
0.9999999936844688
7.450580596923828e-09
0.9999999738938641
3.725290298461914e-08
0.9999998993880581
1.1920928955078125e-07
0.9999995827383827
5.960464477539062e-07
0.9999983906454872
1.9073486328125e-06
0.9999933242506813
9.5367431640625e-06
0.9999742507643532
3.0517578125e-05
0.9998931884474587
0.000152587890625
0.9995880126662087
0.00048828125
0.9982910155958962
0.00244140625
0.9934082030958962
0.0078125
0.9726562499708962
0.0390625
0.8945312499708962
0.125
0.5624999999708962
0.625
0.31249999994179234
5.820766091346741e-11
0.9999999997671694
2.9103830456733704e-10
0.9999999991850927
9.313225746154785e-10
0.9999999967112672
4.6566128730773926e-09
0.9999999873980414
1.4901161193847656e-08
0.999999947816832
7.450580596923828e-08
0.99999979880522
2.384185791015625e-07
0.9999991655058693
1.1920928955078125e-06
0.9999967813200783
3.814697265625e-06
0.9999866485304665
1.9073486328125e-05
0.9999485015578102
6.103515625e-05
0.9997863769240212
0.00030517578125
0.9991760253615212
0.0009765625
0.9965820312208962
0.0048828125
0.9868164062208962
0.015625
0.9453124999708962
0.078125
0.7890624999708962
0.25
0.12499999997089617
0.25000000002910383
0.6249999998835847
1.1641532182693481e-10
0.9999999995634425
5.820766091346741e-10
0.9999999983992893
1.862645149230957e-09
0.9999999934516381
9.313225746154785e-09
0.9999999748251867
2.9802322387695312e-08
0.9999998956627678
1.4901161193847656e-07
0.9999995976395439
4.76837158203125e-07
0.9999983310408425
2.384185791015625e-06
0.9999935626692604
7.62939453125e-06
0.9999732970900368
3.814697265625e-05
0.9998970031447243
0.0001220703125
0.9995727538771462
0.0006103515625
0.9983520507521462
0.001953125
0.9931640624708962
0.009765625
0.9736328124708962
0.03125
0.8906249999708962
0.15625
0.5781249999708962
0.5
0.24999999994179234
0.5000000000582077
0.2499999997962732
2.3283064365386963e-10
0.9999999991559889
1.1641532182693481e-09
0.9999999968276825
3.725290298461914e-09
0.9999999869323801
1.862645149230957e-08
0.9999999496794771
5.960464477539063e-08
0.9999997913546395
2.980232238769531e-07
0.9999991953081917
9.5367431640625e-07
0.9999966621107887
4.76837158203125e-06
0.9999871253676247
1.52587890625e-05
0.9999465942091774
7.62939453125e-05
0.9997940063185524
0.000244140625
0.9991455077833962
0.001220703125
0.9967041015333962
0.00390625
0.9863281249708962
0.01953125
0.9472656249708962
0.0625
0.7812499999708962
0.3125
0.15624999997089617
2.9103830456733704e-11
0.4999999998835847
1.4551915228366852e-10
0.4999999995925464
4.656612873077393e-10
0.9999999983410817
2.3283064365386963e-09
0.9999999936844688
7.450580596923828e-09
0.9999999738938641
3.725290298461914e-08
0.9999998993880581
1.1920928955078125e-07
0.9999995827383827
5.960464477539062e-07
0.9999983906454872
1.9073486328125e-06
0.9999933242506813
9.5367431640625e-06
0.9999742507643532
3.0517578125e-05
0.9998931884474587
0.000152587890625
0.9995880126662087
0.00048828125
0.9982910155958962
0.00244140625
0.9934082030958962
0.0078125
0.9726562499708962
0.0390625
0.8945312499708962
0.125
0.5624999999708962
0.625
0.31249999994179234
5.820766091346741e-11
0.9999999997671694
2.9103830456733704e-10
0.9999999991850927
9.313225746154785e-10
0.9999999967112672
4.6566128730773926e-09
0.9999999873980414
1.4901161193847656e-08
0.999999947816832
7.450580596923828e-08
0.99999979880522
2.384185791015625e-07
0.9999991655058693
1.1920928955078125e-06
0.9999967813200783
3.814697265625e-06
0.9999866485304665
1.9073486328125e-05
0.9999485015578102
6.103515625e-05
0.9997863769240212
0.00030517578125
0.9991760253615212
0.0009765625
0.9965820312208962
0.0048828125
0.9868164062208962
0.015625
0.9453124999708962
0.078125
0.7890624999708962
0.25
0.12499999997089617
0.25000000002910383
0.6249999998835847
1.1641532182693481e-10
0.9999999995634425
5.820766091346741e-10
0.9999999983992893
1.862645149230957e-09
0.9999999934516381
9.313225746154785e-09
0.9999999748251867
2.9802322387695312e-08
0.9999998956627678
1.4901161193847656e-07
0.9999995976395439
4.76837158203125e-07
0.9999983310408425
2.384185791015625e-06
0.9999935626692604
7.62939453125e-06
0.9999732970900368
3.814697265625e-05
0.9998970031447243
0.0001220703125
0.9995727538771462
0.0006103515625
0.9983520507521462
0.001953125
0.9931640624708962
0.009765625
0.9736328124708962
0.03125
0.8906249999708962
0.15625
0.5781249999708962
0.5
0.24999999994179234
0.5000000000582077
0.2499999997962732
2.3283064365386963e-10
0.9999999991559889
1.1641532182693481e-09
0.9999999968276825
3.725290298461914e-09
0.9999999869323801
1.862645149230957e-08
0.9999999496794771
5.960464477539063e-08
0.9999997913546395
2.980232238769531e-07
0.9999991953081917
9.5367431640625e-07
0.9999966621107887
4.76837158203125e-06
0.9999871253676247
1.52587890625e-05
0.9999465942091774
7.62939453125e-05
0.9997940063185524
0.000244140625
0.9991455077833962
0.001220703125
0.9967041015333962
0.00390625
0.9863281249708962
0.01953125
0.9472656249708962
0.0625
0.7812499999708962
0.3125
0.15624999997089617
2.9103830456733704e-11
0.4999999998835847
1.4551915228366852e-10
0.4999999995925464
4.656612873077393e-10
0.9999999983410817
2.3283064365386963e-09
0.9999999936844688
7.450580596923828e-09
0.9999999738938641
3.725290298461914e-08
0.9999998993880581
1.1920928955078125e-07
0.9999995827383827
5.960464477539062e-07
0.9999983906454872
1.9073486328125e-06
0.9999933242506813
9.5367431640625e-06
0.9999742507643532
3.0517578125e-05
0.9998931884474587
0.000152587890625
0.9995880126662087
0.00048828125
0.9982910155958962
0.00244140625
0.9934082030958962
0.0078125
0.9726562499708962
0.0390625
0.8945312499708962
0.125
0.5624999999708962
0.625
0.31249999994179234
5.820766091346741e-11
0.9999999997671694
2.9103830456733704e-10
0.9999999991850927
9.313225746154785e-10
0.9999999967112672
4.6566128730773926e-09
0.9999999873980414
1.4901161193847656e-08
0.999999947816832
7.450580596923828e-08
0.99999979880522
2.384185791015625e-07
0.9999991655058693
1.1920928955078125e-06
0.9999967813200783
3.814697265625e-06
0.9999866485304665
1.9073486328125e-05
0.9999485015578102
6.103515625e-05
0.9997863769240212
0.00030517578125
0.9991760253615212
0.0009765625
0.9965820312208962
0.0048828125
0.9868164062208962
0.015625
0.9453124999708962
0.078125
0.7890624999708962
0.25
0.12499999997089617
0.25000000002910383
0.6249999998835847
1.1641532182693481e-10
0.9999999995634425
5.820766091346741e-10
0.9999999983992893
1.862645149230957e-09
0.9999999934516381
9.313225746154785e-09
0.9999999748251867
2.9802322387695312e-08
0.9999998956627678
1.4901161193847656e-07
0.9999995976395439
4.76837158203125e-07
0.9999983310408425
2.384185791015625e-06
0.9999935626692604
7.62939453125e-06
0.9999732970900368
3.814697265625e-05
0.9998970031447243
0.0001220703125
0.9995727538771462
0.0006103515625
0.9983520507521462
0.001953125
0.9931640624708962
0.009765625
0.9736328124708962
0.03125
0.8906249999708962
0.15625
0.5781249999708962
0.5
0.24999999994179234
0.5000000000582077
0.2499999997962732
2.3283064365386963e-10
0.9999999991559889
1.1641532182693481e-09
0.9999999968276825
3.725290298461914e-09
0.9999999869323801
1.862645149230957e-08
0.9999999496794771
5.960464477539063e-08
0.9999997913546395
2.980232238769531e-07
0.9999991953081917
9.5367431640625e-07
0.9999966621107887
4.76837158203125e-06
0.9999871253676247
1.52587890625e-05
0.9999465942091774
7.62939453125e-05
0.9997940063185524
0.000244140625
0.9991455077833962
0.001220703125
0.9967041015333962
0.00390625
0.9863281249708962
0.01953125
0.9472656249708962
0.0625
0.7812499999708962
0.3125
0.15624999997089617
2.9103830456733704e-11
0.4999999998835847
1.4551915228366852e-10
0.4999999995925464
4.656612873077393e-10
0.9999999983410817
2.3283064365386963e-09
0.9999999936844688
7.450580596923828e-09
0.9999999738938641
3.725290298461914e-08
0.9999998993880581
1.1920928955078125e-07
0.9999995827383827
5.960464477539062e-07
0.9999983906454872
1.9073486328125e-06
0.9999933242506813
9.5367431640625e-06
0.9999742507643532
3.0517578125e-05
0.9998931884474587
0.000152587890625
0.9995880126662087
0.00048828125
0.9982910155958962
0.00244140625
0.9934082030958962
0.0078125
0.9726562499708962
0.0390625
0.8945312499708962
0.125
0.5624999999708962
0.625
0.31249999994179234
5.820766091346741e-11
0.9999999997671694
2.9103830456733704e-10
0.9999999991850927
9.313225746154785e-10
0.9999999967112672
4.6566128730773926e-09
0.9999999873980414
1.4901161193847656e-08
0.999999947816832
7.450580596923828e-08
0.99999979880522
2.384185791015625e-07
0.9999991655058693
1.1920928955078125e-06
0.9999967813200783
3.814697265625e-06
0.9999866485304665
1.9073486328125e-05
0.9999485015578102
6.103515625e-05
0.9997863769240212
0.00030517578125
0.9991760253615212
0.0009765625
0.9965820312208962
0.0048828125
0.9868164062208962
0.015625
0.9453124999708962
0.078125
0.7890624999708962
0.25
0.12499999997089617
0.25000000002910383
0.6249999998835847
1.1641532182693481e-10
0.9999999995634425
5.820766091346741e-10
0.9999999983992893
1.862645149230957e-09
0.9999999934516381
9.313225746154785e-09
0.9999999748251867
2.9802322387695312e-08
0.9999998956627678
1.4901161193847656e-07
0.9999995976395439
4.76837158203125e-07
0.9999983310408425
2.384185791015625e-06
0.9999935626692604
7.62939453125e-06
0.9999732970900368
3.814697265625e-05
0.9998970031447243
0.0001220703125
0.9995727538771462
0.0006103515625
0.9983520507521462
0.001953125
0.9931640624708962
0.009765625
0.9736328124708962
0.03125
0.8906249999708962
0.15625
0.5781249999708962
0.5
0.24999999994179234
0.5000000000582077
0.2499999997962732
2.3283064365386963e-10
0.9999999991559889
1.1641532182693481e-09
0.9999999968276825
3.725290298461914e-09
0.9999999869323801
1.862645149230957e-08
0.9999999496794771
5.960464477539063e-08
0.9999997913546395
2.980232238769531e-07
0.9999991953081917
9.5367431640625e-07
0.9999966621107887
4.76837158203125e-06
0.9999871253676247
1.52587890625e-05
0.9999465942091774
7.62939453125e-05
0.9997940063185524
0.000244140625
0.9991455077833962
0.001220703125
0.9967041015333962
0.00390625
0.9863281249708962
0.01953125
0.9472656249708962
0.0625
0.7812499999708962
0.3125
0.15624999997089617
2.9103830456733704e-11
0.4999999998835847
1.4551915228366852e-10
0.4999999995925464
4.656612873077393e-10
0.9999999983410817
2.3283064365386963e-09
0.9999999936844688
7.450580596923828e-09
0.9999999738938641
3.725290298461914e-08
0.9999998993880581
1.1920928955078125e-07
0.9999995827383827
5.960464477539062e-07
0.9999983906454872
1.9073486328125e-06
0.9999933242506813
9.5367431640625e-06
0.9999742507643532
3.0517578125e-05
0.9998931884474587
0.000152587890625
0.9995880126662087
0.00048828125
0.9982910155958962
0.00244140625
0.9934082030958962
0.0078125
0.9726562499708962
0.0390625
0.8945312499708962
0.125
0.5624999999708962
0.625
0.31249999994179234
5.820766091346741e-11
0.9999999997671694
2.9103830456733704e-10
0.9999999991850927
9.313225746154785e-10
0.9999999967112672
4.6566128730773926e-09
0.9999999873980414
1.4901161193847656e-08
0.999999947816832
7.450580596923828e-08
0.99999979880522
2.384185791015625e-07
0.9999991655058693
1.1920928955078125e-06
0.9999967813200783
3.814697265625e-06
0.9999866485304665
1.9073486328125e-05
0.9999485015578102
6.103515625e-05
0.9997863769240212
0.00030517578125
0.9991760253615212
0.0009765625
0.9965820312208962
0.0048828125
0.9868164062208962
0.015625
0.9453124999708962
0.078125
0.7890624999708962
0.25
0.12499999997089617
0.25000000002910383
0.6249999998835847
1.1641532182693481e-10
0.9999999995634425
5.820766091346741e-10
0.9999999983992893
1.862645149230957e-09
0.9999999934516381
9.313225746154785e-09
0.9999999748251867
2.9802322387695312e-08
0.9999998956627678
1.4901161193847656e-07
0.9999995976395439
4.76837158203125e-07
0.9999983310408425
2.384185791015625e-06
0.9999935626692604
7.62939453125e-06
0.9999732970900368
3.814697265625e-05
0.9998970031447243
0.0001220703125
0.9995727538771462
0.0006103515625
0.9983520507521462
0.001953125
0.9931640624708962
0.009765625
0.9736328124708962
0.03125
0.8906249999708962
0.15625
0.5781249999708962
0.5
0.24999999994179234
0.5000000000582077
0.2499999997962732
2.3283064365386963e-10
0.9999999991559889
1.1641532182693481e-09
0.9999999968276825
3.725290298461914e-09
0.9999999869323801
1.862645149230957e-08
0.9999999496794771
5.960464477539063e-08
0.9999997913546395
2.980232238769531e-07
0.9999991953081917
9.5367431640625e-07
0.9999966621107887
4.76837158203125e-06
0.9999871253676247
1.52587890625e-05
0.9999465942091774
7.62939453125e-05
0.9997940063185524
0.000244140625
0.9991455077833962
0.001220703125
0.9967041015333962
0.00390625
0.9863281249708962
0.01953125
0.9472656249708962
0.0625
0.7812499999708962
0.3125
0.15624999997089617
2.9103830456733704e-11
0.4999999998835847
1.4551915228366852e-10
0.4999999995925464
4.656612873077393e-10
0.9999999983410817
2.3283064365386963e-09
0.9999999936844688
7.450580596923828e-09
0.9999999738938641
3.725290298461914e-08
0.9999998993880581
