0.37416388938436285
0.12597806029953063
0.5590786962711718
0.6298868593294173
0.29930258594686165
0.01564476080238819
0.9452593708119821
0.07818891294300556
0.7888426193676423
0.25031336955726147
0.1241474477283191
0.2510308111377526
0.621469647041522
0.005039765615947545
0.9863891611166764
0.016387936077080667
0.943664555583382
0.08023069991031662
0.7817382968496531
0.263915961899329
0.09619148273486644
0.7902829950035084
0.26562525157351047
0.07031163809006102
0.2656262303935364
0.0703091770701576
0.2656290008453652
0.07029874637373723
0.2656445871689357
0.07025921391323209
0.7656894309620839
0.32009184593334794
0.14094000423210673
0.006961829989450052
0.4853992200223729
0.019916571822250262
0.4464205685653724
0.06253063725307584
0.7811427695851307
0.3126531862653792
0.15583639705437236
0.0004901960783172399
0.49828431371133775
0.0024509803915861994
0.49338235292816535
0.007843137253075838
0.9725490195851307
0.03921568626537919
0.8941176470543724
0.1254901960492134
0.5607843137986492
0.627450980246067
0.3058823532774113
0.007843136845622212
0.9725490210112184
0.03921568422811106
0.8941176525549963
0.1254901895299554
0.5607843366160523
0.6274509476497769
0.3058824412873946
0.007843032537493855
0.9725493860896677
0.039215162687469274
0.8941190607147291
0.12548852059990168
0.5607901778712403
0.6274426029995084
0.3059049718431197
0.00781632965663448
0.9726428461726755
0.0390816482831724
0.8944795496063307
0.12506127450615168
0.5622855391993653
0.6253063725307584
0.3116727941087447
0.0009803921566344798
0.9965686274226755
0.004901960783172399
0.9867647058563307
0.015686274506151676
0.9450980391993653
0.07843137253075838
0.7882352941378485
0.2509803920984268
0.1215686276264023
0.2549019605212379
0.6117647065548226
0.015686273691244423
0.9450980420515407
0.07843136845622212
0.7882353051390965
0.2509803790599108
0.12156867326120846
0.2549018953286577
0.6117648825747892
0.01568606507498771
0.9450987722084392
0.07843032537493855
0.7882381214585621
0.25097704119980335
0.12158035577158444
0.2548852060281206
0.6118099436862394
0.01563265931326896
0.9452856923744548
0.0781632965663448
0.7889590992417652
0.25012254901230335
0.12457107842783444
0.2506127450906206
0.6233455882174894
0.0019607843132689595
0.9931372548744548
0.009803921566344798
0.9735294117417652
0.03137254901230335
0.8901960784278344
0.15686274506151676
0.5764705883048009
0.5019607841968536
0.2431372552528046
0.5098039210424758
0.22352941313874908
0.03137254738248885
0.8901960841321852
0.15686273691244423
0.5764706103072967
0.5019607581198215
0.24313734652241692
0.5098037906573154
0.22352976517868228
0.03137213014997542
0.8901975444459822
0.1568606507498771
0.576476242946228
0.5019540823996067
0.24316071154316887
0.5097704120562412
0.22361988740158267
0.03126531862653792
0.8905713847780135
0.1563265931326896
0.5779181985126343
0.5002450980246067
0.24914215685566887
0.5012254901812412
0.24669117646408267
0.003921568626537919
0.9862745097780135
0.019607843132689595
0.9470588235126343
0.0627450980246067
0.7803921568847727
0.3137254901230335
0.15294117663870566
0.003921568422811106
0.4862745105056092
0.01960784211405553
0.44705882627749816
0.0627450947649777
0.7803921682934742
0.31372547382488847
0.1529412206436973
0.003921516268746927
0.48627469304483384
0.019607581343734637
0.44705953035736457
0.06274426029995084
0.7803950889210682
0.3137213014997542
0.15295248592155986
0.00390816482831724
0.48632142308633775
0.0195408241415862
0.44723977480316535
0.06253063725307584
0.7811427695851307
0.3126531862653792
0.15583639705437236
0.0004901960783172399
0.49828431371133775
0.0024509803915861994
0.49338235292816535
0.007843137253075838
0.9725490195851307
0.03921568626537919
0.8941176470543724
0.1254901960492134
0.5607843137986492
0.627450980246067
0.3058823532774113
0.007843136845622212
0.9725490210112184
0.03921568422811106
0.8941176525549963
0.1254901895299554
0.5607843366160523
0.6274509476497769
0.3058824412873946
0.007843032537493855
0.9725493860896677
0.039215162687469274
0.8941190607147291
0.12548852059990168
0.5607901778712403
0.6274426029995084
0.3059049718431197
0.00781632965663448
0.9726428461726755
0.0390816482831724
0.8944795496063307
0.12506127450615168
0.5622855391993653
0.6253063725307584
0.3116727941087447
0.0009803921566344798
0.9965686274226755
0.004901960783172399
0.9867647058563307
0.015686274506151676
0.9450980391993653
0.07843137253075838
0.7882352941378485
0.2509803920984268
0.1215686276264023
0.2549019605212379
0.6117647065548226
0.015686273691244423
0.9450980420515407
0.07843136845622212
0.7882353051390965
0.2509803790599108
0.12156867326120846
0.2549018953286577
0.6117648825747892
0.01568606507498771
0.9450987722084392
0.07843032537493855
0.7882381214585621
0.25097704119980335
0.12158035577158444
0.2548852060281206
0.6118099436862394
0.01563265931326896
0.9452856923744548
0.0781632965663448
0.7889590992417652
0.25012254901230335
0.12457107842783444
0.2506127450906206
0.6233455882174894
0.0019607843132689595
0.9931372548744548
0.009803921566344798
0.9735294117417652
0.03137254901230335
0.8901960784278344
0.15686274506151676
0.5764705883048009
0.5019607841968536
0.2431372552528046
0.5098039210424758
0.22352941313874908
0.03137254738248885
0.8901960841321852
0.15686273691244423
0.5764706103072967
0.5019607581198215
0.24313734652241692
0.5098037906573154
0.22352976517868228
0.03137213014997542
0.8901975444459822
0.1568606507498771
0.576476242946228
0.5019540823996067
0.24316071154316887
0.5097704120562412
0.22361988740158267
0.03126531862653792
0.8905713847780135
0.1563265931326896
0.5779181985126343
0.5002450980246067
0.24914215685566887
0.5012254901812412
0.24669117646408267
0.003921568626537919
0.9862745097780135
0.019607843132689595
0.9470588235126343
0.0627450980246067
0.7803921568847727
0.3137254901230335
0.15294117663870566
0.003921568422811106
0.4862745105056092
0.01960784211405553
0.44705882627749816
0.0627450947649777
0.7803921682934742
0.31372547382488847
0.1529412206436973
0.003921516268746927
0.48627469304483384
0.019607581343734637
0.44705953035736457
0.06274426029995084
0.7803950889210682
0.3137213014997542
0.15295248592155986
0.00390816482831724
0.48632142308633775
0.0195408241415862
0.44723977480316535
0.06253063725307584
0.7811427695851307
0.3126531862653792
0.15583639705437236
0.0004901960783172399
0.49828431371133775
0.0024509803915861994
0.49338235292816535
0.007843137253075838
0.9725490195851307
0.03921568626537919
0.8941176470543724
0.1254901960492134
0.5607843137986492
0.627450980246067
0.3058823532774113
0.007843136845622212
0.9725490210112184
0.03921568422811106
0.8941176525549963
0.1254901895299554
0.5607843366160523
0.6274509476497769
0.3058824412873946
0.007843032537493855
0.9725493860896677
0.039215162687469274
0.8941190607147291
0.12548852059990168
0.5607901778712403
0.6274426029995084
0.3059049718431197
0.00781632965663448
0.9726428461726755
0.0390816482831724
0.8944795496063307
0.12506127450615168
0.5622855391993653
0.6253063725307584
0.3116727941087447
0.0009803921566344798
0.9965686274226755
0.004901960783172399
0.9867647058563307
0.015686274506151676
0.9450980391993653
0.07843137253075838
0.7882352941378485
0.2509803920984268
0.1215686276264023
0.2549019605212379
0.6117647065548226
0.015686273691244423
0.9450980420515407
0.07843136845622212
0.7882353051390965
0.2509803790599108
0.12156867326120846
0.2549018953286577
0.6117648825747892
0.01568606507498771
0.9450987722084392
0.07843032537493855
0.7882381214585621
0.25097704119980335
0.12158035577158444
0.2548852060281206
0.6118099436862394
0.01563265931326896
0.9452856923744548
0.0781632965663448
0.7889590992417652
0.25012254901230335
0.12457107842783444
0.2506127450906206
0.6233455882174894
0.0019607843132689595
0.9931372548744548
0.009803921566344798
0.9735294117417652
0.03137254901230335
0.8901960784278344
0.15686274506151676
0.5764705883048009
0.5019607841968536
0.2431372552528046
0.5098039210424758
0.22352941313874908
0.03137254738248885
0.8901960841321852
0.15686273691244423
0.5764706103072967
0.5019607581198215
0.24313734652241692
0.5098037906573154
0.22352976517868228
0.03137213014997542
0.8901975444459822
0.1568606507498771
0.576476242946228
0.5019540823996067
0.24316071154316887
0.5097704120562412
0.22361988740158267
0.03126531862653792
0.8905713847780135
0.1563265931326896
0.5779181985126343
0.5002450980246067
0.24914215685566887
0.5012254901812412
0.24669117646408267
0.003921568626537919
0.9862745097780135
0.019607843132689595
0.9470588235126343
0.0627450980246067
0.7803921568847727
0.3137254901230335
0.15294117663870566
0.003921568422811106
0.4862745105056092
0.01960784211405553
0.44705882627749816
0.0627450947649777
0.7803921682934742
0.31372547382488847
0.1529412206436973
0.003921516268746927
0.48627469304483384
0.019607581343734637
0.44705953035736457
0.06274426029995084
0.7803950889210682
0.3137213014997542
0.15295248592155986
0.00390816482831724
0.48632142308633775
0.0195408241415862
0.44723977480316535
0.06253063725307584
0.7811427695851307
0.3126531862653792
0.15583639705437236
0.0004901960783172399
0.49828431371133775
0.0024509803915861994
0.49338235292816535
0.007843137253075838
0.9725490195851307
0.03921568626537919
0.8941176470543724
0.1254901960492134
0.5607843137986492
0.627450980246067
0.3058823532774113
0.007843136845622212
0.9725490210112184
0.03921568422811106
0.8941176525549963
0.1254901895299554
0.5607843366160523
0.6274509476497769
0.3058824412873946
0.007843032537493855
0.9725493860896677
0.039215162687469274
0.8941190607147291
0.12548852059990168
0.5607901778712403
0.6274426029995084
0.3059049718431197
0.00781632965663448
0.9726428461726755
0.0390816482831724
0.8944795496063307
0.12506127450615168
0.5622855391993653
0.6253063725307584
0.3116727941087447
0.0009803921566344798
0.9965686274226755
0.004901960783172399
0.9867647058563307
0.015686274506151676
0.9450980391993653
0.07843137253075838
0.7882352941378485
0.2509803920984268
0.1215686276264023
0.2549019605212379
0.6117647065548226
0.015686273691244423
0.9450980420515407
0.07843136845622212
0.7882353051390965
0.2509803790599108
0.12156867326120846
0.2549018953286577
0.6117648825747892
0.01568606507498771
0.9450987722084392
0.07843032537493855
0.7882381214585621
0.25097704119980335
0.12158035577158444
0.2548852060281206
0.6118099436862394
0.01563265931326896
0.9452856923744548
0.0781632965663448
0.7889590992417652
0.25012254901230335
0.12457107842783444
0.2506127450906206
0.6233455882174894
0.0019607843132689595
0.9931372548744548
0.009803921566344798
0.9735294117417652
0.03137254901230335
0.8901960784278344
0.15686274506151676
0.5764705883048009
0.5019607841968536
0.2431372552528046
0.5098039210424758
0.22352941313874908
0.03137254738248885
0.8901960841321852
0.15686273691244423
0.5764706103072967
0.5019607581198215
0.24313734652241692
0.5098037906573154
0.22352976517868228
0.03137213014997542
0.8901975444459822
0.1568606507498771
0.576476242946228
0.5019540823996067
0.24316071154316887
0.5097704120562412
0.22361988740158267
0.03126531862653792
0.8905713847780135
0.1563265931326896
0.5779181985126343
0.5002450980246067
0.24914215685566887
0.5012254901812412
0.24669117646408267
0.003921568626537919
0.9862745097780135
0.019607843132689595
0.9470588235126343
0.0627450980246067
0.7803921568847727
0.3137254901230335
0.15294117663870566
0.003921568422811106
0.4862745105056092
0.01960784211405553
0.44705882627749816
0.0627450947649777
0.7803921682934742
0.31372547382488847
0.1529412206436973
0.003921516268746927
0.48627469304483384
0.019607581343734637
0.44705953035736457
0.06274426029995084
0.7803950889210682
0.3137213014997542
0.15295248592155986
0.00390816482831724
0.48632142308633775
0.0195408241415862
0.44723977480316535
0.06253063725307584
0.7811427695851307
0.3126531862653792
0.15583639705437236
0.0004901960783172399
0.49828431371133775
0.0024509803915861994
0.49338235292816535
0.007843137253075838
0.9725490195851307
0.03921568626537919
0.8941176470543724
0.1254901960492134
0.5607843137986492
0.627450980246067
0.3058823532774113
0.007843136845622212
0.9725490210112184
0.03921568422811106
0.8941176525549963
0.1254901895299554
0.5607843366160523
0.6274509476497769
0.3058824412873946
0.007843032537493855
0.9725493860896677
0.039215162687469274
0.8941190607147291
0.12548852059990168
0.5607901778712403
0.6274426029995084
0.3059049718431197
0.00781632965663448
0.9726428461726755
0.0390816482831724
0.8944795496063307
0.12506127450615168
0.5622855391993653
0.6253063725307584
0.3116727941087447
0.0009803921566344798
0.9965686274226755
0.004901960783172399
0.9867647058563307
0.015686274506151676
0.9450980391993653
0.07843137253075838
0.7882352941378485
0.2509803920984268
0.1215686276264023
0.2549019605212379
0.6117647065548226
0.015686273691244423
0.9450980420515407
0.07843136845622212
0.7882353051390965
0.2509803790599108
0.12156867326120846
0.2549018953286577
0.6117648825747892
0.01568606507498771
0.9450987722084392
0.07843032537493855
0.7882381214585621
0.25097704119980335
0.12158035577158444
0.2548852060281206
0.6118099436862394
0.01563265931326896
0.9452856923744548
0.0781632965663448
0.7889590992417652
0.25012254901230335
0.12457107842783444
0.2506127450906206
0.6233455882174894
0.0019607843132689595
0.9931372548744548
0.009803921566344798
0.9735294117417652
0.03137254901230335
0.8901960784278344
0.15686274506151676
0.5764705883048009
0.5019607841968536
0.2431372552528046
0.5098039210424758
0.22352941313874908
0.03137254738248885
0.8901960841321852
0.15686273691244423
0.5764706103072967
0.5019607581198215
0.24313734652241692
0.5098037906573154
0.22352976517868228
0.03137213014997542
0.8901975444459822
0.1568606507498771
0.576476242946228
0.5019540823996067
0.24316071154316887
0.5097704120562412
0.22361988740158267
0.03126531862653792
0.8905713847780135
0.1563265931326896
0.5779181985126343
0.5002450980246067
0.24914215685566887
0.5012254901812412
0.24669117646408267
0.003921568626537919
0.9862745097780135
0.019607843132689595
0.9470588235126343
0.0627450980246067
0.7803921568847727
0.3137254901230335
0.15294117663870566
0.003921568422811106
0.4862745105056092
0.01960784211405553
0.44705882627749816
0.0627450947649777
0.7803921682934742
0.31372547382488847
0.1529412206436973
0.003921516268746927
0.48627469304483384
0.019607581343734637
0.44705953035736457
0.06274426029995084
0.7803950889210682
0.3137213014997542
0.15295248592155986
0.00390816482831724
0.48632142308633775
0.0195408241415862
0.44723977480316535
0.06253063725307584
0.7811427695851307
0.3126531862653792
0.15583639705437236
0.0004901960783172399
0.49828431371133775
0.0024509803915861994
0.49338235292816535
0.007843137253075838
0.9725490195851307
0.03921568626537919
0.8941176470543724
0.1254901960492134
0.5607843137986492
0.627450980246067
0.3058823532774113
0.007843136845622212
0.9725490210112184
0.03921568422811106
0.8941176525549963
0.1254901895299554
0.5607843366160523
0.6274509476497769
0.3058824412873946
0.007843032537493855
0.9725493860896677
0.039215162687469274
0.8941190607147291
0.12548852059990168
0.5607901778712403
0.6274426029995084
0.3059049718431197
0.00781632965663448
0.9726428461726755
0.0390816482831724
0.8944795496063307
0.12506127450615168
0.5622855391993653
0.6253063725307584
0.3116727941087447
0.0009803921566344798
0.9965686274226755
0.004901960783172399
0.9867647058563307
0.015686274506151676
0.9450980391993653
0.07843137253075838
0.7882352941378485
0.2509803920984268
0.1215686276264023
0.2549019605212379
0.6117647065548226
0.015686273691244423
0.9450980420515407
0.07843136845622212
0.7882353051390965
0.2509803790599108
0.12156867326120846
0.2549018953286577
0.6117648825747892
0.01568606507498771
0.9450987722084392
0.07843032537493855
0.7882381214585621
0.25097704119980335
0.12158035577158444
0.2548852060281206
0.6118099436862394
0.01563265931326896
0.9452856923744548
0.0781632965663448
0.7889590992417652
0.25012254901230335
0.12457107842783444
0.2506127450906206
0.6233455882174894
0.0019607843132689595
0.9931372548744548
0.009803921566344798
0.9735294117417652
0.03137254901230335
0.8901960784278344
0.15686274506151676
0.5764705883048009
0.5019607841968536
0.2431372552528046
0.5098039210424758
0.22352941313874908
0.03137254738248885
0.8901960841321852
0.15686273691244423
0.5764706103072967
0.5019607581198215
0.24313734652241692
0.5098037906573154
0.22352976517868228
0.03137213014997542
0.8901975444459822
0.1568606507498771
0.576476242946228
0.5019540823996067
0.24316071154316887
0.5097704120562412
0.22361988740158267
0.03126531862653792
0.8905713847780135
0.1563265931326896
0.5779181985126343
0.5002450980246067
0.24914215685566887
0.5012254901812412
0.24669117646408267
0.003921568626537919
0.9862745097780135
0.019607843132689595
0.9470588235126343
0.0627450980246067
0.7803921568847727
0.3137254901230335
0.15294117663870566
0.003921568422811106
0.4862745105056092
0.01960784211405553
0.44705882627749816
0.0627450947649777
0.7803921682934742
0.31372547382488847
0.1529412206436973
0.003921516268746927
0.48627469304483384
0.019607581343734637
0.44705953035736457
0.06274426029995084
0.7803950889210682
0.3137213014997542
0.15295248592155986
0.00390816482831724
0.48632142308633775
0.0195408241415862
0.44723977480316535
0.06253063725307584
0.7811427695851307
0.3126531862653792
0.15583639705437236
0.0004901960783172399
0.49828431371133775
0.0024509803915861994
0.49338235292816535
0.007843137253075838
0.9725490195851307
0.03921568626537919
0.8941176470543724
0.1254901960492134
0.5607843137986492
0.627450980246067
0.3058823532774113
0.007843136845622212
0.9725490210112184
0.03921568422811106
0.8941176525549963
0.1254901895299554
0.5607843366160523
0.6274509476497769
0.3058824412873946
0.007843032537493855
0.9725493860896677
0.039215162687469274
0.8941190607147291
0.12548852059990168
0.5607901778712403
0.6274426029995084
0.3059049718431197
0.00781632965663448
0.9726428461726755
0.0390816482831724
0.8944795496063307
0.12506127450615168
0.5622855391993653
0.6253063725307584
0.3116727941087447
0.0009803921566344798
0.9965686274226755
0.004901960783172399
0.9867647058563307
0.015686274506151676
0.9450980391993653
0.07843137253075838
0.7882352941378485
0.2509803920984268
0.1215686276264023
0.2549019605212379
0.6117647065548226
0.015686273691244423
0.9450980420515407
0.07843136845622212
0.7882353051390965
0.2509803790599108
0.12156867326120846
0.2549018953286577
0.6117648825747892
0.01568606507498771
0.9450987722084392
0.07843032537493855
0.7882381214585621
0.25097704119980335
0.12158035577158444
0.2548852060281206
0.6118099436862394
0.01563265931326896
0.9452856923744548
0.0781632965663448
0.7889590992417652
0.25012254901230335
0.12457107842783444
0.2506127450906206
0.6233455882174894
0.0019607843132689595
0.9931372548744548
0.009803921566344798
0.9735294117417652
0.03137254901230335
0.8901960784278344
0.15686274506151676
0.5764705883048009
0.5019607841968536
0.2431372552528046
0.5098039210424758
0.22352941313874908
0.03137254738248885
0.8901960841321852
0.15686273691244423
0.5764706103072967
0.5019607581198215
0.24313734652241692
0.5098037906573154
0.22352976517868228
0.03137213014997542
0.8901975444459822
0.1568606507498771
0.576476242946228
0.5019540823996067
0.24316071154316887
0.5097704120562412
0.22361988740158267
0.03126531862653792
0.8905713847780135
0.1563265931326896
0.5779181985126343
0.5002450980246067
0.24914215685566887
0.5012254901812412
0.24669117646408267
0.003921568626537919
0.9862745097780135
0.019607843132689595
0.9470588235126343
0.0627450980246067
0.7803921568847727
0.3137254901230335
0.15294117663870566
0.003921568422811106
0.4862745105056092
0.01960784211405553
0.44705882627749816
0.0627450947649777
0.7803921682934742
0.31372547382488847
0.1529412206436973
0.003921516268746927
0.48627469304483384
0.019607581343734637
0.44705953035736457
0.06274426029995084
0.7803950889210682
0.3137213014997542
0.15295248592155986
0.00390816482831724
0.48632142308633775
0.0195408241415862
0.44723977480316535
0.06253063725307584
0.7811427695851307
0.3126531862653792
0.15583639705437236
0.0004901960783172399
0.49828431371133775
0.0024509803915861994
0.49338235292816535
0.007843137253075838
0.9725490195851307
0.03921568626537919
0.8941176470543724
0.1254901960492134
0.5607843137986492
0.627450980246067
0.3058823532774113
0.007843136845622212
0.9725490210112184
0.03921568422811106
0.8941176525549963
0.1254901895299554
0.5607843366160523
0.6274509476497769
0.3058824412873946
0.007843032537493855
0.9725493860896677
0.039215162687469274
0.8941190607147291
0.12548852059990168
0.5607901778712403
0.6274426029995084
0.3059049718431197
0.00781632965663448
0.9726428461726755
0.0390816482831724
0.8944795496063307
0.12506127450615168
0.5622855391993653
0.6253063725307584
0.3116727941087447
0.0009803921566344798
0.9965686274226755
0.004901960783172399
0.9867647058563307
0.015686274506151676
0.9450980391993653
0.07843137253075838
0.7882352941378485
0.2509803920984268
0.1215686276264023
0.2549019605212379
0.6117647065548226
0.015686273691244423
0.9450980420515407
0.07843136845622212
0.7882353051390965
0.2509803790599108
0.12156867326120846
0.2549018953286577
0.6117648825747892
0.01568606507498771
0.9450987722084392
0.07843032537493855
0.7882381214585621
0.25097704119980335
0.12158035577158444
0.2548852060281206
0.6118099436862394
0.01563265931326896
0.9452856923744548
0.0781632965663448
0.7889590992417652
0.25012254901230335
0.12457107842783444
0.2506127450906206
0.6233455882174894
0.0019607843132689595
0.9931372548744548
0.009803921566344798
0.9735294117417652
0.03137254901230335
0.8901960784278344
0.15686274506151676
0.5764705883048009
0.5019607841968536
0.2431372552528046
0.5098039210424758
0.22352941313874908
0.03137254738248885
0.8901960841321852
0.15686273691244423
0.5764706103072967
0.5019607581198215
0.24313734652241692
0.5098037906573154
0.22352976517868228
0.03137213014997542
0.8901975444459822
0.1568606507498771
0.576476242946228
0.5019540823996067
0.24316071154316887
0.5097704120562412
0.22361988740158267
0.03126531862653792
0.8905713847780135
0.1563265931326896
0.5779181985126343
0.5002450980246067
0.24914215685566887
0.5012254901812412
0.24669117646408267
0.003921568626537919
0.9862745097780135
0.019607843132689595
0.9470588235126343
0.0627450980246067
0.7803921568847727
0.3137254901230335
0.15294117663870566
0.003921568422811106
0.4862745105056092
0.01960784211405553
0.44705882627749816
0.0627450947649777
0.7803921682934742
0.31372547382488847
0.1529412206436973
0.003921516268746927
0.48627469304483384
0.019607581343734637
0.44705953035736457
0.06274426029995084
0.7803950889210682
0.3137213014997542
0.15295248592155986
0.00390816482831724
0.48632142308633775
0.0195408241415862
0.44723977480316535
0.06253063725307584
0.7811427695851307
0.3126531862653792
0.15583639705437236
0.0004901960783172399
0.49828431371133775
0.0024509803915861994
0.49338235292816535
0.007843137253075838
0.9725490195851307
0.03921568626537919
0.8941176470543724
0.1254901960492134
0.5607843137986492
0.627450980246067
0.3058823532774113
0.007843136845622212
0.9725490210112184
0.03921568422811106
0.8941176525549963
0.1254901895299554
0.5607843366160523
0.6274509476497769
0.3058824412873946
0.007843032537493855
0.9725493860896677
0.039215162687469274
0.8941190607147291
0.12548852059990168
0.5607901778712403
0.6274426029995084
0.3059049718431197
0.00781632965663448
0.9726428461726755
0.0390816482831724
0.8944795496063307
0.12506127450615168
0.5622855391993653
0.6253063725307584
0.3116727941087447
0.0009803921566344798
0.9965686274226755
0.004901960783172399
0.9867647058563307
0.015686274506151676
0.9450980391993653
0.07843137253075838
0.7882352941378485
0.2509803920984268
0.1215686276264023
0.2549019605212379
0.6117647065548226
0.015686273691244423
0.9450980420515407
0.07843136845622212
0.7882353051390965
0.2509803790599108
0.12156867326120846
0.2549018953286577
0.6117648825747892
0.01568606507498771
0.9450987722084392
0.07843032537493855
0.7882381214585621
0.25097704119980335
0.12158035577158444
0.2548852060281206
0.6118099436862394
0.01563265931326896
0.9452856923744548
0.0781632965663448
0.7889590992417652
0.25012254901230335
0.12457107842783444
0.2506127450906206
0.6233455882174894
0.0019607843132689595
0.9931372548744548
0.009803921566344798
0.9735294117417652
0.03137254901230335
0.8901960784278344
0.15686274506151676
0.5764705883048009
0.5019607841968536
0.2431372552528046
0.5098039210424758
0.22352941313874908
0.03137254738248885
0.8901960841321852
0.15686273691244423
0.5764706103072967
0.5019607581198215
0.24313734652241692
0.5098037906573154
0.22352976517868228
0.03137213014997542
0.8901975444459822
0.1568606507498771
0.576476242946228
0.5019540823996067
0.24316071154316887
0.5097704120562412
0.22361988740158267
0.03126531862653792
0.8905713847780135
0.1563265931326896
0.5779181985126343
0.5002450980246067
0.24914215685566887
0.5012254901812412
0.24669117646408267
0.003921568626537919
0.9862745097780135
0.019607843132689595
0.9470588235126343
0.0627450980246067
0.7803921568847727
0.3137254901230335
0.15294117663870566
0.003921568422811106
0.4862745105056092
0.01960784211405553
0.44705882627749816
0.0627450947649777
0.7803921682934742
0.31372547382488847
0.1529412206436973
0.003921516268746927
0.48627469304483384
0.019607581343734637
0.44705953035736457
0.06274426029995084
0.7803950889210682
0.3137213014997542
0.15295248592155986
0.00390816482831724
0.48632142308633775
0.0195408241415862
0.44723977480316535
0.06253063725307584
0.7811427695851307
0.3126531862653792
0.15583639705437236
0.0004901960783172399
0.49828431371133775
0.0024509803915861994
0.49338235292816535
0.007843137253075838
0.9725490195851307
0.03921568626537919
0.8941176470543724
0.1254901960492134
0.5607843137986492
0.627450980246067
0.3058823532774113
0.007843136845622212
0.9725490210112184
0.03921568422811106
0.8941176525549963
0.1254901895299554
0.5607843366160523
0.6274509476497769
0.3058824412873946
0.007843032537493855
0.9725493860896677
0.039215162687469274
0.8941190607147291
0.12548852059990168
0.5607901778712403
0.6274426029995084
0.3059049718431197
0.00781632965663448
0.9726428461726755
0.0390816482831724
0.8944795496063307
0.12506127450615168
0.5622855391993653
0.6253063725307584
0.3116727941087447
0.0009803921566344798
0.9965686274226755
0.004901960783172399
0.9867647058563307
0.015686274506151676
0.9450980391993653
0.07843137253075838
0.7882352941378485
0.2509803920984268
0.1215686276264023
0.2549019605212379
0.6117647065548226
0.015686273691244423
0.9450980420515407
0.07843136845622212
0.7882353051390965
0.2509803790599108
0.12156867326120846
0.2549018953286577
0.6117648825747892
0.01568606507498771
0.9450987722084392
0.07843032537493855
0.7882381214585621
0.25097704119980335
0.12158035577158444
0.2548852060281206
0.6118099436862394
0.01563265931326896
0.9452856923744548
0.0781632965663448
0.7889590992417652
0.25012254901230335
0.12457107842783444
0.2506127450906206
0.6233455882174894
0.0019607843132689595
0.9931372548744548
0.009803921566344798
0.9735294117417652
0.03137254901230335
0.8901960784278344
0.15686274506151676
0.5764705883048009
0.5019607841968536
0.2431372552528046
0.5098039210424758
0.22352941313874908
0.03137254738248885
0.8901960841321852
0.15686273691244423
0.5764706103072967
0.5019607581198215
0.24313734652241692
0.5098037906573154
0.22352976517868228
0.03137213014997542
0.8901975444459822
0.1568606507498771
0.576476242946228
0.5019540823996067
0.24316071154316887
0.5097704120562412
0.22361988740158267
0.03126531862653792
0.8905713847780135
0.1563265931326896
0.5779181985126343
0.5002450980246067
0.24914215685566887
0.5012254901812412
0.24669117646408267
0.003921568626537919
0.9862745097780135
0.019607843132689595
0.9470588235126343
0.0627450980246067
0.7803921568847727
0.3137254901230335
0.15294117663870566
0.003921568422811106
0.4862745105056092
0.01960784211405553
0.44705882627749816
0.0627450947649777
0.7803921682934742
0.31372547382488847
0.1529412206436973
0.003921516268746927
0.48627469304483384
0.019607581343734637
0.44705953035736457
0.06274426029995084
0.7803950889210682
0.3137213014997542
0.15295248592155986
0.00390816482831724
0.48632142308633775
0.0195408241415862
0.44723977480316535
0.06253063725307584
0.7811427695851307
0.3126531862653792
0.15583639705437236
0.0004901960783172399
0.49828431371133775
0.0024509803915861994
0.49338235292816535
0.007843137253075838
0.9725490195851307
0.03921568626537919
0.8941176470543724
0.1254901960492134
0.5607843137986492
0.627450980246067
0.3058823532774113
0.007843136845622212
0.9725490210112184
0.03921568422811106
0.8941176525549963
0.1254901895299554
0.5607843366160523
0.6274509476497769
0.3058824412873946
0.007843032537493855
0.9725493860896677
0.039215162687469274
0.8941190607147291
0.12548852059990168
0.5607901778712403
0.6274426029995084
0.3059049718431197
0.00781632965663448
0.9726428461726755
0.0390816482831724
0.8944795496063307
0.12506127450615168
0.5622855391993653
0.6253063725307584
0.3116727941087447
0.0009803921566344798
0.9965686274226755
0.004901960783172399
0.9867647058563307
0.015686274506151676
0.9450980391993653
0.07843137253075838
0.7882352941378485
0.2509803920984268
0.1215686276264023
0.2549019605212379
0.6117647065548226
0.015686273691244423
0.9450980420515407
0.07843136845622212
0.7882353051390965
0.2509803790599108
0.12156867326120846
0.2549018953286577
0.6117648825747892
0.01568606507498771
0.9450987722084392
0.07843032537493855
0.7882381214585621
0.25097704119980335
0.12158035577158444
0.2548852060281206
0.6118099436862394
0.01563265931326896
0.9452856923744548
0.0781632965663448
0.7889590992417652
0.25012254901230335
0.12457107842783444
0.2506127450906206
0.6233455882174894
0.0019607843132689595
0.9931372548744548
0.009803921566344798
0.9735294117417652
0.03137254901230335
0.8901960784278344
0.15686274506151676
0.5764705883048009
0.5019607841968536
0.2431372552528046
0.5098039210424758
0.22352941313874908
0.03137254738248885
0.8901960841321852
0.15686273691244423
0.5764706103072967
0.5019607581198215
0.24313734652241692
0.5098037906573154
0.22352976517868228
0.03137213014997542
0.8901975444459822
0.1568606507498771
0.576476242946228
0.5019540823996067
0.24316071154316887
0.5097704120562412
0.22361988740158267
0.03126531862653792
0.8905713847780135
0.1563265931326896
0.5779181985126343
0.5002450980246067
0.24914215685566887
0.5012254901812412
0.24669117646408267
0.003921568626537919
0.9862745097780135
0.019607843132689595
0.9470588235126343
0.0627450980246067
0.7803921568847727
0.3137254901230335
0.15294117663870566
0.003921568422811106
0.4862745105056092
0.01960784211405553
0.44705882627749816
0.0627450947649777
0.7803921682934742
0.31372547382488847
0.1529412206436973
0.003921516268746927
0.48627469304483384
0.019607581343734637
0.44705953035736457
0.06274426029995084
0.7803950889210682
0.3137213014997542
0.15295248592155986
0.00390816482831724
0.48632142308633775
0.0195408241415862
0.44723977480316535
0.06253063725307584
0.7811427695851307
0.3126531862653792
0.15583639705437236
0.0004901960783172399
0.49828431371133775
0.0024509803915861994
0.49338235292816535
0.007843137253075838
0.9725490195851307
0.03921568626537919
0.8941176470543724
0.1254901960492134
0.5607843137986492
0.627450980246067
0.3058823532774113
0.007843136845622212
0.9725490210112184
0.03921568422811106
0.8941176525549963
0.1254901895299554
0.5607843366160523
0.6274509476497769
0.3058824412873946
0.007843032537493855
0.9725493860896677
0.039215162687469274
0.8941190607147291
0.12548852059990168
0.5607901778712403
0.6274426029995084
0.3059049718431197
0.00781632965663448
0.9726428461726755
0.0390816482831724
0.8944795496063307
0.12506127450615168
0.5622855391993653
0.6253063725307584
0.3116727941087447
0.0009803921566344798
0.9965686274226755
0.004901960783172399
0.9867647058563307
0.015686274506151676
0.9450980391993653
0.07843137253075838
0.7882352941378485
0.2509803920984268
0.1215686276264023
0.2549019605212379
0.6117647065548226
0.015686273691244423
0.9450980420515407
0.07843136845622212
0.7882353051390965
0.2509803790599108
0.12156867326120846
0.2549018953286577
0.6117648825747892
0.01568606507498771
0.9450987722084392
0.07843032537493855
0.7882381214585621
0.25097704119980335
0.12158035577158444
0.2548852060281206
0.6118099436862394
0.01563265931326896
0.9452856923744548
0.0781632965663448
0.7889590992417652
0.25012254901230335
0.12457107842783444
0.2506127450906206
0.6233455882174894
0.0019607843132689595
0.9931372548744548
0.009803921566344798
0.9735294117417652
0.03137254901230335
0.8901960784278344
0.15686274506151676
0.5764705883048009
0.5019607841968536
0.2431372552528046
0.5098039210424758
0.22352941313874908
0.03137254738248885
0.8901960841321852
0.15686273691244423
0.5764706103072967
0.5019607581198215
0.24313734652241692
0.5098037906573154
0.22352976517868228
0.03137213014997542
0.8901975444459822
0.1568606507498771
0.576476242946228
0.5019540823996067
0.24316071154316887
0.5097704120562412
0.22361988740158267
0.03126531862653792
0.8905713847780135
0.1563265931326896
0.5779181985126343
0.5002450980246067
0.24914215685566887
0.5012254901812412
0.24669117646408267
0.003921568626537919
0.9862745097780135
0.019607843132689595
0.9470588235126343
0.0627450980246067
0.7803921568847727
0.3137254901230335
0.15294117663870566
0.003921568422811106
0.4862745105056092
0.01960784211405553
0.44705882627749816
0.0627450947649777
0.7803921682934742
0.31372547382488847
0.1529412206436973
0.003921516268746927
0.48627469304483384
0.019607581343734637
0.44705953035736457
0.06274426029995084
0.7803950889210682
0.3137213014997542
0.15295248592155986
0.00390816482831724
0.48632142308633775
0.0195408241415862
0.44723977480316535
0.06253063725307584
0.7811427695851307
0.3126531862653792
0.15583639705437236
0.0004901960783172399
0.49828431371133775
0.0024509803915861994
0.49338235292816535
0.007843137253075838
0.9725490195851307
0.03921568626537919
0.8941176470543724
0.1254901960492134
0.5607843137986492
0.627450980246067
0.3058823532774113
0.007843136845622212
0.9725490210112184
0.03921568422811106
0.8941176525549963
0.1254901895299554
0.5607843366160523
0.6274509476497769
0.3058824412873946
0.007843032537493855
0.9725493860896677
0.039215162687469274
0.8941190607147291
0.12548852059990168
0.5607901778712403
0.6274426029995084
0.3059049718431197
0.00781632965663448
0.9726428461726755
0.0390816482831724
0.8944795496063307
0.12506127450615168
0.5622855391993653
0.6253063725307584
0.3116727941087447
0.0009803921566344798
0.9965686274226755
0.004901960783172399
0.9867647058563307
0.015686274506151676
0.9450980391993653
0.07843137253075838
0.7882352941378485
0.2509803920984268
0.1215686276264023
0.2549019605212379
0.6117647065548226
0.015686273691244423
0.9450980420515407
0.07843136845622212
0.7882353051390965
0.2509803790599108
0.12156867326120846
0.2549018953286577
0.6117648825747892
0.01568606507498771
0.9450987722084392
0.07843032537493855
0.7882381214585621
0.25097704119980335
0.12158035577158444
0.2548852060281206
0.6118099436862394
0.01563265931326896
0.9452856923744548
0.0781632965663448
0.7889590992417652
0.25012254901230335
0.12457107842783444
0.2506127450906206
0.6233455882174894
0.0019607843132689595
0.9931372548744548
0.009803921566344798
0.9735294117417652
0.03137254901230335
0.8901960784278344
0.15686274506151676
0.5764705883048009
0.5019607841968536
0.2431372552528046
0.5098039210424758
0.22352941313874908
0.03137254738248885
0.8901960841321852
0.15686273691244423
0.5764706103072967
0.5019607581198215
0.24313734652241692
0.5098037906573154
0.22352976517868228
0.03137213014997542
0.8901975444459822
0.1568606507498771
0.576476242946228
0.5019540823996067
0.24316071154316887
0.5097704120562412
0.22361988740158267
0.03126531862653792
0.8905713847780135
0.1563265931326896
0.5779181985126343
0.5002450980246067
0.24914215685566887
0.5012254901812412
0.24669117646408267
0.003921568626537919
0.9862745097780135
0.019607843132689595
0.9470588235126343
0.0627450980246067
0.7803921568847727
0.3137254901230335
0.15294117663870566
0.003921568422811106
0.4862745105056092
0.01960784211405553
0.44705882627749816
0.0627450947649777
0.7803921682934742
0.31372547382488847
0.1529412206436973
0.003921516268746927
0.48627469304483384
0.019607581343734637
0.44705953035736457
0.06274426029995084
0.7803950889210682
0.3137213014997542
0.15295248592155986
0.00390816482831724
0.48632142308633775
0.0195408241415862
0.44723977480316535
0.06253063725307584
0.7811427695851307
0.3126531862653792
0.15583639705437236
0.0004901960783172399
0.49828431371133775
0.0024509803915861994
0.49338235292816535
0.007843137253075838
0.9725490195851307
0.03921568626537919
0.8941176470543724
0.1254901960492134
0.5607843137986492
0.627450980246067
0.3058823532774113
0.007843136845622212
0.9725490210112184
0.03921568422811106
0.8941176525549963
0.1254901895299554
0.5607843366160523
0.6274509476497769
0.3058824412873946
0.007843032537493855
0.9725493860896677
0.039215162687469274
0.8941190607147291
0.12548852059990168
0.5607901778712403
0.6274426029995084
0.3059049718431197
0.00781632965663448
0.9726428461726755
0.0390816482831724
0.8944795496063307
0.12506127450615168
0.5622855391993653
0.6253063725307584
0.3116727941087447
0.0009803921566344798
0.9965686274226755
0.004901960783172399
0.9867647058563307
0.015686274506151676
0.9450980391993653
0.07843137253075838
0.7882352941378485
0.2509803920984268
0.1215686276264023
0.2549019605212379
0.6117647065548226
0.015686273691244423
0.9450980420515407
0.07843136845622212
0.7882353051390965
0.2509803790599108
0.12156867326120846
0.2549018953286577
0.6117648825747892
0.01568606507498771
0.9450987722084392
0.07843032537493855
0.7882381214585621
0.25097704119980335
0.12158035577158444
0.2548852060281206
0.6118099436862394
0.01563265931326896
0.9452856923744548
0.0781632965663448
0.7889590992417652
0.25012254901230335
0.12457107842783444
0.2506127450906206
0.6233455882174894
0.0019607843132689595
0.9931372548744548
0.009803921566344798
0.9735294117417652
0.03137254901230335
0.8901960784278344
0.15686274506151676
0.5764705883048009
0.5019607841968536
0.2431372552528046
0.5098039210424758
0.22352941313874908
0.03137254738248885
0.8901960841321852
0.15686273691244423
0.5764706103072967
0.5019607581198215
0.24313734652241692
0.5098037906573154
0.22352976517868228
0.03137213014997542
0.8901975444459822
0.1568606507498771
0.576476242946228
0.5019540823996067
0.24316071154316887
0.5097704120562412
0.22361988740158267
0.03126531862653792
0.8905713847780135
0.1563265931326896
0.5779181985126343
0.5002450980246067
0.24914215685566887
0.5012254901812412
0.24669117646408267
0.003921568626537919
0.9862745097780135
0.019607843132689595
0.9470588235126343
0.0627450980246067
0.7803921568847727
0.3137254901230335
0.15294117663870566
0.003921568422811106
0.4862745105056092
0.01960784211405553
0.44705882627749816
0.0627450947649777
0.7803921682934742
0.31372547382488847
0.1529412206436973
0.003921516268746927
0.48627469304483384
0.019607581343734637
0.44705953035736457
0.06274426029995084
0.7803950889210682
0.3137213014997542
0.15295248592155986
0.00390816482831724
0.48632142308633775
0.0195408241415862
0.44723977480316535
0.06253063725307584
0.7811427695851307
0.3126531862653792
0.15583639705437236
0.0004901960783172399
0.49828431371133775
0.0024509803915861994
0.49338235292816535
0.007843137253075838
0.9725490195851307
0.03921568626537919
0.8941176470543724
0.1254901960492134
0.5607843137986492
0.627450980246067
0.3058823532774113
0.007843136845622212
0.9725490210112184
0.03921568422811106
0.8941176525549963
0.1254901895299554
0.5607843366160523
0.6274509476497769
0.3058824412873946
0.007843032537493855
0.9725493860896677
0.039215162687469274
0.8941190607147291
0.12548852059990168
0.5607901778712403
0.6274426029995084
0.3059049718431197
0.00781632965663448
0.9726428461726755
0.0390816482831724
0.8944795496063307
0.12506127450615168
0.5622855391993653
0.6253063725307584
0.3116727941087447
0.0009803921566344798
0.9965686274226755
0.004901960783172399
0.9867647058563307
0.015686274506151676
0.9450980391993653
0.07843137253075838
0.7882352941378485
0.2509803920984268
0.1215686276264023
0.2549019605212379
0.6117647065548226
0.015686273691244423
0.9450980420515407
0.07843136845622212
0.7882353051390965
0.2509803790599108
0.12156867326120846
0.2549018953286577
0.6117648825747892
0.01568606507498771
0.9450987722084392
0.07843032537493855
0.7882381214585621
0.25097704119980335
0.12158035577158444
0.2548852060281206
0.6118099436862394
0.01563265931326896
0.9452856923744548
0.0781632965663448
0.7889590992417652
0.25012254901230335
0.12457107842783444
0.2506127450906206
0.6233455882174894
0.0019607843132689595
0.9931372548744548
0.009803921566344798
0.9735294117417652
0.03137254901230335
0.8901960784278344
0.15686274506151676
0.5764705883048009
0.5019607841968536
0.2431372552528046
0.5098039210424758
0.22352941313874908
0.03137254738248885
0.8901960841321852
0.15686273691244423
0.5764706103072967
0.5019607581198215
0.24313734652241692
0.5098037906573154
0.22352976517868228
0.03137213014997542
0.8901975444459822
0.1568606507498771
0.576476242946228
0.5019540823996067
0.24316071154316887
0.5097704120562412
0.22361988740158267
0.03126531862653792
0.8905713847780135
0.1563265931326896
0.5779181985126343
0.5002450980246067
0.24914215685566887
0.5012254901812412
0.24669117646408267
0.003921568626537919
0.9862745097780135
0.019607843132689595
0.9470588235126343
0.0627450980246067
0.7803921568847727
0.3137254901230335
0.15294117663870566
0.003921568422811106
0.4862745105056092
0.01960784211405553
0.44705882627749816
0.0627450947649777
0.7803921682934742
0.31372547382488847
0.1529412206436973
0.003921516268746927
0.48627469304483384
0.019607581343734637
0.44705953035736457
0.06274426029995084
0.7803950889210682
0.3137213014997542
0.15295248592155986
0.00390816482831724
0.48632142308633775
0.0195408241415862
0.44723977480316535
0.06253063725307584
0.7811427695851307
0.3126531862653792
0.15583639705437236
0.0004901960783172399
0.49828431371133775
0.0024509803915861994
0.49338235292816535
0.007843137253075838
0.9725490195851307
0.03921568626537919
0.8941176470543724
0.1254901960492134
0.5607843137986492
0.627450980246067
0.3058823532774113
0.007843136845622212
0.9725490210112184
0.03921568422811106
0.8941176525549963
0.1254901895299554
0.5607843366160523
0.6274509476497769
0.3058824412873946
0.007843032537493855
0.9725493860896677
0.039215162687469274
0.8941190607147291
0.12548852059990168
0.5607901778712403
0.6274426029995084
0.3059049718431197
0.00781632965663448
0.9726428461726755
0.0390816482831724
0.8944795496063307
0.12506127450615168
0.5622855391993653
0.6253063725307584
0.3116727941087447
0.0009803921566344798
0.9965686274226755
0.004901960783172399
0.9867647058563307
0.015686274506151676
0.9450980391993653
0.07843137253075838
0.7882352941378485
0.2509803920984268
0.1215686276264023
0.2549019605212379
0.6117647065548226
0.015686273691244423
0.9450980420515407
0.07843136845622212
0.7882353051390965
0.2509803790599108
0.12156867326120846
0.2549018953286577
0.6117648825747892
0.01568606507498771
0.9450987722084392
0.07843032537493855
0.7882381214585621
0.25097704119980335
0.12158035577158444
0.2548852060281206
0.6118099436862394
0.01563265931326896
0.9452856923744548
0.0781632965663448
0.7889590992417652
0.25012254901230335
0.12457107842783444
0.2506127450906206
0.6233455882174894
0.0019607843132689595
0.9931372548744548
0.009803921566344798
0.9735294117417652
0.03137254901230335
0.8901960784278344
0.15686274506151676
0.5764705883048009
0.5019607841968536
0.2431372552528046
0.5098039210424758
0.22352941313874908
0.03137254738248885
0.8901960841321852
0.15686273691244423
0.5764706103072967
0.5019607581198215
0.24313734652241692
0.5098037906573154
0.22352976517868228
0.03137213014997542
0.8901975444459822
0.1568606507498771
0.576476242946228
0.5019540823996067
0.24316071154316887
0.5097704120562412
0.22361988740158267
0.03126531862653792
0.8905713847780135
0.1563265931326896
0.5779181985126343
0.5002450980246067
0.24914215685566887
0.5012254901812412
0.24669117646408267
0.003921568626537919
0.9862745097780135
0.019607843132689595
0.9470588235126343
0.0627450980246067
0.7803921568847727
0.3137254901230335
0.15294117663870566
0.003921568422811106
0.4862745105056092
0.01960784211405553
0.44705882627749816
0.0627450947649777
0.7803921682934742
0.31372547382488847
0.1529412206436973
0.003921516268746927
0.48627469304483384
0.019607581343734637
0.44705953035736457
0.06274426029995084
0.7803950889210682
0.3137213014997542
0.15295248592155986
0.00390816482831724
0.48632142308633775
0.0195408241415862
0.44723977480316535
0.06253063725307584
0.7811427695851307
0.3126531862653792
0.15583639705437236
0.0004901960783172399
0.49828431371133775
0.0024509803915861994
0.49338235292816535
0.007843137253075838
0.9725490195851307
0.03921568626537919
0.8941176470543724
0.1254901960492134
0.5607843137986492
0.627450980246067
0.3058823532774113
0.007843136845622212
0.9725490210112184
0.03921568422811106
0.8941176525549963
0.1254901895299554
0.5607843366160523
0.6274509476497769
0.3058824412873946
0.007843032537493855
0.9725493860896677
0.039215162687469274
0.8941190607147291
0.12548852059990168
0.5607901778712403
0.6274426029995084
0.3059049718431197
0.00781632965663448
0.9726428461726755
0.0390816482831724
0.8944795496063307
0.12506127450615168
0.5622855391993653
0.6253063725307584
0.3116727941087447
0.0009803921566344798
0.9965686274226755
0.004901960783172399
0.9867647058563307
0.015686274506151676
0.9450980391993653
0.07843137253075838
0.7882352941378485
0.2509803920984268
0.1215686276264023
0.2549019605212379
0.6117647065548226
0.015686273691244423
0.9450980420515407
0.07843136845622212
0.7882353051390965
0.2509803790599108
0.12156867326120846
0.2549018953286577
0.6117648825747892
0.01568606507498771
0.9450987722084392
0.07843032537493855
0.7882381214585621
0.25097704119980335
0.12158035577158444
0.2548852060281206
0.6118099436862394
0.01563265931326896
0.9452856923744548
0.0781632965663448
0.7889590992417652
0.25012254901230335
0.12457107842783444
0.2506127450906206
0.6233455882174894
0.0019607843132689595
0.9931372548744548
0.009803921566344798
0.9735294117417652
0.03137254901230335
0.8901960784278344
0.15686274506151676
0.5764705883048009
0.5019607841968536
0.2431372552528046
0.5098039210424758
0.22352941313874908
0.03137254738248885
0.8901960841321852
0.15686273691244423
0.5764706103072967
0.5019607581198215
0.24313734652241692
0.5098037906573154
0.22352976517868228
0.03137213014997542
0.8901975444459822
0.1568606507498771
0.576476242946228
0.5019540823996067
0.24316071154316887
0.5097704120562412
0.22361988740158267
0.03126531862653792
0.8905713847780135
0.1563265931326896
0.5779181985126343
0.5002450980246067
0.24914215685566887
0.5012254901812412
0.24669117646408267
0.003921568626537919
0.9862745097780135
0.019607843132689595
0.9470588235126343
0.0627450980246067
0.7803921568847727
0.3137254901230335
0.15294117663870566
0.003921568422811106
0.4862745105056092
0.01960784211405553
0.44705882627749816
0.0627450947649777
0.7803921682934742
0.31372547382488847
0.1529412206436973
0.003921516268746927
0.48627469304483384
0.019607581343734637
0.44705953035736457
0.06274426029995084
0.7803950889210682
0.3137213014997542
0.15295248592155986
0.00390816482831724
0.48632142308633775
0.0195408241415862
0.44723977480316535
0.06253063725307584
0.7811427695851307
0.3126531862653792
0.15583639705437236
0.0004901960783172399
0.49828431371133775
0.0024509803915861994
0.49338235292816535
0.007843137253075838
0.9725490195851307
0.03921568626537919
0.8941176470543724
0.1254901960492134
0.5607843137986492
0.627450980246067
0.3058823532774113
0.007843136845622212
0.9725490210112184
0.03921568422811106
0.8941176525549963
0.1254901895299554
0.5607843366160523
0.6274509476497769
0.3058824412873946
0.007843032537493855
0.9725493860896677
0.039215162687469274
0.8941190607147291
0.12548852059990168
0.5607901778712403
0.6274426029995084
0.3059049718431197
0.00781632965663448
0.9726428461726755
0.0390816482831724
0.8944795496063307
0.12506127450615168
0.5622855391993653
0.6253063725307584
0.3116727941087447
0.0009803921566344798
0.9965686274226755
0.004901960783172399
0.9867647058563307
0.015686274506151676
0.9450980391993653
0.07843137253075838
0.7882352941378485
0.2509803920984268
0.1215686276264023
0.2549019605212379
0.6117647065548226
0.015686273691244423
0.9450980420515407
0.07843136845622212
0.7882353051390965
0.2509803790599108
0.12156867326120846
0.2549018953286577
0.6117648825747892
0.01568606507498771
0.9450987722084392
0.07843032537493855
0.7882381214585621
0.25097704119980335
0.12158035577158444
0.2548852060281206
0.6118099436862394
0.01563265931326896
0.9452856923744548
0.0781632965663448
0.7889590992417652
0.25012254901230335
0.12457107842783444
0.2506127450906206
0.6233455882174894
0.0019607843132689595
0.9931372548744548
0.009803921566344798
0.9735294117417652
0.03137254901230335
0.8901960784278344
0.15686274506151676
0.5764705883048009
0.5019607841968536
0.2431372552528046
0.5098039210424758
0.22352941313874908
0.03137254738248885
0.8901960841321852
0.15686273691244423
0.5764706103072967
0.5019607581198215
0.24313734652241692
0.5098037906573154
0.22352976517868228
0.03137213014997542
0.8901975444459822
0.1568606507498771
0.576476242946228
0.5019540823996067
0.24316071154316887
0.5097704120562412
0.22361988740158267
0.03126531862653792
0.8905713847780135
0.1563265931326896
0.5779181985126343
0.5002450980246067
0.24914215685566887
0.5012254901812412
0.24669117646408267
0.003921568626537919
0.9862745097780135
0.019607843132689595
0.9470588235126343
0.0627450980246067
0.7803921568847727
0.3137254901230335
0.15294117663870566
0.003921568422811106
0.4862745105056092
0.01960784211405553
0.44705882627749816
0.0627450947649777
0.7803921682934742
0.31372547382488847
0.1529412206436973
0.003921516268746927
0.48627469304483384
0.019607581343734637
0.44705953035736457
0.06274426029995084
0.7803950889210682
0.3137213014997542
0.15295248592155986
0.00390816482831724
0.48632142308633775
0.0195408241415862
0.44723977480316535
0.06253063725307584
0.7811427695851307
0.3126531862653792
0.15583639705437236
0.0004901960783172399
0.49828431371133775
0.0024509803915861994
0.49338235292816535
0.007843137253075838
0.9725490195851307
0.03921568626537919
0.8941176470543724
0.1254901960492134
0.5607843137986492
0.627450980246067
0.3058823532774113
0.007843136845622212
0.9725490210112184
0.03921568422811106
0.8941176525549963
0.1254901895299554
0.5607843366160523
0.6274509476497769
0.3058824412873946
0.007843032537493855
0.9725493860896677
0.039215162687469274
0.8941190607147291
0.12548852059990168
0.5607901778712403
0.6274426029995084
0.3059049718431197
0.00781632965663448
0.9726428461726755
0.0390816482831724
0.8944795496063307
0.12506127450615168
0.5622855391993653
0.6253063725307584
0.3116727941087447
0.0009803921566344798
0.9965686274226755
0.004901960783172399
0.9867647058563307
0.015686274506151676
0.9450980391993653
0.07843137253075838
0.7882352941378485
0.2509803920984268
0.1215686276264023
0.2549019605212379
0.6117647065548226
0.015686273691244423
0.9450980420515407
0.07843136845622212
0.7882353051390965
0.2509803790599108
0.12156867326120846
0.2549018953286577
0.6117648825747892
0.01568606507498771
0.9450987722084392
0.07843032537493855
0.7882381214585621
0.25097704119980335
0.12158035577158444
0.2548852060281206
0.6118099436862394
0.01563265931326896
0.9452856923744548
0.0781632965663448
0.7889590992417652
0.25012254901230335
0.12457107842783444
0.2506127450906206
0.6233455882174894
0.0019607843132689595
0.9931372548744548
0.009803921566344798
0.9735294117417652
0.03137254901230335
0.8901960784278344
0.15686274506151676
0.5764705883048009
0.5019607841968536
0.2431372552528046
0.5098039210424758
0.22352941313874908
0.03137254738248885
0.8901960841321852
0.15686273691244423
0.5764706103072967
0.5019607581198215
0.24313734652241692
0.5098037906573154
0.22352976517868228
0.03137213014997542
0.8901975444459822
0.1568606507498771
0.576476242946228
0.5019540823996067
0.24316071154316887
0.5097704120562412
0.22361988740158267
0.03126531862653792
0.8905713847780135
0.1563265931326896
0.5779181985126343
0.5002450980246067
0.24914215685566887
0.5012254901812412
0.24669117646408267
0.003921568626537919
0.9862745097780135
0.019607843132689595
0.9470588235126343
0.0627450980246067
0.7803921568847727
0.3137254901230335
0.15294117663870566
0.003921568422811106
0.4862745105056092
0.01960784211405553
0.44705882627749816
0.0627450947649777
0.7803921682934742
0.31372547382488847
0.1529412206436973
0.003921516268746927
0.48627469304483384
0.019607581343734637
0.44705953035736457
0.06274426029995084
0.7803950889210682
0.3137213014997542
0.15295248592155986
0.00390816482831724
0.48632142308633775
0.0195408241415862
0.44723977480316535
0.06253063725307584
0.7811427695851307
0.3126531862653792
0.15583639705437236
0.0004901960783172399
0.49828431371133775
0.0024509803915861994
0.49338235292816535
0.007843137253075838
0.9725490195851307
0.03921568626537919
0.8941176470543724
0.1254901960492134
0.5607843137986492
0.627450980246067
0.3058823532774113
0.007843136845622212
0.9725490210112184
0.03921568422811106
0.8941176525549963
0.1254901895299554
0.5607843366160523
0.6274509476497769
0.3058824412873946
0.007843032537493855
0.9725493860896677
0.039215162687469274
0.8941190607147291
0.12548852059990168
0.5607901778712403
0.6274426029995084
0.3059049718431197
0.00781632965663448
0.9726428461726755
0.0390816482831724
0.8944795496063307
0.12506127450615168
0.5622855391993653
0.6253063725307584
0.3116727941087447
0.0009803921566344798
0.9965686274226755
0.004901960783172399
0.9867647058563307
0.015686274506151676
0.9450980391993653
0.07843137253075838
0.7882352941378485
0.2509803920984268
0.1215686276264023
0.2549019605212379
0.6117647065548226
0.015686273691244423
0.9450980420515407
0.07843136845622212
0.7882353051390965
0.2509803790599108
0.12156867326120846
0.2549018953286577
0.6117648825747892
0.01568606507498771
0.9450987722084392
0.07843032537493855
0.7882381214585621
0.25097704119980335
0.12158035577158444
0.2548852060281206
0.6118099436862394
0.01563265931326896
0.9452856923744548
0.0781632965663448
0.7889590992417652
0.25012254901230335
0.12457107842783444
0.2506127450906206
0.6233455882174894
0.0019607843132689595
0.9931372548744548
0.009803921566344798
0.9735294117417652
0.03137254901230335
0.8901960784278344
0.15686274506151676
0.5764705883048009
0.5019607841968536
0.2431372552528046
0.5098039210424758
0.22352941313874908
0.03137254738248885
0.8901960841321852
0.15686273691244423
0.5764706103072967
0.5019607581198215
0.24313734652241692
0.5098037906573154
0.22352976517868228
0.03137213014997542
0.8901975444459822
0.1568606507498771
0.576476242946228
0.5019540823996067
0.24316071154316887
0.5097704120562412
0.22361988740158267
0.03126531862653792
0.8905713847780135
0.1563265931326896
0.5779181985126343
0.5002450980246067
0.24914215685566887
0.5012254901812412
0.24669117646408267
0.003921568626537919
0.9862745097780135
0.019607843132689595
0.9470588235126343
0.0627450980246067
0.7803921568847727
0.3137254901230335
0.15294117663870566
0.003921568422811106
0.4862745105056092
0.01960784211405553
0.44705882627749816
0.0627450947649777
0.7803921682934742
0.31372547382488847
0.1529412206436973
0.003921516268746927
0.48627469304483384
0.019607581343734637
0.44705953035736457
0.06274426029995084
0.7803950889210682
0.3137213014997542
0.15295248592155986
0.00390816482831724
0.48632142308633775
0.0195408241415862
0.44723977480316535
0.06253063725307584
0.7811427695851307
0.3126531862653792
0.15583639705437236
0.0004901960783172399
0.49828431371133775
0.0024509803915861994
0.49338235292816535
0.007843137253075838
0.9725490195851307
0.03921568626537919
0.8941176470543724
0.1254901960492134
0.5607843137986492
0.627450980246067
0.3058823532774113
0.007843136845622212
0.9725490210112184
0.03921568422811106
0.8941176525549963
0.1254901895299554
0.5607843366160523
0.6274509476497769
0.3058824412873946
0.007843032537493855
0.9725493860896677
0.039215162687469274
0.8941190607147291
0.12548852059990168
0.5607901778712403
0.6274426029995084
0.3059049718431197
0.00781632965663448
0.9726428461726755
0.0390816482831724
0.8944795496063307
0.12506127450615168
0.5622855391993653
0.6253063725307584
0.3116727941087447
0.0009803921566344798
0.9965686274226755
0.004901960783172399
0.9867647058563307
0.015686274506151676
0.9450980391993653
0.07843137253075838
0.7882352941378485
0.2509803920984268
0.1215686276264023
0.2549019605212379
0.6117647065548226
0.015686273691244423
0.9450980420515407
0.07843136845622212
0.7882353051390965
0.2509803790599108
0.12156867326120846
0.2549018953286577
0.6117648825747892
0.01568606507498771
0.9450987722084392
0.07843032537493855
0.7882381214585621
0.25097704119980335
0.12158035577158444
0.2548852060281206
0.6118099436862394
0.01563265931326896
0.9452856923744548
0.0781632965663448
0.7889590992417652
0.25012254901230335
0.12457107842783444
0.2506127450906206
0.6233455882174894
0.0019607843132689595
0.9931372548744548
0.009803921566344798
0.9735294117417652
0.03137254901230335
0.8901960784278344
0.15686274506151676
0.5764705883048009
0.5019607841968536
0.2431372552528046
0.5098039210424758
0.22352941313874908
0.03137254738248885
0.8901960841321852
0.15686273691244423
0.5764706103072967
0.5019607581198215
0.24313734652241692
0.5098037906573154
0.22352976517868228
0.03137213014997542
0.8901975444459822
0.1568606507498771
0.576476242946228
0.5019540823996067
0.24316071154316887
0.5097704120562412
0.22361988740158267
0.03126531862653792
0.8905713847780135
0.1563265931326896
0.5779181985126343
0.5002450980246067
0.24914215685566887
0.5012254901812412
0.24669117646408267
0.003921568626537919
0.9862745097780135
0.019607843132689595
0.9470588235126343
0.0627450980246067
0.7803921568847727
0.3137254901230335
0.15294117663870566
0.003921568422811106
0.4862745105056092
0.01960784211405553
0.44705882627749816
0.0627450947649777
0.7803921682934742
0.31372547382488847
0.1529412206436973
0.003921516268746927
0.48627469304483384
0.019607581343734637
0.44705953035736457
0.06274426029995084
0.7803950889210682
0.3137213014997542
0.15295248592155986
0.00390816482831724
0.48632142308633775
0.0195408241415862
0.44723977480316535
0.06253063725307584
0.7811427695851307
0.3126531862653792
0.15583639705437236
0.0004901960783172399
0.49828431371133775
0.0024509803915861994
0.49338235292816535
0.007843137253075838
0.9725490195851307
0.03921568626537919
0.8941176470543724
0.1254901960492134
0.5607843137986492
0.627450980246067
0.3058823532774113
0.007843136845622212
0.9725490210112184
0.03921568422811106
0.8941176525549963
0.1254901895299554
0.5607843366160523
0.6274509476497769
0.3058824412873946
0.007843032537493855
0.9725493860896677
0.039215162687469274
0.8941190607147291
0.12548852059990168
0.5607901778712403
0.6274426029995084
0.3059049718431197
0.00781632965663448
0.9726428461726755
0.0390816482831724
0.8944795496063307
0.12506127450615168
0.5622855391993653
0.6253063725307584
0.3116727941087447
0.0009803921566344798
0.9965686274226755
0.004901960783172399
0.9867647058563307
0.015686274506151676
0.9450980391993653
0.07843137253075838
0.7882352941378485
0.2509803920984268
0.1215686276264023
0.2549019605212379
0.6117647065548226
0.015686273691244423
0.9450980420515407
0.07843136845622212
0.7882353051390965
0.2509803790599108
0.12156867326120846
0.2549018953286577
0.6117648825747892
0.01568606507498771
0.9450987722084392
0.07843032537493855
0.7882381214585621
0.25097704119980335
0.12158035577158444
0.2548852060281206
0.6118099436862394
0.01563265931326896
0.9452856923744548
0.0781632965663448
0.7889590992417652
0.25012254901230335
0.12457107842783444
0.2506127450906206
0.6233455882174894
0.0019607843132689595
0.9931372548744548
0.009803921566344798
0.9735294117417652
0.03137254901230335
0.8901960784278344
0.15686274506151676
0.5764705883048009
0.5019607841968536
0.2431372552528046
0.5098039210424758
0.22352941313874908
0.03137254738248885
0.8901960841321852
0.15686273691244423
0.5764706103072967
0.5019607581198215
0.24313734652241692
0.5098037906573154
0.22352976517868228
0.03137213014997542
0.8901975444459822
0.1568606507498771
0.576476242946228
0.5019540823996067
0.24316071154316887
0.5097704120562412
0.22361988740158267
0.03126531862653792
0.8905713847780135
0.1563265931326896
0.5779181985126343
0.5002450980246067
0.24914215685566887
0.5012254901812412
0.24669117646408267
0.003921568626537919
0.9862745097780135
0.019607843132689595
0.9470588235126343
0.0627450980246067
0.7803921568847727
0.3137254901230335
0.15294117663870566
0.003921568422811106
0.4862745105056092
0.01960784211405553
0.44705882627749816
0.0627450947649777
0.7803921682934742
0.31372547382488847
0.1529412206436973
0.003921516268746927
0.48627469304483384
0.019607581343734637
0.44705953035736457
0.06274426029995084
0.7803950889210682
0.3137213014997542
0.15295248592155986
0.00390816482831724
0.48632142308633775
0.0195408241415862
0.44723977480316535
0.06253063725307584
0.7811427695851307
0.3126531862653792
0.15583639705437236
0.0004901960783172399
0.49828431371133775
0.0024509803915861994
0.49338235292816535
0.007843137253075838
0.9725490195851307
0.03921568626537919
0.8941176470543724
0.1254901960492134
0.5607843137986492
0.627450980246067
0.3058823532774113
0.007843136845622212
0.9725490210112184
0.03921568422811106
0.8941176525549963
0.1254901895299554
0.5607843366160523
0.6274509476497769
0.3058824412873946
0.007843032537493855
0.9725493860896677
0.039215162687469274
0.8941190607147291
0.12548852059990168
0.5607901778712403
0.6274426029995084
0.3059049718431197
0.00781632965663448
0.9726428461726755
0.0390816482831724
0.8944795496063307
0.12506127450615168
0.5622855391993653
0.6253063725307584
0.3116727941087447
0.0009803921566344798
0.9965686274226755
0.004901960783172399
0.9867647058563307
0.015686274506151676
0.9450980391993653
0.07843137253075838
0.7882352941378485
0.2509803920984268
0.1215686276264023
0.2549019605212379
0.6117647065548226
0.015686273691244423
0.9450980420515407
0.07843136845622212
0.7882353051390965
0.2509803790599108
0.12156867326120846
0.2549018953286577
0.6117648825747892
0.01568606507498771
0.9450987722084392
0.07843032537493855
0.7882381214585621
0.25097704119980335
0.12158035577158444
0.2548852060281206
0.6118099436862394
0.01563265931326896
0.9452856923744548
0.0781632965663448
0.7889590992417652
0.25012254901230335
0.12457107842783444
0.2506127450906206
0.6233455882174894
0.0019607843132689595
0.9931372548744548
0.009803921566344798
0.9735294117417652
0.03137254901230335
0.8901960784278344
0.15686274506151676
0.5764705883048009
0.5019607841968536
0.2431372552528046
0.5098039210424758
0.22352941313874908
0.03137254738248885
0.8901960841321852
0.15686273691244423
0.5764706103072967
0.5019607581198215
0.24313734652241692
0.5098037906573154
0.22352976517868228
0.03137213014997542
0.8901975444459822
0.1568606507498771
0.576476242946228
0.5019540823996067
0.24316071154316887
0.5097704120562412
0.22361988740158267
0.03126531862653792
0.8905713847780135
0.1563265931326896
0.5779181985126343
0.5002450980246067
0.24914215685566887
0.5012254901812412
0.24669117646408267
0.003921568626537919
0.9862745097780135
0.019607843132689595
0.9470588235126343
0.0627450980246067
0.7803921568847727
0.3137254901230335
0.15294117663870566
0.003921568422811106
0.4862745105056092
0.01960784211405553
0.44705882627749816
0.0627450947649777
0.7803921682934742
0.31372547382488847
0.1529412206436973
0.003921516268746927
0.48627469304483384
0.019607581343734637
0.44705953035736457
0.06274426029995084
0.7803950889210682
0.3137213014997542
0.15295248592155986
0.00390816482831724
0.48632142308633775
0.0195408241415862
0.44723977480316535
0.06253063725307584
0.7811427695851307
0.3126531862653792
0.15583639705437236
0.0004901960783172399
0.49828431371133775
0.0024509803915861994
0.49338235292816535
0.007843137253075838
0.9725490195851307
0.03921568626537919
0.8941176470543724
0.1254901960492134
0.5607843137986492
0.627450980246067
0.3058823532774113
0.007843136845622212
0.9725490210112184
0.03921568422811106
0.8941176525549963
0.1254901895299554
0.5607843366160523
0.6274509476497769
0.3058824412873946
0.007843032537493855
0.9725493860896677
0.039215162687469274
0.8941190607147291
0.12548852059990168
0.5607901778712403
0.6274426029995084
0.3059049718431197
0.00781632965663448
0.9726428461726755
0.0390816482831724
0.8944795496063307
0.12506127450615168
0.5622855391993653
0.6253063725307584
0.3116727941087447
0.0009803921566344798
0.9965686274226755
0.004901960783172399
0.9867647058563307
0.015686274506151676
0.9450980391993653
0.07843137253075838
0.7882352941378485
0.2509803920984268
0.1215686276264023
0.2549019605212379
0.6117647065548226
0.015686273691244423
0.9450980420515407
0.07843136845622212
0.7882353051390965
0.2509803790599108
0.12156867326120846
0.2549018953286577
0.6117648825747892
0.01568606507498771
0.9450987722084392
0.07843032537493855
0.7882381214585621
0.25097704119980335
0.12158035577158444
0.2548852060281206
0.6118099436862394
0.01563265931326896
0.9452856923744548
0.0781632965663448
0.7889590992417652
0.25012254901230335
0.12457107842783444
0.2506127450906206
0.6233455882174894
0.0019607843132689595
0.9931372548744548
0.009803921566344798
0.9735294117417652
0.03137254901230335
0.8901960784278344
0.15686274506151676
0.5764705883048009
0.5019607841968536
0.2431372552528046
0.5098039210424758
0.22352941313874908
0.03137254738248885
0.8901960841321852
0.15686273691244423
0.5764706103072967
0.5019607581198215
0.24313734652241692
0.5098037906573154
0.22352976517868228
0.03137213014997542
0.8901975444459822
0.1568606507498771
0.576476242946228
0.5019540823996067
0.24316071154316887
0.5097704120562412
0.22361988740158267
0.03126531862653792
0.8905713847780135
0.1563265931326896
0.5779181985126343
0.5002450980246067
0.24914215685566887
0.5012254901812412
0.24669117646408267
0.003921568626537919
0.9862745097780135
0.019607843132689595
0.9470588235126343
0.0627450980246067
0.7803921568847727
0.3137254901230335
0.15294117663870566
0.003921568422811106
0.4862745105056092
0.01960784211405553
0.44705882627749816
0.0627450947649777
0.7803921682934742
0.31372547382488847
0.1529412206436973
0.003921516268746927
0.48627469304483384
0.019607581343734637
0.44705953035736457
0.06274426029995084
0.7803950889210682
0.3137213014997542
0.15295248592155986
0.00390816482831724
0.48632142308633775
0.0195408241415862
0.44723977480316535
0.06253063725307584
0.7811427695851307
0.3126531862653792
0.15583639705437236
0.0004901960783172399
0.49828431371133775
0.0024509803915861994
0.49338235292816535
0.007843137253075838
0.9725490195851307
0.03921568626537919
0.8941176470543724
0.1254901960492134
0.5607843137986492
0.627450980246067
0.3058823532774113
0.007843136845622212
0.9725490210112184
0.03921568422811106
0.8941176525549963
0.1254901895299554
0.5607843366160523
0.6274509476497769
0.3058824412873946
0.007843032537493855
0.9725493860896677
0.039215162687469274
0.8941190607147291
0.12548852059990168
0.5607901778712403
0.6274426029995084
0.3059049718431197
0.00781632965663448
0.9726428461726755
0.0390816482831724
0.8944795496063307
0.12506127450615168
0.5622855391993653
0.6253063725307584
0.3116727941087447
0.0009803921566344798
0.9965686274226755
0.004901960783172399
0.9867647058563307
0.015686274506151676
0.9450980391993653
0.07843137253075838
0.7882352941378485
0.2509803920984268
0.1215686276264023
0.2549019605212379
0.6117647065548226
0.015686273691244423
0.9450980420515407
0.07843136845622212
0.7882353051390965
0.2509803790599108
0.12156867326120846
0.2549018953286577
0.6117648825747892
0.01568606507498771
0.9450987722084392
0.07843032537493855
0.7882381214585621
0.25097704119980335
0.12158035577158444
0.2548852060281206
0.6118099436862394
0.01563265931326896
0.9452856923744548
0.0781632965663448
0.7889590992417652
0.25012254901230335
0.12457107842783444
0.2506127450906206
0.6233455882174894
0.0019607843132689595
0.9931372548744548
0.009803921566344798
0.9735294117417652
0.03137254901230335
0.8901960784278344
0.15686274506151676
0.5764705883048009
0.5019607841968536
0.2431372552528046
0.5098039210424758
0.22352941313874908
0.03137254738248885
0.8901960841321852
0.15686273691244423
0.5764706103072967
0.5019607581198215
0.24313734652241692
0.5098037906573154
0.22352976517868228
0.03137213014997542
0.8901975444459822
0.1568606507498771
0.576476242946228
0.5019540823996067
0.24316071154316887
0.5097704120562412
0.22361988740158267
0.03126531862653792
0.8905713847780135
0.1563265931326896
0.5779181985126343
0.5002450980246067
0.24914215685566887
0.5012254901812412
0.24669117646408267
0.003921568626537919
0.9862745097780135
0.019607843132689595
0.9470588235126343
0.0627450980246067
0.7803921568847727
0.3137254901230335
0.15294117663870566
0.003921568422811106
0.4862745105056092
0.01960784211405553
0.44705882627749816
0.0627450947649777
0.7803921682934742
0.31372547382488847
0.1529412206436973
0.003921516268746927
0.48627469304483384
0.019607581343734637
0.44705953035736457
0.06274426029995084
0.7803950889210682
0.3137213014997542
0.15295248592155986
0.00390816482831724
0.48632142308633775
0.0195408241415862
0.44723977480316535
0.06253063725307584
0.7811427695851307
0.3126531862653792
0.15583639705437236
0.0004901960783172399
0.49828431371133775
0.0024509803915861994
0.49338235292816535
0.007843137253075838
0.9725490195851307
0.03921568626537919
0.8941176470543724
0.1254901960492134
0.5607843137986492
0.627450980246067
0.3058823532774113
0.007843136845622212
0.9725490210112184
0.03921568422811106
0.8941176525549963
0.1254901895299554
0.5607843366160523
0.6274509476497769
0.3058824412873946
0.007843032537493855
0.9725493860896677
0.039215162687469274
0.8941190607147291
0.12548852059990168
0.5607901778712403
0.6274426029995084
0.3059049718431197
0.00781632965663448
0.9726428461726755
0.0390816482831724
0.8944795496063307
0.12506127450615168
0.5622855391993653
0.6253063725307584
0.3116727941087447
0.0009803921566344798
0.9965686274226755
0.004901960783172399
0.9867647058563307
0.015686274506151676
0.9450980391993653
0.07843137253075838
0.7882352941378485
0.2509803920984268
0.1215686276264023
0.2549019605212379
0.6117647065548226
0.015686273691244423
0.9450980420515407
0.07843136845622212
0.7882353051390965
0.2509803790599108
0.12156867326120846
0.2549018953286577
0.6117648825747892
0.01568606507498771
0.9450987722084392
0.07843032537493855
0.7882381214585621
0.25097704119980335
0.12158035577158444
0.2548852060281206
0.6118099436862394
0.01563265931326896
0.9452856923744548
0.0781632965663448
0.7889590992417652
0.25012254901230335
0.12457107842783444
0.2506127450906206
0.6233455882174894
0.0019607843132689595
0.9931372548744548
0.009803921566344798
0.9735294117417652
0.03137254901230335
0.8901960784278344
0.15686274506151676
0.5764705883048009
0.5019607841968536
0.2431372552528046
0.5098039210424758
0.22352941313874908
0.03137254738248885
0.8901960841321852
0.15686273691244423
0.5764706103072967
0.5019607581198215
0.24313734652241692
0.5098037906573154
0.22352976517868228
0.03137213014997542
0.8901975444459822
0.1568606507498771
0.576476242946228
0.5019540823996067
0.24316071154316887
0.5097704120562412
0.22361988740158267
0.03126531862653792
0.8905713847780135
0.1563265931326896
0.5779181985126343
0.5002450980246067
0.24914215685566887
0.5012254901812412
0.24669117646408267
0.003921568626537919
0.9862745097780135
0.019607843132689595
0.9470588235126343
0.0627450980246067
0.7803921568847727
0.3137254901230335
0.15294117663870566
0.003921568422811106
0.4862745105056092
0.01960784211405553
0.44705882627749816
0.0627450947649777
0.7803921682934742
0.31372547382488847
0.1529412206436973
0.003921516268746927
0.48627469304483384
0.019607581343734637
0.44705953035736457
0.06274426029995084
0.7803950889210682
0.3137213014997542
0.15295248592155986
0.00390816482831724
0.48632142308633775
0.0195408241415862
0.44723977480316535
0.06253063725307584
0.7811427695851307
0.3126531862653792
0.15583639705437236
0.0004901960783172399
0.49828431371133775
0.0024509803915861994
0.49338235292816535
0.007843137253075838
0.9725490195851307
0.03921568626537919
0.8941176470543724
0.1254901960492134
0.5607843137986492
0.627450980246067
0.3058823532774113
0.007843136845622212
0.9725490210112184
0.03921568422811106
0.8941176525549963
0.1254901895299554
0.5607843366160523
0.6274509476497769
0.3058824412873946
0.007843032537493855
0.9725493860896677
0.039215162687469274
0.8941190607147291
0.12548852059990168
0.5607901778712403
0.6274426029995084
0.3059049718431197
0.00781632965663448
0.9726428461726755
0.0390816482831724
0.8944795496063307
0.12506127450615168
0.5622855391993653
0.6253063725307584
0.3116727941087447
0.0009803921566344798
0.9965686274226755
0.004901960783172399
0.9867647058563307
0.015686274506151676
0.9450980391993653
0.07843137253075838
0.7882352941378485
0.2509803920984268
0.1215686276264023
0.2549019605212379
0.6117647065548226
0.015686273691244423
0.9450980420515407
0.07843136845622212
0.7882353051390965
0.2509803790599108
0.12156867326120846
0.2549018953286577
0.6117648825747892
0.01568606507498771
0.9450987722084392
0.07843032537493855
0.7882381214585621
0.25097704119980335
0.12158035577158444
0.2548852060281206
0.6118099436862394
0.01563265931326896
0.9452856923744548
0.0781632965663448
0.7889590992417652
0.25012254901230335
0.12457107842783444
0.2506127450906206
0.6233455882174894
0.0019607843132689595
0.9931372548744548
0.009803921566344798
0.9735294117417652
0.03137254901230335
0.8901960784278344
0.15686274506151676
0.5764705883048009
0.5019607841968536
0.2431372552528046
0.5098039210424758
0.22352941313874908
0.03137254738248885
0.8901960841321852
0.15686273691244423
0.5764706103072967
0.5019607581198215
0.24313734652241692
0.5098037906573154
0.22352976517868228
0.03137213014997542
0.8901975444459822
0.1568606507498771
0.576476242946228
0.5019540823996067
0.24316071154316887
0.5097704120562412
0.22361988740158267
0.03126531862653792
0.8905713847780135
0.1563265931326896
0.5779181985126343
0.5002450980246067
0.24914215685566887
0.5012254901812412
0.24669117646408267
0.003921568626537919
0.9862745097780135
0.019607843132689595
0.9470588235126343
0.0627450980246067
0.7803921568847727
0.3137254901230335
0.15294117663870566
0.003921568422811106
0.4862745105056092
0.01960784211405553
0.44705882627749816
0.0627450947649777
0.7803921682934742
0.31372547382488847
0.1529412206436973
0.003921516268746927
0.48627469304483384
0.019607581343734637
0.44705953035736457
0.06274426029995084
0.7803950889210682
0.3137213014997542
0.15295248592155986
0.00390816482831724
0.48632142308633775
0.0195408241415862
0.44723977480316535
0.06253063725307584
0.7811427695851307
0.3126531862653792
0.15583639705437236
0.0004901960783172399
0.49828431371133775
0.0024509803915861994
0.49338235292816535
0.007843137253075838
0.9725490195851307
0.03921568626537919
0.8941176470543724
0.1254901960492134
0.5607843137986492
0.627450980246067
0.3058823532774113
0.007843136845622212
0.9725490210112184
0.03921568422811106
0.8941176525549963
0.1254901895299554
0.5607843366160523
0.6274509476497769
0.3058824412873946
0.007843032537493855
0.9725493860896677
0.039215162687469274
0.8941190607147291
0.12548852059990168
0.5607901778712403
0.6274426029995084
0.3059049718431197
0.00781632965663448
0.9726428461726755
0.0390816482831724
0.8944795496063307
0.12506127450615168
0.5622855391993653
0.6253063725307584
0.3116727941087447
0.0009803921566344798
0.9965686274226755
0.004901960783172399
0.9867647058563307
0.015686274506151676
0.9450980391993653
0.07843137253075838
0.7882352941378485
0.2509803920984268
0.1215686276264023
0.2549019605212379
0.6117647065548226
0.015686273691244423
0.9450980420515407
0.07843136845622212
0.7882353051390965
0.2509803790599108
0.12156867326120846
0.2549018953286577
0.6117648825747892
0.01568606507498771
0.9450987722084392
0.07843032537493855
0.7882381214585621
0.25097704119980335
0.12158035577158444
0.2548852060281206
0.6118099436862394
0.01563265931326896
0.9452856923744548
0.0781632965663448
0.7889590992417652
0.25012254901230335
0.12457107842783444
0.2506127450906206
0.6233455882174894
0.0019607843132689595
0.9931372548744548
0.009803921566344798
0.9735294117417652
0.03137254901230335
0.8901960784278344
0.15686274506151676
0.5764705883048009
0.5019607841968536
0.2431372552528046
0.5098039210424758
0.22352941313874908
0.03137254738248885
0.8901960841321852
0.15686273691244423
0.5764706103072967
0.5019607581198215
0.24313734652241692
0.5098037906573154
0.22352976517868228
0.03137213014997542
0.8901975444459822
0.1568606507498771
0.576476242946228
0.5019540823996067
0.24316071154316887
0.5097704120562412
0.22361988740158267
0.03126531862653792
0.8905713847780135
0.1563265931326896
0.5779181985126343
0.5002450980246067
0.24914215685566887
0.5012254901812412
0.24669117646408267
0.003921568626537919
0.9862745097780135
0.019607843132689595
0.9470588235126343
0.0627450980246067
0.7803921568847727
0.3137254901230335
0.15294117663870566
0.003921568422811106
0.4862745105056092
0.01960784211405553
0.44705882627749816
0.0627450947649777
0.7803921682934742
0.31372547382488847
0.1529412206436973
0.003921516268746927
0.48627469304483384
0.019607581343734637
0.44705953035736457
0.06274426029995084
0.7803950889210682
0.3137213014997542
0.15295248592155986
0.00390816482831724
0.48632142308633775
0.0195408241415862
0.44723977480316535
0.06253063725307584
0.7811427695851307
0.3126531862653792
0.15583639705437236
0.0004901960783172399
0.49828431371133775
0.0024509803915861994
0.49338235292816535
0.007843137253075838
0.9725490195851307
0.03921568626537919
0.8941176470543724
0.1254901960492134
0.5607843137986492
0.627450980246067
0.3058823532774113
0.007843136845622212
0.9725490210112184
0.03921568422811106
0.8941176525549963
0.1254901895299554
0.5607843366160523
0.6274509476497769
0.3058824412873946
0.007843032537493855
0.9725493860896677
0.039215162687469274
0.8941190607147291
0.12548852059990168
0.5607901778712403
0.6274426029995084
0.3059049718431197
0.00781632965663448
0.9726428461726755
0.0390816482831724
0.8944795496063307
0.12506127450615168
0.5622855391993653
0.6253063725307584
0.3116727941087447
0.0009803921566344798
0.9965686274226755
0.004901960783172399
0.9867647058563307
0.015686274506151676
0.9450980391993653
0.07843137253075838
0.7882352941378485
0.2509803920984268
0.1215686276264023
0.2549019605212379
0.6117647065548226
0.015686273691244423
0.9450980420515407
0.07843136845622212
0.7882353051390965
0.2509803790599108
0.12156867326120846
0.2549018953286577
0.6117648825747892
0.01568606507498771
0.9450987722084392
0.07843032537493855
0.7882381214585621
0.25097704119980335
0.12158035577158444
0.2548852060281206
0.6118099436862394
0.01563265931326896
0.9452856923744548
0.0781632965663448
0.7889590992417652
0.25012254901230335
0.12457107842783444
0.2506127450906206
0.6233455882174894
0.0019607843132689595
0.9931372548744548
0.009803921566344798
0.9735294117417652
0.03137254901230335
0.8901960784278344
0.15686274506151676
0.5764705883048009
0.5019607841968536
0.2431372552528046
0.5098039210424758
0.22352941313874908
0.03137254738248885
0.8901960841321852
0.15686273691244423
0.5764706103072967
0.5019607581198215
0.24313734652241692
0.5098037906573154
0.22352976517868228
0.03137213014997542
0.8901975444459822
0.1568606507498771
0.576476242946228
0.5019540823996067
0.24316071154316887
0.5097704120562412
0.22361988740158267
0.03126531862653792
0.8905713847780135
0.1563265931326896
0.5779181985126343
0.5002450980246067
0.24914215685566887
0.5012254901812412
0.24669117646408267
0.003921568626537919
0.9862745097780135
0.019607843132689595
0.9470588235126343
0.0627450980246067
0.7803921568847727
0.3137254901230335
0.15294117663870566
0.003921568422811106
0.4862745105056092
0.01960784211405553
0.44705882627749816
0.0627450947649777
0.7803921682934742
0.31372547382488847
0.1529412206436973
0.003921516268746927
0.48627469304483384
0.019607581343734637
0.44705953035736457
0.06274426029995084
0.7803950889210682
0.3137213014997542
0.15295248592155986
0.00390816482831724
0.48632142308633775
0.0195408241415862
0.44723977480316535
0.06253063725307584
0.7811427695851307
0.3126531862653792
0.15583639705437236
0.0004901960783172399
0.49828431371133775
0.0024509803915861994
0.49338235292816535
0.007843137253075838
0.9725490195851307
0.03921568626537919
0.8941176470543724
0.1254901960492134
0.5607843137986492
0.627450980246067
0.3058823532774113
0.007843136845622212
0.9725490210112184
0.03921568422811106
0.8941176525549963
0.1254901895299554
0.5607843366160523
0.6274509476497769
0.3058824412873946
0.007843032537493855
0.9725493860896677
0.039215162687469274
0.8941190607147291
0.12548852059990168
0.5607901778712403
0.6274426029995084
0.3059049718431197
0.00781632965663448
0.9726428461726755
0.0390816482831724
0.8944795496063307
0.12506127450615168
0.5622855391993653
0.6253063725307584
0.3116727941087447
0.0009803921566344798
0.9965686274226755
0.004901960783172399
0.9867647058563307
0.015686274506151676
0.9450980391993653
0.07843137253075838
0.7882352941378485
0.2509803920984268
0.1215686276264023
0.2549019605212379
0.6117647065548226
0.015686273691244423
0.9450980420515407
0.07843136845622212
0.7882353051390965
0.2509803790599108
0.12156867326120846
0.2549018953286577
0.6117648825747892
0.01568606507498771
0.9450987722084392
0.07843032537493855
0.7882381214585621
0.25097704119980335
0.12158035577158444
0.2548852060281206
0.6118099436862394
0.01563265931326896
0.9452856923744548
0.0781632965663448
0.7889590992417652
0.25012254901230335
0.12457107842783444
0.2506127450906206
0.6233455882174894
0.0019607843132689595
0.9931372548744548
0.009803921566344798
0.9735294117417652
0.03137254901230335
0.8901960784278344
0.15686274506151676
0.5764705883048009
0.5019607841968536
0.2431372552528046
0.5098039210424758
0.22352941313874908
0.03137254738248885
0.8901960841321852
0.15686273691244423
0.5764706103072967
0.5019607581198215
0.24313734652241692
0.5098037906573154
0.22352976517868228
0.03137213014997542
0.8901975444459822
0.1568606507498771
0.576476242946228
0.5019540823996067
0.24316071154316887
0.5097704120562412
0.22361988740158267
0.03126531862653792
0.8905713847780135
0.1563265931326896
0.5779181985126343
0.5002450980246067
0.24914215685566887
0.5012254901812412
0.24669117646408267
0.003921568626537919
0.9862745097780135
0.019607843132689595
0.9470588235126343
0.0627450980246067
0.7803921568847727
0.3137254901230335
0.15294117663870566
0.003921568422811106
0.4862745105056092
0.01960784211405553
0.44705882627749816
0.0627450947649777
0.7803921682934742
0.31372547382488847
0.1529412206436973
0.003921516268746927
0.48627469304483384
0.019607581343734637
0.44705953035736457
0.06274426029995084
0.7803950889210682
0.3137213014997542
0.15295248592155986
0.00390816482831724
0.48632142308633775
0.0195408241415862
0.44723977480316535
0.06253063725307584
0.7811427695851307
0.3126531862653792
0.15583639705437236
0.0004901960783172399
0.49828431371133775
0.0024509803915861994
0.49338235292816535
0.007843137253075838
0.9725490195851307
0.03921568626537919
0.8941176470543724
0.1254901960492134
0.5607843137986492
0.627450980246067
0.3058823532774113
0.007843136845622212
0.9725490210112184
0.03921568422811106
0.8941176525549963
0.1254901895299554
0.5607843366160523
0.6274509476497769
0.3058824412873946
0.007843032537493855
0.9725493860896677
0.039215162687469274
0.8941190607147291
0.12548852059990168
0.5607901778712403
0.6274426029995084
0.3059049718431197
0.00781632965663448
0.9726428461726755
0.0390816482831724
0.8944795496063307
0.12506127450615168
0.5622855391993653
0.6253063725307584
0.3116727941087447
0.0009803921566344798
0.9965686274226755
0.004901960783172399
0.9867647058563307
0.015686274506151676
0.9450980391993653
0.07843137253075838
0.7882352941378485
0.2509803920984268
0.1215686276264023
0.2549019605212379
0.6117647065548226
0.015686273691244423
0.9450980420515407
0.07843136845622212
0.7882353051390965
0.2509803790599108
0.12156867326120846
0.2549018953286577
0.6117648825747892
0.01568606507498771
0.9450987722084392
0.07843032537493855
0.7882381214585621
0.25097704119980335
0.12158035577158444
0.2548852060281206
0.6118099436862394
0.01563265931326896
0.9452856923744548
0.0781632965663448
0.7889590992417652
0.25012254901230335
0.12457107842783444
0.2506127450906206
0.6233455882174894
0.0019607843132689595
0.9931372548744548
0.009803921566344798
0.9735294117417652
0.03137254901230335
0.8901960784278344
0.15686274506151676
0.5764705883048009
0.5019607841968536
0.2431372552528046
0.5098039210424758
0.22352941313874908
0.03137254738248885
0.8901960841321852
0.15686273691244423
0.5764706103072967
0.5019607581198215
0.24313734652241692
0.5098037906573154
0.22352976517868228
0.03137213014997542
0.8901975444459822
0.1568606507498771
0.576476242946228
0.5019540823996067
0.24316071154316887
0.5097704120562412
0.22361988740158267
0.03126531862653792
0.8905713847780135
0.1563265931326896
0.5779181985126343
0.5002450980246067
0.24914215685566887
0.5012254901812412
0.24669117646408267
0.003921568626537919
0.9862745097780135
0.019607843132689595
0.9470588235126343
0.0627450980246067
0.7803921568847727
0.3137254901230335
0.15294117663870566
0.003921568422811106
0.4862745105056092
0.01960784211405553
0.44705882627749816
0.0627450947649777
0.7803921682934742
0.31372547382488847
0.1529412206436973
0.003921516268746927
0.48627469304483384
0.019607581343734637
0.44705953035736457
0.06274426029995084
0.7803950889210682
0.3137213014997542
0.15295248592155986
0.00390816482831724
0.48632142308633775
0.0195408241415862
0.44723977480316535
0.06253063725307584
0.7811427695851307
0.3126531862653792
0.15583639705437236
0.0004901960783172399
0.49828431371133775
0.0024509803915861994
0.49338235292816535
0.007843137253075838
0.9725490195851307
0.03921568626537919
0.8941176470543724
0.1254901960492134
0.5607843137986492
0.627450980246067
0.3058823532774113
0.007843136845622212
0.9725490210112184
0.03921568422811106
0.8941176525549963
0.1254901895299554
0.5607843366160523
0.6274509476497769
0.3058824412873946
0.007843032537493855
0.9725493860896677
0.039215162687469274
0.8941190607147291
0.12548852059990168
0.5607901778712403
0.6274426029995084
0.3059049718431197
0.00781632965663448
0.9726428461726755
0.0390816482831724
0.8944795496063307
0.12506127450615168
0.5622855391993653
0.6253063725307584
0.3116727941087447
0.0009803921566344798
0.9965686274226755
0.004901960783172399
0.9867647058563307
0.015686274506151676
0.9450980391993653
0.07843137253075838
0.7882352941378485
0.2509803920984268
0.1215686276264023
0.2549019605212379
0.6117647065548226
0.015686273691244423
0.9450980420515407
0.07843136845622212
0.7882353051390965
0.2509803790599108
0.12156867326120846
0.2549018953286577
0.6117648825747892
0.01568606507498771
0.9450987722084392
0.07843032537493855
0.7882381214585621
0.25097704119980335
0.12158035577158444
0.2548852060281206
0.6118099436862394
0.01563265931326896
0.9452856923744548
0.0781632965663448
0.7889590992417652
0.25012254901230335
0.12457107842783444
0.2506127450906206
0.6233455882174894
0.0019607843132689595
0.9931372548744548
0.009803921566344798
0.9735294117417652
0.03137254901230335
0.8901960784278344
0.15686274506151676
0.5764705883048009
0.5019607841968536
0.2431372552528046
0.5098039210424758
0.22352941313874908
0.03137254738248885
0.8901960841321852
0.15686273691244423
0.5764706103072967
0.5019607581198215
0.24313734652241692
0.5098037906573154
0.22352976517868228
0.03137213014997542
0.8901975444459822
0.1568606507498771
0.576476242946228
0.5019540823996067
0.24316071154316887
0.5097704120562412
0.22361988740158267
0.03126531862653792
0.8905713847780135
0.1563265931326896
0.5779181985126343
0.5002450980246067
0.24914215685566887
0.5012254901812412
0.24669117646408267
0.003921568626537919
0.9862745097780135
0.019607843132689595
0.9470588235126343
0.0627450980246067
0.7803921568847727
0.3137254901230335
0.15294117663870566
0.003921568422811106
0.4862745105056092
0.01960784211405553
0.44705882627749816
0.0627450947649777
0.7803921682934742
0.31372547382488847
0.1529412206436973
0.003921516268746927
0.48627469304483384
0.019607581343734637
0.44705953035736457
0.06274426029995084
0.7803950889210682
0.3137213014997542
0.15295248592155986
0.00390816482831724
0.48632142308633775
0.0195408241415862
0.44723977480316535
0.06253063725307584
0.7811427695851307
0.3126531862653792
0.15583639705437236
0.0004901960783172399
0.49828431371133775
0.0024509803915861994
0.49338235292816535
0.007843137253075838
0.9725490195851307
0.03921568626537919
0.8941176470543724
0.1254901960492134
0.5607843137986492
0.627450980246067
0.3058823532774113
0.007843136845622212
0.9725490210112184
0.03921568422811106
0.8941176525549963
0.1254901895299554
0.5607843366160523
0.6274509476497769
0.3058824412873946
0.007843032537493855
0.9725493860896677
0.039215162687469274
0.8941190607147291
0.12548852059990168
0.5607901778712403
0.6274426029995084
0.3059049718431197
0.00781632965663448
0.9726428461726755
0.0390816482831724
0.8944795496063307
0.12506127450615168
0.5622855391993653
0.6253063725307584
0.3116727941087447
0.0009803921566344798
0.9965686274226755
0.004901960783172399
0.9867647058563307
0.015686274506151676
0.9450980391993653
0.07843137253075838
0.7882352941378485
0.2509803920984268
0.1215686276264023
0.2549019605212379
0.6117647065548226
0.015686273691244423
0.9450980420515407
0.07843136845622212
0.7882353051390965
0.2509803790599108
0.12156867326120846
0.2549018953286577
0.6117648825747892
0.01568606507498771
0.9450987722084392
0.07843032537493855
0.7882381214585621
0.25097704119980335
0.12158035577158444
0.2548852060281206
0.6118099436862394
0.01563265931326896
0.9452856923744548
0.0781632965663448
0.7889590992417652
0.25012254901230335
0.12457107842783444
0.2506127450906206
0.6233455882174894
0.0019607843132689595
0.9931372548744548
0.009803921566344798
0.9735294117417652
0.03137254901230335
0.8901960784278344
0.15686274506151676
0.5764705883048009
0.5019607841968536
0.2431372552528046
0.5098039210424758
0.22352941313874908
0.03137254738248885
0.8901960841321852
0.15686273691244423
0.5764706103072967
0.5019607581198215
0.24313734652241692
0.5098037906573154
0.22352976517868228
0.03137213014997542
0.8901975444459822
0.1568606507498771
0.576476242946228
0.5019540823996067
0.24316071154316887
0.5097704120562412
0.22361988740158267
0.03126531862653792
0.8905713847780135
0.1563265931326896
0.5779181985126343
0.5002450980246067
0.24914215685566887
0.5012254901812412
0.24669117646408267
0.003921568626537919
0.9862745097780135
0.019607843132689595
0.9470588235126343
0.0627450980246067
0.7803921568847727
0.3137254901230335
0.15294117663870566
0.003921568422811106
0.4862745105056092
0.01960784211405553
0.44705882627749816
0.0627450947649777
0.7803921682934742
0.31372547382488847
0.1529412206436973
0.003921516268746927
0.48627469304483384
0.019607581343734637
0.44705953035736457
0.06274426029995084
0.7803950889210682
0.3137213014997542
0.15295248592155986
0.00390816482831724
0.48632142308633775
0.0195408241415862
0.44723977480316535
0.06253063725307584
0.7811427695851307
0.3126531862653792
0.15583639705437236
0.0004901960783172399
0.49828431371133775
0.0024509803915861994
0.49338235292816535
0.007843137253075838
0.9725490195851307
0.03921568626537919
0.8941176470543724
0.1254901960492134
0.5607843137986492
0.627450980246067
0.3058823532774113
0.007843136845622212
0.9725490210112184
0.03921568422811106
0.8941176525549963
0.1254901895299554
0.5607843366160523
0.6274509476497769
0.3058824412873946
0.007843032537493855
0.9725493860896677
0.039215162687469274
0.8941190607147291
0.12548852059990168
0.5607901778712403
0.6274426029995084
0.3059049718431197
0.00781632965663448
0.9726428461726755
0.0390816482831724
0.8944795496063307
0.12506127450615168
0.5622855391993653
0.6253063725307584
0.3116727941087447
0.0009803921566344798
0.9965686274226755
0.004901960783172399
0.9867647058563307
0.015686274506151676
0.9450980391993653
0.07843137253075838
0.7882352941378485
0.2509803920984268
0.1215686276264023
0.2549019605212379
0.6117647065548226
0.015686273691244423
0.9450980420515407
0.07843136845622212
0.7882353051390965
0.2509803790599108
0.12156867326120846
0.2549018953286577
0.6117648825747892
0.01568606507498771
0.9450987722084392
0.07843032537493855
0.7882381214585621
0.25097704119980335
0.12158035577158444
0.2548852060281206
0.6118099436862394
0.01563265931326896
0.9452856923744548
0.0781632965663448
0.7889590992417652
0.25012254901230335
0.12457107842783444
0.2506127450906206
0.6233455882174894
0.0019607843132689595
0.9931372548744548
0.009803921566344798
0.9735294117417652
0.03137254901230335
0.8901960784278344
0.15686274506151676
0.5764705883048009
0.5019607841968536
0.2431372552528046
0.5098039210424758
0.22352941313874908
0.03137254738248885
0.8901960841321852
0.15686273691244423
0.5764706103072967
0.5019607581198215
0.24313734652241692
0.5098037906573154
0.22352976517868228
0.03137213014997542
0.8901975444459822
0.1568606507498771
0.576476242946228
0.5019540823996067
0.24316071154316887
0.5097704120562412
0.22361988740158267
0.03126531862653792
0.8905713847780135
0.1563265931326896
0.5779181985126343
0.5002450980246067
0.24914215685566887
0.5012254901812412
0.24669117646408267
0.003921568626537919
0.9862745097780135
0.019607843132689595
0.9470588235126343
0.0627450980246067
0.7803921568847727
0.3137254901230335
0.15294117663870566
0.003921568422811106
0.4862745105056092
0.01960784211405553
0.44705882627749816
0.0627450947649777
0.7803921682934742
0.31372547382488847
0.1529412206436973
0.003921516268746927
0.48627469304483384
0.019607581343734637
0.44705953035736457
0.06274426029995084
0.7803950889210682
0.3137213014997542
0.15295248592155986
0.00390816482831724
0.48632142308633775
0.0195408241415862
0.44723977480316535
0.06253063725307584
0.7811427695851307
0.3126531862653792
0.15583639705437236
0.0004901960783172399
0.49828431371133775
0.0024509803915861994
0.49338235292816535
0.007843137253075838
0.9725490195851307
0.03921568626537919
0.8941176470543724
0.1254901960492134
0.5607843137986492
0.627450980246067
0.3058823532774113
0.007843136845622212
0.9725490210112184
0.03921568422811106
0.8941176525549963
0.1254901895299554
0.5607843366160523
0.6274509476497769
0.3058824412873946
0.007843032537493855
0.9725493860896677
0.039215162687469274
0.8941190607147291
0.12548852059990168
0.5607901778712403
0.6274426029995084
0.3059049718431197
0.00781632965663448
0.9726428461726755
0.0390816482831724
0.8944795496063307
0.12506127450615168
0.5622855391993653
0.6253063725307584
0.3116727941087447
0.0009803921566344798
0.9965686274226755
0.004901960783172399
0.9867647058563307
0.015686274506151676
0.9450980391993653
0.07843137253075838
0.7882352941378485
0.2509803920984268
0.1215686276264023
0.2549019605212379
0.6117647065548226
0.015686273691244423
0.9450980420515407
0.07843136845622212
0.7882353051390965
0.2509803790599108
0.12156867326120846
0.2549018953286577
0.6117648825747892
0.01568606507498771
0.9450987722084392
0.07843032537493855
0.7882381214585621
0.25097704119980335
0.12158035577158444
0.2548852060281206
0.6118099436862394
0.01563265931326896
0.9452856923744548
0.0781632965663448
0.7889590992417652
0.25012254901230335
0.12457107842783444
0.2506127450906206
0.6233455882174894
0.0019607843132689595
0.9931372548744548
0.009803921566344798
0.9735294117417652
0.03137254901230335
0.8901960784278344
0.15686274506151676
0.5764705883048009
0.5019607841968536
0.2431372552528046
0.5098039210424758
0.22352941313874908
0.03137254738248885
0.8901960841321852
0.15686273691244423
0.5764706103072967
0.5019607581198215
0.24313734652241692
0.5098037906573154
0.22352976517868228
0.03137213014997542
0.8901975444459822
0.1568606507498771
0.576476242946228
0.5019540823996067
0.24316071154316887
0.5097704120562412
0.22361988740158267
0.03126531862653792
0.8905713847780135
0.1563265931326896
0.5779181985126343
0.5002450980246067
0.24914215685566887
0.5012254901812412
0.24669117646408267
0.003921568626537919
0.9862745097780135
0.019607843132689595
0.9470588235126343
0.0627450980246067
0.7803921568847727
0.3137254901230335
0.15294117663870566
0.003921568422811106
0.4862745105056092
0.01960784211405553
0.44705882627749816
0.0627450947649777
0.7803921682934742
0.31372547382488847
0.1529412206436973
0.003921516268746927
0.48627469304483384
0.019607581343734637
0.44705953035736457
0.06274426029995084
0.7803950889210682
0.3137213014997542
0.15295248592155986
0.00390816482831724
0.48632142308633775
0.0195408241415862
0.44723977480316535
0.06253063725307584
0.7811427695851307
0.3126531862653792
0.15583639705437236
0.0004901960783172399
0.49828431371133775
0.0024509803915861994
0.49338235292816535
0.007843137253075838
0.9725490195851307
0.03921568626537919
0.8941176470543724
0.1254901960492134
0.5607843137986492
0.627450980246067
0.3058823532774113
0.007843136845622212
0.9725490210112184
0.03921568422811106
0.8941176525549963
0.1254901895299554
0.5607843366160523
0.6274509476497769
0.3058824412873946
0.007843032537493855
0.9725493860896677
0.039215162687469274
0.8941190607147291
0.12548852059990168
0.5607901778712403
0.6274426029995084
0.3059049718431197
0.00781632965663448
0.9726428461726755
0.0390816482831724
0.8944795496063307
0.12506127450615168
0.5622855391993653
0.6253063725307584
0.3116727941087447
0.0009803921566344798
0.9965686274226755
0.004901960783172399
0.9867647058563307
0.015686274506151676
0.9450980391993653
0.07843137253075838
0.7882352941378485
0.2509803920984268
0.1215686276264023
0.2549019605212379
0.6117647065548226
0.015686273691244423
0.9450980420515407
0.07843136845622212
0.7882353051390965
0.2509803790599108
0.12156867326120846
0.2549018953286577
0.6117648825747892
0.01568606507498771
0.9450987722084392
0.07843032537493855
