3.814697265625e-06
0.9999866485304665
0.9999752044386696
0.9999427795119118
0.9999046325392555
0.9997787475294899
0.9995880126662087
0.9990386962599587
0.9985198974318337
0.9965515136427712
0.9935913085646462
0.9852294921583962
0.9753417968458962
0.9428710937208962
0.8935546874708962
0.7519531249708962
0.6230468749708962
0.12109374997089617
0.36718749994179234
0.23437499988358468
0.7187499997962732
0.43749999956344254
0.8749999991850927
0.7499999981373549
0.4999999971478246
0.49999999336432666
0.4999999876890797
0.9999999715946615
0.9999999526771717
0.9999998902494553
0.9999997956620064
0.9999995232501533
0.9999992845987435
0.9999983308080118
0.9999969000637066
0.9999928464822005
0.9999880771792959
0.9999723396904301
0.9999484941072296
0.9998798221058678
0.999814957351191
0.9995688795752358
0.9991987943358254
0.9981534480757546
0.996917247743113
0.9928579330153298
0.9866924285597634
0.9689903258986305
0.9528732299513649
0.8901214599318337
0.7958679198927712
0.5292358398146462
0.21472167965839617
0.17944335931679234
0.6088867186335847
0.09277343726716936
0.8105468746216502
0.5585937491559889
0.17968749845749699
0.10937499644933268
0.8437499940628186
0.687499986262992
0.37499997444683686
0.24999994039535522
0.749999910563929
0.49999979135463946
0.9999996125116013
0.9999991058430169
0.9999985097383615
0.9999965426686686
0.9999935622035991
0.9999849786690902
0.9999768715060782
0.9999461136467289
0.9998998567170929
0.9997691958851647
0.9996146857447457
0.9991073012060951
0.9983366727537941
0.9961240291304421
0.994109630555613
0.9862661361403298
0.9744853973097634
0.9411582946486305
0.9018478393263649
0.7724456786818337
0.5761413573927712
0.01165771481464617
0.47644042962929234
0.4450683592585847
0.3979492185462732
0.7646484370343387
0.6074218742433004
0.089843748282874
0.30468749679857865
0.0468749925494194
0.9062499887950253
0.7812499738938641
0.5937499515421223
0.062499888212187216
0.4374998136772774
0.37499956774991006
0.24999919513356872
0.2499981219880283
0.7499971084471326
0.49999326301622204
0.9999874799395911
0.9999711442796979
0.9999518276599701
0.9998883928346913
0.9997920482128393
0.9995154151401948
0.9992635836533736
0.9982829671062063
0.9968101344711613
0.9926434680528473
0.9877289384312462
0.9715506732172798
0.9470085501379799
0.8764346837706398
0.8095238208479714
0.555555582017405
0.17460322377155535
0.09523820871254429
0.8253970145015046
0.6349210736807436
0.28571510274196044
1.9064173102378845e-06
0.9999980912252795
0.9999961820140015
0.9999923645227682
0.999984727211995
0.9999694591097068
0.9999389107979368
0.9998778290755581
0.9997556246526074
0.9995113573677372
0.9990225955552887
0.9980453103489708
0.9960901438898873
0.9921814799017739
0.9843610524840187
0.9687240123457741
0.9374394416518044
0.874907970399363
0.7497854232497048
0.49960136410663836
0.9990806579007767
0.9984664916119073
0.9964447020029183
0.9933776852849405
0.9845581049739849
0.9761962881020736
0.944458005920751
0.8968505821831059
0.7619628831453156
0.603271469444735
0.07958981391857378
0.28613275283714756
0.0009764431742951274
0.9990231988776941
0.9980463977262843
0.9960927955398802
0.9921855908760335
0.9843711823632475
0.9687423638242763
0.9374847286089789
0.8749694530561101
0.7499389196455013
0.49987782441894524
0.9997556637390517
0.9995112679025624
0.9990226848458406
0.9980451313022058
0.9960905010520946
0.9921799292496871
0.9843634944118094
0.968723174155457
0.9374501630372833
0.874885067314608
0.7498082816309761
0.4995555281348061
0.9991720914258622
0.9980695246777032
0.9970240591501351
0.9930562970403116
0.9871044153987896
0.970241545670433
0.9504013042605948
0.8849334679252934
0.7857360765046906
0.500061020225985
0.24993893501232378
0.24987787002464756
0.7497557400492951
0.49951148009859025
0.499022960284492
0.9980459204525687
0.9960918410506565
0.9921836816065479
0.9843673649302218
0.9687347280269023
0.9374694579455536
0.8749389084696304
0.7498778355948161
0.4997556414164137
0.9995113126351498
0.9990224911889527
0.9980454368924256
0.9960903969767969
0.9921812708198559
0.9843606343201827
0.9687260370410513
0.9374444447166752
0.8748965188569855
0.7497587054676842
0.49962803718517534
0.9991320967092179
0.9983881711086724
0.9962804316019174
0.9938006398442667
0.9856176371395122
0.9732189168862533
0.9375114422000479
0.9062271080620121
0.7811965867585968
0.5936508029408287
0.06227108833263628
0.43711847061058506
0.3741148709086701
0.24835181215894409
0.2461543078534305
0.7440786354418378
0.48620414567994885
0.9743614165927283
0.940910332283238
0.9013519169238862
0.7714538301515859
0.5741576640575659
0.007690311380429193
0.49194317957153544
0.4838862995384261
0.4677726587106008
0.9355450789444149
0.8710907541099004
0.7421805543417577
0.4843620626197662
0.9687198326573707
0.9374534969974775
0.8748914930329192
0.7497984870860819
0.49953497023670934
0.9992249503848143
0.9982018849404994
0.9966517857683357
0.9921875002037268
0.9882812497380655
0.9726562495052349
0.9492187490395736
0.882812498108251
0.8046874962456059
0.5468749925203156
0.15624998506973498
0.03124997013946995
0.9687499402789399
0.9374998805578798
0.8749997611739673
0.749999522260623
0.49999904484138824
0.9999980892171152
0.9999961789289955
0.999992355791619
0.9999847187136766
0.9999694300058763
0.9999388674914371
0.9998777052096557
0.9997554849542212
0.9995108507282566
0.9990218206949066
0.9980431049771141
0.9960879385180306
0.9921739399142098
0.9843498170084786
0.9686918854422402
0.9374031424231362
0.874775290460093
0.7495815753645729
0.49902367588947527
0.9985349177732132
0.9965815543255303
0.9936513899301644
0.9853496548894327
0.9755821223079693
0.9433517446450423
0.8945159893191885
0.7538757286674809
0.6210327073640656
0.11706541475723498
0.35913082951446995
0.2182616590289399
0.6865233180869836
0.37304663614486344
0.7460932723479345
0.49218654446303844
0.48437308982829563
0.9687461787252687
0.9374923584109638
0.8749847131257411
0.7499694355938118
0.4999388563155662
0.9998777275322936
0.9997553880384658
0.9995109921728726
0.9990217422309797
0.9980437266349327
0.9960864847234916
0.992175390914781
0.9843469075567555
0.9686976894445252
0.9373779445595574
0.874816879600985
0.7495727240748238
0.4992064833350014
0.9981688260450028
0.9969480036816094
0.9929194448923226
0.9868154523137491
0.9692363734066021
0.952632903092308
0.8896408062137198
0.7949066124565434
0.5273132249421906
0.21087644991348498
0.17175289982696995
0.5935057996539399
0.062011599307879806
0.9365231987030711
0.8730463973188307
0.7460927947831806
0.4921855891298037
0.9843711794237606
0.9687423570139799
0.9374847159197088
0.8749694234866183
0.7499388740106951
0.49987771778251044
0.9997554658330046
0.9995108106231783
0.9990219239552971
0.9980433636519592
0.9960872116207611
0.9921722439758014
0.984352106199367
0.9686965811706614
0.937400793627603
0.8747710622556042
0.7496184371120762
0.49911477413843386
0.9983516483916901
0.9961538462957833
0.994078144285595
0.9862026867631357
0.9743589753925335
0.940903543465538
0.9013431053317618
0.7714285812980961
0.5741147920198273
0.007570251793367788
0.49181935185333714
0.4835166333941743
0.4671553371299524
0.9338223929516971
0.8688654892030172
0.7357778532023076
0.47350883166654967
0.9382285997853614
0.904777515475871
0.777816745947348
0.5873717769572977
0.04779041380970739
0.41296367795439437
0.3181147953728214
0.14404215131071396
0.0029277801513671875
0.994137763947947
0.9863214492506813
0.9745969772047829
0.941377639741404
0.9022960662550759
0.773326873750193
0.5779190063185524
0.01514434811542742
0.4836349486722611
0.4670257567195222
0.4342956540931482
0.8676147456280887
0.7376708976808004
0.471435545157874
0.9467773405485786
0.8759765550785232
0.8115234262368176
0.5605468487774488
0.18359370130929165
0.1171873877174221
0.8593748126877472
0.7187495657708496
0.4374991912045516
0.3749981140717864
0.2499970928474795
0.24999321665382013
0.7499874023487791
0.49997092853300273
0.49995154756470583
0.9998876052559353
0.999790678062709
0.9995119311206508
0.9992672818771098
0.9982904473727103
0.9968250055972021
0.9926734785258304
0.9877882441214751
0.971670536295278
0.9472468159801792
0.8769160136289429
0.8104708641476464
0.5584478676028084
0.17938849327038042
0.10878413909813389
0.842538237455301
0.6851508615072817
0.37019205052638426
0.2404904356226325
0.7305693612142932
0.46272372870589606
0.9234991012490354
0.8489436962699983
0.6900825266202446
0.3996619635436218
0.7662314357585274
0.5684735802060459
0.020370120037114248
0.4460135565022938
0.3773787965765223
0.3050500776444096
0.5500427721999586
0.15843321493593976
0.5710187592776492
0.0023803873918950558
0.9925841737713199
0.9875792434613686
0.971282721235184
0.9463497386022937
0.8754264083399903
0.8118880926340353
0.561275706597371
0.18505260997335427
0.12010330514749512
0.8652085250942037
0.730408433591947
0.460844631830696
0.42165862675756216
0.34334789073909633
0.6865732338628732
0.37345283609465696
0.746415481728036
0.49332115674042143
0.9844364573364146
0.976348298281664
0.9449145806429442
0.8975197046238463
0.7640944649174344
0.6058257701515686
0.08713934101979248
0.29708261223277077
0.038743378478102386
0.8821762183506507
0.8034062939987052
0.5443403042445425
0.15115032912581228
0.021080103528220206
0.9482915928820148
0.8812594881746918
0.8010970652685501
0.5401669291604776
0.14067532078479417
0.007729156990535557
0.9920216482423712
0.9840400786197279
0.9680924944987055
0.9361697907734197
0.8723545982211363
0.7446487666747998
0.48944915176252834
0.9786398736177944
0.957572946237633
0.9142341332917567
0.8316382893535774
0.6592520582198631
0.32251719289342873
0.6290202196105383
0.2986900693795178
0.5368330216151662
0.12835378540330566
0.05748785223113373
0.9274781259009615
0.8549523775000125
0.7099086293601431
0.4197998242743779
0.8396605945890769
0.6792601386550814
0.3585813502431847
0.21691850223578513
0.6844474087411072
0.3679180707258638
0.736813479277771
0.46923147156485356
0.9526240598061122
0.8896192973770667
0.7948731392680202
0.5272300358337816
0.21072635913151316
0.1713953764992766
0.5929873358691111
0.06074429233558476
0.9342179210798349
0.8674740615242627
0.7373289711249527
0.47114651298034005
0.9457157642464153
0.8782403035147581
0.8072694883157965
0.552004636003403
0.1666199252649676
0.08311584260081872
0.7913556931307539
0.5197144008707255
0.19692984834546223
0.6262510465458035
0.3091732435277663
0.05474782024975866
0.9257189028721768
0.8475314365059603
0.6989692423085216
0.38231300757615827
0.8036897078272887
0.5448775074037258
0.15225692311651073
0.023255258973222226
0.9527881887042895
0.8899208449292928
0.7954972223960795
0.5283723147877026
0.21329995468840934
0.1761113892425783
0.602711298619397
0.07822425663471222
0.7888982668227982
0.5074801519222092
0.24152683463762514
0.23303817206760868
0.7161147295264527
0.43216747022233903
0.3643983598740306
0.7285182467312552
0.4580016120162327
0.9150247536599636
0.8310308399959467
0.6581477987638209
0.32606885381392203
0.6364783679018728
0.28869238068000413
0.5069501612451859
0.24058492263429798
0.23068142990814522
0.7125839950749651
0.4232143808621913
0.34838237109943293
0.687973738706205
0.40573751580086537
0.7802172834053636
0.5916923139593564
0.05834982488886453
0.42932099738391116
0.3585199319059029
0.2171619043510873
0.18383560189977288
0.6188917804684024
0.1108305623929482
0.3486137992586009
0.18844011274632066
0.6551986600097734
0.2791491085954476
0.589540884247981
0.05410037119872868
0.9206726016418543
0.8413716751092579
0.6826405621541198
0.36567899977671914
0.7308661357383244
0.4622329747362528
0.9224970590439625
0.8498926960455719
0.6914217875746544
0.3925237867224496
0.7557587152696215
0.6130489212519024
0.09726837821654044
0.3233189617167227
0.13113998936023563
0.550785771367373
0.1660008258477319
0.08005472563672811
0.7870549466751982
0.503805023530731
0.2458607785811182
0.2417978520388715
0.7334660006454214
0.4670617103110999
0.4336656412051525
0.8689029533998109
0.7359519086603541
0.47373506662552245
0.9397794689284638
0.8986021280288696
0.76912719005486
0.56547838440747
0.025789677951252088
0.4573444125126116
0.4151642316719517
0.3281805503938813
0.663990733679384
0.32016801385907456
0.1481509116711095
0.5150480089068878
0.23322483166703023
0.21643250022316352
0.682920309714973
0.36577958840643987
0.23162019660230726
0.7129962903272826
0.4266028744459618
0.8522292376728728
0.7054348583333194
0.4064759604516439
0.3278435451211408
0.14006304417853244
0.045747272786684334
0.9040040853724349
0.7767419546435121
0.5847501252719667
0.04444301579496823
0.40158252482069656
0.2716803908115253
0.07483971517649479
0.2580929258838296
0.09668437062646262
0.3227394236600958
0.12937035865616053
0.5482838384632487
0.16102846202556975
0.06323340639937669
0.7799037806980778
0.5909359845391009
0.056992070603882894
0.4260007792036049
0.35321487800683826
0.2044832732353825
0.16089546075090766
0.5631011586810928
0.0294000843714457
0.46566170611185953
0.4303449665894732
0.36166837325436063
0.7189336619339883
0.4527874395134859
0.3899201360763982
0.29549480651621707
0.5283685700269416
0.2132883849553764
0.6760981410916429
0.3526697253983002
0.7031559689785354
0.4139551524131093
0.8201130920206197
0.6479776191117708
0.26485785594559275
0.6075964520568959
0.09043734279111959
0.304775575932581
0.05059166776482016
0.9097139046352822
0.8234020085365046
0.6309271279314999
0.301535034639528
0.5396235182997771
0.14258677573525347
0.0009462854941375554
0.9989768193336204
0.9979385021142662
0.9958917826297693
0.9917237257177476
0.9835981173382606
0.966954037634423
0.934143580350792
0.8672162366274279
0.7382474462210666
0.4725877484015655
0.9490848462446593
0.8825407586118672
0.8041481299733277
0.5457805243495386
0.1540996725379955
0.026889978849794716
0.9600845555542037
0.9199801643844694
0.840753905067686
0.6805307707109023
0.3620392963348422
0.7201704348553903
0.4501084025541786
0.8836066574440338
0.7838425410736818
0.5090603302523959
0.21932353745796718
0.2012183797196485
0.6376100599300116
0.28986080788308755
0.018205927684903145
0.9387207338295411
0.9029539962939452
0.7735593747056555
0.5819087288982701
0.03491135683725588
0.38622872525593266
0.2880826889304444
0.005851805006386712
0.48826974583789706
0.4726294271822553
0.9491689188289456
0.8826975791307632
0.8044958043319639
0.546430575865088
0.15542218295740895
0.02931971166981384
0.9657744191354141
0.9305570649448782
0.8621058939606883
0.7202445587900002
0.4504070952825714
0.8849456346360967
0.7857595642562956
0.5001088302233256
0.24984823077102192
0.24970885959919542
0.7494024599727709
0.4988201791711617
0.9975793216144666
0.995311237173155
0.9903630675398745
0.9810084300406743
0.9611013032554183
0.9253765087050851
0.8467245709325653
0.6976607108663302
0.3791771770629566
0.7979372008121572
0.5354476318752859
0.1260119684448
0.05896192666841671
0.9309625005116686
0.8599117945414037
0.7247636220999993
0.44196842148085125
0.8906354516511783
0.7577876264695078
0.6171301240683533
0.10927931990590878
0.34352812822908163
0.18708676702226512
0.12403621192788705
0.8735148994019255
0.7465415901970118
0.49357135460013524
0.4851896883919835
0.47526178738917224
0.9427126240334474
0.893235841213027
0.7513173379411455
0.6217676761734765
0.11757785591180436
0.3625647005974315
0.22125840361695737
0.6963082531292457
0.37543665946577676
0.8118913091020659
0.5613379310816526
0.1851148278801702
0.6202906899852678
0.11533724027685821
0.8562848284782376
0.7115931036823895
0.4241627551091369
0.8439309934037738
0.7027544990705792
0.38976216068840586
0.7952711532707326
0.5275542637391482
0.21257827695808373
0.17320581310195848
0.5983609365066513
0.06293662521056831
0.7806412406207528
0.5925877942645457
0.06011455351836048
0.4327901417273097
0.36533614399377257
0.2312826377165038
0.21158871473744512
0.6741539837967139
0.34391346547636203
0.7027194792754017
0.3896919180697296
0.7953138927114196
0.5276092846470419
0.2119868913141545
0.17212794598890468
0.60067769640591
0.0686795066576451
0.7696679733635392
0.5718219085538294
0.0011267274094279855
0.4961194211500697
0.4941004157299176
0.48624770462629385
0.9744485360570252
0.9410845639067702
0.9017004069464747
0.7721507841197308
0.5755515980708878
0.010478076961589977
0.47408145194640383
0.44034992705564946
0.40023158097756095
0.7672578911297023
0.5677258215728216
0.01825651354738511
0.4388644067221321
0.40308891981840134
0.27402757477830164
0.580159638018813
0.0320233813545201
0.389181025151629
0.294139675446786
0.025519891903968528
0.4575721309520304
0.41422846654313616
0.8316316252457909
0.6592339767666999
0.3226803320867475
0.6292435705545358
0.2980474551732186
0.5352886398904957
0.12650072763790376
0.05969553522299975
0.9316964622412343
0.8641864373639692
0.7273960832098965
0.45576930986135267
0.9076314911362715
0.8250294333847705
0.6334541126561817
0.28352221494424157
0.5079470218042843
0.22220842671231367
0.19838366360636428
0.6308681374648586
0.30172744230367243
0.03999283545999788
0.3934471251559444
0.251753018819727
0.12258586779353209
0.37032324308529496
0.2404058214451652
0.23105199652491137
0.7110090624773875
0.42554319580085576
0.34727888423367403
0.6983423652709462
0.38118019167450257
0.8009407706558704
0.5405946466489695
0.1416215914359782
0.004343507636804134
0.9857220608973876
0.9734358706045896
0.9380235509597696
0.9044198664196301
0.7778920479177032
0.5861185680550989
0.05041096472996287
0.40929360705194995
0.32261554116848856
0.12911779366550036
0.04851879784837365
0.9114906910981517
0.8151689564983826
0.6498690440494101
0.2665350814058911
0.5692024411982857
0.02121919664205052
0.4486865045619197
0.3817498848075047
0.30255467191454954
0.5426283054985106
0.14772647729841992
0.5142330193193629
0.2314541577361524
0.7133489411498886
0.4262218812655192
0.8529175535659306
0.7038963412924204
0.41261535402736627
0.8175670408527367
0.6427269982232247
0.2505129192431923
0.6232468315283768
0.12173971105949022
0.3674952302244492
0.2374509401852265
0.720719064847799
0.44623415780370124
0.8778270307229832
0.8064052704721689
0.5484315649955533
0.16120872730971314
0.0647116478648968
0.7735426739091054
0.5818748597521335
0.03484533220762387
0.8860950069501996
0.7878169216564856
0.5053137134818826
0.23720900094485842
0.22048123244894668
0.7007586121326312
0.3857548872474581
0.2875772873812821
0.5043537656893022
0.23575840998091735
0.22346982738235965
0.6881507055368274
0.4046212710090913
0.2775054229423404
0.08747979110921733
0.2978860553703271
0.035523974685929716
0.8762789226893801
0.8091377378732432
0.554859464202309
0.17539324061363004
0.09675598220201209
0.8225479113170877
0.6289138768333942
0.29882049054140225
0.03709410596638918
0.8788757123693358
0.8085326743021142
0.5545653490989935
0.1716306963644456
0.0932613973855041
0.8115227873204276
0.5605455820914358
0.18359113071346655
0.6171823693439364
0.10936461988603696
0.8437293585157022
0.6874582406599075
0.37491767160827294
0.24983344040811062
0.7496687816164922
0.4993289867124986
0.9986870353459381
0.9973436500004027
0.9947176983987447
0.9893134457233828
0.9789315904199611
0.9573760917119216
0.9152384381450247
0.8282818160660099
0.6636365577287506
0.31936334070633166
0.6469349562539719
0.26213401547283866
0.6028774974984117
0.07880568472319283
0.28747701580869034
0.004208563477732241
0.9854059194040019
0.9730710932344664
0.9388141531089786
0.9030284677573945
0.773815114836907
0.5813368938106578
0.033698874030960724
0.3840252463123761
0.28147824050392956
0.015349044260801747
0.48382310336455703
0.4676461473281961
0.9352924434351735
0.8705846487137023
0.741169534943765
0.48233799936133437
0.9646796306478791
0.9293554505857173
0.8587147019279655
0.7174141930590849
0.43486647654208355
0.8696719738072716
0.7394047481066082
0.4785354191844817
0.9579549913178198
0.9149189921154175
0.83086473759613
0.657763128838269
0.32534914041752927
0.6348386136232875
0.28589642970473506
0.500583203334827
0.24811853250139393
0.24683193425880745
0.7427872630069032
0.48642803472466767
0.4695611992792692
0.9518137770355679
0.8880122101691086
0.791634578286903
0.5207828971615527
0.19776857070974074
0.1301105596940033
0.5490394191583619
0.15691678854636848
0.5765286512614693
0.011944617232074961
0.47823398403124884
0.4545157962711528
0.4109804272011388
0.8131863336311653
0.6546777226030827
0.2776324170990847
0.08694210450630635
0.7973277827550191
0.5385032515332568
0.13169388394453563
0.05245056567946449
0.917400625301525
0.8348017563694157
0.6696017254434992
0.3392095872259233
0.6784118551877327
0.3568308778631035
0.7136316553805955
0.4273380848171655
0.8545679275994189
0.7092426667513791
0.4180733462271746
0.8377336065168492
0.6735140880628023
0.3489813011547085
0.690150102309417
0.3998314546479378
0.7664597842958756
0.569052381120855
0.020917262270813808
0.4480845245416276
0.38054404908325523
0.3001505981956143
0.5338949463330209
0.13419614284066483
0.532064160448499
0.1393236336298287
0.5442722665320616
0.15104453612002544
0.020839068514760584
0.9479281407548115
0.8802312666084617
0.7995250705280341
0.5326438276388217
0.13755334392772056
0.03975490137236193
0.8929871331201866
0.7503288350999355
0.6241937223239802
0.1231395470967982
0.3718987459433265
0.24280721286777407
0.7366043583315331
0.46876265716855414
0.9531045678304508
0.8905840013176203
0.7967934356420301
0.5310863860941026
0.21842327606282197
0.18684461497468874
0.6236940281232819
0.12238030764274299
0.8697685427905526
0.7395022763812449
0.4791251927090343
0.9581280762213282
0.9163788199948613
0.8322684032318648
0.665758465154795
0.3295595054223668
0.6610867077833973
0.3133690645045135
0.6550737301004119
0.2788363058643881
0.5890754976426251
0.052906377852195874
0.41855737316654995
0.336013967753388
0.17557488873717375
0.09717474365606904
0.8234771091665607
0.6310846006672364
0.3014770343143027
0.5394754786393605
0.143894571257988
0.002625706430990249
0.9935575664276257
0.9851304155308753
0.9751776201301254
0.9424168467812706
0.89295521369786
0.750281125161564
0.6240287718537729
0.12352281759376638
0.371553837263491
0.24359929363708943
0.7352325877000112
0.4753973405167926
0.942921384354122
0.8937153499573469
0.7520326943485998
0.6179531746602152
0.11182569232187234
0.34494158782763407
0.19941420608665794
0.6344078879628796
0.2825038782611955
0.5122160940663889
0.22677730955183506
0.7067377464554738
0.4095551753125619
0.8230299529968761
0.6303834038844798
0.3000267276947852
0.5334040035377257
0.1334545979334507
0.03352022805484012
0.8829424284631386
0.7847020432818681
0.5108751864754595
0.22464649102766998
0.19226630998309702
0.6414067040022928
0.2563813710876275
0.6143900904571638
0.10355130513198674
0.8328884305374231
0.6648498970025685
0.3306133843434509
0.6573835352319293
0.3242798463033978
0.6345517908339389
0.28280600407742895
0.5127554436330684
0.2289413610997144
0.20739396411227062
0.6652766863116995
0.328353961231187
0.16379527244134806
0.06977035576710477
0.7723609900567681
0.5759412088082172
0.011333988775731996
0.47567001497372985
0.44365269245463423
0.8945646529900841
0.7596535279008094
0.5954937118513044
0.07568486334639601
0.26098314131377265
0.09984619228634983
0.8171263954427559
0.6410847232036758
0.2572716957947705
0.6160915827495046
0.10723276031785645
0.3394025632296689
0.17886810621712357
0.6074834291648585
0.0906049260229338
0.30526401579845697
0.04888171891798265
0.407153730164282
0.32699899448198266
0.6383767486549914
0.29236329084960744
0.022264527273364365
0.9507149760902394
0.885878397297347
0.7871528981195297
0.5047867671528365
0.23512889802805148
0.2251712714205496
0.6923924939474091
0.3930402013938874
0.2504274375678506
0.6244198186905123
0.12380913484958
0.3726487196981907
0.24517558698426
0.24065611319383606
0.7308241761056706
0.46213569841347635
0.4220764856727328
0.8512292644591071
0.6946497096505482
0.39709518480231054
0.7629999759374186
0.6040639148559421
0.08318886678898707
0.7911335853859782
0.5203775413683616
0.19602848999784328
0.12740857276367024
0.5551099783042446
0.17516183690167964
0.5964169465878513
0.07174062155536376
0.25090120889944956
0.1238775005331263
0.8727473642502446
0.7455023764923681
0.49097038913168944
0.9820514359162189
0.9639806913037319
0.9280838421836961
0.8556789338181261
0.7125790138670709
0.4232031040301081
0.8483639831538312
0.6879318667633925
0.40565557483932935
0.780035384639632
0.5914194904325996
0.05771733107394539
0.428055259573739
0.35562844027299434
0.2124699396372307
0.17287234973628074
0.5980945001647342
0.06384957503178157
0.2781277206377126
0.08646861906163394
0.7989738812611904
0.5317560900875833
0.1388562627544161
0.04360647377325222
0.8987048988929018
0.7686341207008809
0.564730187470559
0.023446272156434134
0.45700085756834596
0.41011004548636265
0.8241111421957612
0.6326123033068143
0.3042266735865269
0.546104914334137
0.15446685781353153
0.027924279973376542
0.9610123249003664
0.925548953237012
0.8472684273147024
0.6983191268809605
0.38114009276614524
0.8007852624286897
0.5410019542614464
0.1425526888051536
0.005800880317110568
0.9881833266699687
0.9724279858637601
0.9487974779331125
0.8818551125295926
0.8031710036157165
0.5433365594071802
0.14971671366947703
0.01616926508722827
0.9435323845827952
0.8951214023400098
0.7578941793763079
0.5974533679254819
0.07375202552066185
0.25703151925699785
0.11536625877488405
0.8559913784556556
0.7110614254197571
0.4253519995545503
0.8468587544630282
0.6973796928359661
0.37974461805424653
0.7975752928177826
0.5375328617228661
0.12926667075953446
0.048082215420436114
0.910375322564505
0.8141512188594788
0.6537121362634934
0.2761437548615504
0.5835680275922641
0.041998725617304444
0.8969628448539879
0.7621874067408498
0.6029881008144002
0.07902306897449307
0.2879289581323974
0.005545385531149805
0.9876533479255158
0.9714003303379286
0.9467070150712971
0.8758355249592569
0.811242909025168
0.5599839228380006
0.1824697381525766
0.11493186181178316
0.8548827375052497
0.7097331990953535
0.41949856985593215
0.3388839280232787
0.17816655195201747
0.1058522131643258
0.83715897181537
0.6724839664530009
0.3497287394129671
0.1922550844028592
0.6413467102393042
0.2563253049447667
0.6137256915098988
0.10293671386898495
0.3289327005040832
0.16273295471910387
0.5676686682563741
0.01808880132739432
0.4386739406036213
0.4024791065894533
0.7749441758496687
0.5792462609242648
0.03517098963493481
0.8769368240609765
0.8105142828426324
0.5585285512788687
0.17955711562535726
0.1091141837532632
0.8432285612216219
0.6864568840246648
0.3729140065261163
0.24582705926150084
0.7416565031453501
0.4833089527382981
0.9666219590581022
0.9332294919586275
0.8665093545278069
0.7329586201522034
0.46597446824307553
0.9317142990767024
0.8640237989893649
0.7271472083812114
0.45514140065643005
0.9070054920739494
0.8267399323231075
0.6377289498632308
0.29139192003640346
0.5198106835014187
0.19629143821657635
0.12548111175419763
0.5619997639441863
0.18649571319110692
0.622995241166791
0.12097331610857509
0.36700194544391707
0.23394285526592284
0.7179467468813527
0.4356493513623718
0.8719090559170581
0.7428415434260387
0.4866596735373605
0.9689247860806063
0.9527421798557043
0.889737171062734
0.7952217095589731
0.527393597032642
0.2128077165398281
0.1736605441546999
0.5992804419947788
0.06574087380431592
0.7760200906486716
0.5832613921666052
0.04159714127308689
0.3955818230169825
0.2600203395122662
0.09775380909559317
0.3142738682217896
0.15394771119463257
0.026616871065925807
0.9595828646561131
0.9190399039071053
0.8382054544636048
0.6759079648472834
0.35307382643804885
0.7042603309382685
0.41022154051461257
0.8142255992279388
0.6538742555130739
0.27638310895417817
0.5844177223043516
0.04335428588092327
0.8996668876789045
0.7662051552615594
0.5684348819486331
0.02027711455593817
0.44590456591686234
0.3770376554457471
0.3054678810585756
0.5493469308130443
0.1573638833942823
0.5742645097197965
0.009674039203673601
0.9704894351016264
0.9507750158372801
0.8858029576658737
0.7875360948673915
0.5042713936127257
0.23559360575745814
0.2228961325599812
0.6892005315748975
0.40379146463237703
0.27633369676186703
0.5839164769859053
0.04283384818700142
0.39816394075751305
0.26508715187083
0.608285861031618
0.0915850753954146
0.3081186449271627
0.053935672738589346
0.9201271750789601
0.8404985205561388
0.6800203445891384
0.3624825273582246
0.7208141878363676
0.44614545317017473
0.8776405624230392
0.8060671390558127
0.5476735379488673
0.16273750280379318
0.06762818834977224
0.76818516489584
0.5635912059806287
0.02769820502726361
0.9621308782370761
0.9220682992599905
0.8512014422449283
0.6946285014564637
0.39700468312366866
0.7628298178897239
0.6035560553718824
0.08290505738114007
0.28980361961293966
0.018158307328121737
0.43855212337803096
0.40260144395870157
0.7745177024044096
0.5784533928963356
0.03825683533796109
0.3809529631980695
0.3015828439965844
0.039674889732850716
0.39287618681555614
0.2500478186411783
0.12490893041831441
0.37483047461137176
0.24964592905598693
0.2493061629938893
0.7485536752501503
0.4972561227623373
0.4942871808016207
0.9887860736926086
0.9767500834132079
0.9566806588263717
0.9094307972991373
0.8228669672680553
0.6299869233916979
0.2991581798705738
0.5314224226749502
0.14023641208768822
0.045976758759934455
0.9045720683643594
0.7773572776932269
0.5878721424960531
0.04879008702118881
0.4120367564028129
0.3162571976718027
0.6520494604483247
0.27283366065239534
0.07695547433104366
0.7632249060843606
0.6046358547464479
0.08399702157475986
0.29392490355530754
0.024373118532821536
0.9559729253815021
0.9080391582974698
0.8258454993774649
0.6360641203064006
0.28775501481140964
0.505190365423914
0.23696182985440828
0.21998927259119228
0.6997708767885342
0.38283717748709023
0.28511219899519347
0.5116324946866371
0.22638242298853584
0.19497117726132274
0.6477249369199853
0.26422942263889126
0.6064475073362701
0.08837131448672153
0.3012579859350808
0.04050040489528328
0.8915516075503547
0.7567206477106083
0.6150420663470868
0.10502261351211928
0.33510746067622676
0.16993833309970796
0.590763680258533
0.055557354440679774
0.42456802568631247
0.3453289830358699
0.20030152195249684
0.1351001124130562
0.5353369452350307
0.12658208786160685
0.05968275462510064
0.9319875497603789
0.8634868480730802
0.7281942801200785
0.45443573317606933
0.9108240850036964
0.8128596136812121
0.6555025959969498
0.2795171889301855
0.5905212825164199
0.055073162948247045
0.9250576611375436
0.8462835338432342
0.6963635241263546
0.37525633539189585
0.811623101006262
0.5608694411348552
0.1837470294558443
0.618727152235806
0.1103633813909255
0.8481228355085477
0.6889196627307683
0.4032345996820368
0.27423560339957476
0.08070444545592181
0.28247689123963937
0.012318113236688077
0.976663068664493
0.9568642736703623
0.9098270583490375
0.8235527445503976
0.6314880855788942
0.3020044553268235
0.5416194176650606
0.1456149769073818
0.010108223010320216
0.9728452969575301
0.9391066648531705
0.9035724835121073
0.7759736450680066
0.5830790348409209
0.04126488076872192
0.3946406628820114
0.25961442303378135
0.09541026459191926
0.3255699343280867
0.13553108836640604
0.036629927228204906
0.8781438849691767
0.8068371587723959
0.5514037917891983
0.16434527569799684
0.08107207139255479
0.7836310431594029
0.5082077134866267
0.22195083141559735
0.6978389257565141
0.3799286041758023
0.29923243017401546
0.0315627071831841
0.3897931701503694
0.2949367568071466
0.5283041803049855
0.211881917581195
0.17473986028926447
0.595575290848501
0.0759142953902483
0.7612055027566385
0.6005283621780109
0.06826334630022757
0.2693086135550402
0.06599155615549535
0.7763767873693723
0.5844466942653526
0.04339655410149135
0.3998089265660383
0.26638498599641025
0.06893231775029562
0.2705560494796373
0.07266333769075572
0.7542232410924044
0.6104824962967541
0.09768726894981228
0.3143446037429385
0.1540953308576718
0.5268786710512359
0.21016231601242907
0.1700764299603179
0.5904014404222835
0.054689972806954756
0.42577463207999244
0.34764140541665256
0.19919525887235068
0.13275788916507736
0.5545859045814723
0.1716413037502207
0.5933588864281774
0.061588088457938284
0.9358172606443986
0.8711769070941955
0.7439404731267132
0.48586708123912103
0.973838982055895
0.9396244219969958
0.8990203017019667
0.7676490256853867
0.5632364269404206
0.029893526196246967
0.4659169024671428
0.431948198354803
0.36342738222447224
0.7280428046360612
0.4542919848463498
0.4103005895158276
0.3139788571570534
0.6535467109642923
0.27559925167588517
0.08269271824974567
0.7894087476015557
0.5187590272689704
0.18961722365929745
0.14901139499852434
0.5176254047546536
0.1883897893712856
0.6550926954951137
0.2789539858349599
0.08912984002381563
0.8032863759144675
0.5439697731926572
0.15083434010739438
0.019932332390453666
0.9465942623792216
0.8756408260669559
0.8108214489766397
0.5586851267435122
0.18145718649611808
0.11090018256800249
0.8488145555602387
0.6895723342895508
0.3992867469205521
0.268299579503946
0.06394338587415405
0.2782754893414676
0.08682918475824408
0.29962730238912627
0.032855984405614436
0.8879432606336195
0.7916221497871447
0.5206222258566413
0.19761652531451546
0.12911975680617616
0.5485227649332955
0.16149859549477696
0.5651847498666029
0.02490051437052898
0.4540984960622154
0.41307879507075995
0.31834623756003566
0.6445013913325965
0.25385894923238084
0.12098338280338794
0.8669825312972534
0.7339022235537414
0.4679633114428725
0.9356902344734408
0.8715936004009563
0.7424102314107586
0.4879924449196551
0.9720803069067188
0.9480607860314194
0.8805213005689438
0.8000748108315747
0.5337736508517992
0.13383171983878128
0.03163953678449616
0.8899110964266583
0.795473895734176
0.5283447947003879
0.21333441048045643
0.17618244735058397
0.6028445924457628
0.0787651473947335
0.28738234972115606
0.003994680271716788
0.4861378134228289
0.47417010852950625
0.9405849074828438
0.9004608138056938
0.7702646854741033
0.5709193043585401
0.0020686073403339833
0.49302702833665535
0.4870367575204
0.47015993602690287
0.9500926458276808
0.8835536923143081
0.7837830783391837
0.5088649388344493
0.21900862370966934
0.2022534593124874
0.6390045845182613
0.2931449352763593
0.02501152569311671
0.4541935661691241
0.4104761496419087
0.3136128459882457
0.6523874052800238
0.275294860068243
0.0798559581162408
0.786695857095765
0.5029413776064757
0.24460706449463032
0.23872406320879236
0.7279425917658955
0.45392422756413
0.41273967339657247
0.3176353737653699
0.6431604968965985
0.25104648087290116
0.6213385090231895
0.11828448245069012
0.8597374594537541
0.7258241435047239
0.44358976889634505
0.39523796644061804
0.25824203944648616
0.5970690515241586
0.07301624995307066
0.2554343201336451
0.1123276116559282
0.8461493302893359
0.6957128518552054
0.3782458614150528
0.807257782726083
0.5520534904499073
0.16654671871219762
0.08315349102485925
0.7910333741747309
0.5204478212690447
0.19619400691590272
0.12770952068967745
0.5562286780914292
0.17288961145095527
0.5980298645736184
0.06377373178838752
0.2778769343276508
0.0860884600551799
0.8003196954086889
0.5343875448743347
0.13493529343395494
0.03574162890436128
0.8750645198160782
0.8122818723786622
0.5620942921959795
0.18656639478285797
0.12343826366122812
0.8713572214182932
0.7432337487407494
0.4846193794219289
0.9757071727071889
0.9437240349652711
0.8947718118724879
0.7595155189919751
0.5952010056644212
0.07516954370657913
0.2587289418443106
0.096587102743797
0.8220499379385728
0.6265522684261668
0.3096230916271452
0.5570513588027097
0.1761144369665999
0.10271715419366956
0.8282370438973885
0.6639203733939212
0.32002825892413966
0.6478690024814568
0.26448802035884
0.6071009792503901
0.08920211219810881
0.3034039934282191
0.04430819547269493
0.9011156310152728
0.7709843539923895
0.5732149120012764
0.005808606831124052
0.4881644917768426
0.47246076876763254
0.44876332514104433
0.8819660083390772
0.8027680341037922
0.5438332801277284
0.14920540581806563
0.01806847011903301
0.9387136285658926
0.9025745723047294
0.775116811535554
0.5795429110585246
0.03602362083620392
0.37577365449396893
0.31105634954292327
0.0597655191377271
0.4317707094596699
0.3638031725131441
0.7266946629388258
0.45657829265110195
0.4093040401057806
0.8223192701698281
0.6298094953235704
0.2977012330957223
0.5377886149799451
0.1302525766659528
0.5496172370330896
0.15776719627319835
0.07536102301673964
0.759852979448624
0.598441184964031
0.06303241587011144
0.7794457321288064
0.5903566372580826
0.05488733219681308
0.9254504624987021
0.8469867736566812
0.6978998133563437
0.38014506272156723
0.7993793286150321
0.5322551319841295
0.13717261800775304
0.5404585155192763
0.14146391215035692
0.5065606294665486
0.2396837659762241
0.729367503663525
0.45873508002841845
0.4174700500443578
0.33494020483340137
0.6698800068697892
0.3397615565045271
0.6795212298748083
0.35904433639370836
0.7180810741265304
0.4361810983682517
0.8723300840356387
0.7446968993463088
0.4892792984901462
0.978955474041868
0.9574071701208595
0.9153181166329887
0.8286133779620286
0.6623533439997118
0.317138336104108
0.6411125799058937
0.2573228905966971
0.6162081619841047
0.10741644320660271
0.33983234997140244
0.17966642847750336
0.6093309198331553
0.09366377678816207
0.312319805030711
0.06215898136724718
0.43678696907591075
0.37360493166488595
0.7470703893341124
0.49462869873968884
0.488769065705128
0.4780266075686086
0.9540998499142006
0.9130827523767948
0.8183520454331301
0.644518999295542
0.25387766570202075
0.6210412603686564
0.11706821565167047
0.35918602236779407
0.21830910223070532
0.6866811469953973
0.3731105239421595
0.7468504729913548
0.49275299347937107
0.4863652484200429
0.969610073545482
0.9519536075240467
0.8882173614983913
0.7921245821926277
0.5215202676772606
0.2000763779215049
0.13360071735223755
0.5337421781150624
0.13395139924250543
0.5313307750911918
0.14041937058209442
0.046405127563048154
0.9054589682491496
0.7794429301284254
0.5903473060461693
0.054878179129445925
0.4254378243931569
0.34693885315209627
0.19786034754361026
0.12997350137447938
0.5491317057749256
0.1563073534052819
0.578057808423182
0.015488769015064463
0.48410417727427557
0.46820254263002425
0.4364298670843709
0.8728292296873406
0.7456889264285564
0.4912559780641459
0.48281689162831753
0.46511522473883815
0.9307482871226966
0.8596679225447588
0.7256183830613736
0.44373412113054655
0.8948086575255729
0.7587983941484708
0.594209204922663
0.07758829664089717
0.2645360883907415
0.1072126820217818
0.8393557151721325
0.6789542158076074
0.3576644145359751
0.7155724788899533
0.4301696358306799
0.8627788283047266
0.7216530802252237
0.4472063233552035
0.8768593246932141
0.8103287233097944
0.5581880778481718
0.17875396527233534
0.1078132264665328
0.8401071730768308
0.6807343505788594
0.35962046548957005
0.22570495028048754
0.6937184580310713
0.3947622370615136
0.7594916014350019
0.5951674738025758
0.07508484166464768
0.2585845642606728
0.09620763675775379
0.82147640248877
0.625138664181577
0.31201626468100585
0.5617528595612384
0.18576623665285297
0.12176985060796142
0.8675698220904451
0.7375552674930077
0.4713035754102748
0.9463912122300826
0.875326484820107
0.811687662586337
0.560632361768512
0.18437318268115632
0.11771061545005068
0.8614503944991156
0.719298999523744
0.45135434676194564
0.38732783403247595
0.28918203568900935
0.5194041099748574
0.19115197044447996
0.15183518902631477
0.5224203827092424
0.2010907579679042
0.6365565234737005
0.28873801333247684
0.5071636404027231
0.24088966209092177
0.2317794412956573
0.713558412855491
0.42711801041150466
0.3542341208085418
0.20847011959995143
0.1669317301711999
0.5838909981539473
0.04275207291357219
0.8980336548702326
0.7646962451690342
0.6078191272390541
0.09016242643701844
0.30579812795622274
0.046913161291740835
0.9139594871376175
0.8200721419707406
0.6480674102494959
0.26476274998276494
0.6077725708601065
0.09005685956799425
0.3063344231923111
0.04821571719367057
0.9108845736191142
0.8129800699243788
0.6557453107961919
0.2802405625989195
0.5917312732781284
0.058462309098104015
0.42942485242383555
0.35884864546824247
0.2177007329009939
0.18539772636722773
0.6207991473202128
0.11658315596287139
0.3582039187895134
0.21634854006697424
0.18275622453074902
0.6152396367688198
0.10643309869919904
0.3368855892913416
0.17475176046718843
0.09558319381903857
0.8259818430815358
0.6362786009267438
0.28823895487585105
0.5059350822702982
0.23902777282637544
0.22715520905330777
0.7051651461224537
0.40703415565076284
0.8267028261325322
0.6378407361044083
0.2910341944952961
0.5204495877842419
0.19619166982010938
0.12770253123017028
0.556218676851131
0.17286984832026064
0.5980854929366615
0.06386645123711787
0.27809394866926596
0.08648805262055248
0.7988553333852906
0.5321886218443979
0.13957565571763553
0.044772496505174786
0.9020488082896918
0.7728323569172062
0.5769528616510797
0.013215870509156957
0.47962732502492145
0.4590257533127442
0.4188449785870034
0.8366828174330294
0.6744186404976062
0.3448087071592454
0.6995053631835617
0.38381206992198713
0.7816959022311494
0.5150482056196779
0.23322498757625
0.7164353122934699
0.4329078182927333
0.3657593693351373
0.23157166808960028
0.2129378174431622
0.6766710041265469
0.35235685549560003
0.7057179365656339
0.4074990818335209
0.8247944031027146
0.6328650542127434
0.2850783721951302
0.5115625175531022
0.2262512272282038
0.1946879278984852
0.6471903823548928
0.26312355254776776
0.10439719873829745
0.3337643268168904
0.16755733848549426
0.5849972554424312
0.04529265486053191
0.40263416030211374
0.2744504859438166
0.07849563917261548
0.28837609430775046
0.006384966167388484
0.4893859570729546
0.47856544388923794
0.45792553600040264
0.9148726044222713
0.8307236753753386
0.6575325209705625
0.3248583109525498
0.6330845902557485
0.284266044764081
0.5100604694453068
0.22269638409488834
0.18935088376747444
0.6540608616778627
0.27694911998696625
0.08503020796342753
0.29516819590935484
0.027458193013444543
0.962757103232434
0.9235572701727506
0.8490714763465803
0.6903151976584923
0.4001997774175834
0.7671354319318198
0.5675349644443486
0.017607830319320783
0.4384441521833651
0.405209525837563
0.2791680980299134
0.5895871496759355
0.05417048482922837
0.9208505061687902
0.8416857537813485
0.6833867655950598
0.36670486969524063
0.7336309881065972
0.46701402464532293
0.9342759897117503
0.8675601954164449
0.7375998807547148
0.471232545300154
0.9464321513078175
0.8750122966303024
0.8124778297205921
0.5624567211780231
0.1874095066159498
0.12482867104699835
0.8746425517601892
0.7492982435505837
0.4985499657341279
0.49729844462126493
0.4943525106355082
0.9889493998489343
0.9769211648090277
0.956287191103911
0.9084201219666284
0.8209945014386903
0.6273251054517459
0.3049820977903437
0.5498436223133467
0.15858710921020247
0.07055786979617551
0.7530484270537272
0.6194994368124753
0.11351369187468663
0.8532442720606923
0.7045392342261039
0.4110163342265878
0.8132817533914931
0.6548189675959293
0.2784527897310909
0.5879266897100024
0.05163921570056118
0.41485143202589825
0.33061848825309426
0.1573916387569625
0.07430489035323262
0.7595712023030501
0.5952544544998091
0.07533372516627423
0.2597694759606384
0.09861934732180089
0.8134515767742414
0.6552157732949127
0.2792006834934
0.5896206256584264
0.05427253691595979
0.4209068273194134
0.34225705845165066
0.6840297027374618
0.3685303185193334
0.7351683744345792
0.47515851879143156
0.9425655801896937
0.8926994899811689
0.7508531560597476
0.6237764979887288
0.12255313384230249
0.370105818787124
0.24021319195162505
0.7304244095284957
0.4608509424433578
0.9216940134065226
0.843407342210412
0.6867851064889692
0.37359647537232377
0.747099912550766
0.49459684421890415
0.9887049676035531
0.9778986299934331
0.9538425294158515
0.9125740832823794
0.8168397084518801
0.6419880208268296
0.2546484111517202
0.6099592903046869
0.0996707444137428
0.3171684200060554
0.14120306412223727
0.5059170753520448
0.23918938127462752
0.22740529954899102
0.7057833466969896
0.40766425887704827
0.8250788830337115
0.6335943515005056
0.28372541195130907
0.5089219330693595
0.21878684349940158
0.20300796936498955
0.6404290298232809
0.29641840350814164
0.03040713313384913
0.46683659503469244
0.43446470820344985
0.3679242796206381
0.7369232385535724
0.4698256963456515
0.9495314448722638
0.8839338133402634
0.781264793506125
0.5156090048549231
0.2343427694577258
0.2186857819906436
0.6873706023907289
0.3747435968834907
0.2494831127987709
0.24897097056964412
0.7479276431258768
0.49590486992383376
0.49174680467695
0.48355652249301784
0.9668613490066491
0.9343520043476019
0.867758081149077
0.7363701227295678
0.46962917360360734
0.9519212720333599
0.8882499056926463
0.7920104394142982
0.5219135691586416
0.19960870544309728
0.13405109843006358
0.5318008492467925
0.138699617004022
0.54390936307027
0.14934162711142562
0.018411545373965055
0.9391649031313136
0.9037223695777357
0.7761869888636284
0.583643350895727
0.042255701118847355
0.39704242075094953
0.2626953369472176
0.10400386535911821
0.3325194509816356
0.16552718135062605
0.5791012395930011
0.03808528420631774
0.38085808709729463
0.3007786423258949
0.5351510717300698
0.13670828170143068
0.5390419509203639
0.1327709100150969
0.054604811884928495
0.9217076563509181
0.8434202312491834
0.6868330698343925
0.3736728170479182
0.7473213091143407
0.494741586066084
0.989361310726963
0.9788438866380602
0.9572025919915177
0.9156220706936438
0.8291727667965461
0.6604054629860912
0.3135858963651117
0.6526806440087967
0.2746091784501914
0.5782547738053836
0.03860832660575397
0.38196907786186785
0.3027716542419512
0.5438292557373643
0.14921955805039033
0.5181063780328259
0.18861562642268836
0.6523491345287766
0.27537847598432563
0.5800500868936069
0.03705698638805188
0.3787844344624318
0.30840975511819124
0.05425860217656009
0.4210777882835828
0.34191301406826824
0.18443450218182988
0.11789422994479537
0.8617576912220102
0.7191394476394635
0.45241091839852743
0.8892233003280126
0.7939688446058426
0.5258353677054401
0.2074281663808506
0.16535914078122005
0.5787499517900869
0.037397914333269
0.8789340728835668
0.7987919758015778
0.5370376821083482
0.128761896135984
0.058306008751969784
0.9291076805675402
0.8582305752206594
0.7164458917104639
0.43290704212267883
0.865753049380146
0.7316586861852556
0.46307323226938024
0.42639060341753066
0.35168258016346954
0.7069051920552738
0.40990414112457074
0.8237145036109723
0.631804079777794
0.30267054997966625
0.5428412047331221
0.14818200530135073
0.015115572430659086
0.9833542221458629
0.966710367705673
0.9334130447241478
0.8668453136051539
0.7336579725088086
0.4673533487075474
0.9345924726803787
0.8695814312959556
0.7386595752032008
0.477821721782675
0.9536316826124676
0.9122948908770923
0.8170406460703816
0.6408845643454697
0.25690421866602264
0.6155005108448677
0.10554340123781003
0.33765801187837496
0.17344074044376612
0.5987105709209573
0.06473267215187661
0.2734394641011022
0.08202450803946704
0.7851437207136769
0.511689872975694
0.22651429209508933
0.19520081026712433
0.648229394806549
0.26514005713397637
0.10863804630935192
0.8420317144773435
0.6843078070960473
0.36763809897820465
0.73771998466691
0.471529913978884
0.9469698777538724
0.8763444793003146
0.8093848296848591
0.5552322778094094
0.17400191488559358
0.09434195881476626
0.8262562061427161
0.6375001480337232
0.2895838837721385
0.017709179781377316
0.9380196020647418
0.9044329491152894
0.7778752981394064
0.5860850671015214
0.05031344943563454
0.4093732293113135
0.32239331665914506
0.1294438874174375
0.04703104076907039
0.9136458553548437
0.8193420006136876
0.6469614177185576
0.26218574537779205
0.6029828669852577
0.07901451262296177
0.2879032584023662
0.00552308710757643
0.987578210682841
0.9712806293100584
0.9463454979995731
0.8754178081580903
0.8118713692238089
0.5612417838710826
0.184984522376908
0.11996474902844056
0.8649440550943837
0.7298727172892541
0.4597611255594529
0.4194607390090823
0.3390745431825053
0.6779030379257165
0.35605498534278013
0.7110037066158839
0.42555508637451567
0.8472306181793101
0.6982702190580312
0.3813121331331786
0.8011985986377113
0.5403853584139142
0.14131771339452825
0.006267758726608008
0.9886109320214018
0.9777082211803645
0.9532211409532465
0.9138799282081891
0.8199750728963409
0.6477323661965784
0.2642441775824409
0.606494739826303
0.08829084751778282
0.3010972210322507
0.04016747197601944
0.8906757955264766
0.7577310600609053
0.6170245009998325
0.10904912100522779
0.3430977061507292
0.1861972293118015
0.6223925373342354
0.11978702995111234
0.364566374453716
0.2291518783022184
0.20827300427481532
0.666577107476769
0.33301602883148007
0.6664753972436301
0.3324669230787549
0.6654078246210702
0.328912111610407
0.6626440969412215
0.31754148067557253
0.6426432713051327
0.25074869036325254
0.62360041734064
0.12208686865051277
0.3695723753189668
0.23866313815233298
0.22779026301577687
0.7037265526305418
0.4122138803068083
0.8172254892415367
0.6412872177606914
0.25620678611448966
0.6134882007609122
0.10319566298858263
0.3294443998602219
0.16083429532591254
0.5628871575754602
0.03052895379369147
0.4673842015909031
0.43463870327104814
0.8694071070058271
0.7383564494084567
0.4782845550798811
0.4546922752633691
0.41121561496402137
0.8147407858050428
0.6484635182714555
0.2694916863401886
0.5663273163954727
0.0271856444014702
0.4606215272215195
0.4212421007687226
0.34248658575234003
0.6849691183306277
0.36994228995172307
0.23987015534657985
0.729790498065995
0.45952085420140065
0.9190989914932288
0.8379631070711184
0.6765232034085784
0.35214423047727905
0.7051524903508835
0.40699382140883245
0.8267592560150661
0.6377638047852088
0.29128231704817154
0.5196068401564844
0.19703541058697738
0.1265688688145019
0.559656418627128
0.1819343637325801
0.6133212959393859
0.1034107044688426
0.8298396732425317
0.661731654079631
0.31552492134505883
0.15070698224008083
0.5196604178927373
0.19682969243149273
0.12614226987352595
0.5586811209795997
0.18144903681240976
0.6108840327651706
0.09878174876212142
0.3144775315304287
0.1493692958028987
0.5184673606709111
0.1892713170091156
0.15395805618027225
0.5266346351709217
0.20955219637835398
0.6689784778282046
0.3382659763447009
0.17605690320488065
0.6025508877646644
0.07859160055522807
0.28852898452896625
0.006750125932740048
0.4900559858651832
0.4801186356053222
0.960211570491083
0.9205222632735968
0.8409225167124532
0.6819668644166086
0.36344604459009133
0.7281117753009312
0.45414937791065313
0.9105534952250309
0.8137952290999237
0.6529660330561455
0.2737200024712365
0.5810734680271707
0.0336336073523853
0.38320422341348603
0.28444444912020117
0.01032554663834162
0.47363888332620263
0.4399301830853801
0.8989045267808251
0.7689985527249519
0.5653427618963178
0.02520819308119826
0.45474091375945136
0.41140396206174046
0.31502640459802933
0.6494598910212517
0.2660292870714329
0.06964859727304429
0.772117327695014
0.5754541228816379
0.010359577048802748
0.4737220239476301
0.43975367839448154
0.3984890213178005
0.7694520522491075
0.5662468977097888
0.027026011171983555
0.46029819280374795
0.42060593704809435
0.841196556459181
0.6824085197877139
0.36474812269443646
0.2297292286530137
0.7092153285339009
0.41867122749681585
0.8363781635998748
0.6751830781868193
0.34647424131981097
0.6967945170472376
0.37616061363951303
0.8087453682092018
0.5561809219943825
0.17306130690849386
0.09783159819198772
0.8140713995089754
0.6534113537054509
0.27569477778160945
0.08209023904055357
0.7909504980489146
0.5174478706612717
0.1930988668173086
0.14401023177197203
0.5028642182005569
0.24400967895053327
0.7360662404389586
0.4740855722629931
0.9403587526758201
0.9002486357057933
0.7672942668141332
0.5677911798411515
0.01839605378336273
0.43913394323317334
0.4036604427965358
0.2760622739151586
0.5834036628948525
0.041776929050683975
0.8960838336206507
0.7607974987186026
0.6000232658989262
0.06674765792558901
0.26678846770664677
0.06655499327462167
0.7671126721252222
0.5675810571119655
0.017715214897179976
0.4380335789755918
0.4044485061895102
0.27786063458188437
0.586147295369301
0.050468415749492124
0.40953059354797006
0.32296742239850573
0.630309859465342
0.29968215958797373
0.5329582172562368
0.13818180855014361
0.04198890371480957
0.8964769139420241
0.7617069264524616
0.6015349198423792
0.07026127065182664
0.27331925817998126
0.077928525977768
0.7651729241770227
0.6085242540866602
0.09185395870008506
0.3095013741985895
0.05552618647925556
0.9245289346145
0.8451516200730111
0.7000688620319124
0.38353617370012216
0.7836738949990831
0.5082657736784313
0.22209789403132163
0.1981021870742552
0.6305791208287701
0.3002210173290223
0.03403489067568444
0.3844791306764819
0.2826262025628239
0.01252214246778749
0.47717698832275346
0.4553691610926762
0.40628442660090514
0.8280046605505049
0.6404396530124359
0.2964432389999274
0.5304475497105159
0.21690084695001133
0.184412433183752
0.6178478116926271
0.11167267806013115
0.34394885634537786
0.20279521428165026
0.1399580449797213
0.5455477360810619
0.15357122776913457
0.025991757109295577
0.9581109661376104
0.9163451970089227
0.8322000825428404
0.6656230772205163
0.3291638199298177
0.6604275846038945
0.31356070810579695
0.6526372109656222
0.27444785335683264
0.5785015721921809
0.038366059452528134
0.381350954354275
0.30199710524175316
0.04125006988761015
0.39524428034201264
0.2582619983877521
0.5970904027926736
0.07308705584728159
0.2555491107632406
0.11266072385478765
0.8464151937805582
0.6967366420722101
0.3758951452036854
0.8113606513361447
0.5602212412341032
0.1829425439646002
0.11588484112871811
0.8567703053122386
0.713539686286822
0.4270802075625397
0.3541573735419661
0.20832715099095367
0.16663903585867956
0.5832933374913409
0.0415256111882627
0.895703883114038
0.759898256714223
0.5981810183438938
0.06262597578461282
0.2808092357008718
0.09293139807414263
0.8106110419903416
0.559351453121053
0.18025705325999297
0.11136836936930194
0.844624170800671
0.7019121959456243
0.3882780196436215
0.7920632160967216
0.5217327664140612
0.19932691106805578
0.6346176418010145
0.2828985816449858
0.013090437510982156
0.9792748876789119
0.958581456769025
0.9170391277584713
0.8343851095705759
0.6682754857174587
0.3370640631474089
0.6719002760364674
0.35152172661037184
0.6952307148021646
0.3982741680520121
0.7652973824297078
0.6087221490743104
0.09244048348045908
0.3098847816581838
0.057252397178672254
0.9270601074967999
0.8540582261339296
0.708178441185737
0.4161089268454816
0.8328377425787039
0.6646836629661266
0.33035914818174206
0.6562550963717513
0.3281123187916819
0.640595807984937
0.29682616764330305
0.5311360632185824
0.21853848794125952
0.18701999384211376
0.6242393056163564
0.12323780846782029
0.8717075983004179
0.7424882250779774
0.48735682139522396
0.9711125681060366
0.9456431061553303
0.8781026167271193
0.8067423447209876
0.5515950326516759
0.1647135312377941
0.08040359517326578
0.781412688898854
0.5152178367134184
0.23343890119576827
0.717182501219213
0.43384668085491285
0.368255790672265
0.2346950706851203
0.22572241770103574
0.6934035776357632
0.3954126282769721
0.7585693750879727
0.5962688991858158
0.07132398229441606
0.2503663130919449
0.12432845996227115
0.8735958847973961
0.7472528047219384
0.4942614689061884
0.9891332891420461
0.9772900163952727
0.955556594330119
0.906718658428872
0.8275974696443882
0.6395699513086583
0.29476488832733594
0.5270297906245105
0.21030952260480262
0.1706191900302656
0.5912381700472906
0.05747654847800732
0.9274522931955289
0.8549076849303674
0.7098115561238956
0.4196269232488703
0.8392385970219038
0.6785153261444066
0.35696581736556254
0.7140021395753138
0.4277756134106312
0.8563444454339333
0.7116820492374245
0.42441600127494894
0.8448060664231889
0.699496013490716
0.38379808780155145
0.7817086481372826
0.5150898503197823
0.23328944187960587
0.21659414254827425
0.6831272499402985
0.366407087771222
0.23255477621569298
0.21536895172903314
0.6798147468362004
0.36284146836260334
0.22183390869759023
0.6973394617380109
0.3796490180247929
0.797460260160733
0.5371736513043288
0.12966420091106556
0.047444882860872895
0.912150407442823
0.8172821589396335
0.6413692625064868
0.2564481064036954
0.6143347370671108
0.10379630513489246
0.8320352071605157
0.6660018143884372
0.3300525564409327
0.6620503942831419
0.31630757069797255
0.6521169765037484
0.2730108943360392
0.5771773749147542
0.014126001537078992
0.4808899139170535
0.4622660825261846
0.42258106663939543
0.8500377931632102
0.6917993623646908
0.3918701802904252
0.7544720960431732
0.6094099656038452
0.10144074624986388
0.32012859341921285
0.1480084169888869
0.5148284503084142
0.23253690314595588
0.21568499237764627
0.6803902034007479
0.3617693678534124
0.7191289447364397
0.4524333054723684
0.8891805720631965
0.7941387413593475
0.5255180675012525
0.20756843985873275
0.16421748156426474
0.5816127998987213
0.03417986654676497
0.8852535775804427
0.7856438442540821
0.5014634991239291
0.24706750523182563
0.24315874412423
0.7372935757739469
0.4706813700031489
0.45112624633475207
0.8866343768895604
0.7888862735417206
0.5074674375646282
0.2414670976868365
0.23300941457273439
0.7159002177650109
0.4319186240900308
0.3632919738010969
0.7284910577000119
0.45502159956959076
0.9120029993355274
0.816169181780424
0.6519687938562129
0.2725655192916747
0.5765031014452688
0.011892940296093002
0.4781315539148636
0.4541879423195496
0.4104509458702523
0.8135170699097216
0.6527294564875774
0.2746671607310418
0.5787055497639813
0.03718435580958612
0.3796511859400198
0.2974647216324229
0.5371897094883025
0.12967845908133313
0.5473799222381786
0.16229713847860694
0.5670326065446716
0.01587535088765435
0.4444477350334637
0.3968298000982031
0.2619215592567343
0.6031878595240414
0.07942500541685149
0.7857990531483665
0.5003137218300253
0.24914829718181863
0.7481020411942154
0.4969956353888847
0.49301660410128534
0.4870021898241248
0.9701171434135176
0.9499675466504414
0.8833657168142963
0.783220106648514
0.5087333189730998
0.22157589133712463
0.19702345452969894
0.6265800249530002
0.3096795880701393
0.05697731263353489
0.4259761786670424
0.35315824882127345
0.20437679821043275
0.16065796633483842
0.562725828611292
0.030968223931267858
0.9681874537782278
0.9363713796192314
0.872755214892095
0.7454954154964071
0.4910050092439633
0.9819524480844848
0.9640536982624326
0.9278821976331528
0.8559784840035718
0.7111325165897142
0.42542407938162796
0.8469552602036856
0.6977681330463383
0.380109630379593
0.799037620134186
0.5319131309224758
0.1390215743740555
0.04317986749811098
0.900080438121222
0.7669577512424439
0.5671186275430955
0.016073192498879507
0.4447440415387973
0.3973005826410372
0.763351165689528
0.6048273299238645
0.08465466593042947
0.29430932441027835
0.026118656271137297
0.958487282769056
0.9169746400148142
0.8339491534570698
0.6678984333702829
0.3357964165916201
0.671594409912359
0.34318694230751134
0.686375672754366
0.37274401416652836
0.7455066249822266
0.4909851166012231
0.9819966976647265
0.9638906369509641
0.9281788369116839
0.8558663527655881
0.7122333845763933
0.4224983853928279
0.8498948420747183
0.6914278677722905
0.3925298078393098
0.7557474818895571
0.6130727225972805
0.09717053067288361
0.32348000787897035
0.1310889677843079
0.5514893445943017
0.16449402042781003
0.08143755339551717
0.7839402463578153
0.509384971956024
0.21982451606891118
0.19952909898711368
0.6339291048934683
0.28125162119977176
0.01562250460847281
0.48437002493301407
0.46873999456875026
0.4374801838712301
0.8749601329327561
0.7499204876658041
0.4998400798358489
0.9996824845438823
0.9993614519480616
0.9987262422800995
0.9974396082398016
0.9949285751499701
0.9897963464318309
0.9796527813596185
0.9590637769724708
0.91873416324961
0.8364344385627192
0.6740420008718502
0.34443579518119805
0.7015517632826231
0.3870050272962544
0.7900634927791543
0.5160685625451151
0.19473680792725645
0.14727896329713985
0.5133324837079272
0.2297609995584935
0.7095506094337907
0.41898105581640266
0.8382596581359394
0.6760806256497744
0.35258659123792313
0.7035271386266686
0.41339430611697026
0.8189951786771417
0.6457723643979989
0.26032521706656553
0.5986381329712458
0.064929044485325
0.27389753359602764
0.08148984855506569
0.7840605092060287
0.5095771667838562
0.22026471063145436
0.20035650167847052
0.6348423389717937
0.28592624742304906
0.0004947375273332
0.9982810702931602
0.9968061452091206
0.9926362020487431
0.9877133337722626
0.9715208933630493
0.9469461327826139
0.8763189052406233
0.8092708098411094
0.5550726717046928
0.17505245466600172
0.0963092259480618
0.8214026911882684
0.6253490594681352
0.31173418421531096
0.060723274014890194
0.9341916427656543
0.8672808375849854
0.7381112514704
0.4723009923181962
0.9485234980820678
0.8813533241918776
0.8019904083048459
0.5412328277889173
0.1452137189626228
0.008185497426893562
0.9719756672857329
0.9477960725780576
0.8800293724634685
0.7988446792878676
0.5321700260101352
0.13954203980392776
0.044684761378448457
0.9019687027903274
0.7725653420202434
0.5765027470770292
0.01189222015091218
0.4781301138573326
0.4541851058602333
0.41044529151986353
0.8135054446174763
0.6527977100631688
0.2748355640505906
0.5789660883019678
0.0378169039322529
0.38031364866765216
0.2997089453274384
0.03298100389656611
0.3882582695223391
0.29200367370503955
0.5219515805947594
0.19966294305049814
0.1341911035706289
0.5320463209645823
0.13930749334394932
0.5442089931748342
0.1509489798627328
0.020508724206592888
0.9477528649149463
0.8793924578931183
0.798335682193283
0.5361245042004157
0.12595987916574813
0.06149028643267229
0.9354803349124268
0.8709609061479568
0.7419208660139702
0.4838441087922547
0.9676844103378244
0.9353726055996958
0.8707281195966061
0.7415142941463273
0.4829681492119562
0.9659963203012012
0.9317495132854674
0.8641058018838521
0.7272473198536318
0.45545653949375264
0.9065327932476066
0.8271658103039954
0.6390997728740331
0.29336392108234577
0.5246851289994083
0.203698842698941
0.1621565202367492
0.5672959048533812
0.016419164137914777
0.9439987974183168
0.895779100334039
0.7603391952288803
0.5986794123600703
0.06485627006622963
0.27374787762528285
0.0811947927577421
0.7832048542622942
0.5087868259579409
0.2216751847008709
0.19725664897123352
0.6269350543152541
0.31051103078061715
0.058521585538983345
0.9295436450920533
0.8590851565531921
0.7181775700009894
0.4363475851423573
0.8727026804699562
0.7453749626001809
0.4908256827329751
0.9815311130951159
0.9631823891832028
0.9258173693378922
0.8533971288416069
0.7048907237767708
0.41167353742639534
0.8155956100090407
0.6504783294221852
0.2703170104359742
0.5708464232156985
0.002105444116750732
0.49270576128037646
0.48654067295137793
0.4694192365568597
0.9515337855555117
0.8869542900356464
0.790754282992566
0.5170554412470665
0.1923140064754989
0.14146395382704213
0.506560716428794
0.23968393658287823
0.7293678583519068
0.458735753869405
0.9174714482505806
0.8349429556692485
0.6698856443108525
0.3397721956425812
0.6795434470404871
0.3590878333488945
0.7181718648062088
0.43635322133195587
0.8726913775317371
0.7453977756085806
0.49072712488123216
0.9816745487623848
0.9631111547641922
0.9264585859200452
0.8519484734570142
0.7063068856659811
0.40878618459100835
0.8213604008196853
0.6252494285872672
0.3116332551871892
0.5608844977687113
0.1837853932811413
0.1187771696713753
0.8606508203083649
0.7231917635072023
0.43765755608910695
0.4058248223736882
0.2802968867763411
0.5922413360676728
0.05899135154322721
0.43098338023992255
0.3599983813473955
0.2248948265623767
0.19142784411087632
0.6425297271634918
0.25574743395554833
0.6130725086550228
0.09717022013501264
0.32347891182871535
0.13109177409205586
0.5514864011493046
0.1645000241987873
0.08142622734885663
0.7839842306275386
0.5093101612583268
0.219856563169742
0.19925227208295837
0.6346531107556075
0.2829942186945118
0.013184430077672005
0.9797351890883874
0.9592261789075565
0.9186965543485712
0.8364163171208929
0.6752746216661762
0.3466421141929459
0.697191305400338
0.3768012746295426
0.8102556018275209
0.5579958107846323
0.17850731252110563
0.10695311304880306
0.8390592908253893
0.6778572748880833
0.3560168645926751
0.21111820172518492
0.6754102320119273
0.3467921432747971
0.6976126073277555
0.37911193157196976
0.7985070709255524
0.536467259429628
0.1276220263389405
0.056025269150268286
0.9225975213339552
0.8500777340959758
0.6918548108660616
0.3920099186070729
0.7547241620486602
0.6100323202554137
0.09994947822997347
0.816589473048225
0.6422423087642528
0.25515722649288364
0.6119074686430395
0.09478661901084706
0.8246440311195329
0.6341513623483479
0.281974571000319
0.014144480810500681
0.9809255881991703
0.9623398445837665
0.9227260890475009
0.8503354655986186
0.6928565257403534
0.39353031243081205
0.7518962872563861
0.6229412759712432
0.12085397154442035
0.3668060374329798
0.23349761159624904
0.7171096641395707
0.43373867639456876
0.8686675383942202
0.7355803158134222
0.4728696168749593
0.43914743594359607
0.40368549784761854
0.7761209919117391
0.583491993311327
0.041983971517765895
0.3964679581695236
0.261685848236084
0.10149693486164324
0.3201811313047074
0.14817500102799386
0.5150990484107751
0.23332548097823747
0.21664714731741697
0.6832981091283727
0.3665790529048536
0.7332134179887362
0.46636580178164877
0.9327926349942572
0.8653411387058441
0.7312926131708082
0.4616086811001878
0.9241938685881905
0.843993399903411
0.7028791311604436
0.39013352917390876
0.7958910746383481
0.529284563526744
0.21481543066329323
0.17963414191035554
0.6092566569568589
0.09356290893629193
0.8120647689502221
0.5616906217474025
0.18563704422558658
0.12188449542736635
0.8677311682840809
0.7365005153696984
0.46933804225409403
0.4512501610442996
0.3874824554368388
0.7895646509132348
0.517804288683692
0.18819619793794118
0.15471357729984447
0.5276879271259531
0.2121150593739003
0.6720291130186524
0.35114771415828727
0.6943457371671684
0.39694603174575604
0.7621477037318982
0.6029334226914216
0.07888335399911739
0.28767980757402256
0.004925255314446986
0.9867174479004461
0.9690129524387885
0.9522127568779979
0.888941664568847
0.7930505361582618
0.5251880588184576
0.20461185250314884
0.16132952220505103
0.5645867426646873
0.02396568446420133
0.9552170593233313
0.906743398954859
0.8264033629966434
0.6374220514844637
0.2895020784053486
0.5189293487346731
0.1902186618244741
0.14991134480806068
0.5168160485336557
0.1916034494061023
0.642224873037776
0.2551680105680134
0.611837784119416
0.0949214288557414
0.3243495612987317
0.13430793676525354
0.5323636871471535
0.13676405089790933
0.04092335415771231
0.892362826387398
0.7554595347028226
0.6123585417517461
0.09611840269644745
0.3206509448355064
0.12812212508288212
0.056764126755297184
0.926327940513147
0.8517401157587301
0.706654296227498
0.40927932315389626
0.8225893433555029
0.6290615982434247
0.2984101808106061
0.5361343582044356
0.12743865643278696
0.055170400824863464
0.9252817310625687
0.846658404218033
0.6972211511456408
0.37686608455260284
0.8103642113273963
0.5582575092557818
0.1789845014573075
0.6079995187465101
0.09087697329232469
0.8070591150317341
0.5511299558565952
0.165248164703371
0.07829913636669517
0.7886782411660533
0.5069220161240082
0.2405282004910987
0.23050862591480836
0.7127853924175724
0.4235890198033303
0.34923037662520073
0.690522248914931
0.40070765305426903
0.7696622423827648
0.5718085411353968
0.0011123883596155792
0.4961360449087806
0.4940425787353888
0.48609938778099604
0.974189302418381
0.9404518131050281
0.9008313512022141
0.7699094159470405
0.5715714693942573
0.000506937358295545
0.49823302001459524
0.4967290157219395
0.4924515474413056
0.9873740649782121
0.9709496453288011
0.9454274085874204
0.8787722406850662
0.8083219156542327
0.5541476494108792
0.1707781289878767
0.09161157481139526
0.8081620995653793
0.5538852715399116
0.17002634290838614
0.5906630968675017
0.05534936342155561
0.9241761978482828
0.8439569112379104
0.7028073524706997
0.38998589481343515
0.7956063196761534
0.5286973870825022
0.21366000786656514
0.6772514479234815
0.35472402948653325
0.20920022239442915
0.6686479237687308
0.3363071237981785
0.6751051304163411
0.3462432664819062
0.19645337780821137
0.12508491397602484
0.5623020002385601
0.1870492014568299
0.6241517491580453
0.12309756418108009
0.371988317288924
0.24300093587953597
0.7369774668768514
0.47004965055384673
0.9498610608861782
0.8831302912731189
0.7843114896968473
0.5098005879262928
0.22351104216068052
0.18829264567466453
0.6548443014035001
0.2785004985053092
0.08800592701300047
0.30162312841275707
0.03976591280661523
0.8930178020091262
0.7503761156403925
0.6243021845293697
0.12353611385333352
0.37231110193533823
0.2443785419454798
0.73899930974585
0.4770268439606298
0.9564874331699684
0.909076277166605
0.8220243621035479
0.626581614749739
0.3096813148295041
0.5569851432810538
0.17598020602599718
0.10318576433928683
0.8294113703304902
0.6607825413811952
0.31275027111405507
0.15538440365344286
0.5296413548931014
0.2150422823324334
0.181312182394322
0.6106634893221781
0.0982878569047898
0.8127555899263825
0.6553745149576571
0.2796191892994102
0.5900020079570822
0.05621707779937424
0.4228780822013505
0.3481059583136812
0.18888775751111098
0.1531659015454352
0.524105836841045
0.2054372226994019
0.15648092766059563
0.5778508264338598
0.015089246677234769
0.9832884767965879
0.9665912437194493
0.9331238738668617
0.8663964571605902
0.7325679210189264
0.46534733424778096
0.9298781444667839
0.8629377166798804
0.721938695613062
0.4478598159912508
0.8799728596932255
0.7991298128908966
0.5313045362418052
0.14054882127675228
0.046729914320167154
0.9059521992458031
0.7806620278861374
0.5925435382523574
0.060163370362715796
0.4327046707039699
0.36553141128388233
0.7305135065689683
0.46279703121399507
0.4236104259034619
0.349204486963572
0.6904744110070169
0.4007852181675844
0.2698017117800191
0.07137209599022754
0.2502882630797103
0.12405020699952729
0.373498699744232
0.24650724048842676
0.24350453622173518
0.735048749280395
0.47499890861217864
0.9416688989149407
0.8916652910411358
0.754174837784376
0.610429080115864
0.09793521263054572
0.3134767820010893
0.1528317549964413
0.5249017912719864
0.20410045751486905
0.16308372758794576
0.5683549549721647
0.019522410730132833
0.4413885705289431
0.40230839198920876
0.27336678028223105
0.5779835698194802
0.015342123981099576
0.9838092658901587
0.967618475900963
0.9352371455752291
0.870474045193987
0.7409483365772758
0.481895685516065
0.9637938730302267
0.9275840503687505
0.8551714388595428
0.7103307173529174
0.4207110291754361
0.841361019469332
0.682783077849308
0.3653220002015587
0.7312543892185204
0.4614711212052498
0.9239798996713944
0.8442669041978661
0.7013826177862938
0.3873834225523751
0.7894162362790667
0.5187700641399715
0.1896492744272109
0.14905868069035932
0.5178591826697811
0.18750516953878105
0.6562374509812798
0.28122108717798255
0.5937017112155445
0.06238816320546903
0.4372915863641538
0.3745145061984658
0.24926171122933738
0.24827736750012264
0.746800807188265
0.49261739174835384
0.48769529405399226
0.9714517901302315
0.9468425626691896
0.8759930515952874
0.8090253029076848
0.556045717879897
0.17261471480014734
0.10021139442687854
0.817488293047063
0.6429110371973366
0.2501776624121703
0.12462236639112234
0.8741244808479678
0.7483691093220841
0.49625186013872735
0.9937167325406335
0.9853774969524238
0.973104616481578
0.9388852228585165
0.9031603107869159
0.7740971510938834
0.5804170574701857
0.03144336861441843
0.39026413107058033
0.29619128245394677
0.02981784174335189
0.46595008624717593
0.43167473303037696
0.8641468120622449
0.7273322014661971
0.45557241918868385
0.9074593067052774
0.8244418223912362
0.6344774445460644
0.2826286573836114
0.5125153593835421
0.22719817110919394
0.20534244301961735
0.6563206432620063
0.32788539701141417
0.14024409939884208
0.045995781489182264
0.9046065845759585
0.7774816616438329
0.5874081600341015
0.04808503590174951
0.41037812136346474
0.31416537053883076
0.15371710152248852
0.02619913121452555
0.958633033442311
0.9172812064643949
0.8345016758539714
0.6691554626740981
0.3380672618804965
0.6763765181531198
0.3516613181272987
0.7068549246178009
0.409811354969861
0.8234979580156505
0.6314484096947126
0.3018353117222432
0.5412946758442558
0.1445313319854904
0.009765434893779457
0.9707026814867277
0.9511710512742866
0.8867168791184667
0.7890595254430082
0.5078056350757834
0.2421746633190196
0.23434557247674093
0.7187004092847928
0.43738746573217213
0.37478828299208544
0.7495250674546696
0.4992484993126709
0.9982528574764729
0.9967498573823832
0.9925231504312251
0.9874877090041991
0.9708250199619215
0.9461666601418983
0.8776848530105781
0.8061509858525824
0.5478487126238178
0.16308066991041414
0.06834835553308949
0.7695096953539178
0.5663612035568804
0.02725850004935637
0.9607592513784766
0.9215262517682277
0.8430176343827043
0.6861571607587393
0.37219224937143736
0.7445065737119876
0.4885248582868371
0.9782704276149161
0.9545877023192588
0.9111286255938467
0.8134680755611043
0.6552565751771908
0.2792626812297385
0.5897765238187276
0.05455133636132814
0.4216043453780003
0.34320223855320364
0.18642930992064066
0.12282803887501359
0.8706866588618141
0.7412510218273383
0.4828080085280817
0.9650962794548832
0.9307580282038543
0.8596889654581901
0.7257081826392096
0.44342004458303563
0.8954459269880317
0.7586654107144568
0.5964319071208593
0.07177125636371784
0.2509623611695133
0.123997061396949
0.8729869702656288
0.7459984976158012
0.491968027461553
0.9839646649197675
0.9678091674868483
0.935915880399989
0.8713930716330651
0.7432114785478916
0.484776927245548
0.9758938670274802
0.9439943215402309
0.8957686595094856
0.7603198887954932
0.5986501273873728
0.06488087723846547
0.27383252879371867
0.08132618467789143
0.7837756832886953
0.5088379304215778
0.2191488585958723
0.20246192632475868
0.6392845481168479
0.29424320958787575
0.025927769020199776
0.9581625172577333
0.9160849591426086
0.8327659498609137
0.6646655015356373
0.3301878198690247
0.6570763140334748
0.3268512635549996
0.6380646674078889
0.29180386630469
0.521046846464742
0.19840448969625868
0.13094007718609646
0.551551933051087
0.1645697255153209
0.5802647868113127
0.031886537646641955
0.38893787033157423
0.2930429765256122
0.0251576095179189
0.4546883861767128
0.4112001993053127
0.8147175925550982
0.6485086956527084
0.2692921418347396
0.06602724548429251
0.7764597371860873
0.5843013790145051
0.04309966551954858
0.3999334135442041
0.2667370204580948
0.06644905151915736
0.26747970608994365
0.06813291014987044
0.2691050862777047
0.06545642449054867
0.7758425476786215
0.5824449649371672
0.040380059188464656
0.39129942312138155
0.2562504942761734
0.11354528370429762
0.35260841983836144
0.20337147245300002
0.1632007579319179
0.5687134407635313
0.019747359881876037
0.4469691186095588
0.37634306435938925
0.3093863011163194
0.5552352988161147
0.1740077223512344
0.59435379516799
0.07627874566242099
0.7625502936716657
0.6022413952450734
0.08046698264661245
0.2815089155337773
0.01475428359117359
0.9827556337986607
0.9650229900435079
0.9312666665355209
0.8604581915715244
0.722991520393407
0.4386588798079174
0.9024640074349009
0.7752655175572727
0.5798269750957843
0.03660799723002128
0.3778992345905863
0.306594627792947
0.04872089790296741
0.41191008454188704
0.31594702156144194
0.65157740394352
0.27166114436113276
0.5748145210673101
0.007910180051112548
0.4724772889749147
0.44886893848888576
0.3820840144471731
0.8033309514285065
0.5440417977806646
0.15069780408521183
0.019676989293657243
0.946795124822529
0.8761608684726525
0.8087430898158345
0.5561753058282193
0.17305351674440317
0.09781227767234668
0.8140364539576694
0.6533263230230659
0.2758675027289428
0.08249845262616873
0.7904832497879397
0.5165153559937607
0.19415577637846582
0.14614324358990416
0.5110054378164932
0.22516811429522932
0.6923845294804778
0.3930640547478106
0.7504836416919716
0.6245022156799678
0.12400519996299408
0.37300950015196577
0.2460198944900185
0.7420360335090663
0.48408136688522063
0.9681490228394978
0.9363113990111742
0.8725712921877857
0.7453409672889393
0.49043776231701486
0.9811196969239973
0.9612627186870668
0.9249672357400414
0.845783611497609
0.6960842716216575
0.37745723777334206
0.805852955149021
0.5470168775937054
0.16358238816610537
0.0695514936815016
0.7716760257026181
0.57483188691549
0.008111802453640848
0.9717270685359836
0.9476674706093036
0.8792140301375184
0.7979979155061301
0.535172388626961
0.1268986225768458
0.060445491631980985
0.9333604736020789
0.866797213209793
0.7334648226969875
0.46705923046101816
0.9336569950683042
0.8689195073675364
0.7359194816672243
0.47366641930420883
0.9398290909593925
0.8987166474107653
0.7685550833703019
0.5649407657620031
0.023924506298499182
0.45654041168745607
0.4091745803889353
0.8222553813830018
0.626932710816618
0.3105059409572277
0.5585119862225838
0.1795235701429192
0.10904869000660256
0.8430954726645723
0.6861928526777774
0.37237807601923123
0.24477522540837526
0.7395180263265502
0.4790713381662499
0.9580282358801924
0.9164531984424684
0.832402861531591
0.6653321438643616
0.32864632035489194
0.6622402695356868
0.3169256391993258
0.6407605277490802
0.25736699035041966
0.6163565547321923
0.10743942359113134
0.3407595356111415
0.18057162559125572
0.6120894004416186
0.095302688452648
0.3252504776464775
0.13517923283507116
0.03549707855563611
0.8761623220343608
0.808740151609527
0.5561687752197031
0.17303868205635808
0.09779517055721954
0.8139699330786243
0.6535517445299774
0.27560552960494533
0.08271475112996995
0.7894367124827113
0.5188324890041258
0.18995144809014164
0.14963265898404643
0.5158101856941357
0.19496975955553353
0.6477223379479256
0.26422196635394357
0.6064745484036393
0.08834579554968514
0.30120333965169266
0.04039484134409577
0.8913368557405192
0.7563060471147764
0.6136867899040226
0.10285971508710645
0.32877321989508346
0.1624216219643131
0.5665500930335838
0.017102867393987253
0.4426072387723252
0.39278282204759307
0.7506535495631397
0.6233773521962576
0.12126657195040025
0.36875360884005204
0.23543225973844528
0.7229386456019711
0.43849549067090265
0.902774523885455
0.7748063876351807
0.5788791699742433
0.03767161045107059
0.37989345140522346
0.29929163947235793
0.03168198259663768
0.39003079710528255
0.29566084520774893
0.5289208723115735
0.21396967457258143
0.17806141852634028
0.605634558130987
0.08748981542885303
0.7979044401727151
0.5355671671859454
0.12631016407976858
0.05926089169224724
0.9300452823517844
0.8625317250844091
0.7209136742749251
0.4459768152155448
0.8773060276871547
0.8049019838217646
0.550490164256189
0.15955884780851193
0.07303909119218588
0.7553924382373225
0.6124995243444573
0.09583381700213067
0.32083167223026976
0.1270897452486679
0.5552202367980499
0.17397795201395638
0.09426339634228498
0.8263742160343099
0.6373687655723188
0.2893839411844965
0.5187114949221723
0.18951544296578504
0.1491972923395224
0.5181506952503696
0.188525470206514
0.6527428702393081
0.2747280335461255
0.5787355412612669
0.037414200050989166
0.3789666209486313
0.29876570182386786
0.03698458828148432
0.3786564082838595
0.30809493103879504
0.5536888932692818
0.16987875537597574
0.08975362806813791
0.8045170299010351
0.546518562361598
0.15555262280395254
0.5297856264514849
0.21606396394781768
0.6818837836326566
0.3640117171162274
0.7270468569477089
0.4565351346100215
0.9091639533289708
0.8222343894012738
0.6268904157041106
0.3104216943902429
0.5583424355718307
0.1791872532630805
0.10837069858098403
0.8417452042922378
0.6834732503048144
0.3670017834811006
0.7339426067774184
0.46794612766825594
0.9356482385774143
0.8719062843883876
0.7428378924669232
0.4866504418605473
0.9689082524855621
0.952701471891487
0.889674920210382
0.7953715949261095
0.5277548081649002
0.21224828457343392
0.17254296847386286
0.5999692244222388
0.06663576210848987
0.7673094874189701
0.5678140205272939
0.01844933335087262
0.4392139545525424
0.40391747874673456
0.27645930674043484
0.5843029757961631
0.04310299310600385
0.8999410684918985
0.7667408820707351
0.5664070104830898
0.017576729907887056
0.4433566377265379
0.3945255733851809
0.7538956762291491
0.6210716415080242
0.11714424393721856
0.35928463988238946
0.21857893280684948
0.6871415348432492
0.3743017846427392
0.7485463497578166
0.4972910600772593
0.9943303594482131
0.9889124740439001
0.9768178829399403
0.9561533990490716
0.9085152051120531
0.8204557699791621
0.6284300889528822
0.30783883851836435
0.5529359205975197
0.16861216715187766
0.08625158650102094
0.7999274131143466
0.5332626097369939
0.13372444972628728
0.5340516539290547
0.1345076509169303
0.5326890837168321
0.13763520983047783
0.5399465119407978
0.14333907337277196
0.0015524074551649392
0.9971233761170879
0.9945519028697163
0.9886156209395267
0.9777194054622669
0.9532416626170743
0.9139291394094471
0.8200469632574823
0.6479044191946741
0.2645611341285985
0.6072401119745336
0.08950502882362343
0.3039785705623217
0.04548862820956856
0.9033508387219626
0.7757720654190052
0.5823211205715779
0.04006947259767912
0.39108256256440654
0.25726272515021265
0.11608809567405842
0.3571759714395739
0.21435215161181986
0.6787034981825855
0.35741008244804107
0.7148163632373326
0.42963649090961553
0.8592579167452641
0.7185537420737091
0.4370428727415856
0.8741591784055345
0.7480889981670771
0.4969726454874035
0.9929361843387596
0.9868816541566048
0.9697430942615028
0.9496504494163673
0.8841708558320533
0.7819892679981422
0.5142727922357153
0.2315491102344822
0.21321933710714802
0.6759513466386124
0.35311910486780107
0.20417755804373883
0.16041505249449983
0.5635821803007275
0.027677055506501347
0.9620923937764019
0.9219875201233663
0.8514213310845662
0.6950301550386939
0.3978728282672819
0.7644956290605478
0.6071162839944009
0.08923246766789816
0.3034653235808946
0.044430167181417346
0.9013608233944979
0.7714697244518902
0.5741942323220428
0.0077552983711939305
0.492082545242738
0.4841364634921774
0.46837216315907426
0.9366183807142079
0.8733627071487717
0.746221632376546
0.4937027230334934
0.9855123871820979
0.9727347285079304
0.9392395181057509
0.9038237973290961
0.7765959654643666
0.5841977665841114
0.043639770679874346
0.39880285965045914
0.26879724476020783
0.06469362208736129
0.27416382683441043
0.08055218981462531
0.28171187470434234
0.015076693729497492
0.9833034801122267
0.9665769217826892
0.9331824503897224
0.8662476021272596
0.7327922612603288
0.46513491330551915
0.930698920681607
0.8597413677780423
0.7258907140640076
0.44390777006628923
0.8956893770373426
0.759884149680147
0.5985040802916046
0.06321762289735489
0.2797617571777664
0.09027760371100157
0.8060511180956382
0.5476185935840476
0.16269629370071925
0.06745038746157661
0.7678429752122611
0.5625719358795322
0.03101240287651308
0.4683739849133417
0.4366259116504807
0.8733738786540926
0.7462594911339693
0.49373962558456697
0.9854042051010765
0.9730664566450287
0.9388089514395688
0.90300763756386
0.7737918269995134
0.5812712977349292
0.033395818405551836
0.38342754350742325
0.28349384281318635
0.007849387620808557
0.4725392903201282
0.44902297781663947
0.8823561055469327
0.8038452832552139
0.5449607300979551
0.15321587325888686
0.024170370947103947
0.9556879481533542
0.9073475620243698
0.8245828673825599
0.6340289598156232
0.2814857098564971
0.5153637632029131
0.23385310731828213
0.7177053587220144
0.4354115510068368
0.8708198842941783
0.7416521626582835
0.48328907586983405
0.9665933956275694
0.9331257710291538
0.8664040629228111
0.7325489425275009
0.4653799342631828
0.9298407649039291
0.8628677557280753
0.7216914555465337
0.4477321428421419
0.8793488586670719
0.7982557703799102
0.5359570363943931
0.12563263971242122
0.06080507434671745
0.9336981613887474
0.8689832368399948
0.7360133487381972
0.473979822389083
0.9401471450692043
0.8998255396727473
0.7664479548693635
0.5690287205216009
0.02086994706769474
0.4479898869758472
0.3803547809657175
0.7997720325365663
0.533137888123747
0.13854129557148553
0.042707695451099426
0.8979149885708466
0.7645815268624574
0.6072861464344896
0.0895742001303006
0.30414077115710825
0.04580061536398716
0.40406880620867014
0.2769228969409596
0.5849813590175472
0.045359439129242674
0.40271534567000344
0.27470708976034075
0.07864627920207568
0.28724009403958917
0.004425307008204982
0.4845114445197396
0.4761183304945007
0.4444848152634222
0.8965090280398726
0.7626511514536105
0.602452654769877
0.08087421333766542
0.2828613228048198
0.012955738580785692
0.9790690059599001
0.9580241227813531
0.9164469990937505
0.832413829251891
0.665287083684234
0.32872178169782273
0.6622062427341007
0.3172025735548232
0.6412606125813909
0.2561230395513121
0.6133512959931977
0.10327232503914274
0.32971077162073925
0.16125253832433373
0.5648147065949161
0.0236721136898268
0.4567689645336941
0.40963071773876436
0.8231686585349962
0.630708473501727
0.3004890098818578
0.03455641586333513
0.8855347283824813
0.7866253149404656
0.5031598596542608
0.2443587341986131
0.2389530306099914
0.7269585783360526
0.4563280527945608
0.4087803397269454
0.8213449670583941
0.6254168658342678
0.31186900663306005
0.5612375381169841
0.1849762664642185
0.6199506275297608
0.11490315487026237
0.3547977454145439
0.2096245476277545
0.6692186086729635
0.3384675990382675
0.6768135987804271
0.35393189804744907
0.7073759897612035
0.4152383554610424
0.32828420598525554
0.1636408795893658
0.06935478944797069
0.7719150190532673
0.5746107382292394
0.009054627822479233
0.46931117033818737
0.45118080428801477
0.3876654837222304
0.7899918063194491
0.5184444247570354
0.18924837189842947
0.15382436837535352
0.5265561507840175
0.20912600078736432
0.1684648870723322
0.5861546714149881
0.05048699016333558
0.40955245756777003
0.3230493605369702
0.1304126244795043
0.04994884552434087
0.9082165362488013
0.8212707338097971
0.627892106276704
0.3065662970475387
0.5486764292581938
0.16181838131160475
0.065809003834147
0.7761645164573565
0.583517997758463
0.04218858346575871
0.8966177674010396
0.7622449346235953
0.601691712072352
0.08159539973712526
0.2843455827678554
0.009853279567323625
0.9734419028100092
0.9380337158509064
0.9044487517385278
0.7778612238762435
0.5861483558255713
0.050470650632632896
0.4095346028334461
0.32297661795746535
0.13032647760701366
0.049717124085873365
0.9080215610738378
0.8258334232668858
0.6360114484268706
0.2876779366924893
0.5049224974936806
0.2367106405145023
0.21899826248409227
0.7022563234204426
0.3890114401001483
0.29315369817777537
0.525052894896362
0.2043721473601181
0.16072793677449226
0.5625447425700258
0.031156377837760374
0.4685322399600409
0.4370949900476262
0.3740679284383077
0.7484410027973354
0.49636323674349114
0.4932451379718259
0.4846596536517609
0.9756054506869987
0.9437956097535789
0.8948982685687952
0.7590929960424546
0.5942968172894325
0.07635001846938394
0.26231912506045774
0.10166466946247965
0.831869176850887
0.6598328785330523
0.32357105347909965
0.631518060399685
0.3020948067132849
0.5416991491802037
0.145882087002974
0.5105318134883419
0.22413141862489283
0.6906486862280872
0.4005768688803073
0.7701668904046528
0.5705768516345415
0.0030003961583133787
0.4943890587310307
0.48838829749729484
0.47837042322498746
0.954780091997236
0.9115209385636263
0.8151988593454007
0.6500052628980484
0.2666853294649627
0.5666958576184697
0.016631457634503022
0.44186277250992134
0.3920263113686815
0.2547557850193698
0.6100974478758872
0.10007776803104207
0.816854486358352
0.6420106631703675
0.25472348945913836
0.11003389919642359
0.849946766422363
0.6916023181111086
0.3922224614361767
0.7551636044518091
0.6118205681268591
0.09495661457185633
0.3244363834382966
0.13446202923660167
0.032620741170831025
0.8874765751243103
0.7896321193838958
0.517618674406549
0.18837470104335807
0.15503897733287886
0.5289044567616656
0.21392841031774879
0.6780086767103057
0.355559643561719
0.7127061427454464
0.4233981831057463
0.8488102898118086
0.6895645266922656
0.3992697283101734
0.7682669425266795
0.5638733745145146
0.02815227335668169
0.46156266768230125
0.4241172078764066
0.34377866916474886
0.7030915603972971
0.39055716729490086
0.2967402880312875
0.030976761627243832
0.4682130591245368
0.4364099088415969
0.8728360264794901
0.7456148359924555
0.4914261148660444
0.4826176621718332
0.46546415126067586
0.9299670509062707
0.8623066425207071
0.7211846431309823
0.44578821267350577
0.878389002813492
0.8075688414101023
0.5526223653287161
0.1677600454131607
0.08545119693735614
0.7961356730666012
0.5295282318838872
0.21554667971213348
0.1801264382665977
0.6126795749005396
0.09646636343677528
0.3217917945003137
0.12620356053230353
0.05880446778610349
0.9313286898832303
0.8607052012521308
0.7233597193553578
0.43793988923425786
0.905649772787001
0.7800646851828787
0.5913108250533696
0.057853869831888005
0.42796669848030433
0.3561736036790535
0.21137457879376598
0.17517476854845881
0.5964831628079992
0.07181344760465436
0.2511021762038581
0.12115042691584677
0.8690708757203538
0.7361886226863135
0.4743303741852287
0.9408482313738205
0.9012277720321435
0.7712054844305385
0.5736610285530332
0.00669681848376058
0.4899567335960455
0.47991251258645207
0.45982597980764695
0.9196476638317108
0.839309170783963
0.6786030679068062
0.35722140953294
0.7143817243049853
0.4289161855413113
0.8575879920390435
0.7154203631507698
0.42974102063453756
0.8632086428697221
0.7225072210712824
0.44892450686893426
0.882208754948806
0.8035181568993721
0.5444752786715981
0.15151159252854995
0.02149852685397491
0.9501778398407623
0.8837541171815246
0.7841097969212569
0.5096258437552024
0.22042356283054687
0.20061275019543245
0.6356005008565262
0.2868259996175766
0.0033395066566299647
0.49496025586267933
0.48992051917593926
0.47984100857865997
0.9596820916049182
0.9193640641751699
0.8387282473559026
0.6774559585319366
0.3549136445799377
0.7098253851872869
0.4196526740270201
0.8392977223847993
0.6786145033838693
0.3571985264716204
0.7144275109167211
0.42871775236562826
0.8579006295767613
0.7153138869034592
0.43111509396112524
0.8602780352230184
0.7254350384755526
0.44306714352569543
0.8939313941518776
0.752722251607338
0.61865660813055
0.1105818242940586
0.3478745235479437
0.18914872116874903
0.6537156633858103
0.2761508697003592
0.5835820148931816
0.0420425646007061
0.8968893382407259
0.7620413619733881
0.6026916634000372
0.07820127528975718
0.28883358085295185
0.007430955651216209
0.9913023410190362
0.9827267523214687
0.9649041883239988
0.9315783959755208
0.8612036675622221
0.7243604592222255
0.44090841940487735
0.9013480846188031
0.7714461827708874
0.5741423506697174
0.007659716269699857
0.49188187293475494
0.4837638948811218
0.46752755137276836
0.9350553411059082
0.8701096095028333
0.7402228546852712
0.48044189493521117
0.9608876035199501
0.9217599516559858
0.8435580465302337
0.6870550617168192
0.37417114348500036
0.7480676666018553
0.4970202824624721
0.993048804171849
0.9871120454336051
0.9702577587158885
0.9503412238263991
0.8847837432695087
0.7860736811708193
0.5008830965671223
0.2488059862225782
0.24764249188592657
0.74516290507745
0.4906310129445046
0.48074319734587334
0.9620052232057787
0.9221792726602871
0.850645463942783
0.6937831285467837
0.3948909508471843
0.7590180390398018
0.5939710767997894
0.07782712098560296
0.2650368415634148
0.10816819535102695
0.8414125505660195
0.6827034852758516
0.3655285641143564
0.7305082884267904
0.4627846896473784
0.9235905040986836
0.849233316432219
0.6905320590885822
0.40071745062596165
0.7696966046351008
0.5718639284896199
0.0010276002285536379
0.49650115211261436
0.49349035357590765
0.4850277968507726
0.9749376685358584
0.9415776554378681
0.8921846990997437
0.7549542678461876
0.6115778461971786
0.09386034667841159
0.32797566399676725
0.14033014641609043
0.546270019171061
0.1550782225385774
0.028841535677202046
0.9639979806088377
0.927764904598007
0.8563384794106241
0.7117156560707372
0.42434683578903787
0.8449400187819265
0.699401506135473
0.38439873125753365
0.7823472113232128
0.5120823098404799
0.2277776718547102
0.20335830067051575
0.6637957416241989
0.31978131108917296
0.14737174203037284
0.013496825762558728
0.9801057615550235
0.9602611525915563
0.920461212459486
0.8409835120255593
0.6817226936982479
0.36405651466338895
0.7270744748529978
0.4552790659072343
0.9068921928410418
0.8264892498555128
0.6368489464221057
0.290559957473306
0.5167318633175455
0.19143896075547673
0.1424637155723758
0.5056494601303712
0.23780421470291913
0.7219004841463175
0.44745559719740413
0.8795377112110145
0.7971310952270869
0.5381852403224912
0.13118320432840846
0.0509368724306114
0.915598023799248
0.8291061907075346
0.6606299441191368
0.31394043951877393
0.653263391519431
0.27430835089762695
0.5808143861358985
0.03282352187670767
0.8877925063425209
0.7913244518858846
0.519679702090798
0.19679958207416348
0.1261736347223632
0.558728464297019
0.1811929673422128
0.6104937294439878
0.09766602990566753
0.31442652858095244
0.1542375982971862
0.527250006358372
0.2107194803247694
0.17146949289599434
0.5928168564569205
0.060939036833588034
0.9338590372353792
0.8682371088652872
0.7346268435067032
0.4756810794060584
0.9436756183276884
0.8946600774361286
0.7593291242083069
0.5948906221601646
0.07430454666609876
0.2595691000460647
0.09525094728451222
0.825320925359847
0.6348223011300433
0.2860630593786482
0.5008370560244657
0.24874442516011186
0.24748884933069348
0.7449776997964364
0.4899553961295169
0.9799108043662272
0.9598215933947358
0.919643202185398
0.8392863429326098
0.6785728395625483
0.3571454477205407
0.7142911045229994
0.42858144725323655
0.8571660060551949
0.7143281825410668
0.4286601947096642
0.8573050710256211
0.7146484380646143
0.42923177298507653
0.858528649143409
0.7168294223083649
0.4344564032217022
0.8679525160114281
0.7368246125115547
0.46994217377505265
0.9494102426688187
0.8844018237723503
0.7825252626498695
0.512252969405381
0.2267223256349098
0.2066107307909988
0.6592010686872527
0.3227046390529722
0.1292812149913516
0.04812632413813844
0.9106596393976361
0.812728580145631
0.655974739958765
0.280699478025781
0.5926489579724148
0.06029790826141834
0.9330958360515069
0.8661916432611179
0.7323833126283716
0.4647665302909445
0.92953344801208
0.8590664192161057
0.7181333152984735
0.43626472327741794
0.8725342149264179
0.7450603236502502
0.4901287535612937
0.9802286584745161
0.9605576911999378
0.9209952194651123
0.8421048798772972
0.6837405520200264
0.36866938226739876
0.7355401347740553
0.47279688334674574
0.9389676375431009
0.9035585966485087
0.7756211453524884
0.5827383387077134
0.0394924855499994
0.3939454508363269
0.25270222674589604
0.11871812844765373
0.36036773724481463
0.2230900965805631
0.18886360357282683
0.6530873148003593
0.27402436011470854
0.08014558543800376
0.2820028982241638
0.014231629786081612
0.9814509186253417
0.9633672788331751
0.9262424019107129
0.8529769599845167
0.7039852968591731
0.4128921501978766
0.8179097477695905
0.6436940575076733
0.25195364546380006
0.6181623020092957
0.11230137516395189
0.3456956956651993
0.20116011577192694
0.6366914168756921
0.28901164841954596
0.5076955381082371
0.24199172295629978
0.7339185969613027
0.4679077649198007
0.93558569526067
0.87196579753072
0.7429202327912208
0.48693765301140957
0.9698467621929012
0.9495819871372078
0.8840263391321059
0.7814813067379873
0.5153514365374576
0.23383714162628166
0.21766088710865006
0.6853351256577298
0.37061875290237367
0.24143587014987133
0.23262759955832735
0.71549933985807
0.4300221168086864
0.362485641380772
0.22082089036121033
0.1961583840311505
0.6276683232281357
0.3061179146752693
0.0477826779242605
0.9129481945128646
0.8180837883555796
0.6439804642868694
0.2528042013000231
0.6188901306013577
0.1108252270205412
0.3486083492753096
0.18841952143702656
0.6551682038989384
0.27905776727129705
0.5894647481618449
0.05380349024198949
0.9202388875128236
0.8399747042858507
0.6811834819091018
0.3604872415016871
0.7226982802967541
0.43935561311081983
0.904069539916236
0.7769213846477214
0.58497844854719
0.04534932991373353
0.402740195102524
0.27468813897576183
0.07870368545991369
0.28716805344447494
0.004817213135538623
0.4852201251196675
0.47532330139074475
0.4428330289956648
0.8934820173308253
0.7518039070419036
0.6227523166744504
0.12048915339983068
0.36601723235799
0.23197249078657478
0.7140069033775944
0.4277355610684026
0.8564417223678902
0.7119080759584904
0.4247908014222048
0.3456772844074294
0.20111158097279258
0.13662584824487567
0.5388460599060636
0.13241043520974927
0.053760793700348586
0.9203272688901052
0.8401644707191736
0.6808233582996763
0.3594421232410241
0.7263377014314756
0.4448938511777669
0.39746139812632464
0.7641596468747593
0.6059560126450378
0.08740030604531057
0.2978474887786433
0.0380777882237453
0.3808430782519281
0.3007486492570024
0.5350910669076256
0.13658835427486338
0.03880173742072657
0.8822908430593088
0.8036446515470743
0.5447888271301053
0.15207813019515015
0.022904353972990066
0.9520634725922719
0.8884943251032382
0.7926212647580542
0.5227082120545674
0.2017769835947547
0.13780712365405634
0.54136108153034
0.1447341162711382
0.509437986620469
0.22005021848599426
0.19986229570349678
0.6331267821369693
0.28430286585353315
