0.37416388938436285
0.24804933392442763
0.7470636731886771
0.49314916724688374
0.9872811326640658
0.9706483275222126
0.95106996721006
0.8864841505128425
0.7886705253913533
0.5068979034840595
0.240508026414318
0.23055829660734162
0.7127034774748608
0.42339286929927766
0.34879977218224667
0.6895430302829482
0.39922721523907967
0.7681214921176434
0.5636459383531474
0.02744014738709666
0.46270970051409677
0.4234848056221381
0.3488960222166497
0.6900062472559512
0.39944074786035344
0.26607509900350124
0.06974785451893695
0.272308208164759
0.07586641938542016
0.2611078351037577
0.10034067372907884
0.3178688333136961
0.1435502029780764
0.0019441009499132633
0.9980288792576175
0.9960575571458321
0.9921158856886905
0.9842308298393618
0.9684625980153214
0.9369213967293035
0.873852268763585
0.7476884787611198
0.4953953232325148
0.9907333962037228
0.9816652312001679
0.9630785657500383
0.9264090282085817
0.8518067146360409
0.7061765333346557
0.4085689615167212
0.8205557725741528
0.628660492511699
0.3081016986106988
0.5537051257560961
0.16990831439034082
0.08981856593163684
0.8046293832594529
0.5467781380284578
0.15602528169983998
0.5308315576985478
0.2177736409357749
0.6860348474001512
0.3715814140159637
0.2436511075065937
0.23534909455338493
0.7255809947382659
0.4433494960539974
0.39451146684587
0.25386678145150654
0.621014692762401
0.11702950569451787
0.35905853082658723
0.21811826305929571
0.6862344846886117
0.372471308830427
0.744935457711108
0.4898957181721926
0.4797599324665498
0.9595514526008628
0.9189769010117743
0.8382686337863561
0.6760647219780367
0.3525545443117153
0.7035596062778495
0.41347449822933413
0.8191059788805433
0.6461007517355029
0.26082943318760954
0.5999059366877191
0.06645005699829198
0.26748263352783397
0.06813787447754294
0.7691187665623147
0.5654439539939631
0.025861662958050147
0.45748504443326965
0.4154583706986159
0.32896361555322073
0.6628100444213487
0.3178075857285876
0.643427683506161
0.25169910228578374
0.12253884423989803
0.8700776291370858
0.7401554064417724
0.4803105626197066
0.9606214119703509
0.9212419300165493
0.8424869589798618
0.6849699857702944
0.36994390361360274
0.7398720138589852
0.4797838958038483
0.9595087122288533
0.9190707706438843
0.8379470513609704
0.6766873213637155
0.3523986763029825
0.7057729018270038
0.4076406563690398
0.825043361459393
0.6334975582140032
0.28358094333088957
0.5080963062937371
0.22169595715240575
0.1976970981922932
0.6292890213662758
0.2981002137530595
0.03575178104802035
0.375098628050182
0.3123234158847481
0.06215446078567766
0.4367784055066295
0.37363310309592634
0.24713650837657042
0.24440270895138383
0.7383438583638053
0.4782993944536429
0.9546762180398218
0.9111833790375385
0.814859821315622
0.6487621196720283
0.2687161373614799
0.5645299171446823
0.024206353264162317
0.4555708279949613
0.4074557196581736
0.32443905554828234
0.6344666392542422
0.2826123062404804
0.012460196507163346
0.9771432173729409
0.9551533238554839
0.9069954935403075
0.8267625897133257
0.6377781129849609
0.29130328094470315
0.5195572839002125
0.1972260823531542
0.12687409186037257
0.5603886187309399
0.18327801045961678
0.6165550691948738
0.10811108359484933
0.34121838194550946
0.1824462708318606
0.6148763590317685
0.10476881128852256
0.3344811770366505
0.16916167180170305
0.08808301843237132
0.8013930104498286
0.5393647724122275
0.14360895860590972
0.002367805747780949
0.9925247521605343
0.9875004604109563
0.9708352210291196
0.9458362855075393
0.8770773004216608
0.8052298214461189
0.5489981921564322
0.15682999018463306
0.07624775863951072
0.76246549829375
0.6021561154630035
0.0801662314333953
0.7820370560511947
0.5142064154497348
0.23160385005758144
0.21295616897987202
0.6765293633798137
0.352118885377422
0.2050998845079448
0.1571785377454944
0.577037101262249
0.013464558171108365
0.9799853289441671
0.9601920331770089
0.9201356175763067
0.8405299775477033
0.6800681932072621
0.36259281329694204
0.7212189365527593
0.4464957596792374
0.8751702036825009
0.812103697709972
0.5615991366503295
0.18580513886990957
0.12119822989916429
0.8689834357937798
0.7360135044436902
0.4739807337173261
0.4401479968801141
0.39982825188781135
0.7664490281022154
0.5690459468460176
0.02088913958868943
0.44804353051586077
0.38040103332605213
0.3000171210442204
0.5333839594386518
0.13341818860499188
0.5333159902365878
0.13364809891209006
0.5338989768351894
0.13420226631569676
0.032078345015179366
0.889343299320899
0.794341939734295
0.52615332842106
0.20858728236635216
0.16705237363930792
0.584410048351856
0.04333133113686927
0.3996521431254223
0.2658550832711626
0.5700422272784635
0.022888243896886706
0.9520566748396959
0.8884578618162777
0.7925711221469101
0.5225204715679865
0.2015956432733219
0.13707848027115688
0.540268097887747
0.14084583590738475
0.5075140284316149
0.24159857360064052
0.23316615290241316
0.7164090761216357
0.4326941757462919
0.36551518851774745
0.73047295602737
0.4628766194509808
0.9238020454649813
0.8495486030878965
0.6913138230738696
0.4021284978080075
0.7730369767523371
0.5772037011629436
0.014085655886447057
0.4808099751244299
0.4621005387743935
0.422022948769154
0.8510952345095575
0.6945313244941644
0.39661484412499703
0.7622399819665588
0.601693309872644
0.08157356447190978
0.2843168115359731
0.009810935356654227
0.9735405214887578
0.9382612170011271
0.9048735100368503
0.7783739660808351
0.5883055672456976
0.05111914940061979
0.41522994491970167
0.3282504345988855
0.16363068789360113
0.06950967060402036
0.7715879438619595
0.5750351592141669
0.008472219546092674
0.47104222275083885
0.44550611719023436
0.3785461911757011
0.8079112875275314
0.5532620318117552
0.1690831241721753
0.08789657481247559
0.8017470613121986
0.5400166101171635
0.14351216322393157
0.0018642654758878052
0.99787295574788
0.9957287826109678
0.99151281878585
0.9829637082584668
0.9659915216325317
0.9317352365178522
0.864084401371656
0.7271772178064566
0.455368078983156
0.9062880346900783
0.8280103717988823
0.6404338309948798
0.29643168646725826
0.530424139869865
0.21682448583305813
0.18453301285626367
0.6180904317880049
0.11215355177409947
0.8454105393902864
0.7005711915844586
0.3855328954232391
0.786621231760364
0.5031733602809254
0.24438402181840502
0.23901195515645668
0.7270475703990087
0.4565356106031686
0.40916729960008524
0.8222374665201642
0.6269001385953743
0.3104280457191635
0.558405656251125
0.17925030342303216
0.6085615415067878
0.09187932973145507
0.30936853430466726
0.055199947324581444
0.9240271388844121
0.8443969349900726
0.7014810779073741
0.38685769014409743
0.7905324973980896
0.5168330924643669
0.19162138443789445
0.1422853895346634
0.5052589433034882
0.2370951387565583
0.7202158696891274
0.4504358871781733
0.8850031851907261
0.7858737149799708
0.5004645749868359
0.2494564103835728
0.2489213816006668
0.7478112877579406
0.49569983733817935
0.49128140436368994
0.9826677275705151
0.9649634628149215
0.9315139878017362
0.8610746145423036
0.7241025885741692
0.4403916082519572
0.9003179096034728
0.7674289871065412
0.5680647970584687
0.018926950840977952
0.44023532554274425
0.39994204125832766
0.2667401421640534
0.5664105988107622
0.017563040542881936
0.9433361199917272
0.8944769916124642
0.7538054810720496
0.6208612207847182
0.11679992391145788
0.3584757546777837
0.21707559132482857
0.6835948105726857
0.36913713955436833
0.7363216403173283
0.4745942447334528
0.4413829194090795
0.9022895106463693
0.7733364691084716
0.5778931955283042
0.015236731356708333
0.48347734607523307
0.4670729477657005
0.43360611589741893
0.8691186266951263
0.736285082239192
0.4745194745773915
0.9412359861307777
0.9019879624538589
0.7727411872765515
0.5766637063061353
0.012935112899867818
0.47875107027357444
0.45774631842505187
0.4145160147745628
0.8314734953455627
0.6590404726448469
0.3219880593533162
0.6263970253639854
0.30943564328481443
0.5553908533183858
0.17426795116625726
0.5941258925886359
0.07742740874527954
0.2641603483934887
0.10668910678941756
0.8381340890482534
0.6765122573415283
0.3520481028535869
0.7065373825025745
0.40916872551315464
0.8222429634188302
0.6269108975830022
0.31045860922313295
0.5584210163797252
0.17932683081016876
0.1086917485226877
0.8423187072621658
0.6847020238637924
0.36917576933046803
0.2391364051727578
0.7273544294585008
0.4556238795921672
0.9074030957417563
0.8243258874863386
0.6346198887913488
0.2829037838673685
0.5130814191070385
0.22925636326544918
0.20858998346375301
0.6670612195739523
0.3342316497582942
0.1680855775193777
0.08775829622754827
0.7985632272902876
0.5365798241109587
0.1278461872425396
0.05647601559758186
0.923495063529117
0.8489471394277643
0.6900645028508734
0.39971567314933054
0.7661677374853753
0.5685275270661805
0.020117901120102033
0.4453792718122713
0.37868212105240673
0.3081750560377259
0.553713736589998
0.17040431051282212
0.5903184321941808
0.05612705321982503
0.922793351317523
0.8504885916772764
0.6931322547316086
0.39410943814436905
0.7529481704696082
0.6195705420395825
0.1136718130146619
0.35279954568250105
0.203678167774342
0.662126428243937
0.3173273108259309
0.641498128999956
0.2565947975963354
0.1148624540946912
0.35460374591639265
0.20932860940229148
0.6681698875327129
0.3375566727772821
0.6731697424547747
0.3482773657888174
0.18778086171369068
0.15527843026211485
0.5297720198286697
0.21530217467807233
0.68110503591015
0.3602411775791552
0.7253810114343651
0.4428866991365794
0.8937446862109937
0.7520963708229829
0.6176878552942071
0.11154967671609484
0.34443965245736763
0.20157053356524557
0.6370324672025163
0.2901639067858923
0.5156801427947357
0.19523775577545166
0.6482899784750771
0.26532226798008196
0.6087886690511368
0.09254467478604056
0.3101271389168687
0.05763983691576868
0.9281764023762662
0.8558492646843661
0.7122020694951061
0.4223899786302354
0.8498153582331724
0.6920623561891261
0.3909606508386787
0.7570189537364058
0.6153562810795847
0.1063228988496121
0.3366692501003854
0.17431500309612602
0.5942356239829678
0.07763116576825269
0.26463757001329213
0.1073990669392515
0.33980159170459956
0.17959930820506997
0.10920258099213243
0.8433896612550598
0.6868177170108538
0.3735733122739475
0.7472114278352819
0.49414439211250283
0.989253886800725
0.9775312269630376
0.9560389605758246
0.9081718630332034
0.826109124784125
0.6365934726491105
0.28881100701983087
0.5073118367581628
0.24118275093496777
0.23236884718062356
0.7147247899556533
0.4294992454815656
0.35893732923432253
0.7179358201683499
0.4356270528223831
0.8718659915030003
0.742692576663103
0.48651609374792315
0.9693778192740865
0.9514161605911795
0.8868403652159031
0.7908927935350221
0.5173322087794077
0.19286779590765946
0.14354719774564728
0.5019412151305005
0.24801943427883089
0.7460424374730792
0.4920698619389441
0.984176887490321
0.968299012776697
0.9366515517176595
0.8730966309958603
0.7469879131240305
0.49299723023432307
0.9869730735081248
0.970032775454456
0.9498560888168868
0.8830805166799109
0.7842563395097386
0.5100472564517986
0.222662507527275
0.18944281147560105
0.654276009532623
0.27730261511169374
0.08585427663638256
0.2967095068306662
0.030914722243323922
0.9680932723858859
0.9361712875252124
0.872357832005946
0.7446546307473909
0.48946184196393006
0.9786795619293116
0.9576032328477595
0.9141078645770904
0.8319387619558256
0.6599411400675308
0.3238185895315837
0.6318905557855032
0.3031469098350499
0.543310172681231
0.1496019285696093
0.015763267234433442
0.9448308633873239
0.8976954792160541
0.7638968178653158
0.6061627762683202
0.08634899035678245
0.3001393864979036
0.03387252346146852
0.8841512948565651
0.7819744720181916
0.5141442491149064
0.23092522445949726
0.21233870036667213
0.6727243502391502
0.3503313937690109
0.19285040683462285
0.1435127771110274
0.5018710328731686
0.24788078299025074
0.7457634748425335
0.4915193184860982
0.48305771220475435
0.46608489981736057
0.9322003353736363
0.864263314200798
0.7289920475741383
0.4574918986472767
0.9154762788093649
0.828983698884258
0.6628888257255312
0.3179060506809037
0.6436770236468874
0.2520132911449764
0.6181014085304923
0.11217884314828552
0.34545316483126953
0.20067001751158386
0.6357170169067103
0.28705128518049605
0.5038092631148174
0.24586872197687626
0.7417696909687947
0.48340011478285305
0.9672828642069362
0.934077331708977
0.868643047142541
0.7353326060983818
0.4755495744466316
0.9432847415446304
0.8943838904669974
0.7536039015685674
0.6205081266525667
0.11598382840747945
0.3570000817417167
0.21388572256546468
0.6781643589783926
0.3558595101640094
0.7121748767094687
0.4224290531128645
0.3496255250356626
0.6923283272772096
0.3915002224093769
0.7566027360153385
0.614844275318319
0.10455883605754934
0.33424738672329113
0.16803312802221626
0.5876724596892018
0.048422069783555344
0.4111754420446232
0.314842591091292
0.6487000331981108
0.26861810754053295
0.06472134459181689
0.27351402962813154
0.08182501257397234
0.7846751102188136
0.5109777244215365
0.22483630638453178
0.1921042552567087
0.6410444405628368
0.25718655600212514
0.11593558042659424
0.3568711924017407
0.21374227316118777
0.6774849296489265
0.354969411942875
0.7099392709205858
0.4198766643239651
0.8397579778102227
0.6795091011154
0.3590248779801186
0.7180240067536943
0.4361471956653986
0.8721723210182972
0.7444667123781983
0.4884451435355004
0.9781109901960008
0.9541467851086054
0.9105518710275646
0.8137490057561081
0.652919154119445
0.27348967545549385
0.5819524954422377
0.03499874091357924
0.3864037318271585
0.28843246365431696
0.006552427337737754
0.48966735461726785
0.4793347094382625
0.9586694186436944
0.9173388375493232
0.8346776741964277
0.6693553507502656
0.3387106975715142
0.6774213991011493
0.3548427842615638
0.7096856164862402
0.41937117572524585
0.8387424070970155
0.6774845801119227
0.3549697422713507
0.7099386389600113
0.41987811028957367
0.33975300934980623
0.6795184090151452
0.35902156672091223
0.7180583624285646
0.43605576423578896
0.8722639971529134
0.7442687141301576
0.4888191794452723
0.9767245600814931
0.9566210409684572
0.9092156690021511
0.8226351344201248
0.6292065786838066
0.297902903490467
0.535564107762184
0.12630399680347182
0.05924861860694364
0.9300206747138873
0.8624827556777745
0.7208151207887568
0.446146843052702
0.8776452488964424
0.8060717473272234
0.5476903701783158
0.16276355113950558
0.06771460827440023
0.7682417095347773
0.5638271760835778
0.028044947859598324
0.46136340586235747
0.42516811087261885
0.3464300760824699
0.6967659997753799
0.37595542444614694
0.3114792538108304
0.060460415232228115
0.43341320019681007
0.36684547693585046
0.7336585252778605
0.4673523399978876
0.4345897482417058
0.8695767381577753
0.7386479740089271
0.47784245558432303
0.9536710266838782
0.9122850032581482
0.8170047503372189
0.6407194190833252
0.25763939644093625
0.6168255535303615
0.10868973462493159
0.34232032467843965
0.18469315546099097
0.6192002848547418
0.11419408631627448
0.3524113717721775
0.20579990188707598
0.15769260085653514
0.5751517794851679
0.008697705838130787
0.47151151404250413
0.4469140284054447
0.8762651773868129
0.8091099576558918
0.5548958904691972
0.1754658026911784
0.097025117254816
0.8229567224916536
0.6302874917455483
0.29963986613438465
0.5328694352065213
0.13800889873527922
0.04162849980639294
0.8958065608749166
0.7603002537507564
0.5987911844276823
0.06451871342142113
0.27418573235627264
0.08063320003566332
0.2822464765049517
0.012154390307841823
0.47790769691346213
0.4539119197288528
0.41264344032970257
0.8175430027768016
0.6426467396668158
0.2507551949529443
0.6236112577025779
0.12208512859069742
0.36961281328694895
0.2387371651129797
0.7279633861326147
0.4539726943767164
0.9128291539964266
0.817841994256014
0.6435060215590056
0.2518395899969619
0.6228360016248189
0.12061480004922487
0.36642600112827495
0.23261759208980948
0.7154638201755006
0.42996659365599044
0.8623049455927685
0.7211905214935541
0.4457991169183515
0.37841425917577
0.30761132275802083
0.5527207306586206
0.16794337629107758
0.5858790894271806
0.0467773606069386
0.9060221782128792
0.78082689709845
0.5927898422523867
0.06097806661273353
0.4339766888297163
0.36841310642194003
0.23497200643760152
0.22470187162980437
0.6922139927919488
0.39124866409110837
0.7561453997041099
0.613303982099751
0.10346953882253729
0.3299706901307218
0.16190976777579635
0.5659459836606402
0.02657586199347861
0.4591575238155201
0.4185592476569582
0.8360196248395368
0.6755798838566989
0.34719152987236157
0.19844284746795893
0.6310122725262772
0.3013449995487463
0.539075882115867
0.14451302486122586
0.0038688609492965043
0.9960198659682646
0.9920360662508756
0.9840814308845438
0.9681487949856091
0.9363108225225005
0.8725704442185815
0.7453397300268989
0.49043341001379304
0.9811157357762568
0.9612467953993473
0.9249431107600685
0.8457069524738472
0.6962756919383537
0.37790485375444405
0.8065833281143568
0.5487326047441456
0.16188781693927012
0.06599365145666525
0.776381223811768
0.5844549525063485
0.04342162382090464
0.899831528775394
0.7664599329582416
0.5690526779799256
0.020917856454616413
0.4480857110465877
0.3805464267497882
0.3001553456124384
0.533904449082911
0.13421512063359842
0.5321022135904059
0.13939962233416736
0.5444243555830326
0.15134826124995016
0.02144768537255004
0.9491436114767566
0.8826638928148896
0.8043838441953994
0.5462923792947549
0.1550543452904094
0.02888880588579923
0.9639070909761358
0.9281174511706922
0.8557180099596735
0.7120234842586797
0.42221209543640725
0.8507813931792043
0.6934899174666498
0.3950527038832661
0.7579436392406933
0.5971996499283705
0.07337589267990552
0.2558990797842853
0.11415222508367151
0.8522992211219389
0.7056734292127658
0.4073254562972579
0.8245309631456621
0.6339328746835236
0.28126290821819566
0.5156050937366672
0.23433500310056843
0.21867078106151894
0.6873406084487215
0.37468217057175934
0.24936052653356455
0.24873058969387785
0.7474449670407921
0.4949061461375095
0.4897550733294338
0.4797066017927136
0.9591814624727704
0.9185917994764168
0.8362223133735824
0.6748249716183636
0.3461404478584882
0.6956835050950758
0.37822195087210275
0.8071598250535317
0.5518945135700051
0.16606014533317648
0.08291374769760296
0.7898204153170809
0.5181479107122868
0.18851750117028132
0.6527308030053973
0.27466937009012327
0.07871190865989774
0.7871769306075294
0.504659340280341
0.23493514038273133
0.2246157569461502
0.6923726946115494
0.3915813043131493
0.25679551798384637
0.11515341678750701
0.3553069527260959
0.21061342881876044
0.17122804949758574
0.5924540726700798
0.059910170966759324
0.9323131917917635
0.8646509371174034
0.7292725520383101
0.4585737024608534
0.9170272903866135
0.8343511139100883
0.668272180337226
0.33697184521588497
0.672294668329414
0.3509406288212631
0.6940649429452606
0.39594620061689056
0.7606271424447186
0.5994174318911973
0.06596132865524851
0.276514942466747
0.08400522673036903
0.7938954632554669
0.5242991051927675
0.20586291994550265
0.15775855450192466
0.5753437697421759
0.00978788040811196
0.9735857713967562
0.9383672186522745
0.9050700207299087
0.7788289914315101
0.5890605856839102
0.05286171237821691
0.418505861365702
0.3360921273706481
0.17536215091240592
0.09668173594400287
0.8227467678661924
0.6293814016680699
0.2983100085693877
0.5360855389735661
0.12586628217832185
0.06131860875757411
0.9350740403169766
0.8703075658995658
0.7403786746435799
0.4809709117107559
0.9611636883346364
0.9255009626504034
0.8470962751307525
0.6980978315987159
0.38057165444479324
0.8002014572848566
0.5340117450396065
0.13441444942145608
0.032516069535631686
0.8872366171563044
0.7892746471334249
0.519222630711738
0.19078950307448395
0.1511082894867286
0.5209714959200937
0.19818560130079277
0.13075287675019354
0.5505439408880193
0.15978056800668128
0.07334591925609857
0.7561879847489763
0.6134510085976217
0.10311983604333363
0.3291768791968934
0.16041368746664375
0.5635794576082844
0.02767157697235234
0.46208154887426645
0.4219657127105165
0.8513778344495222
0.6948816559743136
0.397638040187303
0.2637800285592675
0.10629732577945106
0.33660949155455455
0.17422321520280093
0.5940208572719712
0.07723425098811276
0.2639636649983004
0.10550492073525675
0.33777223236393183
0.17364092989009805
0.09917395049706101
0.8155964326288085
0.650479983742116
0.2703203053388279
0.5708530260599218
0.002118599513778463
0.49276278243632987
0.4863798195729032
0.46964708089944907
0.9519885298795998
0.8883544282871298
0.7923298214154784
0.5221642361429986
0.20056418210151605
0.13555288821225986
0.5366680499864742
0.12808630033396184
0.5567032821418252
0.17654169638990425
0.10213736287551001
0.8301291504176334
0.6571457250975072
0.3269865263137035
0.13834828336257488
0.5423206319392193
0.14714361928054132
0.01303345017367974
0.9791956227272749
0.9583744676201604
0.9168085389828775
0.8335560437699314
0.6671731189999264
0.3341021067171823
0.6688145500957035
0.33665255262167193
0.6742816006881185
0.344168897398049
0.7024977126275189
0.3893706637027208
0.7943653737311251
0.5262331316771451
0.20871244868612848
0.1674287120695226
0.5848402580013499
0.044735829113051295
0.9019096694828477
0.7726313277089503
0.5762647002411541
0.012524288351414725
0.47718080290360376
0.4553558094194159
0.4062596306030173
0.828099072445184
0.640564589004498
0.2967818050237838
0.5310326445032842
0.21834735866286792
0.1865706761018373
0.6234484992455691
0.1214008653187193
0.8683098638430238
0.7343929116032086
0.476502909703413
0.9452183086541481
0.898218361340696
0.7652174787071999
0.6084369334566873
0.09218142690951936
0.308840001875069
0.05577914963942021
0.9222281982947607
0.8507997612759937
0.693557425547624
0.3951562327274587
0.7581011623260565
0.5967076948436443
0.07271836916333996
0.25432345288572833
0.11069770122412592
0.8483485125761945
0.6879079775244463
0.40560105178155936
0.7799522523419
0.5911542668764014
0.057308771210955456
0.4271164705278352
0.35423639466171153
0.7084689271869138
0.41694186301901937
0.33386822810280137
0.6677748446236365
0.33548769672052003
0.6710388165083714
0.3417989068257157
0.6845632077311166
0.36815086254500784
0.7372747150366195
0.4706554418953601
0.9510622008820064
0.8865137064422015
0.7885923325957265
0.5070209364348557
0.24038502978510223
0.23098367563216016
0.7111434006365016
0.42546060075983405
0.34701497966307215
0.6979360917466693
0.38024747525923885
0.7995570276980288
0.5327082226576749
0.13768046101904474
0.040015558421146125
0.893500049947761
0.7518514792900532
0.6228130660601892
0.12070242597837932
0.3662751525407657
0.23269144844380207
0.21492513362318277
0.6814371798827779
0.3608602056920063
0.723826116824057
0.43958034171373583
0.8989741912228055
0.7677322399395052
0.5630617806164082
0.029306671320227906
0.4657936817384325
0.4306047064019367
0.3622108453710098
0.7204847964458168
0.45076587348012254
0.3857842293800786
0.28750018452410586
0.5041671023936942
0.23541756300255656
0.7229177087720018
0.43853814361500554
0.9026165052200668
0.7745027396886144
0.5784234770981129
0.03813452154281549
0.38125791162019596
0.3010995489312336
0.04017219485831447
0.39066225616261363
0.25769641550141387
0.6169930307078175
0.10892657624208368
0.3429122197558172
0.1855518399970606
0.6220571119629312
0.11813408965826966
0.36225700640352443
0.22059344651643187
0.7009668213140685
0.38624856297974475
0.7882708908291534
0.5060099656693637
0.23879602475790307
0.7267681044759229
0.45670991810038686
0.40951388349640183
0.8229335431824438
0.6302425595058594
0.299545476998901
0.5326916032354347
0.13764123935834505
0.03993848228128627
0.8933230728143826
0.7515659641940147
0.6221512673073448
0.11942366513540037
0.3632989114848897
0.22845572585356422
0.20498290238901973
0.6618895746942144
0.3159954084258061
0.6514016508008353
0.2718520540802274
0.5745212019537576
0.008844378084177151
0.4691667494480498
0.45249269960913807
0.38936135757830925
0.7943438924849033
0.5261973309679888
0.20862937523634173
0.16727410611929372
0.5844794247532263
0.04418022488243878
0.9006158174888697
0.7702270048612263
0.5707255996239837
0.003269273991463706
0.49481371947331354
0.4896521730115637
0.47927397934836335
0.958578244317323
0.9170346317696385
0.8343737019749824
0.6682317036611494
0.3369783938105684
0.6721448024618439
0.35066778273903765
0.6936451218207367
0.3945534752274398
0.7597184661426581
0.5955936042882968
0.07596785799250938
0.26125026150839403
0.1007772545563057
0.8184834458224941
0.6450737136474345
0.25798287786892615
0.5972607393632643
0.07331522498861887
0.2561111886170693
0.11337652581278235
0.8533437506121118
0.7047191472083796
0.41142944726743735
0.8149856571690179
0.6495630934659857
0.26564890940790065
0.5702669640304521
0.023352735210210085
0.9529479613702279
0.8902780718344729
0.7961518303200137
0.5298780318989884
0.2158935456245672
0.18189288763096556
0.6133748952997848
0.103340765228495
0.829714070627233
0.6614304549002554
0.3149908244085964
0.6495701262610964
0.2656967729853932
0.5700746488873847
0.02306087003671564
0.45224977313773707
0.38899621658492833
0.2931307051621843
0.5249801919562742
0.20413713227026165
0.6605248810665216
0.31377518651424907
0.6528778544743545
0.27359762802370824
0.5816114689805545
0.03420223205466755
0.3852074578171596
0.28553631555405445
0.501263820566237
0.24660699110245332
0.7423902520677075
0.4879532519262284
0.47200371845974587
0.9479099019081332
0.8801984845486004
0.7994446642987896
0.5325207504502032
0.13724656574777327
0.039200698665808886
0.8940494687994942
0.7531639586668462
0.6193649969645776
0.11397416426916607
0.3519716322189197
0.20638512473669834
0.1588635230436921
0.5716337714984547
0.0006875167309772223
0.4984501068829559
0.4964043105719611
0.4933045020152349
0.9843774805776775
0.9765558905783109
0.9452975002641324
0.8984137294755783
0.7655699328461196
0.6092720961605664
0.09351522821816616
0.3121048281318508
0.061597159947268665
0.9358010718424339
0.8711902159557212
0.7439594484458212
0.4859857094415929
0.9738949656602927
0.9400041482003871
0.8994422129762825
0.7660781743179541
0.5697537956002634
0.022320299845887348
0.45088979502907023
0.3861576894996688
0.28793656433117576
0.5055644433014095
0.23767612798837945
0.7214841527165845
0.446809705812484
0.37611185779678635
0.8086354617844336
0.5565409394039307
0.1735982399841305
0.09922588401241228
0.8155172349652275
0.65068772691302
0.26957620080793276
0.07217219565063715
0.7517365333333146
0.6226432709663641
0.12016536385635845
0.3656322424649261
0.23078550945501775
0.7120452036906499
0.42190668688272126
0.8514520592289045
0.695108076557517
0.3979656816809438
0.26483593217562884
0.10755928119760938
0.3403394534252584
0.17992354670423083
0.11302111501572654
0.8471357418457046
0.6981779711786658
0.3807299910695292
0.30052486271597445
0.034639425663044676
0.38568950054468587
0.2869898040080443
0.0037165799003560096
0.4956515864469111
0.49137040713685565
0.9824888056027703
0.9655958308430854
0.9302445429784711
0.861331778782187
0.7197224220435601
0.4521401605743449
0.8886553071788512
0.7929356623499189
0.5233712674526032
0.20299259081366472
0.14035994693404064
0.5463454731507227
0.15519010904245079
0.5291310526372399
0.21450888653635047
0.17903017095522955
0.6080450826557353
0.09110542526468635
0.8071498137142044
0.551952216977952
0.16614502828451805
0.08257236838107929
0.7892291796160862
0.5191322171594948
0.19048599485540763
0.6508087133988738
0.26987863931572065
0.07149611075874418
0.7501681682479102
0.6246101116121281
0.1240902898425702
0.37331086822086945
0.2461630254983902
0.7438986375636887
0.4859543963975739
0.9737433045520447
0.9397923647484276
0.8986315129732247
0.7691715953114908
0.5657250876247417
0.025920390122337267
0.45815181540092453
0.41602897259872407
0.33298873135936446
0.6650009001605213
0.3309783629956655
0.1580504757585004
0.5758665767789353
0.011108152713859454
0.4753413084545173
0.44287011306732893
0.3935527302965056
0.7519491952261887
0.6230390532000456
0.1210780486871954
0.3671561485971324
0.23431211558636278
0.7186250055965502
0.4372490579553414
0.8744990680133924
0.7489943273831159
0.4979981841170229
0.4959801631048322
0.4919765093072783
0.983895872195717
0.9679880751355086
0.9357416898419615
0.8717127672571223
0.7424624436243903
0.48731902285362594
0.9711746121174656
0.945766731078038
0.8783502856676932
0.8074803014460485
0.5524668018042576
0.1674259742430877
0.08485957788070664
0.7946886381832883
0.526953570311889
0.21002744097495452
0.670184581540525
0.3399075851193629
0.18142115732189268
0.6109178003680427
0.09866856088046916
0.3148221728624776
0.1487368983507622
0.018602267024107277
0.9398553441569675
0.898746124614263
0.7687026095518377
0.5644744307210203
0.024364643468288705
0.455941783671733
0.40799054538365453
0.32569535009679385
0.6359645263291895
0.28730778134195134
0.004554653656668961
0.9846875858784188
0.9757304863596801
0.9433736834616866
0.8954911186301615
0.758755198068684
0.5966124350379687
0.0721292139205616
0.2516850693500601
0.12250313616823405
0.8700138933782
0.7399934814602602
0.4800975594262127
0.9600730781094171
0.9202681079332251
0.8400482316792477
0.6813166906649712
0.3606807297037449
0.723312450631056
0.4378430962387938
0.9054637928493321
0.7794409563648514
0.5903456515225116
0.054912580497330055
0.42550085129914805
0.3470935464138165
0.19809524834272452
0.13055786909535527
0.5501973034988623
0.1589578685525339
0.07185247488087043
0.7509895254625008
0.6215620615985245
0.11861270252848044
0.8602718031033874
0.7254268959513865
0.4430391456990037
0.8938977060024627
0.7526315307768527
0.6185519456339534
0.11012024080264382
0.35019959666533396
0.19246459507849067
0.6428638573561329
0.2500220253423322
0.6249526265310124
0.12488950230181217
0.8747954712889623
0.7495280513248872
0.499210416310234
0.9981860499246977
0.9965876302740071
0.9924199505185243
0.9880099144938868
0.972117393714143
0.9481257786683273
0.8806647043384146
0.8003270588524174
0.5343127175874542
0.13480280336807482
0.03601643437286839
0.875781953218393
0.8110693690832704
0.5597035880782641
0.1816782942332793
0.11414241639431566
0.8523464168247301
0.7056083614297677
0.40737150647328235
0.8242339857970364
0.6347503128054086
0.28317250809050165
0.5136106113786809
0.23034629729227163
0.2106924679246731
0.6713850736850873
0.34276969847269356
0.18554094861610793
0.12107992178061977
0.8671619889792055
0.7343161102035083
0.4686515322246123
0.9372735008364543
0.8745732272509485
0.7490534717799164
0.4985036703583319
0.9965190654620528
0.9935264051309787
0.9850996922759805
0.9750821677444037
0.9418636269110721
0.8920279279991519
0.7547590848698746
0.6101037054031622
0.10009177119354717
0.3168808584450744
0.14206439803820103
0.5048242991615552
0.2352535757527221
0.2253576471703127
0.6929379608773161
0.39357457766891457
0.7523886792478152
0.6175560230913106
0.11260256296372972
0.3462402342702262
0.19644368474837393
0.625069174246164
0.3122578957409132
0.5621266710804775
0.186632277444005
0.6233830982528161
0.12129037358681671
0.36878642620285973
0.23563392262440175
0.7231633772898931
0.4376865397498477
0.9059096045093611
0.7805388178676367
0.5923577071516775
0.05957961911917664
0.4320999112096615
0.36372096242848784
0.2279150497925002
0.20389187010005116
0.6625994371424895
0.3176247959199827
0.6428179474896751
0.2507237893587444
0.6235178763163276
0.12154750866466202
0.36858323524938896
0.235213408828713
0.7253094066691119
0.4428070807189215
0.8934257562505081
0.7516961544752121
0.6225291862501763
0.12006766340346076
0.36512162518920377
0.2302566316211596
0.7104616307478864
0.42112205785815604
0.8419994983123615
0.6842436138540506
0.3675087587325834
0.2374636911554262
0.7207693632517476
0.44606295370613225
0.8775041821645573
0.8056923244148493
0.5473282681195997
0.16350412453175522
0.06919598468812183
0.7712042309576645
0.5736587003339082
0.006691447051707655
0.989947778172791
0.97989174205577
0.9597872983722482
0.9195574311015662
0.8391701734799426
0.6782793164893519
0.3566196602478158
0.7129951877868734
0.42660069922567345
0.8522249318775721
0.7054263117315713
0.40645820400095545
0.8278085167403333
0.6399931920750532
0.29560970966122113
0.5287210873211734
0.21368573830113746
0.1773962679435499
0.6047620318131521
0.08455456607043743
0.7939870776317548
0.5257792705378961
0.2072898922197055
0.16514411749085411
0.5784574280260131
0.038261424517259
0.8809699784906115
0.8016089863085654
0.5397452324104961
0.14295173829304986
0.00029716797871515155
0.9990683359792456
0.9984419688116759
0.9963645940297283
0.9932498913549352
0.9846668214595411
0.9756221704592463
0.9437293882656377
0.894832582649542
0.7588424207351636
0.5941618764481973
0.07748392500798218
0.2643427941366099
0.10681078012567014
0.8386213311750907
0.6772428858384956
0.3544848329911474
0.7089719828800298
0.4179406061593909
0.835884549189359
0.671756224881392
0.34356203736388125
0.687063051678706
0.37418712317594327
0.748130121792201
0.4968705335923005
0.9927036206936464
0.9865361612755805
0.9694104237132706
0.951515421300428
0.8869206680974457
0.7906832172011491
0.5169171315792482
0.1920220995962154
0.14091835817089304
0.5068694035289809
0.240610416745767
0.730747274676105
0.46191589449881576
0.9223612233181484
0.8510701024497394
0.6943277060927358
0.39646791023551486
0.7616858224500902
0.6014966379443649
0.07018079989938997
0.27317407150985673
0.0775981709593907
0.7645712246012408
0.6072677397460211
0.08953505117096938
0.3040705174789764
0.04563943273387849
0.9037850569875445
0.7763124919438269
0.5838825836253818
0.04273472374188714
0.39804562338395044
0.26471166440751404
0.1076889380638022
0.33992373989894986
0.18143063617753796
0.11085086752427742
0.8488532829796895
0.6896420598495752
0.3990677320980467
0.26783055905252695
0.06259381814743392
0.2810748214251362
0.0933867086423561
0.811823306401493
0.561085100780474
0.18473171364166774
0.11921714065829292
0.8640515475999564
0.7270578672760166
0.4553135503374506
0.9069649883313105
0.8266253012698144
0.6371373064466752
0.2903879089572001
0.5163226336007938
0.1937782282475382
0.6448804224783089
0.2589993778092321
0.5939256094279699
0.0777469111199025
0.2647429970675148
0.10773660987615585
0.8399705476767849
0.6811989880807232
0.3605106584436726
0.7227226569666527
0.4392273946723435
0.9038720576209016
0.77639117804938
0.5844269090739544
0.043373076914576814
0.3997268056846224
0.266258115763776
0.06861852647853084
0.2696375655941665
0.07211204545455985
0.25164596567628905
0.12243255658540875
0.8698651122685988
0.7397302268364001
0.47946045026765205
0.9589209037949331
0.9178417950461153
0.8356836383172777
0.671367217641091
0.342734493984608
0.6854687504819594
0.37093809284851886
0.7418751859222539
0.4837515192630235
0.9674994622473605
0.9350113222899381
0.8700069089827593
0.7400295536208432
0.47999592634732835
0.9601513547240756
0.9200661982467864
0.8403460195695516
0.6799138409260195
0.3630015100061428
0.7220967700122856
0.44809979005367495
0.8805745801073499
0.8002116602438036
0.5340170705167111
0.13444039106252603
0.032552657125052065
0.8873709392501041
0.7893903160002083
0.5187220383086242
0.18954368590493686
0.14922897366341203
0.5181234742340166
0.18865173406084068
0.15244995092507452
0.5252368219953496
0.20477051151101477
0.1614941555308178
0.5651757810555864
0.024882887402782217
0.4540625222143717
0.41300800314638764
0.3182030592870433
0.6442201682366431
0.25328211969463155
0.11984745610971004
0.8646870446682442
0.7293937580252532
0.4587578955979552
0.9175426392466761
0.8349877840664703
0.6703734584443737
0.3402568790188525
0.6810036914539523
0.3600478746520821
0.7250034169410355
0.4416752966644708
0.8916824882035144
0.7541892180743162
0.6103691359458026
0.09808383390191011
0.3138725361204706
0.15310494124423712
0.5240140760142822
0.20513157130335458
0.1571539855794981
0.5769994389556814
0.013377767900237814
0.479865156870801
0.4597685808548704
0.4194755864155013
0.8390139457769692
0.6777513401466422
0.3563895408587996
0.7118102938984521
0.42456259825848974
0.8453297813539393
0.7003042201104108
0.38510191938257776
0.7853529925341718
0.5015983892662916
0.24735440019867383
0.24464587186230347
0.7394461802905425
0.4786559941712767
0.45752158676623367
0.9142995162983425
0.8317739629710559
0.6596381008566823
0.3231948475295212
0.6307489614118822
0.3005768667499069
0.5346845649764873
0.13592984693241306
0.037247256841510534
0.8794002879585605
0.7971085330646019
0.5387962392705958
0.1322808735712897
0.05362048785900697
0.9197502875467762
0.8394868511240929
0.6789871282526292
0.3579226387955714
0.7160437613492832
0.43184284516610205
0.36393156004487537
0.7268846186925657
0.4562125868687872
0.9082670417265035
0.8210701465432066
0.6275218804657925
0.30570343337603845
0.5472569545381702
0.16333601067890413
0.0689589463872835
0.7706073548470158
0.5725892125919927
0.004061267856741324
0.48590961477020755
0.4736328737344593
0.43994119539274834
0.8989253892214037
0.7690420656290371
0.565428178786533
0.0253871324530337
0.45507161488058046
0.41209421085659415
0.3163831860583741
0.6522900112904608
0.2733376223477535
0.07789475668687373
0.7652406734705437
0.6084847302699927
0.09209106079651974
0.30863327445695177
0.05653466866351664
0.9235904329398181
0.8492332490568515
0.6905318067583721
0.40071705493028276
0.7696952847181819
0.5718631687632296
0.0010242330317851156
0.4964961760560982
0.49347299651708454
0.4850119601760525
0.97487618541345
0.9414821371319704
0.8923482952232007
0.7554764641390648
0.6123928801098373
0.09600206077448092
0.32035914406878874
0.1288212047656998
0.558416015264811
0.1793396971479524
0.10864500247407705
0.8424006905697752
0.6846771360433195
0.3694839261879679
0.7384719426627271
0.47817221414879896
0.9543607950326987
0.9107509932073299
0.8125908694637474
0.6560654716740828
0.2808201049629133
0.5929510103887878
0.06065810369909741
0.4344256425392814
0.36787704715970904
0.23672714017448016
0.21906305709853768
0.7022734705533367
0.3887275105516892
0.7938730015303008
0.5242706317512784
0.20576580180204473
0.15762737643672153
0.5750131694367155
0.008450002176687121
0.9709715383069124
0.9453896406048443
0.878699103690451
0.8081107327889185
0.5539428682241123
0.1701375259726774
0.09052329970290884
0.8050557904643938
0.5501028175931424
0.158739180827979
0.5714424373582006
7.499236380681396e-05
0.999768529436551
0.9996132862288505
0.9991047350340523
0.9983313009433914
0.996113527478883
0.9940876698528882
0.9862093438568991
0.9744213889061939
0.9409692799381446
0.9015307854569983
0.7715674899227452
0.5749950632161926
0.00832839307258837
0.47090996796032414
0.4459712951211259
0.3772902784694452
0.8048832113854587
0.5504247538628988
0.15945875472971238
0.0727540222578682
0.7551268264651299
0.6115720159723423
0.09448191887349822
0.32665915397228673
0.13720501179341227
0.5405233421188314
0.1415934996039141
0.00681987137068063
0.990201974316733
0.9804048136866186
0.960808672796702
0.9216183002281468
0.8432327820628416
0.6864751102111768
0.37293494582991116
0.7458851662813686
0.49170161216170527
0.983636112709064
0.9670259483682457
0.934302936628228
0.8676216962921899
0.7376923612027895
0.4714481709233951
0.9468786436482333
0.8760573397448752
0.8088764062558766
0.5556824577215593
0.1723046372353565
0.10097622027387843
0.8191072772024199
0.6460644861217588
0.26076453138375655
0.10005079116672277
0.8167855427309405
0.641887125064386
0.2544163404672872
0.6095712044625543
0.10120723294676282
0.31961721723200753
0.1469782773638144
0.5129277736705262
0.22873270002310164
0.20771323621738702
0.6644347701512743
0.33134861747385
0.658731140953023
0.32142766067408957
0.6250044417683966
0.3124850510212127
0.5624762850929983
0.1874447196314577
0.12489784701028839
0.8747642382513732
0.749605656194035
0.49909329231013544
0.9982912511331961
0.9962155751418322
0.9940180653356947
0.9860830018587876
0.9741191383509431
0.9404257622954901
0.9003827876586001
0.7675624028488528
0.5683281239762437
0.019468510028673336
0.4412810066132806
0.4020923142088577
0.2729370051820297
0.5771199646405876
0.01361894904403016
0.9803488199831918
0.9607474696822464
0.9214348571258597
0.8429264609294478
0.685622605815297
0.3718403081584256
0.7427803328610025
0.4864151951915119
0.9695344286155887
0.9517032035219017
0.8878422187117394
0.7910355541098397
0.5204551345377695
0.19616947599570267
0.1277399863465689
0.5561983993975446
0.173010848229751
0.5977234389574733
0.06422842954634689
0.2788784935255535
0.08886769053060561
0.803220951493131
0.5434538583795074
0.1498950459936168
0.01658934523584321
0.9443074740702286
0.8964314714539796
0.7615987868630327
0.6013724031217862
0.06987222508178093
0.27261369331972674
0.07624779001343995
0.7624655515246559
0.6021559610089753
0.08016587034217082
0.28203772724373266
0.01420782448258251
0.9816035914991517
0.9629554129496682
0.9265402510354761
0.8521344569453504
0.7051234066893812
0.4071340195077937
0.826932834868785
0.6382711831538472
0.2920453095284756
0.5218957799370401
0.19955329355434515
0.13396980875404552
0.531367500894703
0.14049355243332684
0.5466123433725443
0.1557236137741711
0.03020086354808882
0.9666478821309283
0.9332996099255979
0.8665838252636604
0.733206268545473
0.46635102629079483
0.9327635625959374
0.8652505616482813
0.7313908944197465
0.46181288026855327
0.9245717761223204
0.8453136241587345
0.7002630590868648
0.3850311080168467
0.7852290139417164
0.5017176022811327
0.24765050676069222
0.24519281991524622
0.74049238988664
0.48057285393588245
0.4627323752210941
0.9235122483805753
0.8489766985003371
0.6901417305052746
0.39981167219229974
0.7664326136582531
0.5689827930473257
0.0207933307683561
0.4477756403503008
0.38007880991790444
0.29896086573717184
0.5317746666260064
0.1387982593732886
0.5435030047083274
0.14859739248640835
0.5191109875158872
0.19045126912533306
0.15083055413560942
0.51990750443656
0.1965686227194965
0.6254902325745206
0.31078424883889966
0.559313562407624
0.18014677651808597
0.11274437914835289
0.8465675438055769
0.6970561232883483
0.3764659171574749
0.309810696169734
0.05687898115138523
0.4265001946478151
0.35202573507558554
0.20648524331045337
0.15908331936225295
0.5720423564489465
0.001537120173452422
0.4970774694229476
0.4946205470478162
0.4887525805097539
0.9779936731792986
0.9540332753094845
0.9129517172987107
0.8180871946678963
0.6439905763545539
0.25280788526288234
0.6189566549728625
0.11089926902786829
0.3488121617701836
0.18956941145006567
0.6492785171431024
0.2682855041057337
0.5639071288751438
0.028223956003785133
0.961690832831664
0.9243887448392343
0.8447339115373325
0.6996988374448847
0.384260965482099
0.7821937910630368
0.5145829095563386
0.23229075208655559
0.21458172023994848
0.6791632020613179
0.3583266425412148
0.21665233149542473
0.18330704706022516
0.6166102795396
0.10822437336901203
0.8414315821137279
0.6829213365563191
0.36578163973172195
0.7316243074601516
0.46300449245609343
0.4266193090879824
0.8522620818694122
0.7055006252194289
0.40660710967495106
0.8273738949210383
0.6388791299250443
0.2936254777305294
0.523779200273566
0.20624164282344282
0.6583422455878463
0.32080631991266273
0.6271853952785023
0.3053924256528262
0.5492649912484922
0.15662078655441292
0.07743886520620435
0.76419651627657
0.6065717307210434
0.08793657287606038
0.3016735199489631
0.03986272495239973
0.893209765170468
0.7512322705879342
0.6216826899617445
0.11726490125874989
0.3630715021281503
0.2221696664346382
0.6984840312798042
0.381098802696215
0.8015045440988615
0.5395320486277342
0.14400598121574149
0.5028535657329485
0.24399529653601348
0.7360297158302274
0.4740203144901898
0.9401971197803505
0.9000029900635127
0.7666789308132138
0.5666847797983792
0.016603404976194724
0.4418924936908297
0.39208576979581267
0.254874662758084
0.6103352648206055
0.10055333393393084
0.8182941969716921
0.6444008641410619
0.25364550814265385
0.12057214695960283
0.866144592378987
0.7322887074842583
0.46457789230044
0.9291536369710229
0.8583141927665565
0.716620748717105
0.4332491343084257
0.8664677175111137
0.7330118370300625
0.4659014845674392
0.9319251586566679
0.8633005240990315
0.7284638125856873
0.45495733406278305
0.9119231062359177
0.8159717236703727
0.6515381167118903
0.27157803971203975
0.5750204841024242
0.008425100619206205
0.47100087796570733
0.445361788966693
0.3788179077964742
0.8084208802320063
0.5543265018495731
0.17119115046807565
0.09231745131546631
0.8097054734826088
0.5566820687963627
0.176657590927789
0.10230810550274327
0.8306690525496379
0.6573098220396787
0.32450727984542027
0.13381686527282
0.531702066276921
0.1400651526346337
0.04575435206061229
0.9040096559328958
0.7767655018251389
0.584790533001069
0.044565814576344565
0.40164685470517725
0.27197515245643444
0.5754328845068812
0.00999483693158254
0.9733650166308507
0.9379330903757364
0.9056592533015646
0.7800370948680211
0.5914035834430251
0.05768879162496887
0.4279845144483261
0.35557939123827964
0.21274752126191743
0.1735400176839903
0.5990350377105642
0.06525002131820656
0.2750502459821291
0.07936696952674538
0.7857170414936263
0.5000094292045105
0.24997118875035085
0.24995185766601935
0.7498886017128825
0.49979224283015355
0.4995160292601213
0.49925250679370947
0.9982677702791989
0.9967721087741666
0.9925752251001541
0.9875613975746091
0.971292603033362
0.9463699778716546
0.8752829513687175
0.8115409635647666
0.5609744121029507
0.18398957277531736
0.11843720352044329
0.8599513265071437
0.7246638552751392
0.4423065758892335
0.3914565397426486
0.2565382630273234
0.6146466549835168
0.10426279288367368
0.3336018778500147
0.1670816900441423
0.5842854429793078
0.04302157697384246
0.4003131400095299
0.26742326843668707
0.5680495443521068
0.0189117060508579
0.9401666872145142
0.8998658089840319
0.7665266043914016
0.5691878983925562
0.02117974471184425
0.4486370100057684
0.38161945051979274
0.3023309640411753
0.542040812317282
0.14688298216788098
0.5120372289093211
0.22767246654257178
0.7031629394914489
0.41394759362447076
0.8201210291008465
0.6479932827933226
0.26479784105322324
0.6074450618471019
0.0907775446830783
0.3055744434823282
0.04963012889493257
0.9078397006087471
0.8254946245870087
0.6353012992476579
0.286290548479883
0.5020167971379124
0.24294434385956265
0.23689374123932794
0.7197611887240782
0.44958596606738865
0.38409082460566424
0.7817929657758214
0.5138403720047791
0.23105465251137502
0.21100256766658276
0.675553994049551
0.34723416485940106
0.6982601314084604
0.3812881950289011
0.3011753754399251
0.540308543422725
0.14119434627355076
0.005899900395888835
0.9891552791232243
0.977303956868127
0.9556588554405607
0.9073018068738747
0.8244760189263616
0.6338916489330586
0.2815771314490121
0.5148148065782152
0.23250998082221486
0.2156308049452491
0.68022203783039
0.3614866689313203
0.21930383759899996
0.20118759298929945
0.6376413947436959
0.28993885597446933
0.01832375838421285
0.9390675589384045
0.9034036743396427
0.775679411686724
0.5820595251570921
0.04098059583338909
0.39250809274381027
0.2557192099047825
0.11300130726885982
0.3470958876423538
0.19809850232559256
0.13057009706972167
0.550207462743856
0.1590005683247
0.5719162105524447
0.0012255630863364786
0.49669105577049777
0.4922791753197089
0.4881129816931207
0.972304514143616
0.9485302988323383
0.8813751583511475
0.8019644511805382
0.5411857143917587
0.14511128127924167
0.00788846955401823
0.9724267231067643
0.9488359752576798
0.8819249175139703
0.8030343456484843
0.5430194348155055
0.1503086205048021
0.017415025446098298
0.9430322201224044
0.8938779006712139
0.7525957293692045
0.6184822527284268
0.10999609212740324
0.34989032900193706
0.19141109636984766
0.6425650451274123
0.2558288677537348
0.6132354497094639
0.09754938274272718
0.32402028288925067
0.13235450256615877
0.5539241903170478
0.1701041166379582
0.09045250661438331
0.8048058886779472
0.5506530234124511
0.15989794913912192
0.5737037872895598
0.006776763533707708
0.9901408072328195
0.9802511122543365
0.9605326806777157
0.9209434446238447
0.8421918348467443
0.6838650785794016
0.3682481969881337
0.734668442455586
0.47561967457295395
0.9437358964351006
0.8948112108337227
0.7587920980004128
0.5942326697695535
0.07762609186465852
0.26462623005500063
0.10737841378431767
0.8397525360633153
0.6795189003751148
0.3590223036298994
0.7180601042346098
0.436058101040544
0.872272424865514
0.744296895514708
0.4888417428883258
0.9765696062822826
0.9570225590432528
0.9101388841809239
0.8241839568072464
0.6327430646342691
0.3045483987953048
0.5465970078366809
0.15569327925913967
0.030139659822452813
0.9665254974970594
0.9330548283178359
0.8660943662398495
0.732226913823979
0.4643888668215368
0.9288429699954577
0.8574565673770849
0.7156994876859244
0.43047766454401426
0.8618699670187198
0.7198978107480798
0.4493131799099501
0.8845924778725021
0.7828411016671453
0.5129864284244832
0.22903882592800073
0.20812998473411426
0.6660765063716099
0.33294646977446973
0.16491637713625096
0.0808093166560866
0.7827123834285885
0.5126903914497234
0.2275292219419498
0.2060350044630468
0.6581637609924655
0.32609313933062367
0.6365612975205295
0.288747566199163
0.5071826580096968
0.2409277252445463
0.23185583768645301
0.7137111991178244
0.42742287419969216
0.35484384186565876
0.209692449279828
0.16937680443516
0.5887617002008483
0.05249480507336557
0.9175877790839877
0.8350584051513579
0.6702314748836216
0.3399813587020617
0.6811590433935635
0.36058659982518293
0.7228817090508528
0.4391720897110645
0.9037329240818508
0.7762205862964038
0.5836830973566975
0.04237537187873386
0.3972220759023912
0.26329338655341417
0.10458570349146612
0.3342980685411021
0.1680935488839168
0.08745739376172423
0.7980207830842119
0.5352524763147812
0.1267707540828269
0.06020981859182939
0.9328889878233895
0.8658089588861912
0.731495370680932
0.4632963938929606
0.9261025994783267
0.8526982481125742
0.7031916017294861
0.41383712019887753
0.8198884492740035
0.6474863946787082
0.26411952488706447
0.6058757391874678
0.08723983229720034
0.2975264324923046
0.037435781327076256
0.8790703802660573
0.7984255116025452
0.5361801722028758
0.1273549216275569
0.0549952068249695
0.9249508635839447
0.845718941418454
0.6962337918230332
0.3778275503136683
0.8064048498636112
0.5484338516835123
0.1612024391652085
0.5646977128926665
0.0235590478987433
0.9569081200752407
0.909910004644189
0.8237262012262363
0.6318275495723356
0.30271736267604865
0.5429349560872652
0.1483688585285563
0.01549144322052598
0.9841040682222228
0.9682119602512103
0.9364086480054539
0.8728554560511839
0.7456498266838025
0.49136088133673184
0.9824468669830821
0.9657789784541819
0.930580450076377
0.8621398319664877
0.7203693757473957
0.4505089586309623
0.8853786494000815
0.7864318302890752
0.5024882777070161
0.24332047972711734
0.23443792707985267
0.7263469387544319
0.4449118950869888
0.3975142199487891
0.7640836155624129
0.6058039500203449
0.08709618079592474
0.29699509765487164
0.038936482538701966
0.3825604668818414
0.30418342651682906
0.545866871427279
0.15423371331417002
0.02721745549933985
0.9606847792165354
0.9213700238615274
0.8427395717590116
0.6854796194529627
0.3709573325177189
0.7419194296817295
0.4838312393112574
0.9676700931158848
0.935305868886644
0.8707222969678696
0.7413227508950513
0.4827673337131273
0.9650466245948337
0.9313129986694548
0.8606752565538045
0.7232998234394472
0.4378143991052639
0.9053967883228324
0.7793547491601203
0.590752001706278
0.05552982512745075
0.42453215963905677
0.34516212239395827
0.20007556470227428
0.13359868107363582
0.5337402738805395
0.13394377959775738
0.03131934691919014
0.8903831768548116
0.7965015054214746
0.5303833210491575
0.21713466293294914
0.18378508125897497
0.6187766187649686
0.1106491671234835
0.34819406003225595
0.18765627781976946
0.15583394921850413
0.530280568433227
0.21727653083507903
0.18406477675307542
0.6186178438656498
0.11028254954726435
0.35044792463304475
0.19308329897467047
0.6439792916935403
0.25280209493939765
0.6188856783555821
0.11081727780401707
0.8485900656960439
0.6883870148740243
0.4050987539521884
0.7789331990643404
0.5891659985354636
0.053269039693987
0.4191038978169672
0.3379554817220196
0.17653082942706533
0.10211752122268081
0.8300971642311197
0.6571692733268719
0.32705293290200643
0.6384503472945653
0.29255621452466585
0.5224750962224789
0.20164270108216442
0.1371721041505225
0.5404575435677543
0.1414619015995413
0.5065566777193453
0.23967561344034038
0.22935182618675753
0.7087026868248358
0.41740637575276196
0.3348084004537668
0.6696318807662465
0.3392485028889496
0.6785122640430927
0.35696349473437294
0.21407957549672574
0.6779150122602005
0.3560741576657165
0.7110497012035921
0.4256394114345312
0.34737260357360356
0.6986513221054338
0.3816780773049686
0.8024181814980693
0.5423368230985943
0.147171792894369
0.013098294555675238
0.979314019321464
0.9586354296188802
0.9172371230670251
0.8345934553362895
0.6690648406802211
0.33825175123638473
0.6760152216884308
0.35325114443548955
0.7045491706230678
0.41105145870824344
0.8133138626581058
0.6549480075482279
0.27864609012613073
0.08854205929674208
0.8020842439436819
0.5416679441404995
0.14583777284133248
0.010423639498185366
0.9739741844823584
0.9401282414328307
0.899806798028294
0.7663799803995062
0.5689232618606184
0.02052172351977788
0.4477358336444013
0.37935868033673614
0.29826767442864366
0.5359889348037541
0.12568667734740302
0.5609511217335239
0.18390634865500033
0.6183085516968276
0.10938951731077395
0.3515455235610716
0.19527877063956112
0.6483691248868126
0.2654905743256677
0.6091026320355013
0.093208571895957
0.8114042998931836
0.56035829425673
0.18315515198628418
0.11637289257487282
0.8574997204123065
0.7156117537524551
0.43017822090769187
0.3615657603368163
0.21946726596797816
0.20163711573695764
0.6371533212950453
0.29042755137197673
0.01637146490975283
0.44395202869782224
0.3955944946501404
0.2600610257068183
0.5976978538674302
0.06435310808592476
0.27906644280301407
0.08945870271418244
0.8037965272378642
0.5452132174104918
0.15237902585067786
0.025269487930927426
0.9548940255772322
0.9116801401250996
0.8156088162504602
0.6505047389364336
0.27036984157166444
0.5710131057421677
0.002377788914600387
0.492548486974556
0.48753852921072394
0.4709264145058114
0.9460034728981555
0.8773576069506817
0.8050113191420678
0.5499602859781589
0.15827376962988637
0.07104946376057342
0.7525487920502201
0.6182614138815552
0.10968473559478298
0.8507237581070513
0.6933653201558627
0.3954970529593993
0.7587665900355205
0.5966371262911707
0.07217668840894476
0.7517790647689253
0.6226815945119597
0.12042135585215874
0.36578168347477913
0.2316243741370272
0.2130046802922152
0.6766196022508666
0.35226274630986154
0.20550165287568234
0.15661031665513292
0.577378889778629
0.013890516071114689
0.9811426193919033
0.9613276287564076
0.9250643598206807
0.8462591193674598
0.6963105130416807
0.3754391551192384
0.8118986805784516
0.5613107165845577
0.18507278183824383
0.12034397589741275
0.8654437545919791
0.7311317056883126
0.46128661424154416
0.42501521576195955
0.3458791845187079
0.6959095899364911
0.3770454669429455
0.8054949183133431
0.5494511552678887
0.15751125974929892
0.07472725835395977
0.7580053036799654
0.5972944151144475
0.0735321543761529
0.7563857240602374
0.6143873542896472
0.10356871449039318
0.33293088647769764
0.16488520859275013
0.580746984371217
0.03258771079708822
0.3874410557327792
0.289530521054985
0.5190025451593101
0.19034871755866334
0.6502288078190759
0.267253999132663
0.06771235188352875
0.26823536277515814
0.06381613702978939
0.7780168268654961
0.5863319165364373
0.05007458772161044
0.40877387492218986
0.32133144582621753
0.12539042587741278
0.06178355781594291
0.9361024990212172
0.8720904370420612
0.7445777226530481
0.48865142549038865
0.9778304834035225
0.9536485799180809
0.9122338102606591
0.8169483754027169
0.6407961076765787
0.2574184788099956
0.6162812020047568
0.10766730821342207
0.3399626834434457
0.18151132727507502
0.6110719137650449
0.09909313780372031
0.3153775903629139
0.1502692643844057
0.017393578658811748
0.9429287694219965
0.89373155173962
0.7520608018676285
0.6180179827788379
0.11200488530448638
0.34511116304202005
0.19995356851723045
0.6334163944993634
0.283310135389911
0.5086437865393236
0.22138150595128536
0.6966768921993207
0.3757451409182977
0.8111368892132305
0.5596517044177745
0.18192548849037848
0.11330164567334577
0.8534648785134777
0.7049613061826676
0.41191410046303645
0.31595061253756285
0.15149756378377788
0.021517198940273374
0.9500811932375655
0.8835784650873393
0.7837010385119356
0.5090072797902394
0.2189337186573539
0.2027876380016096
0.6399193994002417
0.29549586586654186
0.028367754974169657
0.46329259214689955
0.4260892745805904
0.3526859002013225
0.7031421191059053
0.4140070780995302
0.3202093002619222
0.14819670145516284
0.015254244324751198
0.9835111866996158
0.9671446747670416
0.9338001218566205
0.8688233018328901
0.7356897375721019
0.47333629659260623
0.9378664795658551
0.905577673955122
0.7798447449167725
0.5910000481817406
0.05675643260474317
0.4266213094233535
0.3522708247182891
0.20551058257115074
0.15663426322862506
0.5773943506355863
0.014280049334047362
0.48156302858842537
0.46324812655802816
0.4260079742234666
0.8532366477884352
0.7045201744767837
0.4109934569860343
0.8131979103782214
0.6547160735644866
0.27769392580376007
0.5871258939732797
0.04705511886277236
0.4136893600807525
0.3194451106246561
0.14682049266411923
0.011916539689991623
0.9781634940300137
0.9543891959474422
0.9106703640718479
0.8127043708518613
0.6559257853368763
0.28060329155414365
0.592454724770505
0.059911298245424405
0.43231502297567204
0.36464889033231884
0.2292678433295805
0.20856532733887434
0.6669941642030608
0.3344657462730538
0.6684442622936331
0.33737287382245995
0.6728022702154703
0.3504725980164949
0.693145779252518
0.3940581927599851
0.7531584997777827
0.6193541089596692
0.11395235857344232
0.35192815464688465
0.2062977155437693
0.6584450404916424
0.32104047157918103
0.6274325057165697
0.3051579799503088
0.050257367052836344
0.4091084831743501
0.3221232172800228
0.12666830586385913
0.05997724598273635
0.9324544772680383
0.864908969233511
0.7298178716737311
0.45963595851208083
0.9192716846591793
0.8385436003154609
0.6770862544362899
0.35417486328515224
0.7083459863788448
0.41669566082418896
0.8333742821705528
0.6668081988173071
0.33355546681559645
0.6671715888078324
0.3341005867405329
0.668809617694933
0.3366445802676026
0.6742580936406739
0.34414072954677977
0.7024091904168017
0.3892258057894651
0.793961216986645
0.5258239308896009
0.20741673311567865
0.16529242199612781
0.5787061055889353
0.037182490108534694
0.879646619403502
0.797457854350796
0.5371800273132976
0.12964324300992303
0.04747059353394434
0.9122068447759375
0.817204152001068
0.6412509088986553
0.25611033852328546
0.6133938104612753
0.10337539832107723
0.8297967189864721
0.6615475128346588
0.31527872043079697
0.6500982131692581
0.2669780553842429
0.5671744491555728
0.016116364888148382
0.4435980006819591
0.39525287997093983
0.7582782441750169
0.5971252773306333
0.07315275762812234
0.2556845609215088
0.11291732417885214
0.8469774828117806
0.6978026391298044
0.3800376105646137
0.7988969255820848
0.5319857604627032
0.13927769524161704
0.04405808181036264
0.9007384721480776
0.7697377101576421
0.5719485067238566
0.001315074710873887
0.4967745853937231
0.49255545146297663
0.4876076064829249
0.9712479435838759
0.9464631166192703
0.8751041592622641
0.8123418834002223
0.562183990230551
0.18686704183346592
0.12373640778241679
0.8724693894619122
0.7449421149212867
0.48987135716015473
0.4797922968864441
0.45952358838985674
0.9191081821336411
0.8379722534737084
0.6765547393297311
0.3520721790555399
0.7052730316645466
0.4068691720312927
0.826446769584436
0.636733766325051
0.29099988131201826
0.5175466376240365
0.19329640027717687
0.14440530055435374
0.5036543511087075
0.24558995221741498
0.7411799045221414
0.4823598089569714
0.9647196180303581
0.9294392356241588
0.8588784724415746
0.7177569429331925
0.43551388787454925
0.8710277687641792
0.7420555615390185
0.4841110944689717
0.9682222167612053
0.9364443163212854
0.8728889236517716
0.7457774248032365
0.49155526733375154
0.983108923479449
0.9662240505276714
0.9324404637736734
0.8648885648872238
0.7297465840529185
0.45956956010195427
0.9190093031502329
0.8381598618871067
0.6758615019207355
0.35331107836100273
0.7046062400913797
0.4113198694831226
0.8145918863010593
0.6489307858573738
0.2678091482666787
0.5632026108796708
0.02973793205455877
0.46522184723289683
0.4309477113420144
0.35987935520824976
0.7247988791204989
0.442037028435152
0.3908794765593484
0.2569329035759438
0.6155427471967414
0.1056162896566093
0.8374227613385301
0.6730449890892487
0.3477836891252082
0.689013764669653
0.4034753212763462
0.7754603687790222
0.5827637218462769
0.03967277272022329
0.3927000376279466
0.25085417681839317
0.12377866616589017
0.3725573322735727
0.24511466475087218
0.24022932926891372
0.7304586587706581
0.4609173166099936
0.4218346356356051
0.8436692676623352
0.6873385386134032
0.37467706538154744
0.7493541790754534
0.49870829869178124
0.9974166564643383
0.994833076314535
0.9896667468419764
0.9793324822967406
0.9586659704509657
0.9173284130811226
0.834669283562107
0.6693235467828345
0.3386612795002293
0.6772649809136055
0.3546786754450295
0.7091323433560319
0.4184780415671412
0.8361329727922566
0.6754235612752382
0.3469570850429591
0.6977631996269338
0.3800978561921511
0.7990236085024662
0.5318688951956574
0.1389493153837975
0.04297812905861065
0.900361699401401
0.767529810545966
0.5682474873610772
0.019322733423905447
0.44092055258806795
0.40160505127278157
0.771714054979384
0.5749270175001584
0.008244849188486114
0.4720637265709229
0.44799937831703573
0.3804900751274545
0.7999197007156909
0.5335560489329509
0.1330268552119378
0.034864962624851614
0.8861208241432905
0.7878822953789495
0.505390577862272
0.2374967214127537
0.22082588233752176
0.69586033874657
0.3771327834110707
0.3052914492727723
0.5489354162127711
0.15707992974785157
0.07684778049588203
0.7630772385455202
0.6042551565624308
0.0836094971455168
0.292096916527953
0.02181592199485749
0.9493935329664964
0.8843827988312114
0.7823152683267836
0.5120186638960149
0.22758909765980206
0.20353072200668976
0.6634071938460693
0.319006651872769
0.14581818794249557
0.010393990494776517
0.9738786631496623
0.9400611161254346
0.899531559261959
0.7659818270767573
0.5695615425647702
0.021690395748009905
0.4498786575277336
0.3831519373925403
0.2843740969256032
0.5098950426327065
0.22319737449288368
0.6876667160249781
0.40585103441844694
0.7803299687220715
0.5922151430568192
0.05894188568345271
0.4308723506401293
0.359546929015778
0.22617444282514043
0.19441252714022994
0.6467657640750986
0.26172488016891293
0.6035045205499046
0.08005639203474857
0.28706376563059166
0.0038219416746869683
0.9959173884999473
0.9918425088108052
0.9836541397089604
0.967386123345932
0.9346482680120971
0.8694205170904752
0.7382840846839827
0.47850985403056256
0.9550646608113311
0.9120843912533019
0.8163485935365316
0.6522475701931398
0.273214354616357
0.5777101357816719
0.014656988816568628
0.48288243619026616
0.46528040582779795
0.4310319267970044
0.8601660416461527
0.7251538608106785
0.4425562565738801
0.8926808727555908
0.7508158460550476
0.6237020081898663
0.12240401268354617
0.36980802909238264
0.23961604328360409
0.729232123849215
0.45846418806468137
0.9169284357922152
0.8338566031306982
0.6677140714018606
0.3354271733260248
0.6708553161588497
0.3417067617701832
0.6834232521359809
0.3668310164066497
0.7336775141884573
0.46728542741038837
0.934813508822117
0.8693833097640891
0.7390102749050129
0.4770444912428502
0.9565284518175758
0.909155450790422
0.8222094065567944
0.6268486118351575
0.3103030433121603
0.5582267115241848
0.1788311515992973
0.10778514837147668
0.840081061818637
0.6813837804365903
0.36081062123412266
0.22358390409499407
0.6883625336631667
0.40506302236462943
0.7788188247359358
0.5890860118961427
0.052920258458470926
0.4186037235776894
0.33619846717920154
0.17487073203665204
0.09596502175554633
0.8203745942737442
0.6286891440104228
0.30819052617880516
0.5537568604922853
0.17032578113139607
0.09015580062987283
0.8058072734856978
0.5468870021868497
0.16403965518111363
0.5702704461291432
0.02334954816615209
0.9529529403662309
0.890265503199771
0.7961944495909847
0.5298273619555403
0.2159663335478399
0.18165621982188895
0.6142036492237821
0.1024381231982261
0.8308225391374435
0.6578140334167983
0.3252753949200269
0.6350440491805784
0.28516758178011514
0.5019300494459458
0.24799303492181934
0.2459937588428147
0.7419567318866029
0.4839906219858676
0.46785820517106913
0.9358394491137005
0.8711257002141792
0.7440311834507156
0.4861242658516858
0.9741408562404104
0.9406208504515234
0.900515920802718
0.770075610576896
0.570485634234501
0.0035201562277507037
0.4951992239220999
0.4905213824240491
0.4804924798954744
0.9628475229255855
0.9237380467238836
0.8494388145918492
0.6910496024356689
0.40164657690911554
0.7719735389691778
0.5754383538442198
0.010007570817833766
0.47338426735950634
0.43797950947191566
0.4057441156182904
0.7802382907830179
0.5917263135197572
0.058453535806620494
0.4294061107211746
0.35881318151950836
0.21762252596090548
0.18525468552252278
0.6204939930466935
0.11600336409173906
0.8569375868828502
0.7140976182126906
0.42795288408524357
0.8561423981445841
0.7113268316315953
0.42506764954305254
0.8462557538296096
0.696314752480248
0.37544813691056333
0.8119314002688043
0.5613628303690348
0.18522554155788384
0.12045138113899156
0.8659022854408249
0.731805047718808
0.46360794972861186
0.42722281347960234
0.35443787879194133
0.7088836845359765
0.4177363751514349
0.8355495192226954
0.6709748270513956
0.34207898876047693
0.6836010391707532
0.3691322816594038
0.7363115519401617
0.4745761087688152
0.9413398376782425
0.902210444357479
0.7731720950396266
0.5775922677421477
0.014561457879608497
0.4822392726200633
0.4645063519710675
0.42898242294904776
0.8579944116063416
0.715869128878694
0.4320394095557276
0.8635945611749776
0.7276632475259248
0.4531790589389857
0.9139884660835378
0.8201601406617556
0.6481473248859402
0.2650293910119217
0.6081990408129059
0.09133704649866559
0.30782668088795617
0.052909221150912344
0.9185625829559285
0.8360265330702532
0.6755931052903179
0.347218925220659
0.6984051361796446
0.3809411308320705
0.8015551141579635
0.5395726264978293
0.14277441761805676
0.0006214520544745028
0.998328490415588
0.9960999750182964
0.994130337407114
0.9863073095038999
0.9745679843763355
0.9413223882147577
0.9021795027365442
0.7731052215385716
0.5774641348689329
0.01428831831435673
0.4817393207340501
0.46341802447568625
0.42689556049299426
0.8535226858220994
0.7079990163329057
0.41502149976440705
0.8310194430523552
0.6581329331093002
0.326030988158891
0.6364374792319722
0.28849818898015656
0.5066901066456921
0.2399352031352464
0.2298774992232211
0.7097262988099828
0.41952698421664536
0.3389414349512663
0.6779896813095547
0.3555673754599411
0.712714035063982
0.42348257632693276
0.34888775821309537
0.1900393122632522
0.14948016731068492
0.5158869281585794
0.19439818544196896
0.14675576676381752
0.5118026811396703
0.2283210486639291
0.7046241262869444
0.4112662124389317
0.8144910804112442
0.6492991746927146
0.2683631326945033
0.5640087565989234
0.028469948359997943
0.46291425451636314
0.4267145041085314
0.8524485099478625
0.7058834190538619
0.4078457987343427
0.8254705925355665
0.6352675179077778
0.2863579530676361
0.5021608003298752
0.2428451584710274
0.23666866758139804
0.7189352937275544
0.4527817026246339
0.38991161304875277
0.7954749288619496
0.5283468610432465
0.2133404501073528
0.17619262065272778
0.6028735207219142
0.07879391827736981
0.2874706416623667
0.004140520497458056
0.4860642150742933
0.4740815840486903
0.9403505348600447
0.9002327855559997
0.7672619672084693
0.5677275430352893
0.018265671184053645
0.43887986830668524
0.40314270195085555
0.2740665464953054
0.5803252022014931
0.03136662021279335
0.8904914874292444
0.7966098766482901
0.5307178459770512
0.217687599331839
0.18536756926914677
0.6207542120246217
0.11647790647111833
0.8579863306076732
0.7158353320264723
0.4321131690812763
0.8637380564468913
0.7279643953370396
0.4539756638405379
0.9128341420437209
0.8178557757346425
0.6435240799037274
0.25189188003423624
0.6229244148707949
0.120848710561404
0.3666977191460319
0.23339496145490557
0.7167903997760732
0.4335786537558306
0.8671642217086628
0.7343206945806742
0.4686493174522184
0.437267639557831
0.3746120508585591
0.7490998818539083
0.4983287576469593
0.4961004351498559
0.49413153951172717
0.9863094688626006
0.9745725686661899
0.9413307003560476
0.9021974486822728
0.7731371490226593
0.5775322244444396
0.014404643181478605
0.4820549224386923
0.4639875398715958
0.42809737360221334
0.8557055494748056
0.7126341268303804
0.42331161178299226
0.8485796568566002
0.6883574500971008
0.40508492654771544
0.7788583373767324
0.5890289057570044
0.052811629459029064
0.41873597231460735
0.33642719441559166
0.1740693699393887
0.09447567677125335
0.8266476199205499
0.6371781436901074
0.2904791056353133
0.5164898265502416
0.1941277267469559
0.14599928521784022
0.5109812706941739
0.2248433839995414
0.6921184627281036
0.3910728023329284
0.7572433238965459
0.6160489056783263
0.10709841115749441
0.3391958537395112
0.17839269840624183
0.6067810457025189
0.08857717135106213
0.30213905416894704
0.04179344142903574
0.3960257217986509
0.26095415724557824
0.5997887314297259
0.06701066083041951
0.765733311069198
0.5701646846719086
0.023134693678002805
0.9525379907572642
0.8894228406716138
0.7944973917328753
0.5263917567499448
0.20942840949282981
0.1683703254093416
0.5872214223491028
0.047508254647254944
0.9123725369281601
0.816471002966864
0.6423604637093376
0.2554546445317101
0.6123495995416306
0.09609824410290457
0.32058340293588117
0.12801545823458582
0.5569323294621427
0.1758172498375643
0.10339688987005502
0.8298902456008364
0.6616725818312261
0.3155936979164835
0.6504745061392896
0.2703093601448927
0.5708311319467612
0.002166398480767384
0.49285820341901854
0.4866929129930213
0.46899149150704034
0.9528753265039995
0.8901258762925863
0.7958758370368741
0.5292539977526758
0.21475447979173623
0.1795122639159672
0.609011766850017
0.0930732439737767
0.8110849760414567
0.5597321792447474
0.1817183106613811
0.11404887976823375
0.852051579975523
0.7053210001904517
0.4069798929267563
0.3266550898551941
0.13719692823360674
0.040507107914891094
0.8915611206321046
0.7567549345549196
0.6150726671912707
0.10514485745807178
0.3352901920443401
0.17057823788491078
0.09116339031606913
0.8073191498115193
0.5521459351002704
0.1667613452009391
0.0835989917977713
0.7920758834807202
0.5217739117797464
0.19924838055158034
0.6347334599122405
0.2831383481970988
0.013543855748139322
0.9802108791482169
0.9604235445440281
0.9208395836467389
0.8416976971493568
0.6833686680474784
0.3667640461062547
0.7334250879357569
0.4672469118668232
0.934005512681324
0.8684993811475579
0.73504551811493
0.4749739679682534
0.9416466182447039
0.89232816817821
0.7553575242345687
0.6122794856491964
0.0956449578225147
0.32607506861677393
0.13649414281826466
0.5386442800809164
0.13183682368253358
0.053221567650325596
0.9184548538469244
0.8373979897296522
0.6728428535570856
0.35056852057459764
0.693324537423905
0.39446158419013955
0.7537669025477953
0.6208150709571782
0.11663008606410585
0.3582603639806621
0.21652050164993852
0.6830412263807375
0.36608151442487724
0.7321653518592939
0.4643272825051099
0.4286579104082193
0.8573029162944295
0.7146554983046371
0.42924984174896963
0.858560839551501
0.7168770001735538
0.4343661717721261
0.3676928458735347
0.23651671639527194
0.2193790603778325
0.7014189840992913
0.3868354286532849
0.2908822983445134
0.5173126469017006
0.19282656561699696
0.14346747938543558
0.5017701838805806
0.24771080116624944
0.24539095809450373
0.7408125604270026
0.4815026035066694
0.46331191770150326
0.9261337435455061
0.8527575566258747
0.7033103369467426
0.41371935038478114
0.8195987807703204
0.6470366471039597
0.2627204091695603
0.6039620886440389
0.08243705835775472
0.29036063962848857
0.016269808285869658
0.9436660290521104
0.894681128236698
0.7593022074142937
0.5949294567981269
0.07437956318608485
0.25935566396219656
0.09475791396107525
0.8245990264986176
0.6340765930071939
0.28176402594544925
0.5138759520486929
0.23112104533356614
0.21126552717760205
0.6749724617402535
0.34579452939215116
0.6961056724539958
0.37750185691402294
0.8058460143511184
0.5469947016390506
0.16393584603792988
0.07005896064219996
0.7729306310648099
0.5771105003077537
0.013599109428469092
0.9803193882107735
0.9606426096870564
0.9212699047347996
0.8425781501864549
0.6850912046793383
0.3702475051104557
0.7402670522569679
0.48133097394020297
0.9617041012388654
0.9243275445478503
0.8449472033826169
0.6994082617748063
0.3844198560982477
0.7824810696183704
0.5123040582111571
0.22662685424438678
0.20681282103760168
0.6597499096533284
0.3232839989941567
0.13124817385687493
0.051040048769209534
0.9151446728501469
0.8284582906053402
0.6632642390031833
0.31847183548961766
0.6453665244625881
0.258506478741765
0.09611453951220028
0.32064701890340075
0.1281104701338336
0.5567579546768684
0.176626648317324
0.10227625735569745
0.8305295538448263
0.6566626698768232
0.3274902634730097
0.6393474216456525
0.294327945826808
0.5261270523187704
0.2086044630559627
0.16708877898054197
0.5842919425340369
0.04311487404629588
0.899917791801272
0.7667919455270749
0.5665505423385184
0.017103709717048332
0.4426089706248604
0.39278602867852896
0.25066089050960727
0.6233911379240453
0.12129495030967519
0.8688067813636735
0.7356699933297932
0.4732778241741471
0.43778187094721943
0.40528014142182656
0.7797760628163815
0.5903133693500422
0.05611549495370127
0.4227759594214149
0.3504394922638312
0.19305839695152827
0.14393737027421594
0.5026899103249889
0.24375916479039006
0.23545071919215843
0.7229689959203824
0.43862143089063466
0.4023587988631334
0.7753749760449864
0.5800467080262024
0.03704683858086355
0.37878070201259106
0.308343129028799
0.5541841140948236
0.17087513505248353
0.5917425398947671
0.058493096847087145
0.9294551985512953
0.8589871709409636
0.7178503605246078
0.4358275634876918
0.871097689436283
0.7441268450638745
0.4863025283848401
0.9745503176818602
0.9413077900244389
0.9021173630317207
0.7730113097641151
0.5771754639863502
0.01412313335458748
0.48088083969196305
0.4622572324005887
0.42255371043574996
0.8499978627078235
0.691664426762145
0.3917059285158757
0.7542370525770821
0.6105248853855301
0.09775875872583129
0.31429192778887227
0.15397448430303484
0.5266989537340123
0.2096479446918238
0.16929582983721048
0.5885917190753389
0.05218317071557976
0.4168672047671862
0.33373344189021736
0.16746788591262884
0.08493189560249448
0.7948733924131375
0.5272312804299872
0.21072842224384658
0.17138726211851463
0.5930156920803711
0.06078810780309141
0.9343193877430167
0.8676631814741995
0.7377638875914272
0.4716312775562983
0.9471533090691082
0.8767439885123167
0.8100589856912848
0.5578606731432956
0.17797723269904964
0.1061985757551156
0.8364206192782149
0.675282523734495
0.3466591002070345
0.19722396600991488
0.626870291744126
0.31037902875686996
0.5582656855112873
0.17902374165714718
0.10805511270882562
0.8410797078395262
0.682235709624365
0.3643493489944376
0.2288207681849599
0.7070922204002272
0.415954459895147
0.8299557952559553
0.6618647136783693
0.3159169320424553
0.65136510663433
0.27148022074834444
0.5742104079690762
0.007795924000674859
0.492154226929415
0.48430857493076473
0.4686166646715719
0.9372345497831702
0.8744671628228389
0.7489362623600755
0.4978638229367789
0.9957579827751033
0.9914854526577983
0.9830014150065836
0.9658807676460128
0.9320666829298716
0.863645182660548
0.7277785292535555
0.4533599046699237
0.9137994292541407
0.8197875189653132
0.6473857814853545
0.2635232393804472
0.605165007931646
0.08535503866733052
0.29567932133795694
0.028889398672617972
0.9639057733875234
0.9281191067129839
0.8557155999878887
0.7120301072427537
0.4222272530605551
0.8508040687884204
0.6935429148434196
0.39517155321664177
0.7580860398593359
0.5967689884419087
0.07256631235941313
0.2539582476601936
0.11124916723929346
0.849451217422029
0.6910901769006159
0.40171051616198383
0.7721748242038302
0.5755958349036518
0.010570482671028003
0.47425070841563866
0.4407270554220304
0.40092435412225313
0.7706597135402262
0.5722947988542728
0.004849488061154261
0.48528521187836304
0.47545275837183
0.44309349727700464
0.8939973450615071
0.7528453580162022
0.6189642025565263
0.11098336402210407
0.34888885862892494
0.19004198804032058
0.6494912484486122
0.26590621055220254
0.5693414128618315
0.02196071855723858
0.9496793420694303
0.8842257791839074
0.782106268190546
0.514463158295257
0.2319902907765936
0.21404160180827603
0.6778390778927132
0.3562884402927011
0.21160053423955105
0.17417739244410768
0.5939604921732098
0.07781260838964954
0.7650026024784893
0.6081263884552754
0.09125659338315018
0.30749601346906275
0.05255021926132031
0.417539375834167
0.33513981333817355
0.6700353850028478
0.34068151135579683
0.6803859796491452
0.36174900238984264
0.7191015494172461
0.45236807750188746
0.8888588476111181
0.7935961961338762
0.5236872156092431
0.20616502393386327
0.1585420395131223
0.5705059109022841
0.003545329673215747
0.9954101206676569
0.990755145525327
0.981575744546717
0.9629235865722876
0.9266443547967356
0.8523258859931957
0.7055811276368331
0.40745436956058256
0.8244302234961651
0.6344561501464341
0.282584175321972
0.512433975643944
0.22701638881699182
0.20647418388398364
0.6590421177679673
0.32199048553593457
0.12640284615918063
0.05944631720194593
0.9304160720203072
0.8618087061331607
0.7192228825588245
0.4526059194759
0.8895868408726528
0.7947986740618944
0.5270973676233552
0.2104447064048145
0.17088943888666108
0.5917787827784196
0.05855795298703015
0.9296154292242136
0.8592313351982739
0.7184607631934341
0.4369262943218928
0.8738444835762493
0.7476970715506468
0.4953652963449713
0.9908309585298412
0.9815416619239841
0.9631981517595705
0.925926619413076
0.853045806492446
0.7042872679594439
0.41030258635873906
0.8139809583663009
0.6535098682215903
0.27553329974762164
0.5825301033328287
0.03928212766186334
0.39422991761239246
0.2533130325609818
0.11987870492157526
0.3648565919138491
0.22958729902165942
0.20930048282025382
0.6680974258342758
0.33745370083488524
0.1730153142416384
0.09773960924940184
0.8142536358209327
0.6538368496112525
0.27657633571652696
0.08415847097057849
0.7935611424327362
0.5235234127903823
0.2068374637456145
0.15970662521431223
0.5733815527055413
0.00585988542297855
0.9892560259904712
0.9775357819744386
0.956047232291894
0.9081913143454585
0.8261443193478044
0.6366675730969291
0.28894440850126557
0.5076156628201716
0.24173457120195962
0.23352267482550815
0.7168503530556336
0.434497605310753
0.3680149080173578
0.7370100664556958
0.47009875092771836
0.9500008225440979
0.8833406268968247
0.7833419739326928
0.5083056090807077
0.22093433115514927
0.1960147614008747
0.6273949135793373
0.305067298701033
0.050091500947019085
0.40871476294705644
0.3214907480869442
0.12515541547327302
0.06208222528221086
0.9365252122515813
0.8735329855699092
0.7465776824974455
0.493643664784031
0.9853341731941327
0.9755511947441846
0.9432897777878679
0.8943924429186154
0.7536281444190536
0.6205380301398691
0.11607408637064509
0.3571531737106852
0.21429895760957152
0.6786045891058166
0.3571848613501061
0.7144688965054229
0.42881575180217624
0.3577535443182569
0.7150188369560055
0.431258258089656
0.8604416179587133
0.7229579567501787
0.4385311325022485
0.902755924325902
0.7747570300998632
0.5788033542630728
0.03749708898249082
0.3791629433981143
0.2979527156567201
0.03548123061773367
0.3761373204179108
0.3086719663988333
0.5564279031823389
0.17335405145422556
0.09885956236394122
0.8146625586086884
0.6491003886330873
0.26792745903367177
0.06270985025912523
0.7809390076145064
0.5931260776415002
0.06125409292872064
0.43500042048981413
0.37002038850914687
0.24000978263211437
0.23005055962130427
0.70996188299614
0.42040918601560406
0.8403300910140388
0.6811484623758588
0.36034380210912786
0.7255704129929654
0.443328329740325
0.8944691427168436
0.7537820922734682
0.6208453749713954
0.11669080957653932
0.35838138073449954
0.21676335751544684
0.6835257613856811
0.3670524764165748
0.7341006613569334
0.4682151507586241
0.4364148052118253
0.8728454643278383
0.7456288811808918
0.49141135983518325
0.9825750120799057
0.9654064284695778
0.9296998743375298
0.8632592612120789
0.7226132335781585
0.4491288689605426
0.8826423826976679
0.8043318855634425
0.546179151016986
0.15478915322455578
0.0285507696098648
0.96310927614104
0.9264550933148712
0.8519525635638274
0.7063145404972602
0.4087595403252635
0.8213108967174776
0.6254403676430229
0.3119007051864173
0.5613165645045228
0.1850645687954966
0.12034998770104721
0.8654573844978586
0.7311570022720844
0.4613393494510092
0.4251124756410718
0.3463377752050292
0.6965493750176392
0.37555591147975065
0.8105676926788874
0.5595203998091165
0.18054897090769373
0.1121126587386243
0.8452579987933859
0.700342771364376
0.38478576444322243
0.28608165867626667
0.000858516403241083
0.4988266964792274
0.4975942502496764
0.4952419211913366
0.9902892331592739
0.9813701651873998
0.9617654216999654
0.9245009837613907
0.8451205716410186
0.6999759858881589
0.3833817874256056
0.7832421319908462
0.5086848949140403
0.22143704988411628
0.19689656392438337
0.6260933646699414
0.30894894036464393
0.055886646354338154
0.4220740898163058
0.3512331007514149
0.1946459450700786
0.14711214770795777
0.5129395179683343
0.22912575607188046
0.7081294679956045
0.41638090563355945
0.8322739157010801
0.6657680637727026
0.329583471728256
0.6611181691405363
0.3134520134481136
0.6552163086016662
0.27919179960736074
0.5896049771108665
0.05430918469210155
0.420992425060831
0.34211079429951496
0.6837159032002091
0.3687131855986081
0.23553422780241817
0.7227774921630044
0.43932919719372876
0.9040497943060473
0.7768486347049475
0.5849482239573263
0.04489263231516816
0.40229480230482295
0.2733233884209767
0.07791442915913649
0.26514638448134065
0.1086163867439609
0.3419801017153077
0.18423419503960758
0.6174613705661613
0.11239442232181318
0.3460052757291123
0.19536651650560088
0.1288321460597217
0.5584411911841016
0.17939755154657178
0.1087798445369117
0.8425749469315633
0.6850888610351831
0.3703303062939085
0.240416475571692
0.7310770754411351
0.46105557630653493
0.9256511320709251
0.8473960737755988
0.6986981591617223
0.38177191439899616
0.8026053751236759
0.5427117039507721
0.14791911639622413
0.014602061070036143
0.9823138633510098
0.9646429854910821
0.9292249358841218
0.8586024595715571
0.7169607788382564
0.4341656978649553
0.8672327633830719
0.7381886692310218
0.47244057766511105
0.9488179153413512
0.8818887679663021
0.8031451814167667
0.5433021578064654
0.14959247582009993
0.01573780708713457
0.9451713593443856
0.898157114861533
0.7650623224326409
0.6082515521266032
0.09149547517881729
0.3080100233783014
0.05348952964413911
0.9195095748000313
0.8388818278035615
0.6782061530684587
0.35592403236660175
0.7123363161808811
0.422719581896672
0.8503218570840545
0.6928313334065024
0.3934746304003056
0.7517947393353097
0.6227281963510904
0.12045830007991754
0.3659089707653038
0.23183701501693577
0.7136435124848504
0.4273175425187219
0.854497755994089
0.7094609048217535
0.4184297145693563
0.33735152415465564
0.17273466548067518
0.10039028665050864
0.8179032329644542
0.6436895227234345
0.25199392877402715
0.6180624965927564
0.11207127515808679
0.345312355842907
0.20026087539736181
0.6350254968565423
0.2852244288951624
0.5017309013055637
0.24763294495642185
0.7451285617135
0.49069962740759365
0.9809033451019786
0.962302597152302
0.9226215610688087
0.8502022137108725
0.6924698720395099
0.39287424736539833
0.750043144391384
0.6249029449245427
0.12477561071864329
0.3745807853410952
0.24902662576641887
0.7485300887201447
0.4965718961611856
0.9936320736305788
0.985311022028327
0.9755048574297689
0.943197213957319
0.8942069288750645
0.7532576040539425
0.6197964674502145
0.11459292002837174
0.35418585495790467
0.20837164286058396
0.66674351299298
0.333486787538277
0.6669738135533407
0.3339466731995344
0.1678957314870786
0.08578764734556898
0.7965791103197262
0.5306410507764667
0.21758742403471842
0.6851128442212939
0.3702876925817691
0.24032736232038587
0.7312748295080382
0.4615576011419762
0.9241072536678985
0.8437503869645298
0.7031243137898855
0.39062365717836656
0.7968721953802742
0.5312446877651382
0.2187389022728894
0.18747827765764669
0.6249544132733718
0.12491572578437626
0.8748238595144358
0.7496552887314465
0.4992801196349319
0.9986362645286135
0.9971513242053334
0.9944237483141478
0.9882991879421752
0.9784560729458462
0.9549838783859741
0.9118901220790576
0.8159988615370821
0.6514059323526453
0.2718680482066702
0.5744629464461468
0.008911065669963136
0.4691160766524263
0.45239230955485255
0.3889154785138089
0.7937000975944102
0.5239236328634433
0.20653867177315988
0.1591710937791504
0.5722484365105629
0.001918751688208431
0.9979781246511266
0.9959562530275434
0.9919124912121333
0.9838250195898581
0.9676499798952136
0.9353000189585146
0.8705997701908927
0.7412004025827628
0.4823998582724016
0.964800662768539
0.9295975183194969
0.8592045436089393
0.7183939029637258
0.4368029455363285
0.8735373457311653
0.7473068515828345
0.4943732878600713
0.988986901647877
0.9770010555221234
0.956428258534288
0.9089884140703361
0.8218220430135261
0.6261269962124061
0.308619959250791
0.556601490767207
0.17374985656351782
0.09945283812703565
0.8160931762540713
0.6517176025081426
0.27218520507449284
0.07562041003257036
0.7606158205016982
0.5993566405668389
0.06590078162844293
0.2763328113942407
0.08391562744509429
0.7928312474687118
0.5231625023589004
0.20257497127749957
0.13952505035558715
0.5446749820839614
0.15185008250409737
0.5224496889859438
0.2011505672126077
0.6366742391837761
0.2889753708150238
0.007629673549672589
0.49185087444493547
0.4836716188583523
0.4673732631781604
0.9346249492955394
0.8695531055855099
0.7386228491959628
0.4777265961456578
0.9532625688589178
0.9135810107982252
0.8195708923449274
0.646709668188123
0.2624146653979551
0.6019758702605031
0.08139503831625916
0.28387525939615443
0.009184369468130171
0.9695102882396895
0.9517461774230469
0.8877455072070006
0.7914202544779982
0.5198545559251215
0.1964440106821712
0.12506908568320796
0.5622590944403782
0.18712878716178238
0.624135600955924
0.1233931492024567
0.371298145793844
0.24381650344002992
0.7356810868077446
0.47331346562714316
0.9378395525855012
0.9054583605902735
0.779447346314555
0.5903583455074113
0.05489259722526185
0.4254593205987476
0.34701191436033696
0.19793055558693595
0.13023396534845233
0.5495373450394254
0.15766081048059277
0.07509487558854744
0.7585576701676473
0.5962931991089135
0.07137057423824444
0.7502850973978639
0.624044299533125
0.12348538581863977
0.37146717199357226
0.24346083181444556
0.7349072650831658
0.4747589738399256
0.9419181171106175
0.8908257130533457
0.7574772135703824
0.616530754516134
0.10804625120363198
0.34110775747103617
0.18215448909904808
0.6144615512166638
0.10367897668038495
0.3326020269887522
0.16410564820398577
0.08193420327734202
0.7849318764929194
0.5112995677918661
0.22558918702998199
0.1938427202985622
0.6450096459593624
0.2592575862654485
0.09468699712306261
0.8270695008977782
0.6385137629404198
0.2926527647941839
0.5228045740514062
0.2018615369743202
0.13809401338221505
0.5418174449587241
0.14612061087973416
0.5110407123283949
0.22514386949478649
0.19254247314529493
0.6426456758053973
0.25075308373197913
0.12360699588316493
0.37207666429458186
0.2446187153691426
0.738749173731776
0.4779865988821257
0.9540201026247814
0.9129228983074427
0.8180335955112241
0.6438791834807489
0.2526026692648884
0.6184848041157238
0.11002266537980177
0.3499203294632025
0.19154828099999577
0.6420982948329765
0.25509902837802656
0.611520245554857
0.0943612006958574
0.8264759030134883
0.6367774299287703
0.29095002854592167
0.517446693207603
0.19309675102704205
0.14400492730783299
0.5028570635477081
0.2439915540162474
0.7360338262224104
0.4740054889989551
0.9402366543072276
0.8999434054421727
0.7667450172302779
0.5664180263120215
0.01755636974121444
0.4433137471205555
0.39444687857758254
0.2537300268013496
0.6207486945204437
0.11646711005596444
0.8580094409408048
0.7159002688713372
0.43191879260120913
0.36329208652023226
0.22849151797709055
0.2050222852267325
0.6620053101505619
0.31616382507490925
0.6519751853193156
0.27257837206707336
0.5765285904635675
0.011944675032282248
0.4782340676174499
0.45451600081287324
0.4109812002570834
0.8131832620711066
0.6546720399346668
0.2776191644661594
0.5869279148755595
0.04734535678289831
0.9135381333471742
0.8192639975750353
0.6463394410384353
0.26143260693061166
0.6009864003281109
0.06916411351994611
0.2711254701134749
0.07353907881770283
0.7563921495166142
0.6144078038923908
0.10354098110110499
0.3329668508959003
0.16495743917766958
0.5808909565967042
0.032876158627914265
0.3880157667445019
0.29166407327284105
0.5208205030066893
0.19789867172949016
0.6301417710201349
0.299422388052335
0.5323162547429092
0.13702097549685277
0.0400932576158084
0.8910395046696067
0.7571728662005626
0.615917709103087
0.10681935524917208
0.3386570668662898
0.17725691793020815
0.6047121922310907
0.08417262232978828
0.2935969870304689
0.023683176637860015
0.45617399038746953
0.40856391211855225
0.8205453452537768
0.6286406809522305
0.3080608535965439
0.5536233761231415
0.16974031497375108
0.08950530627043918
0.8039802141720429
0.5454904690850526
0.1533600600087084
0.5257733883336186
0.20727988559519872
0.665146280429326
0.3284677055198699
0.16327543611987494
0.06850186554947868
0.7700298472773284
0.5705315028899349
0.0036041792773175985
0.4955087796552107
0.49098692162078805
0.9820044809021056
0.9638711523148231
0.9282088988984469
0.855931290978333
0.7123436639958527
0.4227528090996202
0.8503602828714065
0.6929347814584617
0.39357902071787976
0.7523968062014319
0.6175882502284367
0.11261146891047247
0.34634148504119366
0.196558700670721
0.1255697957240045
0.5605878263886552
0.18446912823128514
0.11793114681495354
0.8619151789462194
0.7197942764032632
0.44948434323305264
0.38386200834065676
0.2815031804784667
0.5147409033379517
0.2327412752492819
0.21497900859685615
0.6811939837643877
0.36049587023444474
0.22267021480365656
0.18943524459609762
0.6542612279299647
0.2772723371745087
0.08579479181207716
0.7965891129279044
0.5306794106436428
0.21760692095267586
0.18521572061581537
0.6204229308059439
0.11587340827099979
0.85671687926515
0.7134633977839258
0.4268055640568491
0.8539130712742917
0.7073503671272192
0.41517363567254506
0.828165388375055
0.6639596870227251
0.3200775560399052
0.6480419651488774
0.2647215103788767
0.607673759397585
0.08993898858898319
0.306468705937732
0.04846902808640152
0.9114293281745631
0.8149851211637724
0.6495625275711063
0.26564727173536085
0.5702654913184233
0.023328222945565358
0.4529217056115158
0.39015737187583
0.2960923458740581
0.5294252774911001
0.21538285724818707
0.6798501284501981
0.3628742331347894
0.7217199084698223
0.44765147744328715
0.8791580924880691
0.7979467023687903
0.535472489282256
0.12610537439468317
0.05864550679689273
0.9315605860901996
0.8611695820000023
0.7242904785671271
0.44077024146099575
0.9010642267530784
0.7708970347885042
0.5730166892171837
0.00543514292803593
0.4873295435681939
0.471150186349405
0.9457174180424772
0.87825207496644
0.8072823647817131
0.5520771199080627
0.1666389885067474
0.08329320227494463
0.7915254774270579
0.5207034216728061
0.19739756506169215
0.6294290451332927
0.2969986446551047
0.03863265027757734
0.8820138660084922
0.8028459553897846
0.5438027364725713
0.1491284338699188
0.017983906029257923
0.9378213768359274
0.9054326746263541
0.7793635828711558
0.5905951321183238
0.05524044143385254
0.4238543894025497
0.3446875960798934
0.20207024322007783
0.13851641782093793
0.5426568817638326
0.14781471798778512
0.014375620346982032
0.9818857783684507
0.9637562942225486
0.9275278566055931
0.8549870327406097
0.710195336403558
0.4201464763318654
0.8405372870038263
0.6800977656675968
0.3626371834834572
0.7213671334902756
0.446642975701252
0.8757041309145279
0.8109819122182671
0.5589633838681038
0.1809645208704751
0.10991517960792407
0.84977373003494
0.6919795775320381
0.39067087654257193
0.25772841926664114
0.11701170957530849
0.35903104807948694
0.21803157904651016
0.6861394502047915
0.37215683472459204
0.7444357323693112
0.48832215555012226
0.4784142980061006
0.954845069849398
0.9117194394639228
0.8154967984592076
0.6506540698173922
0.26960156808490865
0.572022884094622
0.0015839914849493653
0.4971855839830823
0.49449419195298105
0.4884962879878003
0.978222815785557
0.9544762942823581
0.9109219258243684
0.8129975689516868
0.6545119062939193
0.27802749336115085
0.5863122080336325
0.05008203853503801
0.40870059170993045
0.32150392758194357
0.12519506670651026
0.06214155862107873
0.9368014458741527
0.8735458648006897
0.7472898557025474
0.4943281789019238
0.9889071764773689
0.976813468063483
0.9561672898416873
0.9085509793076199
0.8205190873413812
0.6285878373018932
0.3079537059820723
0.5534198097302578
0.169324360700557
0.08866398019017652
0.802266925224103
0.5421864383388311
0.1466134773218073
0.5122592421248555
0.22672795731341466
0.706629742286168
0.40923116472549736
0.32267375345691107
0.6292342302040197
0.29801923481863923
0.5352474604733288
0.12676931003807113
0.5601183070102707
0.18279752903617918
0.6153510390722658
0.10631194929010235
0.3366485314327292
0.17427158693317324
0.5941510156553704
0.07745503497426398
0.2643098655389622
0.10671325962175615
0.3384579912526533
0.17679009659332223
0.10389490658417344
0.8323167871858459
0.6650608295749407
0.3285652489576023
0.6634629084146582
0.3191285253560636
0.6460010789451189
0.2609731728734914
0.599823625118006
0.0670912979694549
0.2660027819802053
0.06961968832183629
0.771988997264998
0.5753822670376394
0.009904743026709184
0.47315007325960323
0.43773227685596794
0.40597837677341886
0.7807103297673166
0.5926559969666414
0.06034918702789582
0.4331421075039543
0.3663371428847313
0.2324687726504635
0.21573266753694043
0.6804826966254041
0.3619667363818735
0.21999674252583645
0.1997895679087378
0.6328555627260357
0.2850590013549663
0.011494600912556052
0.976143763953587
0.9443386542552616
0.896966638363665
0.7621931063185912
0.603001374489395
0.07904106701607816
0.28799250250449404
0.005642851698212326
0.9878777673293371
0.9717281679913867
0.9476639471540693
0.8792241495975759
0.7979838222672697
0.5351918867963832
0.12683366468991153
0.0603575412533246
0.9331521535059437
0.8663700956385583
0.7324884362169541
0.46559479369898327
0.9302398770814762
0.86135308095254
0.7196851606131531
0.4520645591255743
0.888507760129869
0.7926366985193454
0.5227772187499795
0.20178914940333925
0.13799151842249557
0.5415468945866451
0.1456549281720072
0.50978479636251
0.22358115049428307
0.18835607840446755
0.6550877747358754
0.2788645219989121
0.08904004862415604
0.3028360341559164
0.04378230439033359
0.8990881506178994
0.7679024837270845
0.5626619860122446
0.03083964259712957
0.46780912281246856
0.4359157910803333
0.3713928929355461
0.7432111203670502
0.4847762137069367
0.4758914856938645
0.44399957338464446
0.8957810695283115
0.7603428058209829
0.5986883027071599
0.06486951987608336
0.27378093457082286
0.08125673583708704
0.7833592627139296
0.5083727343881037
0.22070968741900288
0.1962793359416537
0.6279101759428158
0.3066016596276313
0.048749927984317765
0.41195391124347225
0.3160943759139627
0.15172094813897274
0.02218808891484514
0.9506356848869473
0.8856311850831844
0.7869025112886447
0.5034239753440488
0.24534991863765754
0.24045741750160232
0.7311571172904223
0.4613395208143629
0.42511287424713373
0.3463383433117997
0.6965530006564222
0.3755575128889177
0.8105488557484932
0.55956341107958
0.18065128786838613
0.1122752043302171
0.8456538146128878
0.7010584126692265
0.38650556426728144
0.28858892153948545
0.007063707773340866
0.49044577445602044
0.4811356900027022
0.46129481567186303
0.9250310421921313
0.845911686483305
0.6959737708384637
0.37729907091124915
0.8048912268714048
0.5504561632697005
0.1595061947882641
0.07291816372890025
0.7552125160873402
0.6119856370205525
0.09506691675051115
0.32489088928559795
0.13320781639777124
0.5344516668410506
0.13533988138078712
0.036182901181746274
0.8773576730163768
0.8050114004872739
0.5499604057404213
0.1582741850579623
0.07104990776861086
0.7525503197684884
0.6182562452158891
0.10969382655457594
0.3507195979473181
0.19339897541794926
0.645402150490554
0.2585488856129814
0.5962997226743028
0.07138539827428758
0.75030754468753
0.6241688421869185
0.12306541050202213
0.37201201560674235
0.24306654336396605
0.737077222467633
0.47028062169556506
0.9502114654751495
0.8851994569413364
0.7855432323995046
0.5012317580694798
0.2466803161369171
0.24225466704228893
0.7380565290804952
0.47223779890919104
0.44824237655848265
0.38134730464662425
0.8012688648304902
0.5405259518011007
0.14159883637330495
0.00683022168232128
0.9902238746872172
0.980446795700118
0.96089454513276
0.9217852754809428
