3.814697265625e-06
5.7220458984375e-06
6.67572021484375e-06
5.245208740234375e-06
7.3909759521484375e-06
4.172325134277344e-06
6.139278411865234e-06
7.0035457611083984e-06
5.707144737243652e-06
6.6980719566345215e-06
5.271285772323608e-06
7.411465048789978e-06
4.201196134090424e-06
6.155576556921005e-06
7.027527317404747e-06
5.674897693097591e-06
6.77997013553977e-06
5.357054760679603e-06
0.5000074618437793
0.7500042748288251
0.8750060154998209
0.18750707764411345
0.21875571538112126
0.6718816877983045
0.9921927587129176
0.5117261519189924
0.7636760607128963
0.8857483374304138
0.7026437370514031
0.9773006368777715
0.5594549294037279
0.7877860203734599
0.9296643839625176
0.2461437135352753
0.1309189275780227
0.6943696551898029
0.9741706830100156
0.5544986753666308
0.8090047869482078
0.9125914600153919
0.24146819481393322
0.1541894693800714
0.7101535229885485
0.9977847072877921
0.5077510949631687
0.7541206739260815
0.8810281735786702
0.19457292841980234
0.22425532675697468
0.6796406533976551
0.9961964524700306
0.5059804637858178
0.7569003580720164
0.8804653245897498
0.1951789099839516
0.22310852629016154
0.678099764540093
0.9994523031928111
0.0018024291202891618
0.5014505915169138
0.7517333448922727
0.3763712036598008
0.9394144154211972
0.09484671262907796
0.6109075799176935
0.8377433118585031
0.4975507416529581
0.2575954428757541
0.3792938859842252
0.9438165338069666
0.10093876699102111
0.6151972863881383
0.842893206019653
0.48590838559903204
0.27524227497633547
0.40379939175909385
0.4607233906572219
0.8714769179641735
0.4438108371105045
0.35095020511653274
0.4901801328524016
0.2803703016543295
0.8922041408659425
0.212734691624064
0.24754932193900459
0.6325983016577084
0.9417895967199001
0.10006056909332983
0.616574847168522
0.8417433477297891
0.49130672941100784
0.7789214592485223
0.3982844263955485
0.9653184705239255
0.11550273178727366
0.5931682225491386
0.8612891413504258
0.9620338156237267
0.6226271131017711
0.8201641943887807
0.9731352618837263
0.05300845351302996
0.061906779039418325
0.5331660485535394
0.7979713154491037
0.9312208633637056
0.7322735697380267
0.937002449616557
0.22048892261227593
0.1732349033409264
0.7441035486699548
0.8878150655073114
0.7027052384510171
0.9773907570634037
0.5595610433956608
0.7876275944872759
0.9294604892784264
0.24648391973460093
0.1313148213957902
0.6946943741932046
0.9745755104813725
0.5538237387081608
0.8101495671435259
0.9139270420128014
0.23873245489085093
0.1546607686614152
0.7064894181385171
0.9959454445634037
0.5141508871456608
0.7610162663622759
0.8905200595909264
0.19551956426585093
0.2307105733489152
0.6856764298572671
0.9718670754227787
0.5505125814815983
0.8075479436083697
0.9216289157920983
0.24304878484690562
0.13739544883719645
0.7021254044666421
0.9800305275712162
0.5613386923214421
0.7850679326220416
0.9240607852989342
0.24526417028391734
0.1403494550322648
0.696275327791227
0.9809816984925419
0.561307399882935
0.7850569355650805
0.9240383739524987
0.24535214673960581
0.14028877750388347
0.6962450486316811
0.9810728935990483
0.5613534742733464
0.7851404118700884
0.9238834018760826
0.24516021978342906
0.14019734397879802
0.6960762482776772
0.9813699631486088
0.5612721735378727
0.7850463557406329
0.9240254397445824
0.2453419841476716
0.14031886294833384
0.696261909295572
0.9810054509434849
0.5613364273449406
0.7850782442255877
0.9240677292400505
0.24525417160475627
0.14032836243859492
0.6962705631449353
0.9810169900301844
0.5613135754829273
0.7850819597369991
0.9240676070039626
0.2452541286475025
0.1403282748942729
0.6962709068029653
0.9810167530085891
0.5613134572049603
0.7850823159678839
0.9240677869820502
0.24525445472681895
0.1403276695345994
0.6962701570882928
0.9810163958463818
0.5613127978285775
0.7850834763958119
0.9240674694010522
0.24525408732006326
0.14032822437002324
0.6962708671053406
0.9810168705298565
0.5613135230669286
0.7850820525200106
0.9240677203924861
0.24525421188445762
0.1403283895633649
0.6962705240875948
0.9810169076372404
0.0613135568855796
0.535082097601844
0.7990676311310381
0.9327542263781652
0.7340783890685998
0.9306455239129718
0.23101690731709823
0.1863135582243558
0.7225820966705214
0.9240676306653768
0.745254227775149
0.8903283897670917
0.6962705251935404
0.9810169049305841
0.5613135552848689
0.7850820952735376
0.4240676281042397
0.4952542323153466
0.26532838854473084
0.3837705237674527
0.4497669071133714
0.8581885580497328
0.4960195971361827
0.7639113809273113
0.385879226756515
0.9528283895051572
0.1025205242622178
0.6216419077536557
0.8191260567109566
0.47648834728170186
0.3010207560728304
0.43568391443113796
0.9718713579059113
0.050518571195425466
0.5575549936911557
0.7966040840547066
0.43058990978170186
0.4811965373228304
0.31141633630613796
0.9098596391559113
0.23728614932042547
0.6519153452536557
0.9675635567109566
0.11320709728170186
0.08813013107283041
0.12416047693113796
0.5641565141559113
0.8456845868204255
0.4854114390036557
0.7749366035859566
0.40410065196920186
0.4603835490415804
0.37303132654051296
0.9443902788043488
0.09916359072667547
0.6170032358786557
0.8402442207734566
0.49070953868795186
0.2805434611509554
0.39248628259520046
0.9621133623004425
0.12279564028722234
0.5702026224753354
0.8478535881440621
0.4904591991798952
0.28045548469526693
0.3923069918237161
0.9628171739459503
0.12231022006017156
0.5699603891989682
0.8485831489961129
0.49082779430318624
0.2811232951353304
0.39106721521238796
0.9612817582965363
0.12157875185948797
0.5686099863669369
0.8509597053925972
0.4901773884193972
0.2803708460996859
0.392203518160386
0.9627358732104767
0.12255090361577459
0.5700952745100949
0.848043607751606
0.49069141887594014
0.28062595397932455
0.39254183412413113
0.962033372867154
0.12262689953786321
0.5701645053050015
0.8481359204452019
0.4905086039798334
0.280655678070616
0.3925408562354278
0.9620330292091239
0.1226261991832871
0.5701672545692418
0.84813402427244
0.4905076577560976
0.2806585279176943
0.39254229606012814
0.9620356378436554
0.1226213563058991
0.5701612568518613
0.8481311669747811
0.490502382745035
0.28066781134111807
0.3925397554121446
0.9620326985896099
0.12262579498928972
0.5701669369882438
0.8481349644425791
0.4905081846518442
0.28065642033470795
0.39254176334361546
0.9620336951047648
0.1226271165360231
0.5701641928462777
0.8481352613016497
0.4905084550846368
0.2806567809311673
0.39254104922292754
0.4620338112290483
0.8726271126943175
0.4451641915075015
0.8481352585658897
0.49050846582395025
0.7806567735096905
0.3925410455267411
0.9620338223467115
0.12262711834046058
0.5701642016938422
0.8481352396483999
0.49050844239536673
0.2806567623629235
0.3925410249212291
0.9620338586100843
0.1226271084160544
0.07016419022693299
0.5981352569942828
0.8655084645724855
0.9681567771767732
0.11129104759311303
0.08703381413943134
0.6226271162449848
0.8201641940977424
0.9731352621456608
0.5530084538622759
0.8119067783409264
0.40816604864085093
0.4854713155364152
0.7749708634510171
0.4041485695634037
0.4604399496456608
0.37283267261227593
0.4447192783409264
0.8495722986699548
0.4913306905073114
0.27887711345101707
0.8982891945925076
0.21532276217476465
0.7405084538913798
0.9056567782536149
0.7050410485826433
0.9932838154491037
0.5132521133637056
0.7654766947380267
0.883291512116557
0.19949282886227593
0.2328052158409264
0.6830683924199548
0.9842506123823114
0.5551222306385171
0.7933087258134037
0.9360258871456608
0.7219537663622759
0.9256763095909264
0.24434768926585093
0.1398902608489152
0.6969068986072671
0.9823651222977787
0.5616209799190983
0.7828287053271197
0.9236735935264733
0.24364387762034312
0.1384559346770402
0.7025373917713296
0.9784817604813725
0.5596831137081608
0.7886651921435259
0.9266223545128014
0.24898636114085093
0.1285377217864152
0.6902540665760171
0.9726300148759037
0.5488798910519108
0.8076776433154009
0.9214191074424889
0.24296676885569468
0.13762814537039958
0.7018869858875405
0.9804072289261967
0.5607621961971745
0.7843488621874712
0.9255313510948326
0.24500763189280406
0.14033467308036052
0.6962669831409585
0.9810151963029057
0.5613160425564274
0.7850873637362383
0.9240688319259789
0.24524542462313548
0.14032684997073375
0.6962642338767182
0.9810095934662968
0.5613380366703495
0.785072194354143
0.9240612621360924
0.24526822339976206
0.1403383685683366
0.6962851029529702
0.9809708504471928
0.5612900549313053
0.7850493359728716
0.9240190620475914
0.2453424907871522
0.14031804338446818
0.6962615889206063
0.9810063599143177
0.561335496022366
0.7850797157152556
0.9240654773020651
0.24525136273587123
0.14033410683623515
0.696269561041845
0.9810169322881848
0.5613135428866372
0.7850820905878209
0.924067640764406
0.2452542475075461
0.14032839387073182
0.6962704899196979
0.9810169017291628
0.5613135321473237
0.7850820687017404
0.9240677266789135
0.2452541882521473
0.14032836430124007
0.6962705789774191
0.9810169467236847
0.5613136136671528
0.785081917361822
0.9240675392502453
0.24525409896159545
0.14032819945714436
0.6962708690844011
0.9810168673284352
0.5613135218154639
0.7850820560706779
0.9240677167545073
0.7452542176179122
0.8903283807449043
0.6962705131154507
0.9810169300762936
0.5613135529565625
0.7850820973690134
0.42406763101462275
0.49525422690203413
0.26532838921411894
0.8837705243786331
0.19976690778275952
0.2331885565945413
0.683519597252598
0.9826613809564151
0.5577542268147226
0.7965783895342611
0.9306455241458025
0.2310169076663442
0.18631355694378726
0.722582097427221
0.9240676312765572
0.24525422623264603
0.6403283888066653
0.9462705237965565
0.10601690702605993
0.12381355807883665
0.06633209713618271
0.5959426309273113
0.862441726756515
0.46454713950515725
0.8740048992622178
0.44097784522455186
0.3464698066818528
0.48820709736901335
0.7756301310437266
0.40541047693113796
0.9547815141559113
0.11912208682042547
0.5752551890036557
0.8589209785859566
0.49296783946920186
0.2626296427915804
0.38938874841551296
0.9491510209918488
0.10764747744542547
0.6202991343161557
0.8278540840547066
0.47746490978170186
0.3093215373228304
0.41297883630613796
0.9918908891559113
0.028301774320425466
0.5220325327536557
0.7810401192109566
0.39103912853170186
0.4614211466978304
0.37135285974363796
0.9437341508746613
0.10102516299230047
0.6150958872458432
0.8432578316133004
0.48609756969381124
0.2747908976743929
0.40425080896238796
0.9600610551715363
0.12267738467198797
0.5701358652731869
0.8481215706269722
0.4905283405678347
0.2806989100645296
0.3925506556115579
0.9619633970141876
0.1226147997949738
0.5701138711592648
0.8480767479341011
0.49070429347921163
0.28057755500776693
0.3924900972924661
0.9621457872272003
0.12270694857579656
0.5702808237692807
0.8477668037812691
0.4903204395668581
0.28039468795759603
0.3921524965844583
0.9627399263263214
0.1225443471048493
0.5700927115103696
0.8480508795182686
0.4906839682953432
0.2806377258966677
0.39252381862024777
0.9620109019160736
0.12267285471898504
0.5701564884802792
0.8481354585092049
0.49050834320951253
0.28065672487718984
0.3925411263189744
0.9620339800894726
0.12262715099495836
0.5701639195031021
0.8481352140370291
0.490508257295005
0.2806565497885458
0.3925418136350345
0.9620335060462821
0.1226269144390244
0.5701646319648717
0.8481355739932042
0.4905089094536379
0.2806553390691988
0.39254031420568936
0.9620327917218674
0.12262559568625875
0.5701669528207276
0.8481349388312083
0.4905081746401265
0.28065644874004647
0.392541734239785
0.9620337410888169
0.12262704616296105
0.5701641050691251
0.848135440814076
0.49050842376891524
0.2806567791267298
0.3925410482042935
0.9620338153035846
0.1226271137711592
0.07016419523279183
0.59813526229118
0.8655084527854342
0.4681567781663034
0.8612910478550475
0.46203381463419646
0.3726271164487116
0.4451641933701467
0.8481352613598574
0.4905084555794019
0.7806567795632873
0.3925410504161846
0.9620338098902721
0.12262711059884168
0.570164190576179
0.8481352562084794
0.9905084646306932
0.5306567770894617
0.7675410475349054
0.8995338142267428
0.7163771161285695
0.9920391942723654
0.5278227618837263
0.77175845351303
0.9056567790394183
0.2050410485244356
0.2432838155364152
0.6382521134510171
0.9529766945634037
0.6020415121456608
0.8713678288622759
0.9437427158409264
0.10103714239085093
0.1151099874114152
0.5932081681385171
0.8611798195634037
0.9623930746456608
0.6228326726122759
0.8197192783409264
0.47457229864085093
0.3038306905364152
0.9351271134510171
0.22641419456340373
0.17626026214566082
0.24832095386227593
0.1283130283409264
0.6913691736699548
0.9708228780073114
0.5498732072010171
0.8082013039384037
0.9207670980831608
0.7460626530810259
0.8887805576378014
0.19832718145335093
0.2340064717864152
0.6804884415760171
0.9814190773759037
0.5610869223019108
0.7849725651904009
0.9242267246299889
0.24559128057444468
0.14040524497977458
0.695707176317228
0.9809183983597904
0.5609109693905339
0.7846139836474322
0.9256343479210045
0.24462044012034312
0.1399207784270402
0.6971662980213296
0.9816555886063725
0.5622465902706608
0.7821344304247759
0.9225635166221764
0.24315750371897593
0.1372199727629777
0.7019194108142983
0.9803547768387944
0.5607416921993718
0.784407036320772
0.9254717464500573
0.24510180723154917
0.14019054904929362
0.6960872155323159
0.9813828377518803
0.5612519079586491
0.7850836682482623
0.9240667457634117
0.24525379907572642
0.14032901063910685
0.6962718409195077
0.9810172079596668
0.561311356141232
0.7850817124708556
0.9240660584473517
0.2452523983665742
0.14033450916758738
0.6962680485739838
0.9810153155121952
0.5613170558353886
0.7850845921202563
0.9240712757164147
0.2452427126117982
0.14032251373282634
0.696262333978666
0.98100476549007
0.5613356226822361
0.7850795108242892
0.9240653972083237
0.24525158997857943
0.1403338740055915
0.696269928914262
0.9810163693036884
0.5613128406694159
0.7850835266872309
0.9240673902386334
0.2452542330720462
0.1403283857216593
0.6962705226324033
0.9810169101692736
0.5613135618623346
0.7850820984458551
0.9240676224580966
0.7452542254177388
0.890328383015003
0.6962705171608832
0.9810169316479005
0.5613135470484849
0.7850820910534821
0.9240676447225269
0.24525423668092117
0.1403284034167882
0.6962704793259036
0.9810168847907335
0.561313524725847
0.7850820498424582
0.9240677172492724
0.2452542168321088
0.14032838045386598
0.19627051401766948
0.7310169291740749
0.9363135543826502
0.22258209518622607
0.17406762827886268
0.2452542325190734
0.6403283882245887
0.9462705243204255
0.10601690775365569
0.6238135567109566
0.8163320972817019
0.9709426310728304
0.549941726931138
0.8082971391268075
0.9208798992913216
0.7456653452245519
0.8894385566818528
0.6991445973690134
0.9826613810146227
0.5577542269020341
0.7965783892141189
0.4306455243495293
0.48101690781186335
0.8113135565363336
0.41008209719439037
0.9865676309273113
0.02650422675651498
0.5309533895051572
0.7665830242622178
0.39898565772455186
0.4656104316818528
0.36613678486901335
0.9685012247937266
0.11024446130613796
0.5866174516559113
0.8720517743204255
0.4439075327536557
0.8513526192109566
0.48869537853170186
0.2797805216978304
0.39381379724363796
0.9647302446246613
0.12324195986730047
0.5656574106833432
0.8473471870820504
0.48728775524068624
0.2769118693540804
0.40507478357176296
0.9569635209918488
0.11936622744542547
0.5773303843161557
0.8532447090547066
0.49797272228170186
0.2570754435728304
0.38050813318113796
0.9452600297809113
0.09775978213292547
0.6153552866599057
0.8428382149140816
0.48593353771138936
0.27525629074079916
0.40377397180418484
0.9608144578814972
0.12152439242345281
0.5686977244040463
0.8510627022187691
0.4900152637856081
0.28066934616072103
0.3925339663110208
0.9620303926349152
0.12263208514195867
0.5701747275015805
0.8481376638810616
0.49049084924627095
0.2806536999414675
0.39252846778254025
0.9620191869616974
0.12267607336980291
0.5701443887373898
0.8481225243012886
0.49053644679952413
0.2806767371366732
0.3925702059350442
0.9619417009234894
0.12258010989171453
0.5700986719748471
0.8480381241242867
0.4906849815743044
0.28063608676893637
0.39252317787031643
0.9620127198577393
0.1226709920738358
0.570159431459615
0.8481309546332341
0.49050272547174245
0.2806682136724703
0.39253912211279385
0.9620338646054734
0.12262708580237813
0.5701641812047455
0.8481352815579157
0.4905084950150922
0.28065678774146363
0.39254097986849956
0.9620338034874294
0.12262706432375126
0.5701641374325845
0.8481354533869307
0.4905083765042946
0.28065672860248014
0.39254115798394196
0.9620338934764732
0.12262722736340947
0.5701638347527478
0.8481350785295945
0.4905081979231909
0.28065639891428873
0.39254173819790594
0.9620337346859742
0.12262704366003163
0.5701641121704597
0.8481354335381184
0.49050843526492827
0.7806567615189124
0.3925410262600053
0.9620338601816911
0.12262710594222881
0.5701641947671305
0.8481352620292455
0.9905084538040683
0.5306567784282379
0.7675410487863701
0.39953381556551903
0.4663771131890826
0.3670391945342999
0.965322761941934
0.11550845365854912
0.593156779097626
0.8612910483207088
0.4620338153326884
0.3726271138875745
0.44516419488354586
0.8481352625822183
0.49050845246529207
0.28065677764243446
0.8925410476222169
0.21203381405211985
0.2476271161576733
0.13266419427236542
0.19188526188372634
0.7248834535421338
0.9290942790103145
0.7480097985535394
0.8819556904491037
0.6929396133637056
0.9764141947380267
0.551260262116557
0.8108209538622759
0.9095630283409264
0.23824417364085093
0.1505103780364152
0.7178419572010171
0.9859356789384037
0.5252592855831608
0.7787774968310259
0.8983020420128014
0.21529495489085093
0.2405982686614152
0.6557081681385171
0.9549298195634037
0.6186430746456608
0.8259576726122759
0.9837817783409264
0.05660354864085093
0.044065065536415204
0.5620802384510171
0.7820782570634037
0.9228422933956608
0.7427057194872759
0.8874683017784264
0.20205032598460093
0.2301917745207902
0.6865156632557046
0.9721951393876225
0.5495817953487858
0.8085016179247759
0.9201221103721764
0.24535476934397593
0.1402717305754777
0.6962431412830483
0.9810566811356694
0.5613978201290593
0.7851013112231158
0.9239267940574791
0.2452295995899476
0.14022774234763347
0.6961534958973061
0.9814085869584233
0.5611551100155339
0.7849801945849322
0.9242915744835045
0.24541389715159312
0.1405616475676652
0.6955336075916421
0.9806408791337162
0.5607893759151921
0.7843049931689166
0.9254798526817467
0.2450886942096986
0.14018542304984294
0.6961017590656411
0.9813679365906864
0.5612754517933354
0.7850476372404955
0.9240218038612511
0.24534570943797007
0.14031297698966227
0.6962709170475136
0.9810166864190251
0.5613134497543797
0.7850822526379488
0.924067960208049
0.2452543019899167
0.140327839035308
0.696270428103162
0.98101651459001
0.5613130995770916
0.785083627270069
0.9240670121216681
0.2452538288780488
0.14032926395884715
0.6962711480155122
0.9810178189072758
0.5613106781383976
0.7850806284113787
0.9240655834728386
0.2452511913725175
0.14033390567055903
0.6962698776915204
0.981016349280253
0.5613128974800929
0.78508346847957
0.9240674822067376
0.2452540923259221
0.14032821016735397
0.6962708816572558
0.9810168475378305
0.5613135582534596
0.785082096408587
0.924067630636273
0.2452542275423184
0.14032839046558365
0.19627052461146377
0.7310169055999722
0.9363135563326068
0.7225820957391988
0.9240676292683929
0.7452542328974232
0.8903283867402934
0.6962705227488186
0.9810169111588039
0.5613135591556784
0.7850821008323692
0.924067619809648
0.24525422119768336
0.14032838118146174
0.6962705124460626
0.9810169292904902
0.0613135542080272
0.5350820950989146
0.7990676284825895
0.43275423228624277
0.9840783885738347
0.05564552379655652
0.5435169070551638
0.8113135581079405
0.4100820970488712
0.4865676310728304
0.27650422693113796
0.9059533891559113
0.20408302432042547
0.7427356577536557
0.8874854317109566
0.20207428478170186
0.2302199748228304
0.18641633630613796
0.7223596391559113
0.9247861493204255
0.2456653452536557
0.6394385567109566
0.9491445972817019
0.6076613810728304
0.870254226931138
0.45282838912680745
0.35252052429132164
0.49664190772455186
0.2566260566818528
0.38273834736901335
0.9416457560437266
0.09974641443113796
0.6164026079059113
0.8415341961954255
0.4921253061911557
0.7775611153047066
0.39665436290670186
0.4680129435728304
0.36097688318113796
0.9628381547809113
0.12217384463292547
0.5699451304099057
0.8484534492890816
0.49118256114888936
0.28081048995954916
0.39141435266355984
0.9618367967486847
0.12182193881017156
0.5692279673239682
0.8512686958711129
0.48924088024068624
0.2798415568540804
0.39433259607176296
0.9633111772418488
0.12449318057042547
0.5642688608786557
0.8451270332734566
0.48631500743795186
0.2744399455259554
0.40383882165770046
0.9607095537066925
0.12148338442784734
0.5688140726706479
0.8509434929292183
0.49020361446309835
0.28038109809858724
0.3921744310937356
0.9627656755328644
0.12250381594640203
0.5701673365256283
0.8481334915559273
0.49050759815145284
0.2806580212782137
0.39254368186811917
0.9620344159484375
0.12262271231156774
0.570163424970815
0.8481321169238072
0.4905047967331484
0.28066901833517477
0.3925360971770715
0.9620306310534943
0.12263411169988103
0.5701691842696164
0.8481425514619332
0.4904854252235964
0.2806450274656527
0.3925246679864358
0.9620095310092438
0.1226712453935761
0.5701590216776822
0.8481307944457512
0.49050317995715886
0.280667748011183
0.3925398578576278
0.9620327386364806
0.12262568136793561
0.5701670534035657
0.8481347805063706
0.4905084661440924
0.2806567714433186
0.39254104529391043
0.9620338203676511
0.12262712375377305
0.570164196920814
0.848135244945297
0.4905084508645814
0.7806567660591099
0.3925410343508702
0.9620338633249048
0.12262709412607364
0.5701641821360681
0.8481352894741576
0.49050847336184233
0.2806568068335764
0.392540958680911
0.9620337696105707
0.12262704948079772
0.5701640997140203
0.8481354345276486
0.4905084336642176
0.28065676090773195
0.39254102803533897
0.46203385837725364
0.8726271087944042
0.44516419037245214
0.34813525655772537
0.4905084650381468
0.28065677647828124
0.8925410486699548
0.21203381550731137
0.24762711345101707
0.6326641945925076
0.9418852621747646
0.09988345389137976
0.6165942782827187
0.8417597986117471
0.49133069047820754
0.7788771133928094
0.39828919476713054
0.9653227620583493
0.1155084538331721
0.5931567784573417
0.8612910486990586
0.9620338156237267
0.6226271131017711
0.8201641943887807
0.9731352618837263
0.05300845351302996
0.061906779039418325
0.5331660485535394
0.7979713154491037
0.9312208633637056
0.7322735697380267
0.937002449616557
0.22048892261227593
0.1732349033409264
0.7441035486699548
0.8878150655073114
0.7027052384510171
0.9773907570634037
0.5595610433956608
0.7876275944872759
0.9294604892784264
0.24648391973460093
0.1313148213957902
0.6946943741932046
0.9745755104813725
0.5538237387081608
0.8101495671435259
0.9139270420128014
0.23873245489085093
0.1546607686614152
0.7064894181385171
0.9959454445634037
0.5141508871456608
0.7610162663622759
0.8905200595909264
0.19551956426585093
0.2307105733489152
0.6856764298572671
0.9718670754227787
0.5505125814815983
0.8075479436083697
0.9216289157920983
0.24304878484690562
0.13739544883719645
0.7021254044666421
0.9800305275712162
0.5613386923214421
0.7850679326220416
0.9240607852989342
0.24526417028391734
0.1403494550322648
0.696275327791227
0.9809816984925419
0.561307399882935
0.7850569355650805
0.9240383739524987
0.24535214673960581
0.14028877750388347
0.6962450486316811
0.9810728935990483
0.5613534742733464
0.7851404118700884
0.9238834018760826
0.24516021978342906
0.14019734397879802
0.6960762482776772
0.9813699631486088
0.5612721735378727
0.7850463557406329
0.9240254397445824
0.2453419841476716
0.14031886294833384
0.696261909295572
0.9810054509434849
0.5613364273449406
0.7850782442255877
0.9240677292400505
0.24525417160475627
0.14032836243859492
0.6962705631449353
0.9810169900301844
0.5613135754829273
0.7850819597369991
0.9240676070039626
0.2452541286475025
0.1403282748942729
0.6962709068029653
0.9810167530085891
0.5613134572049603
0.7850823159678839
0.9240677869820502
0.24525445472681895
0.1403276695345994
0.6962701570882928
0.9810163958463818
0.5613127978285775
0.7850834763958119
0.9240674694010522
0.24525408732006326
0.14032822437002324
0.6962708671053406
0.9810168705298565
0.5613135230669286
0.7850820525200106
0.9240677203924861
0.24525421188445762
0.1403283895633649
0.6962705240875948
0.9810169076372404
0.0613135568855796
0.535082097601844
0.7990676311310381
0.9327542263781652
0.7340783890685998
0.9306455239129718
0.23101690731709823
0.1863135582243558
0.7225820966705214
0.9240676306653768
0.745254227775149
0.8903283897670917
0.6962705251935404
0.9810169049305841
0.5613135552848689
0.7850820952735376
0.4240676281042397
0.4952542323153466
0.26532838854473084
0.3837705237674527
0.4497669071133714
0.8581885580497328
0.4960195971361827
0.7639113809273113
0.385879226756515
0.9528283895051572
0.1025205242622178
0.6216419077536557
0.8191260567109566
0.47648834728170186
0.3010207560728304
0.43568391443113796
0.9718713579059113
0.050518571195425466
0.5575549936911557
0.7966040840547066
0.43058990978170186
0.4811965373228304
0.31141633630613796
0.9098596391559113
0.23728614932042547
0.6519153452536557
0.9675635567109566
0.11320709728170186
0.08813013107283041
0.12416047693113796
0.5641565141559113
0.8456845868204255
0.4854114390036557
0.7749366035859566
0.40410065196920186
0.4603835490415804
0.37303132654051296
0.9443902788043488
0.09916359072667547
0.6170032358786557
0.8402442207734566
0.49070953868795186
0.2805434611509554
0.39248628259520046
0.9621133623004425
0.12279564028722234
0.5702026224753354
0.8478535881440621
0.4904591991798952
0.28045548469526693
0.3923069918237161
0.9628171739459503
0.12231022006017156
0.5699603891989682
0.8485831489961129
0.49082779430318624
0.2811232951353304
0.39106721521238796
0.9612817582965363
0.12157875185948797
0.5686099863669369
0.8509597053925972
0.4901773884193972
0.2803708460996859
0.392203518160386
0.9627358732104767
0.12255090361577459
0.5700952745100949
0.848043607751606
0.49069141887594014
0.28062595397932455
0.39254183412413113
0.962033372867154
0.12262689953786321
0.5701645053050015
0.8481359204452019
0.4905086039798334
0.280655678070616
0.3925408562354278
0.9620330292091239
0.1226261991832871
0.5701672545692418
0.84813402427244
0.4905076577560976
0.2806585279176943
0.39254229606012814
0.9620356378436554
0.1226213563058991
0.5701612568518613
0.8481311669747811
0.490502382745035
0.28066781134111807
0.3925397554121446
0.9620326985896099
0.12262579498928972
0.5701669369882438
0.8481349644425791
0.4905081846518442
0.28065642033470795
0.39254176334361546
0.9620336951047648
0.1226271165360231
0.5701641928462777
0.8481352613016497
0.4905084550846368
0.2806567809311673
0.39254104922292754
0.4620338112290483
0.8726271126943175
0.4451641915075015
0.8481352585658897
0.49050846582395025
0.7806567735096905
0.3925410455267411
0.9620338223467115
0.12262711834046058
0.5701642016938422
0.8481352396483999
0.49050844239536673
0.2806567623629235
0.3925410249212291
0.9620338586100843
0.1226271084160544
0.07016419022693299
0.5981352569942828
0.8655084645724855
0.9681567771767732
0.11129104759311303
0.08703381413943134
0.6226271162449848
0.8201641940977424
0.9731352621456608
0.5530084538622759
0.8119067783409264
0.40816604864085093
0.4854713155364152
0.7749708634510171
0.4041485695634037
0.4604399496456608
0.37283267261227593
0.4447192783409264
0.8495722986699548
0.4913306905073114
0.27887711345101707
0.8982891945925076
0.21532276217476465
0.7405084538913798
0.9056567782536149
0.7050410485826433
0.9932838154491037
0.5132521133637056
0.7654766947380267
0.883291512116557
0.19949282886227593
0.2328052158409264
0.6830683924199548
0.9842506123823114
0.5551222306385171
0.7933087258134037
0.9360258871456608
0.7219537663622759
0.9256763095909264
0.24434768926585093
0.1398902608489152
0.6969068986072671
0.9823651222977787
0.5616209799190983
0.7828287053271197
0.9236735935264733
0.24364387762034312
0.1384559346770402
0.7025373917713296
0.9784817604813725
0.5596831137081608
0.7886651921435259
0.9266223545128014
0.24898636114085093
0.1285377217864152
0.6902540665760171
0.9726300148759037
0.5488798910519108
0.8076776433154009
0.9214191074424889
0.24296676885569468
0.13762814537039958
0.7018869858875405
0.9804072289261967
0.5607621961971745
0.7843488621874712
0.9255313510948326
0.24500763189280406
0.14033467308036052
0.6962669831409585
0.9810151963029057
0.5613160425564274
0.7850873637362383
0.9240688319259789
0.24524542462313548
0.14032684997073375
0.6962642338767182
0.9810095934662968
0.5613380366703495
0.785072194354143
0.9240612621360924
0.24526822339976206
0.1403383685683366
0.6962851029529702
0.9809708504471928
0.5612900549313053
0.7850493359728716
0.9240190620475914
0.2453424907871522
0.14031804338446818
0.6962615889206063
0.9810063599143177
0.561335496022366
0.7850797157152556
0.9240654773020651
0.24525136273587123
0.14033410683623515
0.696269561041845
0.9810169322881848
0.5613135428866372
0.7850820905878209
0.924067640764406
0.2452542475075461
0.14032839387073182
0.6962704899196979
0.9810169017291628
0.5613135321473237
0.7850820687017404
0.9240677266789135
0.2452541882521473
0.14032836430124007
0.6962705789774191
0.9810169467236847
0.5613136136671528
0.785081917361822
0.9240675392502453
0.24525409896159545
0.14032819945714436
0.6962708690844011
0.9810168673284352
0.5613135218154639
0.7850820560706779
0.9240677167545073
0.7452542176179122
0.8903283807449043
0.6962705131154507
0.9810169300762936
0.5613135529565625
0.7850820973690134
0.42406763101462275
0.49525422690203413
0.26532838921411894
0.8837705243786331
0.19976690778275952
0.2331885565945413
0.683519597252598
0.9826613809564151
0.5577542268147226
0.7965783895342611
0.9306455241458025
0.2310169076663442
0.18631355694378726
0.722582097427221
0.9240676312765572
0.24525422623264603
0.6403283888066653
0.9462705237965565
0.10601690702605993
0.12381355807883665
0.06633209713618271
0.5959426309273113
0.862441726756515
0.46454713950515725
0.8740048992622178
0.44097784522455186
0.3464698066818528
0.48820709736901335
0.7756301310437266
0.40541047693113796
0.9547815141559113
0.11912208682042547
0.5752551890036557
0.8589209785859566
0.49296783946920186
0.2626296427915804
0.38938874841551296
0.9491510209918488
0.10764747744542547
0.6202991343161557
0.8278540840547066
0.47746490978170186
0.3093215373228304
0.41297883630613796
0.9918908891559113
0.028301774320425466
0.5220325327536557
0.7810401192109566
0.39103912853170186
0.4614211466978304
0.37135285974363796
0.9437341508746613
0.10102516299230047
0.6150958872458432
0.8432578316133004
0.48609756969381124
0.2747908976743929
0.40425080896238796
0.9600610551715363
0.12267738467198797
0.5701358652731869
0.8481215706269722
0.4905283405678347
0.2806989100645296
0.3925506556115579
0.9619633970141876
0.1226147997949738
0.5701138711592648
0.8480767479341011
0.49070429347921163
0.28057755500776693
0.3924900972924661
0.9621457872272003
0.12270694857579656
0.5702808237692807
0.8477668037812691
0.4903204395668581
0.28039468795759603
0.3921524965844583
0.9627399263263214
0.1225443471048493
0.5700927115103696
0.8480508795182686
0.4906839682953432
0.2806377258966677
0.39252381862024777
0.9620109019160736
0.12267285471898504
0.5701564884802792
0.8481354585092049
0.49050834320951253
0.28065672487718984
0.3925411263189744
0.9620339800894726
0.12262715099495836
0.5701639195031021
0.8481352140370291
0.490508257295005
0.2806565497885458
0.3925418136350345
0.9620335060462821
0.1226269144390244
0.5701646319648717
0.8481355739932042
0.4905089094536379
0.2806553390691988
0.39254031420568936
0.9620327917218674
0.12262559568625875
0.5701669528207276
0.8481349388312083
0.4905081746401265
0.28065644874004647
0.392541734239785
0.9620337410888169
0.12262704616296105
0.5701641050691251
0.848135440814076
0.49050842376891524
0.2806567791267298
0.3925410482042935
0.9620338153035846
0.1226271137711592
0.07016419523279183
0.59813526229118
0.8655084527854342
0.4681567781663034
0.8612910478550475
0.46203381463419646
0.3726271164487116
0.4451641933701467
0.8481352613598574
0.4905084555794019
0.7806567795632873
0.3925410504161846
0.9620338098902721
0.12262711059884168
0.570164190576179
0.8481352562084794
0.9905084646306932
0.5306567770894617
0.7675410475349054
0.8995338142267428
0.7163771161285695
0.9920391942723654
0.5278227618837263
0.77175845351303
0.9056567790394183
0.2050410485244356
0.2432838155364152
0.6382521134510171
0.9529766945634037
0.6020415121456608
0.8713678288622759
0.9437427158409264
0.10103714239085093
0.1151099874114152
0.5932081681385171
0.8611798195634037
0.9623930746456608
0.6228326726122759
0.8197192783409264
0.47457229864085093
0.3038306905364152
0.9351271134510171
0.22641419456340373
0.17626026214566082
0.24832095386227593
0.1283130283409264
0.6913691736699548
0.9708228780073114
0.5498732072010171
0.8082013039384037
0.9207670980831608
0.7460626530810259
0.8887805576378014
0.19832718145335093
0.2340064717864152
0.6804884415760171
0.9814190773759037
0.5610869223019108
0.7849725651904009
0.9242267246299889
0.24559128057444468
0.14040524497977458
0.695707176317228
0.9809183983597904
0.5609109693905339
0.7846139836474322
0.9256343479210045
0.24462044012034312
0.1399207784270402
0.6971662980213296
0.9816555886063725
0.5622465902706608
0.7821344304247759
0.9225635166221764
0.24315750371897593
0.1372199727629777
0.7019194108142983
0.9803547768387944
0.5607416921993718
0.784407036320772
0.9254717464500573
0.24510180723154917
0.14019054904929362
0.6960872155323159
0.9813828377518803
0.5612519079586491
0.7850836682482623
0.9240667457634117
0.24525379907572642
0.14032901063910685
0.6962718409195077
0.9810172079596668
0.561311356141232
0.7850817124708556
0.9240660584473517
0.2452523983665742
0.14033450916758738
0.6962680485739838
0.9810153155121952
0.5613170558353886
0.7850845921202563
0.9240712757164147
0.2452427126117982
0.14032251373282634
0.696262333978666
0.98100476549007
0.5613356226822361
0.7850795108242892
0.9240653972083237
0.24525158997857943
0.1403338740055915
0.696269928914262
0.9810163693036884
0.5613128406694159
0.7850835266872309
0.9240673902386334
0.2452542330720462
0.1403283857216593
0.6962705226324033
0.9810169101692736
0.5613135618623346
0.7850820984458551
0.9240676224580966
0.7452542254177388
0.890328383015003
0.6962705171608832
0.9810169316479005
0.5613135470484849
0.7850820910534821
0.9240676447225269
0.24525423668092117
0.1403284034167882
0.6962704793259036
0.9810168847907335
0.561313524725847
0.7850820498424582
0.9240677172492724
0.2452542168321088
0.14032838045386598
0.19627051401766948
0.7310169291740749
0.9363135543826502
0.22258209518622607
0.17406762827886268
0.2452542325190734
0.6403283882245887
0.9462705243204255
0.10601690775365569
0.6238135567109566
0.8163320972817019
0.9709426310728304
0.549941726931138
0.8082971391268075
0.9208798992913216
0.7456653452245519
0.8894385566818528
0.6991445973690134
0.9826613810146227
0.5577542269020341
0.7965783892141189
0.4306455243495293
0.48101690781186335
0.8113135565363336
0.41008209719439037
0.9865676309273113
0.02650422675651498
0.5309533895051572
0.7665830242622178
0.39898565772455186
0.4656104316818528
0.36613678486901335
0.9685012247937266
0.11024446130613796
0.5866174516559113
0.8720517743204255
0.4439075327536557
0.8513526192109566
0.48869537853170186
0.2797805216978304
0.39381379724363796
0.9647302446246613
0.12324195986730047
0.5656574106833432
0.8473471870820504
0.48728775524068624
0.2769118693540804
0.40507478357176296
0.9569635209918488
0.11936622744542547
0.5773303843161557
0.8532447090547066
0.49797272228170186
0.2570754435728304
0.38050813318113796
0.9452600297809113
0.09775978213292547
0.6153552866599057
0.8428382149140816
0.48593353771138936
0.27525629074079916
0.40377397180418484
0.9608144578814972
0.12152439242345281
0.5686977244040463
0.8510627022187691
0.4900152637856081
0.28066934616072103
0.3925339663110208
0.9620303926349152
0.12263208514195867
0.5701747275015805
0.8481376638810616
0.49049084924627095
0.2806536999414675
0.39252846778254025
0.9620191869616974
0.12267607336980291
0.5701443887373898
0.8481225243012886
0.49053644679952413
0.2806767371366732
0.3925702059350442
0.9619417009234894
0.12258010989171453
0.5700986719748471
0.8480381241242867
0.4906849815743044
0.28063608676893637
0.39252317787031643
0.9620127198577393
0.1226709920738358
0.570159431459615
0.8481309546332341
0.49050272547174245
0.2806682136724703
0.39253912211279385
0.9620338646054734
0.12262708580237813
0.5701641812047455
0.8481352815579157
0.4905084950150922
0.28065678774146363
0.39254097986849956
0.9620338034874294
0.12262706432375126
0.5701641374325845
0.8481354533869307
0.4905083765042946
0.28065672860248014
0.39254115798394196
0.9620338934764732
0.12262722736340947
0.5701638347527478
0.8481350785295945
0.4905081979231909
0.28065639891428873
0.39254173819790594
0.9620337346859742
0.12262704366003163
0.5701641121704597
0.8481354335381184
0.49050843526492827
0.7806567615189124
0.3925410262600053
0.9620338601816911
0.12262710594222881
0.5701641947671305
0.8481352620292455
0.9905084538040683
0.5306567784282379
0.7675410487863701
0.39953381556551903
0.4663771131890826
0.3670391945342999
0.965322761941934
0.11550845365854912
0.593156779097626
0.8612910483207088
0.4620338153326884
0.3726271138875745
0.44516419488354586
0.8481352625822183
0.49050845246529207
0.28065677764243446
0.8925410476222169
0.21203381405211985
0.2476271161576733
0.13266419427236542
0.19188526188372634
0.7248834535421338
0.9290942790103145
0.7480097985535394
0.8819556904491037
0.6929396133637056
0.9764141947380267
0.551260262116557
0.8108209538622759
0.9095630283409264
0.23824417364085093
0.1505103780364152
0.7178419572010171
0.9859356789384037
0.5252592855831608
0.7787774968310259
0.8983020420128014
0.21529495489085093
0.2405982686614152
0.6557081681385171
0.9549298195634037
0.6186430746456608
0.8259576726122759
0.9837817783409264
0.05660354864085093
0.044065065536415204
0.5620802384510171
0.7820782570634037
0.9228422933956608
0.7427057194872759
0.8874683017784264
0.20205032598460093
0.2301917745207902
0.6865156632557046
0.9721951393876225
0.5495817953487858
0.8085016179247759
0.9201221103721764
0.24535476934397593
0.1402717305754777
0.6962431412830483
0.9810566811356694
0.5613978201290593
0.7851013112231158
0.9239267940574791
0.2452295995899476
0.14022774234763347
0.6961534958973061
0.9814085869584233
0.5611551100155339
0.7849801945849322
0.9242915744835045
0.24541389715159312
0.1405616475676652
0.6955336075916421
0.9806408791337162
0.5607893759151921
0.7843049931689166
0.9254798526817467
0.2450886942096986
0.14018542304984294
0.6961017590656411
0.9813679365906864
0.5612754517933354
0.7850476372404955
0.9240218038612511
0.24534570943797007
0.14031297698966227
0.6962709170475136
0.9810166864190251
0.5613134497543797
0.7850822526379488
0.924067960208049
0.2452543019899167
0.140327839035308
0.696270428103162
0.98101651459001
0.5613130995770916
0.785083627270069
0.9240670121216681
0.2452538288780488
0.14032926395884715
0.6962711480155122
0.9810178189072758
0.5613106781383976
0.7850806284113787
0.9240655834728386
0.2452511913725175
0.14033390567055903
0.6962698776915204
0.981016349280253
0.5613128974800929
0.78508346847957
0.9240674822067376
0.2452540923259221
0.14032821016735397
0.6962708816572558
0.9810168475378305
0.5613135582534596
0.785082096408587
0.924067630636273
0.2452542275423184
0.14032839046558365
0.19627052461146377
0.7310169055999722
0.9363135563326068
0.7225820957391988
0.9240676292683929
0.7452542328974232
0.8903283867402934
0.6962705227488186
0.9810169111588039
0.5613135591556784
0.7850821008323692
0.924067619809648
0.24525422119768336
0.14032838118146174
0.6962705124460626
0.9810169292904902
0.0613135542080272
0.5350820950989146
0.7990676284825895
0.43275423228624277
0.9840783885738347
0.05564552379655652
0.5435169070551638
0.8113135581079405
0.4100820970488712
0.4865676310728304
0.27650422693113796
0.9059533891559113
0.20408302432042547
0.7427356577536557
0.8874854317109566
0.20207428478170186
0.2302199748228304
0.18641633630613796
0.7223596391559113
0.9247861493204255
0.2456653452536557
0.6394385567109566
0.9491445972817019
0.6076613810728304
0.870254226931138
0.45282838912680745
0.35252052429132164
0.49664190772455186
0.2566260566818528
0.38273834736901335
0.9416457560437266
0.09974641443113796
0.6164026079059113
0.8415341961954255
0.4921253061911557
0.7775611153047066
0.39665436290670186
0.4680129435728304
0.36097688318113796
0.9628381547809113
0.12217384463292547
0.5699451304099057
0.8484534492890816
0.49118256114888936
0.28081048995954916
0.39141435266355984
0.9618367967486847
0.12182193881017156
0.5692279673239682
0.8512686958711129
0.48924088024068624
0.2798415568540804
0.39433259607176296
0.9633111772418488
0.12449318057042547
0.5642688608786557
0.8451270332734566
0.48631500743795186
0.2744399455259554
0.40383882165770046
0.9607095537066925
0.12148338442784734
0.5688140726706479
0.8509434929292183
0.49020361446309835
0.28038109809858724
0.3921744310937356
0.9627656755328644
0.12250381594640203
0.5701673365256283
0.8481334915559273
0.49050759815145284
0.2806580212782137
0.39254368186811917
0.9620344159484375
0.12262271231156774
0.570163424970815
0.8481321169238072
0.4905047967331484
0.28066901833517477
0.3925360971770715
0.9620306310534943
0.12263411169988103
0.5701691842696164
0.8481425514619332
0.4904854252235964
0.2806450274656527
0.3925246679864358
0.9620095310092438
0.1226712453935761
0.5701590216776822
0.8481307944457512
0.49050317995715886
0.280667748011183
0.3925398578576278
0.9620327386364806
0.12262568136793561
0.5701670534035657
0.8481347805063706
0.4905084661440924
0.2806567714433186
0.39254104529391043
0.9620338203676511
0.12262712375377305
0.570164196920814
0.848135244945297
0.4905084508645814
0.7806567660591099
0.3925410343508702
0.9620338633249048
0.12262709412607364
0.5701641821360681
0.8481352894741576
0.49050847336184233
0.2806568068335764
0.392540958680911
0.9620337696105707
0.12262704948079772
0.5701640997140203
0.8481354345276486
0.4905084336642176
0.28065676090773195
0.39254102803533897
0.46203385837725364
0.8726271087944042
0.44516419037245214
0.34813525655772537
0.4905084650381468
0.28065677647828124
0.8925410486699548
0.21203381550731137
0.24762711345101707
0.6326641945925076
0.9418852621747646
0.09988345389137976
0.6165942782827187
0.8417597986117471
0.49133069047820754
0.7788771133928094
0.39828919476713054
0.9653227620583493
0.1155084538331721
0.5931567784573417
0.8612910486990586
0.9620338156237267
0.6226271131017711
0.8201641943887807
0.9731352618837263
0.05300845351302996
0.061906779039418325
0.5331660485535394
0.7979713154491037
0.9312208633637056
0.7322735697380267
0.937002449616557
0.22048892261227593
0.1732349033409264
0.7441035486699548
0.8878150655073114
0.7027052384510171
0.9773907570634037
0.5595610433956608
0.7876275944872759
0.9294604892784264
0.24648391973460093
0.1313148213957902
0.6946943741932046
0.9745755104813725
0.5538237387081608
0.8101495671435259
0.9139270420128014
0.23873245489085093
0.1546607686614152
0.7064894181385171
0.9959454445634037
0.5141508871456608
0.7610162663622759
0.8905200595909264
0.19551956426585093
0.2307105733489152
0.6856764298572671
0.9718670754227787
0.5505125814815983
0.8075479436083697
0.9216289157920983
0.24304878484690562
0.13739544883719645
0.7021254044666421
0.9800305275712162
0.5613386923214421
0.7850679326220416
0.9240607852989342
0.24526417028391734
0.1403494550322648
0.696275327791227
0.9809816984925419
0.561307399882935
0.7850569355650805
0.9240383739524987
0.24535214673960581
0.14028877750388347
0.6962450486316811
0.9810728935990483
0.5613534742733464
0.7851404118700884
0.9238834018760826
0.24516021978342906
0.14019734397879802
0.6960762482776772
0.9813699631486088
0.5612721735378727
0.7850463557406329
0.9240254397445824
0.2453419841476716
0.14031886294833384
0.696261909295572
0.9810054509434849
0.5613364273449406
0.7850782442255877
0.9240677292400505
0.24525417160475627
0.14032836243859492
0.6962705631449353
0.9810169900301844
0.5613135754829273
0.7850819597369991
0.9240676070039626
0.2452541286475025
0.1403282748942729
0.6962709068029653
0.9810167530085891
0.5613134572049603
0.7850823159678839
0.9240677869820502
0.24525445472681895
0.1403276695345994
0.6962701570882928
0.9810163958463818
0.5613127978285775
0.7850834763958119
0.9240674694010522
0.24525408732006326
0.14032822437002324
0.6962708671053406
0.9810168705298565
0.5613135230669286
0.7850820525200106
0.9240677203924861
0.24525421188445762
0.1403283895633649
0.6962705240875948
0.9810169076372404
0.0613135568855796
0.535082097601844
0.7990676311310381
0.9327542263781652
0.7340783890685998
0.9306455239129718
0.23101690731709823
0.1863135582243558
0.7225820966705214
0.9240676306653768
0.745254227775149
0.8903283897670917
0.6962705251935404
0.9810169049305841
0.5613135552848689
0.7850820952735376
0.4240676281042397
0.4952542323153466
0.26532838854473084
0.3837705237674527
0.4497669071133714
0.8581885580497328
0.4960195971361827
0.7639113809273113
0.385879226756515
0.9528283895051572
0.1025205242622178
0.6216419077536557
0.8191260567109566
0.47648834728170186
0.3010207560728304
0.43568391443113796
0.9718713579059113
0.050518571195425466
0.5575549936911557
0.7966040840547066
0.43058990978170186
0.4811965373228304
0.31141633630613796
0.9098596391559113
0.23728614932042547
0.6519153452536557
0.9675635567109566
0.11320709728170186
0.08813013107283041
0.12416047693113796
0.5641565141559113
0.8456845868204255
0.4854114390036557
0.7749366035859566
0.40410065196920186
0.4603835490415804
0.37303132654051296
0.9443902788043488
0.09916359072667547
0.6170032358786557
0.8402442207734566
0.49070953868795186
0.2805434611509554
0.39248628259520046
0.9621133623004425
0.12279564028722234
0.5702026224753354
0.8478535881440621
0.4904591991798952
0.28045548469526693
0.3923069918237161
0.9628171739459503
0.12231022006017156
0.5699603891989682
0.8485831489961129
0.49082779430318624
0.2811232951353304
0.39106721521238796
0.9612817582965363
0.12157875185948797
0.5686099863669369
0.8509597053925972
0.4901773884193972
0.2803708460996859
0.392203518160386
0.9627358732104767
0.12255090361577459
0.5700952745100949
0.848043607751606
0.49069141887594014
0.28062595397932455
0.39254183412413113
0.962033372867154
0.12262689953786321
0.5701645053050015
0.8481359204452019
0.4905086039798334
0.280655678070616
0.3925408562354278
0.9620330292091239
0.1226261991832871
0.5701672545692418
0.84813402427244
0.4905076577560976
0.2806585279176943
0.39254229606012814
0.9620356378436554
0.1226213563058991
0.5701612568518613
0.8481311669747811
0.490502382745035
0.28066781134111807
0.3925397554121446
0.9620326985896099
0.12262579498928972
0.5701669369882438
0.8481349644425791
0.4905081846518442
0.28065642033470795
0.39254176334361546
0.9620336951047648
0.1226271165360231
0.5701641928462777
0.8481352613016497
0.4905084550846368
0.2806567809311673
0.39254104922292754
0.4620338112290483
0.8726271126943175
0.4451641915075015
0.8481352585658897
0.49050846582395025
0.7806567735096905
0.3925410455267411
0.9620338223467115
0.12262711834046058
0.5701642016938422
0.8481352396483999
0.49050844239536673
0.2806567623629235
0.3925410249212291
0.9620338586100843
0.1226271084160544
0.07016419022693299
0.5981352569942828
0.8655084645724855
0.9681567771767732
0.11129104759311303
0.08703381413943134
0.6226271162449848
0.8201641940977424
0.9731352621456608
0.5530084538622759
0.8119067783409264
0.40816604864085093
0.4854713155364152
0.7749708634510171
0.4041485695634037
0.4604399496456608
0.37283267261227593
0.4447192783409264
0.8495722986699548
0.4913306905073114
0.27887711345101707
0.8982891945925076
0.21532276217476465
0.7405084538913798
0.9056567782536149
0.7050410485826433
0.9932838154491037
0.5132521133637056
0.7654766947380267
0.883291512116557
0.19949282886227593
0.2328052158409264
0.6830683924199548
0.9842506123823114
0.5551222306385171
0.7933087258134037
0.9360258871456608
0.7219537663622759
0.9256763095909264
0.24434768926585093
0.1398902608489152
0.6969068986072671
0.9823651222977787
0.5616209799190983
0.7828287053271197
0.9236735935264733
0.24364387762034312
0.1384559346770402
0.7025373917713296
0.9784817604813725
0.5596831137081608
0.7886651921435259
0.9266223545128014
0.24898636114085093
0.1285377217864152
0.6902540665760171
0.9726300148759037
0.5488798910519108
0.8076776433154009
0.9214191074424889
0.24296676885569468
0.13762814537039958
0.7018869858875405
0.9804072289261967
0.5607621961971745
0.7843488621874712
0.9255313510948326
0.24500763189280406
0.14033467308036052
0.6962669831409585
0.9810151963029057
0.5613160425564274
0.7850873637362383
0.9240688319259789
0.24524542462313548
0.14032684997073375
0.6962642338767182
0.9810095934662968
0.5613380366703495
0.785072194354143
0.9240612621360924
0.24526822339976206
0.1403383685683366
0.6962851029529702
0.9809708504471928
0.5612900549313053
0.7850493359728716
0.9240190620475914
0.2453424907871522
0.14031804338446818
0.6962615889206063
0.9810063599143177
0.561335496022366
0.7850797157152556
0.9240654773020651
0.24525136273587123
0.14033410683623515
0.696269561041845
0.9810169322881848
0.5613135428866372
0.7850820905878209
0.924067640764406
0.2452542475075461
0.14032839387073182
0.6962704899196979
0.9810169017291628
0.5613135321473237
0.7850820687017404
0.9240677266789135
0.2452541882521473
0.14032836430124007
0.6962705789774191
0.9810169467236847
0.5613136136671528
0.785081917361822
0.9240675392502453
0.24525409896159545
0.14032819945714436
0.6962708690844011
0.9810168673284352
0.5613135218154639
0.7850820560706779
0.9240677167545073
0.7452542176179122
0.8903283807449043
0.6962705131154507
0.9810169300762936
0.5613135529565625
0.7850820973690134
0.42406763101462275
0.49525422690203413
0.26532838921411894
0.8837705243786331
0.19976690778275952
0.2331885565945413
0.683519597252598
0.9826613809564151
0.5577542268147226
0.7965783895342611
0.9306455241458025
0.2310169076663442
0.18631355694378726
0.722582097427221
0.9240676312765572
0.24525422623264603
0.6403283888066653
0.9462705237965565
0.10601690702605993
0.12381355807883665
0.06633209713618271
0.5959426309273113
0.862441726756515
0.46454713950515725
0.8740048992622178
0.44097784522455186
0.3464698066818528
0.48820709736901335
0.7756301310437266
0.40541047693113796
0.9547815141559113
0.11912208682042547
0.5752551890036557
0.8589209785859566
0.49296783946920186
0.2626296427915804
0.38938874841551296
0.9491510209918488
0.10764747744542547
0.6202991343161557
0.8278540840547066
0.47746490978170186
0.3093215373228304
0.41297883630613796
0.9918908891559113
0.028301774320425466
0.5220325327536557
0.7810401192109566
0.39103912853170186
0.4614211466978304
0.37135285974363796
0.9437341508746613
0.10102516299230047
0.6150958872458432
0.8432578316133004
0.48609756969381124
0.2747908976743929
0.40425080896238796
0.9600610551715363
0.12267738467198797
0.5701358652731869
0.8481215706269722
0.4905283405678347
0.2806989100645296
0.3925506556115579
0.9619633970141876
0.1226147997949738
0.5701138711592648
0.8480767479341011
0.49070429347921163
0.28057755500776693
0.3924900972924661
0.9621457872272003
0.12270694857579656
0.5702808237692807
0.8477668037812691
0.4903204395668581
0.28039468795759603
0.3921524965844583
0.9627399263263214
0.1225443471048493
0.5700927115103696
0.8480508795182686
0.4906839682953432
0.2806377258966677
0.39252381862024777
0.9620109019160736
0.12267285471898504
0.5701564884802792
0.8481354585092049
0.49050834320951253
0.28065672487718984
0.3925411263189744
0.9620339800894726
0.12262715099495836
0.5701639195031021
0.8481352140370291
0.490508257295005
0.2806565497885458
0.3925418136350345
0.9620335060462821
0.1226269144390244
0.5701646319648717
0.8481355739932042
0.4905089094536379
0.2806553390691988
0.39254031420568936
0.9620327917218674
0.12262559568625875
0.5701669528207276
0.8481349388312083
0.4905081746401265
0.28065644874004647
0.392541734239785
0.9620337410888169
0.12262704616296105
0.5701641050691251
0.848135440814076
0.49050842376891524
0.2806567791267298
0.3925410482042935
0.9620338153035846
0.1226271137711592
0.07016419523279183
0.59813526229118
0.8655084527854342
0.4681567781663034
0.8612910478550475
0.46203381463419646
0.3726271164487116
0.4451641933701467
0.8481352613598574
0.4905084555794019
0.7806567795632873
0.3925410504161846
0.9620338098902721
0.12262711059884168
0.570164190576179
0.8481352562084794
0.9905084646306932
0.5306567770894617
0.7675410475349054
0.8995338142267428
0.7163771161285695
0.9920391942723654
0.5278227618837263
0.77175845351303
0.9056567790394183
0.2050410485244356
0.2432838155364152
0.6382521134510171
0.9529766945634037
0.6020415121456608
0.8713678288622759
0.9437427158409264
0.10103714239085093
0.1151099874114152
0.5932081681385171
0.8611798195634037
0.9623930746456608
0.6228326726122759
0.8197192783409264
0.47457229864085093
0.3038306905364152
0.9351271134510171
0.22641419456340373
0.17626026214566082
0.24832095386227593
0.1283130283409264
0.6913691736699548
0.9708228780073114
0.5498732072010171
0.8082013039384037
0.9207670980831608
0.7460626530810259
0.8887805576378014
0.19832718145335093
0.2340064717864152
0.6804884415760171
0.9814190773759037
0.5610869223019108
0.7849725651904009
0.9242267246299889
0.24559128057444468
0.14040524497977458
0.695707176317228
0.9809183983597904
0.5609109693905339
0.7846139836474322
0.9256343479210045
0.24462044012034312
0.1399207784270402
0.6971662980213296
0.9816555886063725
0.5622465902706608
0.7821344304247759
0.9225635166221764
0.24315750371897593
0.1372199727629777
0.7019194108142983
0.9803547768387944
0.5607416921993718
0.784407036320772
0.9254717464500573
0.24510180723154917
0.14019054904929362
0.6960872155323159
0.9813828377518803
0.5612519079586491
0.7850836682482623
0.9240667457634117
0.24525379907572642
0.14032901063910685
0.6962718409195077
0.9810172079596668
0.561311356141232
0.7850817124708556
0.9240660584473517
0.2452523983665742
0.14033450916758738
0.6962680485739838
0.9810153155121952
0.5613170558353886
0.7850845921202563
0.9240712757164147
0.2452427126117982
0.14032251373282634
0.696262333978666
0.98100476549007
0.5613356226822361
0.7850795108242892
0.9240653972083237
0.24525158997857943
0.1403338740055915
0.696269928914262
0.9810163693036884
0.5613128406694159
0.7850835266872309
0.9240673902386334
0.2452542330720462
0.1403283857216593
0.6962705226324033
0.9810169101692736
0.5613135618623346
0.7850820984458551
0.9240676224580966
0.7452542254177388
0.890328383015003
0.6962705171608832
0.9810169316479005
0.5613135470484849
0.7850820910534821
0.9240676447225269
0.24525423668092117
0.1403284034167882
0.6962704793259036
0.9810168847907335
0.561313524725847
0.7850820498424582
0.9240677172492724
0.2452542168321088
0.14032838045386598
0.19627051401766948
0.7310169291740749
0.9363135543826502
0.22258209518622607
0.17406762827886268
0.2452542325190734
0.6403283882245887
0.9462705243204255
0.10601690775365569
0.6238135567109566
0.8163320972817019
0.9709426310728304
0.549941726931138
0.8082971391268075
0.9208798992913216
0.7456653452245519
0.8894385566818528
0.6991445973690134
0.9826613810146227
0.5577542269020341
0.7965783892141189
0.4306455243495293
0.48101690781186335
0.8113135565363336
0.41008209719439037
0.9865676309273113
0.02650422675651498
0.5309533895051572
0.7665830242622178
0.39898565772455186
0.4656104316818528
0.36613678486901335
0.9685012247937266
0.11024446130613796
0.5866174516559113
0.8720517743204255
0.4439075327536557
0.8513526192109566
0.48869537853170186
0.2797805216978304
0.39381379724363796
0.9647302446246613
0.12324195986730047
0.5656574106833432
0.8473471870820504
0.48728775524068624
0.2769118693540804
0.40507478357176296
0.9569635209918488
0.11936622744542547
0.5773303843161557
0.8532447090547066
0.49797272228170186
0.2570754435728304
0.38050813318113796
0.9452600297809113
0.09775978213292547
0.6153552866599057
0.8428382149140816
0.48593353771138936
0.27525629074079916
0.40377397180418484
0.9608144578814972
0.12152439242345281
0.5686977244040463
0.8510627022187691
0.4900152637856081
0.28066934616072103
0.3925339663110208
0.9620303926349152
0.12263208514195867
0.5701747275015805
0.8481376638810616
0.49049084924627095
0.2806536999414675
0.39252846778254025
0.9620191869616974
0.12267607336980291
0.5701443887373898
0.8481225243012886
0.49053644679952413
0.2806767371366732
0.3925702059350442
0.9619417009234894
0.12258010989171453
0.5700986719748471
0.8480381241242867
0.4906849815743044
0.28063608676893637
0.39252317787031643
0.9620127198577393
0.1226709920738358
0.570159431459615
0.8481309546332341
0.49050272547174245
0.2806682136724703
0.39253912211279385
0.9620338646054734
0.12262708580237813
0.5701641812047455
0.8481352815579157
0.4905084950150922
0.28065678774146363
0.39254097986849956
0.9620338034874294
0.12262706432375126
0.5701641374325845
0.8481354533869307
0.4905083765042946
0.28065672860248014
0.39254115798394196
0.9620338934764732
0.12262722736340947
0.5701638347527478
0.8481350785295945
0.4905081979231909
0.28065639891428873
0.39254173819790594
0.9620337346859742
0.12262704366003163
0.5701641121704597
0.8481354335381184
0.49050843526492827
0.7806567615189124
0.3925410262600053
0.9620338601816911
0.12262710594222881
0.5701641947671305
0.8481352620292455
0.9905084538040683
0.5306567784282379
0.7675410487863701
0.39953381556551903
0.4663771131890826
0.3670391945342999
0.965322761941934
0.11550845365854912
0.593156779097626
0.8612910483207088
0.4620338153326884
0.3726271138875745
0.44516419488354586
0.8481352625822183
0.49050845246529207
0.28065677764243446
0.8925410476222169
0.21203381405211985
0.2476271161576733
0.13266419427236542
0.19188526188372634
0.7248834535421338
0.9290942790103145
0.7480097985535394
0.8819556904491037
0.6929396133637056
0.9764141947380267
0.551260262116557
0.8108209538622759
0.9095630283409264
0.23824417364085093
0.1505103780364152
0.7178419572010171
0.9859356789384037
0.5252592855831608
0.7787774968310259
0.8983020420128014
0.21529495489085093
0.2405982686614152
0.6557081681385171
0.9549298195634037
0.6186430746456608
0.8259576726122759
0.9837817783409264
0.05660354864085093
0.044065065536415204
0.5620802384510171
0.7820782570634037
0.9228422933956608
0.7427057194872759
0.8874683017784264
0.20205032598460093
0.2301917745207902
0.6865156632557046
0.9721951393876225
0.5495817953487858
0.8085016179247759
0.9201221103721764
0.24535476934397593
0.1402717305754777
0.6962431412830483
0.9810566811356694
0.5613978201290593
0.7851013112231158
0.9239267940574791
0.2452295995899476
0.14022774234763347
0.6961534958973061
0.9814085869584233
0.5611551100155339
0.7849801945849322
0.9242915744835045
0.24541389715159312
0.1405616475676652
0.6955336075916421
0.9806408791337162
0.5607893759151921
0.7843049931689166
0.9254798526817467
0.2450886942096986
0.14018542304984294
0.6961017590656411
0.9813679365906864
0.5612754517933354
0.7850476372404955
0.9240218038612511
0.24534570943797007
0.14031297698966227
0.6962709170475136
0.9810166864190251
0.5613134497543797
0.7850822526379488
0.924067960208049
0.2452543019899167
0.140327839035308
0.696270428103162
0.98101651459001
0.5613130995770916
0.785083627270069
0.9240670121216681
0.2452538288780488
0.14032926395884715
0.6962711480155122
0.9810178189072758
0.5613106781383976
0.7850806284113787
0.9240655834728386
0.2452511913725175
0.14033390567055903
0.6962698776915204
0.981016349280253
0.5613128974800929
0.78508346847957
0.9240674822067376
0.2452540923259221
0.14032821016735397
0.6962708816572558
0.9810168475378305
0.5613135582534596
0.785082096408587
0.924067630636273
0.2452542275423184
0.14032839046558365
0.19627052461146377
0.7310169055999722
0.9363135563326068
0.7225820957391988
0.9240676292683929
0.7452542328974232
0.8903283867402934
0.6962705227488186
0.9810169111588039
0.5613135591556784
0.7850821008323692
0.924067619809648
0.24525422119768336
0.14032838118146174
0.6962705124460626
0.9810169292904902
0.0613135542080272
0.5350820950989146
0.7990676284825895
0.43275423228624277
0.9840783885738347
0.05564552379655652
0.5435169070551638
0.8113135581079405
0.4100820970488712
0.4865676310728304
0.27650422693113796
0.9059533891559113
0.20408302432042547
0.7427356577536557
0.8874854317109566
0.20207428478170186
0.2302199748228304
0.18641633630613796
0.7223596391559113
0.9247861493204255
0.2456653452536557
0.6394385567109566
0.9491445972817019
0.6076613810728304
0.870254226931138
0.45282838912680745
0.35252052429132164
0.49664190772455186
0.2566260566818528
0.38273834736901335
0.9416457560437266
0.09974641443113796
0.6164026079059113
0.8415341961954255
0.4921253061911557
0.7775611153047066
0.39665436290670186
0.4680129435728304
0.36097688318113796
0.9628381547809113
0.12217384463292547
0.5699451304099057
0.8484534492890816
0.49118256114888936
0.28081048995954916
0.39141435266355984
0.9618367967486847
0.12182193881017156
0.5692279673239682
0.8512686958711129
0.48924088024068624
0.2798415568540804
0.39433259607176296
0.9633111772418488
0.12449318057042547
0.5642688608786557
0.8451270332734566
0.48631500743795186
0.2744399455259554
0.40383882165770046
0.9607095537066925
0.12148338442784734
0.5688140726706479
0.8509434929292183
0.49020361446309835
0.28038109809858724
0.3921744310937356
0.9627656755328644
0.12250381594640203
0.5701673365256283
0.8481334915559273
0.49050759815145284
0.2806580212782137
0.39254368186811917
0.9620344159484375
0.12262271231156774
0.570163424970815
0.8481321169238072
0.4905047967331484
0.28066901833517477
0.3925360971770715
0.9620306310534943
0.12263411169988103
0.5701691842696164
0.8481425514619332
0.4904854252235964
0.2806450274656527
0.3925246679864358
0.9620095310092438
0.1226712453935761
0.5701590216776822
0.8481307944457512
0.49050317995715886
0.280667748011183
0.3925398578576278
0.9620327386364806
0.12262568136793561
0.5701670534035657
0.8481347805063706
0.4905084661440924
0.2806567714433186
0.39254104529391043
0.9620338203676511
0.12262712375377305
0.570164196920814
0.848135244945297
0.4905084508645814
0.7806567660591099
0.3925410343508702
0.9620338633249048
0.12262709412607364
0.5701641821360681
0.8481352894741576
0.49050847336184233
0.2806568068335764
0.392540958680911
0.9620337696105707
0.12262704948079772
0.5701640997140203
0.8481354345276486
0.4905084336642176
0.28065676090773195
0.39254102803533897
0.46203385837725364
0.8726271087944042
0.44516419037245214
0.34813525655772537
0.4905084650381468
0.28065677647828124
0.8925410486699548
0.21203381550731137
0.24762711345101707
0.6326641945925076
0.9418852621747646
0.09988345389137976
0.6165942782827187
0.8417597986117471
0.49133069047820754
0.7788771133928094
0.39828919476713054
0.9653227620583493
0.1155084538331721
0.5931567784573417
0.8612910486990586
0.9620338156237267
0.6226271131017711
0.8201641943887807
0.9731352618837263
0.05300845351302996
0.061906779039418325
0.5331660485535394
0.7979713154491037
0.9312208633637056
0.7322735697380267
0.937002449616557
0.22048892261227593
0.1732349033409264
0.7441035486699548
0.8878150655073114
0.7027052384510171
0.9773907570634037
0.5595610433956608
0.7876275944872759
0.9294604892784264
0.24648391973460093
0.1313148213957902
0.6946943741932046
0.9745755104813725
0.5538237387081608
0.8101495671435259
0.9139270420128014
0.23873245489085093
0.1546607686614152
0.7064894181385171
0.9959454445634037
0.5141508871456608
0.7610162663622759
0.8905200595909264
0.19551956426585093
0.2307105733489152
0.6856764298572671
0.9718670754227787
0.5505125814815983
0.8075479436083697
0.9216289157920983
0.24304878484690562
0.13739544883719645
0.7021254044666421
0.9800305275712162
0.5613386923214421
0.7850679326220416
0.9240607852989342
0.24526417028391734
0.1403494550322648
0.696275327791227
0.9809816984925419
0.561307399882935
0.7850569355650805
0.9240383739524987
0.24535214673960581
0.14028877750388347
0.6962450486316811
0.9810728935990483
0.5613534742733464
0.7851404118700884
0.9238834018760826
0.24516021978342906
0.14019734397879802
0.6960762482776772
0.9813699631486088
0.5612721735378727
0.7850463557406329
0.9240254397445824
0.2453419841476716
0.14031886294833384
0.696261909295572
0.9810054509434849
0.5613364273449406
0.7850782442255877
0.9240677292400505
0.24525417160475627
0.14032836243859492
0.6962705631449353
0.9810169900301844
0.5613135754829273
0.7850819597369991
0.9240676070039626
0.2452541286475025
0.1403282748942729
0.6962709068029653
0.9810167530085891
0.5613134572049603
0.7850823159678839
0.9240677869820502
0.24525445472681895
0.1403276695345994
0.6962701570882928
0.9810163958463818
0.5613127978285775
0.7850834763958119
0.9240674694010522
0.24525408732006326
0.14032822437002324
0.6962708671053406
0.9810168705298565
0.5613135230669286
0.7850820525200106
0.9240677203924861
0.24525421188445762
0.1403283895633649
0.6962705240875948
0.9810169076372404
0.0613135568855796
0.535082097601844
0.7990676311310381
0.9327542263781652
0.7340783890685998
0.9306455239129718
0.23101690731709823
0.1863135582243558
0.7225820966705214
0.9240676306653768
0.745254227775149
0.8903283897670917
0.6962705251935404
0.9810169049305841
0.5613135552848689
0.7850820952735376
0.4240676281042397
0.4952542323153466
0.26532838854473084
0.3837705237674527
0.4497669071133714
0.8581885580497328
0.4960195971361827
0.7639113809273113
0.385879226756515
0.9528283895051572
0.1025205242622178
0.6216419077536557
0.8191260567109566
0.47648834728170186
0.3010207560728304
0.43568391443113796
0.9718713579059113
0.050518571195425466
0.5575549936911557
0.7966040840547066
0.43058990978170186
0.4811965373228304
0.31141633630613796
0.9098596391559113
0.23728614932042547
0.6519153452536557
0.9675635567109566
0.11320709728170186
0.08813013107283041
0.12416047693113796
0.5641565141559113
0.8456845868204255
0.4854114390036557
0.7749366035859566
0.40410065196920186
0.4603835490415804
0.37303132654051296
0.9443902788043488
0.09916359072667547
0.6170032358786557
0.8402442207734566
0.49070953868795186
0.2805434611509554
0.39248628259520046
0.9621133623004425
0.12279564028722234
0.5702026224753354
0.8478535881440621
0.4904591991798952
0.28045548469526693
0.3923069918237161
0.9628171739459503
0.12231022006017156
0.5699603891989682
0.8485831489961129
0.49082779430318624
0.2811232951353304
0.39106721521238796
0.9612817582965363
0.12157875185948797
0.5686099863669369
0.8509597053925972
0.4901773884193972
0.2803708460996859
0.392203518160386
0.9627358732104767
0.12255090361577459
0.5700952745100949
0.848043607751606
0.49069141887594014
0.28062595397932455
0.39254183412413113
0.962033372867154
0.12262689953786321
0.5701645053050015
0.8481359204452019
0.4905086039798334
0.280655678070616
0.3925408562354278
0.9620330292091239
0.1226261991832871
0.5701672545692418
0.84813402427244
0.4905076577560976
0.2806585279176943
0.39254229606012814
0.9620356378436554
0.1226213563058991
0.5701612568518613
0.8481311669747811
0.490502382745035
0.28066781134111807
0.3925397554121446
0.9620326985896099
0.12262579498928972
0.5701669369882438
0.8481349644425791
0.4905081846518442
0.28065642033470795
0.39254176334361546
0.9620336951047648
0.1226271165360231
0.5701641928462777
0.8481352613016497
0.4905084550846368
0.2806567809311673
0.39254104922292754
0.4620338112290483
0.8726271126943175
0.4451641915075015
0.8481352585658897
0.49050846582395025
0.7806567735096905
0.3925410455267411
0.9620338223467115
0.12262711834046058
0.5701642016938422
0.8481352396483999
0.49050844239536673
0.2806567623629235
0.3925410249212291
0.9620338586100843
0.1226271084160544
0.07016419022693299
0.5981352569942828
0.8655084645724855
0.9681567771767732
0.11129104759311303
0.08703381413943134
0.6226271162449848
0.8201641940977424
0.9731352621456608
0.5530084538622759
0.8119067783409264
0.40816604864085093
0.4854713155364152
0.7749708634510171
0.4041485695634037
0.4604399496456608
0.37283267261227593
0.4447192783409264
0.8495722986699548
0.4913306905073114
0.27887711345101707
0.8982891945925076
0.21532276217476465
0.7405084538913798
0.9056567782536149
0.7050410485826433
0.9932838154491037
0.5132521133637056
0.7654766947380267
0.883291512116557
0.19949282886227593
0.2328052158409264
0.6830683924199548
0.9842506123823114
0.5551222306385171
0.7933087258134037
0.9360258871456608
0.7219537663622759
0.9256763095909264
0.24434768926585093
0.1398902608489152
0.6969068986072671
0.9823651222977787
0.5616209799190983
0.7828287053271197
0.9236735935264733
0.24364387762034312
0.1384559346770402
0.7025373917713296
0.9784817604813725
0.5596831137081608
0.7886651921435259
0.9266223545128014
0.24898636114085093
0.1285377217864152
0.6902540665760171
0.9726300148759037
0.5488798910519108
0.8076776433154009
0.9214191074424889
0.24296676885569468
0.13762814537039958
0.7018869858875405
0.9804072289261967
0.5607621961971745
0.7843488621874712
0.9255313510948326
0.24500763189280406
0.14033467308036052
0.6962669831409585
0.9810151963029057
0.5613160425564274
0.7850873637362383
0.9240688319259789
0.24524542462313548
0.14032684997073375
0.6962642338767182
0.9810095934662968
0.5613380366703495
0.785072194354143
0.9240612621360924
0.24526822339976206
0.1403383685683366
0.6962851029529702
0.9809708504471928
0.5612900549313053
0.7850493359728716
0.9240190620475914
0.2453424907871522
0.14031804338446818
0.6962615889206063
0.9810063599143177
0.561335496022366
0.7850797157152556
0.9240654773020651
0.24525136273587123
0.14033410683623515
0.696269561041845
0.9810169322881848
0.5613135428866372
0.7850820905878209
0.924067640764406
0.2452542475075461
0.14032839387073182
0.6962704899196979
0.9810169017291628
0.5613135321473237
0.7850820687017404
0.9240677266789135
0.2452541882521473
0.14032836430124007
0.6962705789774191
0.9810169467236847
0.5613136136671528
0.785081917361822
0.9240675392502453
0.24525409896159545
0.14032819945714436
0.6962708690844011
0.9810168673284352
0.5613135218154639
0.7850820560706779
0.9240677167545073
0.7452542176179122
0.8903283807449043
0.6962705131154507
0.9810169300762936
0.5613135529565625
0.7850820973690134
0.42406763101462275
0.49525422690203413
0.26532838921411894
0.8837705243786331
0.19976690778275952
0.2331885565945413
0.683519597252598
0.9826613809564151
0.5577542268147226
0.7965783895342611
0.9306455241458025
0.2310169076663442
0.18631355694378726
0.722582097427221
0.9240676312765572
0.24525422623264603
0.6403283888066653
0.9462705237965565
0.10601690702605993
0.12381355807883665
0.06633209713618271
0.5959426309273113
0.862441726756515
0.46454713950515725
0.8740048992622178
0.44097784522455186
0.3464698066818528
0.48820709736901335
0.7756301310437266
0.40541047693113796
0.9547815141559113
0.11912208682042547
0.5752551890036557
0.8589209785859566
0.49296783946920186
0.2626296427915804
0.38938874841551296
0.9491510209918488
0.10764747744542547
0.6202991343161557
0.8278540840547066
0.47746490978170186
0.3093215373228304
0.41297883630613796
0.9918908891559113
0.028301774320425466
0.5220325327536557
0.7810401192109566
0.39103912853170186
0.4614211466978304
0.37135285974363796
0.9437341508746613
0.10102516299230047
0.6150958872458432
0.8432578316133004
0.48609756969381124
0.2747908976743929
0.40425080896238796
0.9600610551715363
0.12267738467198797
0.5701358652731869
0.8481215706269722
0.4905283405678347
0.2806989100645296
0.3925506556115579
0.9619633970141876
0.1226147997949738
0.5701138711592648
0.8480767479341011
0.49070429347921163
0.28057755500776693
0.3924900972924661
0.9621457872272003
0.12270694857579656
0.5702808237692807
0.8477668037812691
0.4903204395668581
0.28039468795759603
0.3921524965844583
0.9627399263263214
0.1225443471048493
0.5700927115103696
0.8480508795182686
0.4906839682953432
0.2806377258966677
0.39252381862024777
0.9620109019160736
0.12267285471898504
0.5701564884802792
0.8481354585092049
0.49050834320951253
0.28065672487718984
0.3925411263189744
0.9620339800894726
0.12262715099495836
0.5701639195031021
0.8481352140370291
0.490508257295005
0.2806565497885458
0.3925418136350345
0.9620335060462821
0.1226269144390244
0.5701646319648717
0.8481355739932042
0.4905089094536379
0.2806553390691988
0.39254031420568936
0.9620327917218674
0.12262559568625875
0.5701669528207276
0.8481349388312083
0.4905081746401265
0.28065644874004647
0.392541734239785
0.9620337410888169
0.12262704616296105
0.5701641050691251
0.848135440814076
0.49050842376891524
0.2806567791267298
0.3925410482042935
0.9620338153035846
0.1226271137711592
0.07016419523279183
0.59813526229118
0.8655084527854342
0.4681567781663034
0.8612910478550475
0.46203381463419646
0.3726271164487116
0.4451641933701467
0.8481352613598574
0.4905084555794019
0.7806567795632873
0.3925410504161846
0.9620338098902721
0.12262711059884168
0.570164190576179
0.8481352562084794
0.9905084646306932
0.5306567770894617
0.7675410475349054
0.8995338142267428
0.7163771161285695
0.9920391942723654
0.5278227618837263
0.77175845351303
0.9056567790394183
0.2050410485244356
0.2432838155364152
0.6382521134510171
0.9529766945634037
0.6020415121456608
0.8713678288622759
0.9437427158409264
0.10103714239085093
0.1151099874114152
0.5932081681385171
0.8611798195634037
0.9623930746456608
0.6228326726122759
0.8197192783409264
0.47457229864085093
0.3038306905364152
0.9351271134510171
0.22641419456340373
0.17626026214566082
0.24832095386227593
0.1283130283409264
0.6913691736699548
0.9708228780073114
0.5498732072010171
0.8082013039384037
0.9207670980831608
0.7460626530810259
0.8887805576378014
0.19832718145335093
0.2340064717864152
0.6804884415760171
0.9814190773759037
0.5610869223019108
0.7849725651904009
0.9242267246299889
0.24559128057444468
0.14040524497977458
0.695707176317228
0.9809183983597904
0.5609109693905339
0.7846139836474322
0.9256343479210045
0.24462044012034312
0.1399207784270402
0.6971662980213296
0.9816555886063725
0.5622465902706608
0.7821344304247759
0.9225635166221764
0.24315750371897593
0.1372199727629777
0.7019194108142983
0.9803547768387944
0.5607416921993718
0.784407036320772
0.9254717464500573
0.24510180723154917
0.14019054904929362
0.6960872155323159
0.9813828377518803
0.5612519079586491
0.7850836682482623
0.9240667457634117
0.24525379907572642
0.14032901063910685
0.6962718409195077
0.9810172079596668
0.561311356141232
0.7850817124708556
0.9240660584473517
0.2452523983665742
0.14033450916758738
0.6962680485739838
0.9810153155121952
0.5613170558353886
0.7850845921202563
0.9240712757164147
0.2452427126117982
0.14032251373282634
0.696262333978666
0.98100476549007
0.5613356226822361
0.7850795108242892
0.9240653972083237
0.24525158997857943
0.1403338740055915
0.696269928914262
0.9810163693036884
0.5613128406694159
0.7850835266872309
0.9240673902386334
0.2452542330720462
0.1403283857216593
0.6962705226324033
0.9810169101692736
0.5613135618623346
0.7850820984458551
0.9240676224580966
0.7452542254177388
0.890328383015003
0.6962705171608832
0.9810169316479005
0.5613135470484849
0.7850820910534821
0.9240676447225269
0.24525423668092117
0.1403284034167882
0.6962704793259036
0.9810168847907335
0.561313524725847
0.7850820498424582
0.9240677172492724
0.2452542168321088
0.14032838045386598
0.19627051401766948
0.7310169291740749
0.9363135543826502
0.22258209518622607
0.17406762827886268
0.2452542325190734
0.6403283882245887
0.9462705243204255
0.10601690775365569
0.6238135567109566
0.8163320972817019
0.9709426310728304
0.549941726931138
0.8082971391268075
0.9208798992913216
0.7456653452245519
0.8894385566818528
0.6991445973690134
0.9826613810146227
0.5577542269020341
0.7965783892141189
0.4306455243495293
0.48101690781186335
0.8113135565363336
0.41008209719439037
0.9865676309273113
0.02650422675651498
0.5309533895051572
0.7665830242622178
0.39898565772455186
0.4656104316818528
0.36613678486901335
0.9685012247937266
0.11024446130613796
0.5866174516559113
0.8720517743204255
0.4439075327536557
0.8513526192109566
0.48869537853170186
0.2797805216978304
0.39381379724363796
0.9647302446246613
0.12324195986730047
0.5656574106833432
0.8473471870820504
0.48728775524068624
0.2769118693540804
0.40507478357176296
0.9569635209918488
0.11936622744542547
0.5773303843161557
0.8532447090547066
0.49797272228170186
0.2570754435728304
0.38050813318113796
0.9452600297809113
0.09775978213292547
0.6153552866599057
0.8428382149140816
0.48593353771138936
0.27525629074079916
0.40377397180418484
0.9608144578814972
0.12152439242345281
0.5686977244040463
0.8510627022187691
0.4900152637856081
0.28066934616072103
0.3925339663110208
0.9620303926349152
0.12263208514195867
0.5701747275015805
0.8481376638810616
0.49049084924627095
0.2806536999414675
0.39252846778254025
0.9620191869616974
0.12267607336980291
0.5701443887373898
0.8481225243012886
0.49053644679952413
0.2806767371366732
0.3925702059350442
0.9619417009234894
0.12258010989171453
0.5700986719748471
0.8480381241242867
0.4906849815743044
0.28063608676893637
0.39252317787031643
0.9620127198577393
0.1226709920738358
0.570159431459615
0.8481309546332341
0.49050272547174245
0.2806682136724703
0.39253912211279385
0.9620338646054734
0.12262708580237813
0.5701641812047455
0.8481352815579157
0.4905084950150922
0.28065678774146363
0.39254097986849956
0.9620338034874294
0.12262706432375126
0.5701641374325845
0.8481354533869307
0.4905083765042946
0.28065672860248014
0.39254115798394196
0.9620338934764732
0.12262722736340947
0.5701638347527478
0.8481350785295945
0.4905081979231909
0.28065639891428873
0.39254173819790594
0.9620337346859742
0.12262704366003163
0.5701641121704597
0.8481354335381184
0.49050843526492827
0.7806567615189124
0.3925410262600053
0.9620338601816911
0.12262710594222881
0.5701641947671305
0.8481352620292455
0.9905084538040683
0.5306567784282379
0.7675410487863701
0.39953381556551903
0.4663771131890826
0.3670391945342999
0.965322761941934
0.11550845365854912
0.593156779097626
0.8612910483207088
0.4620338153326884
0.3726271138875745
0.44516419488354586
0.8481352625822183
0.49050845246529207
0.28065677764243446
0.8925410476222169
0.21203381405211985
0.2476271161576733
0.13266419427236542
0.19188526188372634
0.7248834535421338
0.9290942790103145
0.7480097985535394
0.8819556904491037
0.6929396133637056
0.9764141947380267
0.551260262116557
0.8108209538622759
0.9095630283409264
0.23824417364085093
0.1505103780364152
0.7178419572010171
0.9859356789384037
0.5252592855831608
0.7787774968310259
0.8983020420128014
0.21529495489085093
0.2405982686614152
0.6557081681385171
0.9549298195634037
0.6186430746456608
0.8259576726122759
0.9837817783409264
0.05660354864085093
0.044065065536415204
0.5620802384510171
0.7820782570634037
0.9228422933956608
0.7427057194872759
0.8874683017784264
0.20205032598460093
0.2301917745207902
0.6865156632557046
0.9721951393876225
0.5495817953487858
0.8085016179247759
0.9201221103721764
0.24535476934397593
0.1402717305754777
0.6962431412830483
0.9810566811356694
0.5613978201290593
0.7851013112231158
0.9239267940574791
0.2452295995899476
0.14022774234763347
0.6961534958973061
0.9814085869584233
0.5611551100155339
0.7849801945849322
0.9242915744835045
0.24541389715159312
0.1405616475676652
0.6955336075916421
0.9806408791337162
0.5607893759151921
0.7843049931689166
0.9254798526817467
0.2450886942096986
0.14018542304984294
0.6961017590656411
0.9813679365906864
0.5612754517933354
0.7850476372404955
0.9240218038612511
0.24534570943797007
0.14031297698966227
0.6962709170475136
0.9810166864190251
0.5613134497543797
0.7850822526379488
0.924067960208049
0.2452543019899167
0.140327839035308
0.696270428103162
0.98101651459001
0.5613130995770916
0.785083627270069
0.9240670121216681
0.2452538288780488
0.14032926395884715
0.6962711480155122
0.9810178189072758
0.5613106781383976
0.7850806284113787
0.9240655834728386
0.2452511913725175
0.14033390567055903
0.6962698776915204
0.981016349280253
0.5613128974800929
0.78508346847957
0.9240674822067376
0.2452540923259221
0.14032821016735397
0.6962708816572558
0.9810168475378305
0.5613135582534596
0.785082096408587
0.924067630636273
0.2452542275423184
0.14032839046558365
0.19627052461146377
0.7310169055999722
0.9363135563326068
0.7225820957391988
0.9240676292683929
0.7452542328974232
0.8903283867402934
0.6962705227488186
0.9810169111588039
0.5613135591556784
0.7850821008323692
0.924067619809648
0.24525422119768336
0.14032838118146174
0.6962705124460626
0.9810169292904902
0.0613135542080272
0.5350820950989146
0.7990676284825895
0.43275423228624277
0.9840783885738347
0.05564552379655652
0.5435169070551638
0.8113135581079405
0.4100820970488712
0.4865676310728304
0.27650422693113796
0.9059533891559113
0.20408302432042547
0.7427356577536557
0.8874854317109566
0.20207428478170186
0.2302199748228304
0.18641633630613796
0.7223596391559113
0.9247861493204255
0.2456653452536557
0.6394385567109566
0.9491445972817019
0.6076613810728304
0.870254226931138
0.45282838912680745
0.35252052429132164
0.49664190772455186
0.2566260566818528
0.38273834736901335
0.9416457560437266
0.09974641443113796
0.6164026079059113
0.8415341961954255
0.4921253061911557
0.7775611153047066
0.39665436290670186
0.4680129435728304
0.36097688318113796
0.9628381547809113
0.12217384463292547
0.5699451304099057
0.8484534492890816
0.49118256114888936
0.28081048995954916
0.39141435266355984
0.9618367967486847
0.12182193881017156
0.5692279673239682
0.8512686958711129
0.48924088024068624
0.2798415568540804
0.39433259607176296
0.9633111772418488
0.12449318057042547
0.5642688608786557
0.8451270332734566
0.48631500743795186
0.2744399455259554
0.40383882165770046
0.9607095537066925
0.12148338442784734
0.5688140726706479
0.8509434929292183
0.49020361446309835
0.28038109809858724
0.3921744310937356
0.9627656755328644
0.12250381594640203
0.5701673365256283
0.8481334915559273
0.49050759815145284
0.2806580212782137
0.39254368186811917
0.9620344159484375
0.12262271231156774
0.570163424970815
0.8481321169238072
0.4905047967331484
0.28066901833517477
0.3925360971770715
0.9620306310534943
0.12263411169988103
0.5701691842696164
0.8481425514619332
0.4904854252235964
0.2806450274656527
0.3925246679864358
0.9620095310092438
0.1226712453935761
0.5701590216776822
0.8481307944457512
0.49050317995715886
0.280667748011183
0.3925398578576278
0.9620327386364806
0.12262568136793561
0.5701670534035657
0.8481347805063706
0.4905084661440924
0.2806567714433186
0.39254104529391043
0.9620338203676511
0.12262712375377305
0.570164196920814
0.848135244945297
0.4905084508645814
0.7806567660591099
0.3925410343508702
0.9620338633249048
0.12262709412607364
0.5701641821360681
0.8481352894741576
0.49050847336184233
0.2806568068335764
0.392540958680911
0.9620337696105707
0.12262704948079772
0.5701640997140203
0.8481354345276486
0.4905084336642176
0.28065676090773195
0.39254102803533897
0.46203385837725364
0.8726271087944042
0.44516419037245214
0.34813525655772537
0.4905084650381468
0.28065677647828124
0.8925410486699548
0.21203381550731137
0.24762711345101707
0.6326641945925076
0.9418852621747646
0.09988345389137976
0.6165942782827187
0.8417597986117471
0.49133069047820754
0.7788771133928094
0.39828919476713054
0.9653227620583493
0.1155084538331721
0.5931567784573417
0.8612910486990586
0.9620338156237267
0.6226271131017711
0.8201641943887807
0.9731352618837263
0.05300845351302996
0.061906779039418325
0.5331660485535394
0.7979713154491037
0.9312208633637056
0.7322735697380267
0.937002449616557
0.22048892261227593
0.1732349033409264
0.7441035486699548
0.8878150655073114
0.7027052384510171
0.9773907570634037
0.5595610433956608
0.7876275944872759
0.9294604892784264
0.24648391973460093
0.1313148213957902
0.6946943741932046
0.9745755104813725
0.5538237387081608
0.8101495671435259
0.9139270420128014
0.23873245489085093
0.1546607686614152
0.7064894181385171
0.9959454445634037
0.5141508871456608
0.7610162663622759
0.8905200595909264
0.19551956426585093
0.2307105733489152
0.6856764298572671
0.9718670754227787
0.5505125814815983
0.8075479436083697
0.9216289157920983
0.24304878484690562
0.13739544883719645
0.7021254044666421
0.9800305275712162
0.5613386923214421
0.7850679326220416
0.9240607852989342
0.24526417028391734
0.1403494550322648
0.696275327791227
0.9809816984925419
0.561307399882935
0.7850569355650805
0.9240383739524987
0.24535214673960581
0.14028877750388347
0.6962450486316811
0.9810728935990483
0.5613534742733464
0.7851404118700884
0.9238834018760826
0.24516021978342906
0.14019734397879802
0.6960762482776772
0.9813699631486088
0.5612721735378727
0.7850463557406329
0.9240254397445824
0.2453419841476716
0.14031886294833384
0.696261909295572
0.9810054509434849
0.5613364273449406
0.7850782442255877
0.9240677292400505
0.24525417160475627
0.14032836243859492
0.6962705631449353
0.9810169900301844
0.5613135754829273
0.7850819597369991
0.9240676070039626
0.2452541286475025
0.1403282748942729
0.6962709068029653
0.9810167530085891
0.5613134572049603
0.7850823159678839
0.9240677869820502
0.24525445472681895
0.1403276695345994
0.6962701570882928
0.9810163958463818
0.5613127978285775
0.7850834763958119
0.9240674694010522
0.24525408732006326
0.14032822437002324
0.6962708671053406
0.9810168705298565
0.5613135230669286
0.7850820525200106
0.9240677203924861
0.24525421188445762
0.1403283895633649
0.6962705240875948
0.9810169076372404
0.0613135568855796
0.535082097601844
0.7990676311310381
0.9327542263781652
0.7340783890685998
0.9306455239129718
0.23101690731709823
0.1863135582243558
0.7225820966705214
0.9240676306653768
0.745254227775149
0.8903283897670917
0.6962705251935404
0.9810169049305841
0.5613135552848689
0.7850820952735376
0.4240676281042397
0.4952542323153466
0.26532838854473084
0.3837705237674527
0.4497669071133714
0.8581885580497328
0.4960195971361827
0.7639113809273113
0.385879226756515
0.9528283895051572
0.1025205242622178
0.6216419077536557
0.8191260567109566
0.47648834728170186
0.3010207560728304
0.43568391443113796
0.9718713579059113
0.050518571195425466
0.5575549936911557
0.7966040840547066
0.43058990978170186
0.4811965373228304
0.31141633630613796
0.9098596391559113
0.23728614932042547
0.6519153452536557
0.9675635567109566
0.11320709728170186
0.08813013107283041
0.12416047693113796
0.5641565141559113
0.8456845868204255
0.4854114390036557
0.7749366035859566
0.40410065196920186
0.4603835490415804
0.37303132654051296
0.9443902788043488
0.09916359072667547
0.6170032358786557
0.8402442207734566
0.49070953868795186
0.2805434611509554
0.39248628259520046
0.9621133623004425
0.12279564028722234
0.5702026224753354
0.8478535881440621
0.4904591991798952
0.28045548469526693
0.3923069918237161
0.9628171739459503
0.12231022006017156
0.5699603891989682
0.8485831489961129
0.49082779430318624
0.2811232951353304
0.39106721521238796
0.9612817582965363
0.12157875185948797
0.5686099863669369
0.8509597053925972
0.4901773884193972
0.2803708460996859
0.392203518160386
0.9627358732104767
0.12255090361577459
0.5700952745100949
0.848043607751606
0.49069141887594014
0.28062595397932455
0.39254183412413113
0.962033372867154
0.12262689953786321
0.5701645053050015
0.8481359204452019
0.4905086039798334
0.280655678070616
0.3925408562354278
0.9620330292091239
0.1226261991832871
0.5701672545692418
0.84813402427244
0.4905076577560976
0.2806585279176943
0.39254229606012814
0.9620356378436554
0.1226213563058991
0.5701612568518613
0.8481311669747811
0.490502382745035
0.28066781134111807
0.3925397554121446
0.9620326985896099
0.12262579498928972
0.5701669369882438
0.8481349644425791
0.4905081846518442
0.28065642033470795
0.39254176334361546
0.9620336951047648
0.1226271165360231
0.5701641928462777
0.8481352613016497
0.4905084550846368
0.2806567809311673
0.39254104922292754
0.4620338112290483
0.8726271126943175
0.4451641915075015
0.8481352585658897
0.49050846582395025
0.7806567735096905
0.3925410455267411
0.9620338223467115
0.12262711834046058
0.5701642016938422
0.8481352396483999
0.49050844239536673
0.2806567623629235
0.3925410249212291
0.9620338586100843
0.1226271084160544
0.07016419022693299
0.5981352569942828
0.8655084645724855
0.9681567771767732
0.11129104759311303
0.08703381413943134
0.6226271162449848
0.8201641940977424
0.9731352621456608
0.5530084538622759
0.8119067783409264
0.40816604864085093
0.4854713155364152
0.7749708634510171
0.4041485695634037
0.4604399496456608
0.37283267261227593
0.4447192783409264
0.8495722986699548
0.4913306905073114
0.27887711345101707
0.8982891945925076
0.21532276217476465
0.7405084538913798
0.9056567782536149
0.7050410485826433
0.9932838154491037
0.5132521133637056
0.7654766947380267
0.883291512116557
0.19949282886227593
0.2328052158409264
0.6830683924199548
0.9842506123823114
0.5551222306385171
0.7933087258134037
0.9360258871456608
0.7219537663622759
0.9256763095909264
0.24434768926585093
0.1398902608489152
0.6969068986072671
0.9823651222977787
0.5616209799190983
0.7828287053271197
0.9236735935264733
0.24364387762034312
0.1384559346770402
0.7025373917713296
0.9784817604813725
0.5596831137081608
0.7886651921435259
0.9266223545128014
0.24898636114085093
0.1285377217864152
0.6902540665760171
0.9726300148759037
0.5488798910519108
0.8076776433154009
0.9214191074424889
0.24296676885569468
0.13762814537039958
0.7018869858875405
0.9804072289261967
0.5607621961971745
0.7843488621874712
0.9255313510948326
0.24500763189280406
0.14033467308036052
0.6962669831409585
0.9810151963029057
0.5613160425564274
0.7850873637362383
0.9240688319259789
0.24524542462313548
0.14032684997073375
0.6962642338767182
0.9810095934662968
0.5613380366703495
0.785072194354143
0.9240612621360924
0.24526822339976206
0.1403383685683366
0.6962851029529702
0.9809708504471928
0.5612900549313053
0.7850493359728716
0.9240190620475914
0.2453424907871522
0.14031804338446818
0.6962615889206063
0.9810063599143177
0.561335496022366
0.7850797157152556
0.9240654773020651
0.24525136273587123
0.14033410683623515
0.696269561041845
0.9810169322881848
0.5613135428866372
0.7850820905878209
0.924067640764406
0.2452542475075461
0.14032839387073182
0.6962704899196979
0.9810169017291628
0.5613135321473237
0.7850820687017404
0.9240677266789135
0.2452541882521473
0.14032836430124007
0.6962705789774191
0.9810169467236847
0.5613136136671528
0.785081917361822
0.9240675392502453
0.24525409896159545
0.14032819945714436
0.6962708690844011
0.9810168673284352
0.5613135218154639
0.7850820560706779
0.9240677167545073
0.7452542176179122
0.8903283807449043
0.6962705131154507
0.9810169300762936
0.5613135529565625
0.7850820973690134
0.42406763101462275
0.49525422690203413
0.26532838921411894
0.8837705243786331
0.19976690778275952
0.2331885565945413
0.683519597252598
0.9826613809564151
0.5577542268147226
0.7965783895342611
0.9306455241458025
0.2310169076663442
0.18631355694378726
0.722582097427221
0.9240676312765572
0.24525422623264603
0.6403283888066653
0.9462705237965565
0.10601690702605993
0.12381355807883665
0.06633209713618271
0.5959426309273113
0.862441726756515
0.46454713950515725
0.8740048992622178
0.44097784522455186
0.3464698066818528
0.48820709736901335
0.7756301310437266
0.40541047693113796
0.9547815141559113
0.11912208682042547
0.5752551890036557
0.8589209785859566
0.49296783946920186
0.2626296427915804
0.38938874841551296
0.9491510209918488
0.10764747744542547
0.6202991343161557
0.8278540840547066
0.47746490978170186
0.3093215373228304
0.41297883630613796
0.9918908891559113
0.028301774320425466
0.5220325327536557
0.7810401192109566
0.39103912853170186
0.4614211466978304
0.37135285974363796
0.9437341508746613
0.10102516299230047
0.6150958872458432
0.8432578316133004
0.48609756969381124
0.2747908976743929
0.40425080896238796
0.9600610551715363
0.12267738467198797
0.5701358652731869
0.8481215706269722
0.4905283405678347
0.2806989100645296
0.3925506556115579
0.9619633970141876
0.1226147997949738
0.5701138711592648
0.8480767479341011
0.49070429347921163
0.28057755500776693
0.3924900972924661
0.9621457872272003
0.12270694857579656
0.5702808237692807
0.8477668037812691
0.4903204395668581
0.28039468795759603
0.3921524965844583
0.9627399263263214
0.1225443471048493
0.5700927115103696
0.8480508795182686
0.4906839682953432
0.2806377258966677
0.39252381862024777
0.9620109019160736
0.12267285471898504
0.5701564884802792
0.8481354585092049
0.49050834320951253
0.28065672487718984
0.3925411263189744
0.9620339800894726
0.12262715099495836
0.5701639195031021
0.8481352140370291
0.490508257295005
0.2806565497885458
0.3925418136350345
0.9620335060462821
0.1226269144390244
0.5701646319648717
0.8481355739932042
0.4905089094536379
0.2806553390691988
0.39254031420568936
0.9620327917218674
0.12262559568625875
0.5701669528207276
0.8481349388312083
0.4905081746401265
0.28065644874004647
0.392541734239785
0.9620337410888169
0.12262704616296105
0.5701641050691251
0.848135440814076
0.49050842376891524
0.2806567791267298
0.3925410482042935
0.9620338153035846
0.1226271137711592
0.07016419523279183
0.59813526229118
0.8655084527854342
0.4681567781663034
0.8612910478550475
0.46203381463419646
0.3726271164487116
0.4451641933701467
0.8481352613598574
0.4905084555794019
0.7806567795632873
0.3925410504161846
0.9620338098902721
0.12262711059884168
0.570164190576179
0.8481352562084794
0.9905084646306932
0.5306567770894617
0.7675410475349054
0.8995338142267428
0.7163771161285695
0.9920391942723654
0.5278227618837263
0.77175845351303
0.9056567790394183
0.2050410485244356
0.2432838155364152
0.6382521134510171
0.9529766945634037
0.6020415121456608
0.8713678288622759
0.9437427158409264
0.10103714239085093
0.1151099874114152
0.5932081681385171
0.8611798195634037
0.9623930746456608
0.6228326726122759
0.8197192783409264
0.47457229864085093
0.3038306905364152
0.9351271134510171
0.22641419456340373
0.17626026214566082
0.24832095386227593
0.1283130283409264
0.6913691736699548
0.9708228780073114
0.5498732072010171
0.8082013039384037
0.9207670980831608
0.7460626530810259
0.8887805576378014
0.19832718145335093
0.2340064717864152
0.6804884415760171
0.9814190773759037
0.5610869223019108
0.7849725651904009
0.9242267246299889
0.24559128057444468
0.14040524497977458
0.695707176317228
0.9809183983597904
0.5609109693905339
0.7846139836474322
0.9256343479210045
0.24462044012034312
0.1399207784270402
0.6971662980213296
0.9816555886063725
0.5622465902706608
0.7821344304247759
0.9225635166221764
0.24315750371897593
0.1372199727629777
0.7019194108142983
0.9803547768387944
0.5607416921993718
0.784407036320772
0.9254717464500573
0.24510180723154917
0.14019054904929362
0.6960872155323159
0.9813828377518803
0.5612519079586491
0.7850836682482623
0.9240667457634117
0.24525379907572642
0.14032901063910685
0.6962718409195077
0.9810172079596668
0.561311356141232
0.7850817124708556
0.9240660584473517
0.2452523983665742
0.14033450916758738
0.6962680485739838
0.9810153155121952
0.5613170558353886
0.7850845921202563
0.9240712757164147
0.2452427126117982
0.14032251373282634
0.696262333978666
0.98100476549007
0.5613356226822361
0.7850795108242892
0.9240653972083237
0.24525158997857943
0.1403338740055915
0.696269928914262
0.9810163693036884
0.5613128406694159
0.7850835266872309
0.9240673902386334
0.2452542330720462
0.1403283857216593
0.6962705226324033
0.9810169101692736
0.5613135618623346
0.7850820984458551
0.9240676224580966
0.7452542254177388
0.890328383015003
0.6962705171608832
0.9810169316479005
0.5613135470484849
0.7850820910534821
0.9240676447225269
0.24525423668092117
0.1403284034167882
0.6962704793259036
0.9810168847907335
0.561313524725847
0.7850820498424582
0.9240677172492724
0.2452542168321088
0.14032838045386598
0.19627051401766948
0.7310169291740749
0.9363135543826502
0.22258209518622607
0.17406762827886268
0.2452542325190734
0.6403283882245887
0.9462705243204255
0.10601690775365569
0.6238135567109566
0.8163320972817019
0.9709426310728304
0.549941726931138
0.8082971391268075
0.9208798992913216
0.7456653452245519
0.8894385566818528
0.6991445973690134
0.9826613810146227
0.5577542269020341
0.7965783892141189
0.4306455243495293
0.48101690781186335
0.8113135565363336
0.41008209719439037
0.9865676309273113
0.02650422675651498
0.5309533895051572
0.7665830242622178
0.39898565772455186
0.4656104316818528
0.36613678486901335
0.9685012247937266
0.11024446130613796
0.5866174516559113
0.8720517743204255
0.4439075327536557
0.8513526192109566
0.48869537853170186
0.2797805216978304
0.39381379724363796
0.9647302446246613
0.12324195986730047
0.5656574106833432
0.8473471870820504
0.48728775524068624
0.2769118693540804
0.40507478357176296
0.9569635209918488
0.11936622744542547
0.5773303843161557
0.8532447090547066
0.49797272228170186
0.2570754435728304
0.38050813318113796
0.9452600297809113
0.09775978213292547
0.6153552866599057
0.8428382149140816
0.48593353771138936
0.27525629074079916
0.40377397180418484
0.9608144578814972
0.12152439242345281
0.5686977244040463
